# Window size: the change with --sequential-readahead-bytes W (w0 = off:
# the per-document hint alone), 64 KiB..1 MiB cold.  Earlier build of the
# change (6c060e9: before the write-cursor clamp, the resident-run probe
# and the unchecked hint, which do not change what a cold run advises).

    64K put               -    T=1  w0 1.36 [1.33 1.36 1.38]  w1048576 1.36 [1.34 1.36 1.40]  w2097152 1.33 [1.33 1.39 1.31]  w262144 1.34 [1.31 1.38 1.34]  w524288 1.34 [1.33 1.37 1.34]
    64K get_first_touch   view T=1  w0 0.23 [0.23 0.23 0.22]  w1048576 2.63 [2.64 2.62 2.63]  w2097152 2.58 [2.57 2.60 2.58]  w262144 2.44 [2.42 2.44 2.46]  w524288 2.63 [2.64 2.63 2.63]
    64K get_warm          copy T=1  w0 19.00 [18.92 19.00 19.24]  w1048576 19.05 [18.83 19.05 19.24]  w2097152 18.77 [18.62 19.19 18.77]  w262144 18.89 [18.76 19.47 18.89]  w524288 18.97 [18.97 18.96 19.27]
    64K get_warm          view T=1  w0 2,056,183 [2,055,120 2,056,183 2,075,414]  w1048576 2,044,247 [2,042,002 2,044,247 2,048,038]  w2097152 2,052,093 [2,052,093 2,061,525 2,036,534]  w262144 2,049,992 [2,064,591 2,049,992 2,038,746]  w524288 2,061,278 [2,061,278 2,053,474 2,071,211]
    64K restart           view T=1  w0 0.23 [0.23 0.23 0.23]  w1048576 2.58 [2.60 2.58 2.48]  w2097152 2.53 [2.48 2.58 2.53]  w262144 2.40 [2.40 2.40 2.42]  w524288 2.58 [2.59 2.57 2.58]
   128K put               -    T=1  w0 1.56 [1.56 1.55 1.56]  w1048576 1.55 [1.55 1.54 1.55]  w2097152 1.54 [1.51 1.54 1.54]  w262144 1.54 [1.54 1.54 1.52]  w524288 1.54 [1.54 1.54 1.54]
   128K get_first_touch   view T=1  w0 0.50 [0.50 0.66 0.49]  w1048576 2.80 [2.80 2.59 2.85]  w2097152 2.84 [2.84 2.82 2.85]  w262144 2.51 [2.51 2.51 2.52]  w524288 2.49 [2.44 2.49 2.74]
   128K get_warm          copy T=1  w0 18.78 [18.78 18.66 18.99]  w1048576 19.06 [18.42 19.06 19.30]  w2097152 18.69 [18.69 18.79 18.47]  w262144 18.91 [19.33 18.56 18.91]  w524288 18.87 [19.28 18.86 18.87]
   128K get_warm          view T=1  w0 1,739,738 [1,746,698 1,739,126 1,739,738]  w1048576 1,747,996 [1,733,747 1,752,880 1,747,996]  w2097152 1,736,944 [1,736,944 1,747,603 1,725,579]  w262144 1,737,433 [1,737,433 1,735,198 1,739,550]  w524288 1,732,772 [1,749,570 1,725,482 1,732,772]
   128K restart           view T=1  w0 0.48 [0.50 0.46 0.48]  w1048576 2.86 [2.86 2.87 2.85]  w2097152 2.84 [2.86 2.84 2.81]  w262144 2.48 [2.48 2.48 2.43]  w524288 2.73 [2.76 2.69 2.73]
   256K put               -    T=1  w0 1.58 [1.58 1.60 1.58]  w1048576 1.58 [1.58 1.61 1.58]  w2097152 1.59 [1.59 1.59 1.58]  w262144 1.59 [1.58 1.59 1.60]  w524288 1.60 [1.60 1.60 1.60]
   256K get_first_touch   view T=1  w0 1.09 [1.04 1.11 1.09]  w1048576 2.76 [2.88 2.76 2.75]  w2097152 2.91 [2.89 2.91 2.91]  w262144 2.24 [2.24 2.31 2.17]  w524288 2.70 [2.77 2.70 2.58]
   256K get_warm          copy T=1  w0 18.16 [18.16 18.25 17.53]  w1048576 18.05 [17.46 18.31 18.05]  w2097152 17.84 [17.84 18.28 17.78]  w262144 17.76 [17.76 18.08 17.69]  w524288 17.68 [18.19 17.57 17.68]
   256K get_warm          view T=1  w0 1,147,804 [1,147,804 1,151,202 1,144,485]  w1048576 1,143,689 [1,146,779 1,143,689 1,137,219]  w2097152 1,149,521 [1,149,521 1,145,048 1,151,636]  w262144 1,141,202 [1,145,266 1,141,202 1,138,572]  w524288 1,146,816 [1,152,159 1,138,590 1,146,816]
   256K restart           view T=1  w0 1.09 [1.08 1.10 1.09]  w1048576 2.77 [2.79 2.77 2.70]  w2097152 2.77 [2.85 2.75 2.77]  w262144 2.23 [2.27 2.23 2.23]  w524288 2.55 [2.67 2.53 2.55]
   512K put               -    T=1  w0 1.62 [1.62 1.63 1.61]  w1048576 1.62 [1.62 1.62 1.64]  w2097152 1.63 [1.63 1.63 1.62]  w262144 1.62 [1.62 1.61 1.65]  w524288 1.63 [1.64 1.63 1.63]
   512K get_first_touch   view T=1  w0 1.61 [1.61 1.58 1.61]  w1048576 2.96 [3.01 2.95 2.96]  w2097152 2.97 [3.03 2.97 2.96]  w262144 2.05 [2.00 2.07 2.05]  w524288 2.69 [2.79 2.69 2.64]
   512K get_warm          copy T=1  w0 17.77 [17.77 17.82 17.37]  w1048576 17.58 [17.58 17.71 17.23]  w2097152 17.32 [17.43 17.32 17.27]  w262144 17.44 [17.57 17.44 17.38]  w524288 17.27 [17.40 17.03 17.27]
   512K get_warm          view T=1  w0 791,054 [792,299 791,054 786,828]  w1048576 786,490 [788,040 786,490 784,753]  w2097152 785,306 [782,980 785,623 785,306]  w262144 788,411 [793,006 782,464 788,411]  w524288 784,524 [784,524 773,265 784,618]
   512K restart           view T=1  w0 1.59 [1.60 1.55 1.59]  w1048576 2.93 [2.93 2.98 2.87]  w2097152 2.94 [2.97 2.94 2.93]  w262144 1.97 [1.97 2.00 1.96]  w524288 2.73 [2.73 2.76 2.68]
  1024K put               -    T=1  w0 1.06 [1.08 0.91 1.06]  w1048576 1.15 [1.17 1.14 1.15]  w2097152 1.13 [1.12 1.23 1.13]  w262144 1.19 [0.99 1.19 1.23]  w524288 1.18 [1.21 1.13 1.18]
  1024K get_first_touch   view T=1  w0 1.52 [1.44 1.52 1.68]  w1048576 3.03 [3.04 3.02 3.03]  w2097152 3.01 [3.00 3.13 3.01]  w262144 1.72 [1.78 1.65 1.72]  w524288 1.87 [1.89 1.87 1.87]
  1024K get_warm          copy T=1  w0 13.58 [13.59 13.58 13.45]  w1048576 13.52 [13.52 13.54 13.45]  w2097152 13.49 [13.49 13.43 13.50]  w262144 13.50 [13.57 13.50 13.43]  w524288 13.52 [13.46 13.52 13.59]
  1024K get_warm          view T=1  w0 475,522 [475,318 480,229 475,522]  w1048576 477,143 [477,309 477,143 475,844]  w2097152 475,352 [471,229 475,352 475,407]  w262144 477,591 [478,628 477,591 476,566]  w524288 473,975 [473,975 472,677 474,794]
  1024K restart           view T=1  w0 1.56 [1.56 1.38 1.65]  w1048576 3.00 [3.00 3.04 2.96]  w2097152 3.13 [3.13 3.14 3.07]  w262144 1.76 [1.80 1.72 1.76]  w524288 1.86 [1.89 1.86 1.81]
