1790412058753 0 0 0 93436766 93293664 0 0 0 0 0 0 69300397 226692 - - - - - - - -
1790412059801 0 148329 0 93681269 93389780 0 0 0 0 0 0 69300406 226797 949022720 566505472 0 0 0 9 0 2375
1790412060827 0 164709 1985 93852381 93542520 0 0 0 0 0 0 69300406 226798 1681846272 675680256 8146944 0 0 9 0 10010
1790412061856 0 166888 4096 93982717 93668544 0 0 0 0 0 0 69300406 226822 2212958208 691703808 8388608 0 0 9 0 23551
1790412062899 0 152746 8192 94095248 93791208 0 0 0 0 0 0 69300406 226822 2681196544 625082368 33554432 0 0 9 0 52878
1790412063933 0 161624 2036 94230765 93924087 0 0 0 0 0 0 69300406 226822 3234664448 669343744 8388608 0 0 9 0 124967
1790412064964 0 186583 2048 94368747 94037068 0 0 0 0 0 0 69300406 226822 3785224192 768512000 8388608 0 0 9 0 311493
1790412066000 0 193003 21 94496704 94160578 0 0 0 0 0 0 69300406 226822 4141375488 796303360 5165056 105016 43562 9 9697 409562
1790412067038 0 143313 4100 94586624 94296102 0 0 0 0 0 0 69305958 226828 4141105152 615788544 8388608 262021 137852 5561 57247 485266
1790412068095 0 124961 2044 94695594 94425528 0 0 0 0 0 0 69312052 226836 4140249088 503091200 11862016 433597 249347 11655 106320 522139
1790412069119 0 156380 3362 94843853 94541030 0 0 0 0 0 0 69325787 226852 4139991040 639033344 8388608 648114 411949 25390 145269 592749
1790412070145 0 139210 2043 94946896 94662439 0 0 0 0 0 0 69336921 226869 4139433984 554557440 8388608 791573 521846 34558 186034 645255
1790412071179 0 128486 3865 95073798 94798173 0 0 0 0 0 0 69357297 226905 4139982848 541822976 33554432 977895 673515 56387 235634 780152
1790412072203 0 116003 0 95182389 94923346 0 0 0 0 0 0 69379023 227047 4140965888 452825088 0 1200519 799968 77894 287138 1109126
1790412073236 0 66435 4096 95259117 95045544 0 0 0 0 0 0 69391660 227139 4141514752 288399360 9564160 1350366 892892 90754 334666 1277163
1790412074275 0 139395 6480 95416899 95127769 0 0 0 0 0 0 69437271 227342 4144123904 570298368 26660864 1646392 1097109 136872 393984 1452592
1790412075296 0 142853 3836 95528741 95238827 0 0 0 0 0 0 69464932 227476 4145565696 598577152 9719808 1837421 1234565 163569 441561 1714401
1790412076323 0 134271 19268 95643146 95346550 0 0 0 0 0 0 69505437 227614 4148649984 549126144 79167488 2040700 1389920 205070 486362 1989683
1790412077345 0 149841 2311 95754844 95459311 0 0 0 0 0 0 69545326 227747 4151046144 599420928 0 2243081 1533276 244019 528919 2202972
1790412078370 0 59342 13560 95801500 95585496 0 0 0 0 0 0 69560777 227814 4151582720 242315264 55541760 2339338 1602378 260443 601133 2427054
1790412079389 0 123240 4216 95953888 95683316 0 0 0 0 0 0 69620379 228085 4154691584 504799232 22261760 2649449 1813002 319980 729490 2670257
1790412080412 0 123519 2031 96073297 95804531 0 0 0 0 0 0 69661350 228247 4155539456 501608448 47063040 2873235 1966760 359956 783717 2963109
1790412081451 0 116545 6509 96182691 95916505 0 0 0 0 0 0 69714755 228536 4156997632 506900480 25165824 3114848 2133638 414372 850678 3298532
1790412082509 0 121124 2125 96301980 96035614 0 0 0 0 0 0 69772886 228726 4158054400 514625536 35065856 3375455 2305776 470219 924850 3550306
1790412083569 0 106135 6643 96415244 96159251 0 0 0 0 0 0 69832099 228915 4159401984 457859072 30117888 3623272 2482600 531772 982019 3810871
1790412084611 0 67419 0 96512405 96301912 0 0 0 0 0 0 69892924 229089 4161134592 259063808 0 3846798 2632800 588613 1053707 4071643
1790412085643 0 75804 0 96635577 96416600 0 0 0 0 0 0 69970611 229315 4162928640 287866880 0 4149749 2832753 667645 1127333 4269060
1790412086669 0 84985 0 96759412 96531288 0 0 0 0 0 0 70044231 229540 4164354048 324583424 0 4443940 3030343 742300 1180096 4351726
1790412087693 0 108271 1 96897479 96645976 0 0 0 0 0 0 70151586 229818 4166217728 423063552 0 4841619 3274507 848584 1294868 4630513
1790412088716 0 144297 0 97047975 96760665 0 0 0 0 0 0 70254379 230100 4167299072 575004672 0 5219323 3525045 948007 1387984 4738289
1790412089740 0 42540 0 97128374 96942591 0 0 0 0 0 0 70327304 230280 4167499776 155557888 0 5459766 3679462 1023483 1479929 5011891
1790412090767 0 77601 43 97280154 97059337 0 0 0 0 0 0 70439395 230612 4168523776 297046016 0 5845704 3940609 1135584 1610439 5260067
1790412091790 0 79124 0 97403250 97180837 0 0 0 0 0 0 70548436 230991 4168302592 305934336 0 6201655 4164853 1243757 1753231 5485803
1790412092827 0 28951 20947 97510180 97316982 0 0 0 0 0 0 70639926 231266 4168814592 215998464 11956224 6507311 4358366 1337995 1806557 5611448
1790412093857 0 50633 3660 97637692 97440291 0 0 0 0 0 0 70744792 231585 4167782400 232726528 73728 6849294 4566327 1441348 1916570 5937122
1790412094888 0 23139 0 97738342 97572030 0 0 0 0 0 0 70824851 231941 4165910528 77848576 0 7092848 4723630 1518320 2024517 6349410
1790412095915 0 14056 994 97852044 97693943 0 0 0 0 0 0 70896181 232186 4164390912 54964224 4997120 7341032 4880581 1594559 2112846 6692787
1790412096939 0 16557 10 97985732 97825965 0 0 0 0 0 0 70984596 232430 4162162688 44441600 0 7614086 5049046 1681502 2211707 7099800
1790412097963 0 58036 26 98142892 97941638 0 0 0 0 0 0 71067394 232674 4158038016 219115520 0 7906314 5228528 1762692 2291822 7477029
1790412099003 0 20056 3182 98257482 98091222 0 0 0 0 0 0 71144642 232892 4155039744 100806656 10690560 8177133 5382853 1842603 2398446 8021325
1790412100054 0 4694 1394 98378563 98229355 0 0 0 0 0 0 71223073 233099 4152872960 16293888 4206592 8426344 5540457 1921043 2460552 8299475
1790412101076 0 40424 0 98521868 98338221 0 0 0 0 0 0 71311699 233343 4150079488 141643776 0 8754854 5728979 2007226 2548879 8649642
1790412102103 0 10461 8758 98630528 98468271 0 0 0 0 0 0 71376160 233517 4148973568 42848256 47210496 9001459 5881086 2075658 2629502 9179559
1790412103124 0 17308 1365 98755073 98593723 0 0 0 0 0 0 71470522 233775 4148400128 79032320 6877184 9289959 6065656 2169019 2764457 9562560
1790412104152 0 1338 639 98875066 98730017 0 0 0 0 0 0 71543653 233975 4146429952 1265664 21753856 9546185 6230469 2242353 2842865 9843853
1790412105178 0 8757 1404 98999675 98846351 0 0 0 0 0 0 71639318 234268 4146515968 28160000 2572288 9848939 6423958 2337792 3031890 10397442
1790412106199 0 66384 2263 99150949 98939200 0 0 0 0 0 0 71746675 234612 4147580928 271654912 19501056 10227849 6667567 2446174 3121777 10678210
1790412107221 0 30863 2129 99253677 99078199 0 0 0 0 0 0 71820093 234844 4146872320 149630976 2400256 10475153 6829189 2517548 3238889 11126584
1790412108245 0 31255 1460 99386554 99210773 0 0 0 0 0 0 71915527 235121 4146733056 137351168 4345856 10793214 7032145 2614514 3348801 11459946
1790412109270 0 45110 1010 99524887 99335588 0 0 0 0 0 0 72006868 235380 4147310592 175845376 4841472 11094952 7230770 2704319 3464663 11945925
1790412110292 0 44271 0 99645804 99458355 0 0 0 0 0 0 72100253 235650 4148686848 159608832 0 11397957 7427643 2797201 3577543 12374402
1790412111317 0 78347 0 99792677 99570996 0 0 0 0 0 0 72188979 235923 4148162560 294559744 0 11721542 7639541 2886498 3682943 12676910
1790412112341 0 24373 1574 99890828 99721820 0 0 0 0 0 0 72254197 236113 4147580928 107544576 2109440 11963679 7796394 2952089 3801080 13099441
1790412113376 0 26975 7415 100019598 99842053 0 0 0 0 0 0 72367515 236421 4149927936 116076544 50266112 12281619 8018820 3066055 3927559 13459287
1790412114419 0 2502 1533 100119578 99972408 0 0 0 0 0 0 72447593 236640 4151058432 12845056 3940352 12522872 8180882 3145431 4024034 13804650
1790412115443 0 15718 0 100244652 100085867 0 0 0 0 0 0 72555501 236951 4152983552 44494848 0 12877442 8392162 3249489 4133149 14171574
1790412116472 0 20258 1114 100367973 100203595 0 0 0 0 0 0 72644075 237199 4153851904 79908864 4263936 13189574 8588755 3341056 4225786 14461724
1790412117498 0 17016 1973 100499957 100337900 0 0 0 0 0 0 72731320 237467 4151611392 80171008 2781184 13509641 8794340 3429382 4347830 14858866
1790412118521 0 16357 5 100609117 100449537 0 0 0 0 0 0 72817003 238153 4152745984 44285952 0 13782664 8968635 3513372 4470668 15299466
1790412119545 0 73432 0 100760616 100544093 0 0 0 0 0 0 72936513 238531 4153974784 288845824 0 14174535 9222456 3629341 4598745 15601322
1790412120580 0 54656 1492 100886740 100687388 0 0 0 0 0 0 73021432 238798 4153933824 233725952 3350528 14486431 9425791 3719442 4685761 15947354
1790412121605 0 76688 0 101013423 100793507 0 0 0 0 0 0 73123967 239100 4153688064 302555136 0 14805002 9633782 3817476 4830112 16320382
1790412122633 0 30913 4878 101114940 100936121 0 0 0 0 0 0 73206735 239350 4155232256 141172736 1380352 15069231 9808833 3906231 4963043 16840241
1790412123657 0 19203 3055 101222887 101057586 0 0 0 0 0 0 73287312 239610 4154691584 84344832 12689408 15330099 9983519 3986311 5127592 17391957
1790412124681 0 41098 522 101356482 101171816 0 0 0 0 0 0 73384126 239909 4153892864 170696704 6840320 15657260 10194485 4082902 5258818 17751985
1790412125703 0 24903 425 101474798 101306406 0 0 0 0 0 0 73474975 240165 4154605568 101130240 1609728 15947598 10383638 4172439 5378958 18171909
1790412126727 0 36890 0 101631913 101451982 0 0 0 0 0 0 73564419 240423 4152975360 129617920 0 16288567 10601159 4260411 5511910 18754887
1790412127753 0 27856 6439 101760638 101583254 0 0 0 0 0 0 73658686 240707 4152950784 135475200 14471168 16627795 10815228 4358182 5647132 19179154
1790412128792 0 0 30 101864431 101721333 0 0 0 0 0 0 73730016 240929 4152332288 27455488 9310208 16868872 10972531 4429582 5717833 19425911
1790412129839 0 57510 50 102017000 101816392 0 0 0 0 0 0 73841499 241253 4152651776 237432832 3231744 17235860 11209786 4539900 5822499 19657412
1790412130863 0 27659 1046 102134324 101962555 0 0 0 0 0 0 73927268 241513 4152090624 118411264 2510848 17527202 11391279 4625091 5919364 20020627
1790412131904 0 51494 825 102278949 102083504 0 0 0 0 0 0 74018902 241803 4150984704 217587712 8753152 17849585 11593659 4717664 6075765 20414098
1790412132938 0 29156 0 102390680 102218250 0 0 0 0 0 0 74095635 242033 4150026240 98000896 0 18099725 11751278 4792653 6215251 20877770
1790412133961 0 14711 0 102517475 102359711 0 0 0 0 0 0 74189185 242319 4149665792 40472576 0 18398772 11938942 4884507 6346689 21310200
1790412134998 0 29387 11489 102665321 102481404 0 0 0 0 0 0 74286499 242649 4148621312 172707840 15978496 18730668 12155299 4984461 6452385 21620226
1790412136045 0 17728 2296 102776868 102613784 0 0 0 0 0 0 74351168 242895 4146909184 81985536 2592768 18978091 12307475 5049649 6582012 22065680
1790412137068 0 11920 13 102895777 102740855 0 0 0 0 0 0 74445611 243201 4146372608 58085376 3149824 19280179 12493638 5140054 6681489 22445179
1790412138092 0 32519 9365 103054109 102869100 0 0 0 0 0 0 74551453 243538 4145270784 148221952 23519232 19631845 12720855 5250300 6775896 22693281
1790412139125 0 35152 584 103183982 103005084 0 0 0 0 0 0 74649808 243853 4145549312 158138368 2957312 19958251 12920226 5346344 6917394 23173681
1790412140163 0 33529 912 103320520 103142917 0 0 0 0 0 0 74736192 244173 4144467968 143437824 1638400 20270208 13115777 5434162 7045728 23591435
1790412141189 0 37280 1773 103470692 103288482 0 0 0 0 0 0 74819887 244514 4141207552 155205632 9072640 20578528 13314907 5518871 7168594 23996283
1790412142217 0 37590 553 103610319 103429320 0 0 0 0 0 0 74918620 244842 4141834240 150102016 1523712 20910085 13531233 5616082 7280218 24356454
1790412143248 0 21987 4696 103753537 103583760 0 0 0 0 0 0 75018117 245196 4142260224 119406592 8380416 21240717 13752999 5715593 7419824 24786692
1790412144278 0 70665 445 103909251 103695180 0 0 0 0 0 0 75133651 245618 4143349760 292577280 4853760 21622506 13996534 5832450 7531783 25124420
1790412145307 0 52576 56 104031797 103836045 0 0 0 0 0 0 75221787 245942 4143681536 196132864 0 21911772 14187348 5916820 7658241 25520272
1790412146330 0 49358 785 104185907 103992690 0 0 0 0 0 0 75317503 246315 4143263744 196747264 17432576 22279540 14418076 6016415 7798099 25988115
1790412147354 0 28360 9459 104310300 104129796 0 0 0 0 0 0 75416170 246660 4144304128 113840128 51867648 22593659 14625071 6115158 7925314 26420301
1790412148377 0 32618 710 104453258 104276810 0 0 0 0 0 0 75518856 247047 4145610752 140050432 3051520 22918509 14842639 6215301 8068398 26834414
1790412149410 0 13119 1022 104585867 104428836 0 0 0 0 0 0 75604500 247377 4145623040 59699200 11079680 23222958 15036616 6301286 8167321 27275469
1790412150454 0 7712 689 104715854 104564650 0 0 0 0 0 0 75711454 247779 4147081216 35966976 4997120 23564326 15256212 6409639 8284569 27612105
1790412151492 0 9734 0 104862709 104709918 0 0 0 0 0 0 75811862 248161 4147331072 16125952 0 23898746 15475118 6507449 8429813 28025410
1790412152524 0 47233 0 105029846 104839463 0 0 0 0 0 0 75930843 248623 4146335744 177938432 0 24312920 15736031 6623846 8580359 28421552
1790412153548 0 14271 1290 105181530 105023213 0 0 0 0 0 0 76016667 249011 4145664000 67084288 430080 24650093 15953997 6714494 8704193 28788535
1790412154570 0 43426 0 105339138 105152651 0 0 0 0 0 0 76110002 249364 4144873472 158629888 0 24999112 16178927 6805131 8799950 29122180
1790412155592 0 14509 1173 105463358 105304665 0 0 0 0 0 0 76200670 249744 4145876992 53194752 17154048 25294545 16382253 6899178 8925614 29516784
1790412156621 0 5478 39 105591438 105442971 0 0 0 0 0 0 76319691 250173 4148625408 4931584 0 25619457 16603066 7013135 9022424 29821783
1790412157647 0 6743 1066 105732210 105581605 0 0 0 0 0 0 76420914 250565 4149080064 31703040 7172096 25968262 16826448 7118453 9160244 30282035
1790412158673 0 5620 3199 105879365 105727436 0 0 0 0 0 0 76518467 250941 4147826688 21188608 35422208 26329058 17047604 7216493 9306792 30653462
1790412159706 0 32757 1387 106024305 105847259 0 0 0 0 0 0 76629416 251381 4148101120 143937536 3653632 26686361 17274857 7326896 9435638 31019733
1790412160728 0 69297 0 106164835 105952425 0 0 0 0 0 0 76733154 251803 4147093504 267784192 0 27023734 17490714 7428639 9551814 31349002
1790412161754 0 20281 646 106278781 106114751 0 0 0 0 0 0 76803589 252107 4146683904 84951040 2576384 27307032 17658295 7500669 9669023 31859268
1790412162779 0 12346 3066 106413412 106255006 0 0 0 0 0 0 76893642 252494 4145971200 63143936 10878976 27650111 17864793 7592652 9770556 32168291
1790412163807 0 60196 1744 106575160 106370192 0 0 0 0 0 0 77010270 252934 4145254400 267468800 3690496 28021209 18109411 7707613 9907938 32457114
1790412164844 0 27448 4365 106682894 106507975 0 0 0 0 0 0 77093452 253261 4146094080 130338816 5705728 28289777 18281724 7792128 10021599 32911228
1790412165865 0 26615 0 106812608 106642870 0 0 0 0 0 0 77183861 253978 4146237440 87842816 0 28588154 18467057 7879427 10201523 33348050
1790412166889 0 32383 519 106939571 106763600 0 0 0 0 0 0 77276781 254343 4146184192 130727936 1433600 28911324 18665995 7975821 10314105 33675373
1790412167915 0 472 1151 107048126 106903647 0 0 0 0 0 0 77362578 254979 4146020352 7446528 6389760 29204702 18844709 8060959 10466126 34238057
1790412168938 0 74799 0 107215731 106997779 0 0 0 0 0 0 77478023 255424 4145463296 283717632 0 29589106 19082611 8174961 10551796 34521065
1790412169971 0 18513 3491 107327848 107162940 0 0 0 0 0 0 77560826 255768 4144676864 95969280 1265664 29871632 19264820 8258679 10685603 34990279
1790412170993 0 50385 0 107472156 107278640 0 0 0 0 0 0 77668736 256289 4144025600 185491456 0 30212752 19482508 8362656 10843011 35467661
1790412172016 0 25769 638 107586180 107416779 0 0 0 0 0 0 77748492 256613 4144734208 103153664 4108288 30504857 19667061 8446607 10981543 35892884
1790412173055 0 50333 8979 107736326 107533759 0 0 0 0 0 0 77859058 257049 4144975872 250433536 18903040 30874634 19896629 8556510 11073454 36146073
1790412174096 0 45549 0 107854813 107666200 0 0 0 0 0 0 77958500 257415 4146036736 165265408 0 31173892 20087191 8653980 11196870 36604208
1790412175125 0 35507 548 107979276 107799945 0 0 0 0 0 0 78039781 257757 4144525312 142757888 2625536 31446526 20272546 8737232 11312879 37079158
1790412176151 0 26583 33 108098978 107929262 0 0 0 0 0 0 78131225 258094 4144746496 89694208 0 31756493 20459075 8827742 11415808 37443212
1790412177173 0 49385 8032 108249936 108049553 0 0 0 0 0 0 78225967 258501 4143775744 222609408 16224256 32114138 20683953 8925466 11572228 37889543
1790412178195 0 28539 0 108345666 108173835 0 0 0 0 0 0 78296841 258791 4143681536 96595968 0 32334915 20826894 8992753 11665903 38294763
1790412179220 0 62639 0 108484898 108279270 0 0 0 0 0 0 78406983 259232 4144656384 235663360 0 32674530 21055956 9103228 11802833 38588893
1790412180243 0 42168 73 108596545 108411306 0 0 0 0 0 0 78489415 259572 4144050176 174714880 4218880 32971557 21231388 9186915 11920567 38939322
1790412181262 0 12941 508 108717884 108561536 0 0 0 0 0 0 78573185 259926 4144246784 50741248 3821568 33271520 21417417 9271663 12050421 39434135
1790412182283 0 14252 368 108841923 108684246 0 0 0 0 0 0 78673300 260321 4144406528 56930304 3751936 33584107 21615230 9370249 12147123 39737988
1790412183324 0 25061 846 108980271 108811240 0 0 0 0 0 0 78773441 260730 4143898624 114524160 7262208 33911214 21833896 9471627 12251347 40091934
1790412184352 0 5947 1287 109103674 108953411 0 0 0 0 0 0 78873583 261134 4145311744 22351872 18620416 34240941 22044046 9572587 12354518 40456968
1790412185376 0 36093 2283 109243068 109061649 0 0 0 0 0 0 78966906 261529 4144836608 153526272 7634944 34575453 22256972 9665893 12457122 40792029
1790412186400 0 29815 1170 109385886 109212000 0 0 0 0 0 0 79077578 261934 4144979968 124502016 6811648 34931670 22484316 9776093 12547326 41076124
1790412187422 0 69148 1153 109550458 109337088 0 0 0 0 0 0 79189049 262393 4144660480 285560832 2441216 35314173 22732993 9886015 12652180 41408928
1790412188445 0 44379 0 109676987 109489633 0 0 0 0 0 0 79285151 262755 4145631232 163876864 0 35630563 22925618 9978869 12774291 41811767
1790412189471 0 9844 49 109810243 109657326 0 0 0 0 0 0 79376116 263112 4145250304 46141440 1933312 35959248 23131762 10072077 12889779 42239299
1790412190492 0 43333 987 109967498 109780257 0 0 0 0 0 0 79483380 263545 4144742400 182202368 4845568 36335953 23373215 10181379 12973249 42434198
1790412191517 0 31426 1339 110107914 109932133 0 0 0 0 0 0 79577319 263918 4144590848 136675328 4788224 36663677 23578788 10274843 13126089 42919787
1790412192539 0 21463 0 110247049 110082619 0 0 0 0 0 0 79675263 264328 4145078272 67239936 0 36978148 23787864 10370900 13225161 43257161
1790412193561 0 74463 2567 110415980 110196113 0 0 0 0 0 0 79793950 264831 4145238016 296800256 24502272 37399146 24053744 10492547 13331377 43568748
1790412194582 0 34819 1752 110533376 110353761 0 0 0 0 0 0 79883788 265190 4145876992 141234176 0 37665651 24228292 10579764 13424970 43937611
1790412195605 0 8293 0 110659450 110508186 0 0 0 0 0 0 79976622 265536 4146286592 31318016 6631424 37991856 24431106 10675217 13551829 44435383
1790412196632 0 47204 17 110824430 110634148 0 0 0 0 0 0 80079641 265967 4144529408 168947712 0 38385737 24668353 10776396 13670322 44824607
1790412197657 0 30165 0 110964427 110791038 0 0 0 0 0 0 80165230 266350 4143558656 105459712 0 38693893 24875952 10861124 13775692 45178155
1790412198681 0 19916 874 111108414 110944616 0 0 0 0 0 0 80276710 266778 4144484352 85925888 1945600 39047557 25114167 10974176 13892270 45597441
1790412199705 0 20310 593 111247758 111083829 0 0 0 0 0 0 80385674 267229 4145324032 91566080 6864896 39390773 25333756 11083446 14003436 45954964
1790412200735 0 26407 1762 111395920 111224836 0 0 0 0 0 0 80513243 267719 4147322880 114667520 2543616 39804069 25579114 11212345 14066727 46168061
1790412201761 0 44999 1269 111544954 111355514 0 0 0 0 0 0 80612990 268138 4145451008 190418944 36864 40146909 25791847 11310278 14193262 46491230
1790412202790 0 46283 0 111682975 111493566 0 0 0 0 0 0 80707956 268975 4144660480 162381824 0 40458554 25996968 11405983 14320343 46866258
1790412203814 0 35985 0 111810013 111630715 0 0 0 0 0 0 80817639 269383 4144930816 131072000 0 40798543 26210132 11510197 14447643 47268526
1790412204847 0 38752 419 111947202 111765026 0 0 0 0 0 0 80919340 269805 4144783360 162025472 2347008 41135630 26428064 11616696 14547866 47557528
1790412205879 0 5136 1617 112066312 111916488 0 0 0 0 0 0 81003426 270179 4144672768 27402240 5128192 41441981 26614450 11701901 14689168 48027990
1790412206903 0 55785 2017 112223607 112022717 0 0 0 0 0 0 81117197 270691 4143939584 242229248 7245824 41824105 26856400 11814889 14789734 48283245
1790412207922 0 12559 494 112331936 112175813 0 0 0 0 0 0 81216423 271087 4145688576 55783424 3420160 42107884 27042946 11914959 14916310 48709140
1790412208945 0 63723 2423 112492055 112282803 0 0 0 0 0 0 81333785 272076 4146618368 277897216 3706880 42516358 27292584 12031530 15012268 48954052
1790412209982 0 65385 1310 112627440 112417705 0 0 0 0 0 0 81420356 272474 4145963008 279646208 3485696 42846534 27489559 12118318 15106990 49291915
1790412211024 0 12446 2078 112724956 112567463 0 0 0 0 0 0 81490787 272803 4145659904 67899392 4657152 43080474 27640279 12187207 15226784 49687244
1790412212063 0 16469 890 112851405 112690983 0 0 0 0 0 0 81580710 273235 4143300608 76963840 2334720 43365793 27830757 12276229 15342516 50056322
1790412213094 0 87024 0 113021950 112791814 0 0 0 0 0 0 81711491 273799 4144541696 339607552 0 43781545 28096137 12405599 15459370 50344629
1790412214118 0 53192 272 113129447 112932943 0 0 0 0 0 0 81799993 274146 4146466816 218370048 4759552 44092116 28275745 12497957 15610034 50828960
1790412215143 0 85218 0 113268735 113040412 0 0 0 0 0 0 81916508 274613 4146909184 324485120 0 44440317 28507342 12611994 15734719 51178276
1790412216170 0 2109 7778 113352035 113199183 0 0 0 0 0 0 81976531 274871 4145586176 4526080 50098176 44656262 28644928 12676089 15861876 51675345
1790412217204 0 33445 5565 113489368 113307382 0 0 0 0 0 0 82084333 275362 4145582080 175550464 978944 44993990 28861655 12781272 15974025 52004402
1790412218243 0 29569 1199 113616225 113442498 0 0 0 0 0 0 82170147 275771 4145307648 123527168 4771840 45291560 29048956 12867602 16080041 52341153
1790412219267 0 10548 0 113742732 113589099 0 0 0 0 0 0 82260980 276165 4145602560 23801856 0 45595885 29241067 12956938 16245135 52781596
1790412220296 0 44603 637 113895790 113707652 0 0 0 0 0 0 82358223 276642 4144766976 177803264 5132288 45970093 29468609 13057720 16372700 53087258
1790412221318 0 26733 0 114006444 113836638 0 0 0 0 0 0 82443910 276964 4144283648 86781952 0 46228673 29638756 13139130 16490723 53491767
1790412222341 0 25029 0 114139357 113971371 0 0 0 0 0 0 82552322 277400 4144967680 81989632 0 46551677 29854909 13248666 16566247 53765374
1790412223375 0 9340 26 114275517 114123052 0 0 0 0 0 0 82641689 277804 4145172480 10493952 0 46876271 30058941 13339081 16679729 54082924
1790412224411 0 24368 352 114411035 114243250 0 0 0 0 0 0 82736387 278228 4144369664 95318016 786432 47209755 30262595 13433696 16791587 54451035
1790412225435 0 30293 0 114532215 114358826 0 0 0 0 0 0 82829264 278645 4144730112 100229120 0 47498834 30456521 13524930 16950611 54900266
1790412226457 0 23062 615 114658773 114492363 0 0 0 0 0 0 82923753 279023 4144553984 99377152 5816320 47819205 30658941 13622670 17021790 55281316
1790412227481 0 19377 71 114773790 114611428 0 0 0 0 0 0 83024063 279430 4145680384 59916288 0 48110080 30841969 13720021 17163786 55697741
1790412228502 0 9346 1127 114894601 114741113 0 0 0 0 0 0 83113380 279834 4146049024 40914944 2326528 48425167 31036479 13810754 17294005 56178129
1790412229527 0 13309 4389 115019136 114858406 0 0 0 0 0 0 83219353 280280 4146155520 69640192 16617472 48768238 31245335 13917342 17428910 56630965
1790412230559 0 28012 0 115144589 114973542 0 0 0 0 0 0 83310768 280698 4146524160 96780288 0 49046052 31429368 14005134 17522617 56957836
1790412231583 0 952 8045 115271342 115119271 0 0 0 0 0 0 83396647 281063 4144857088 4096 45887488 49355803 31625104 14094651 17665978 57403945
1790412232604 0 59686 0 115425916 115223053 0 0 0 0 0 0 83498597 281542 4144672768 220180480 0 49718296 31849936 14196862 17756886 57734232
1790412233628 0 37196 262 115563582 115383022 0 0 0 0 0 0 83584146 281944 4143828992 162582528 2232320 50032697 32054390 14281157 17903200 58253980
1790412234654 0 22933 2 115697824 115531677 0 0 0 0 0 0 83671770 282368 4142743552 66891776 0 50329727 32242384 14369182 18043108 58664470
1790412235681 0 17591 5490 115841500 115675500 0 0 0 0 0 0 83760509 282817 4142669824 104710144 7897088 50650545 32457828 14458707 18144228 58961572
1790412236727 0 77089 2149 116003332 115781174 0 0 0 0 0 0 83891835 283399 4145504256 341315584 12079104 51067535 32722350 14589353 18226975 59133664
1790412237768 0 28782 319 116121832 115949760 0 0 0 0 0 0 83997703 283825 4146298880 129310720 1318912 51398923 32927762 14694170 18370078 59508939
1790412238799 0 31386 0 116274075 116099530 0 0 0 0 0 0 84103155 284289 4145790976 105025536 0 51741038 33152977 14799088 18493443 59880151
1790412239838 0 5243 12384 116418870 116258465 0 0 0 0 0 0 84203211 284739 4144918528 87875584 6254592 52100630 33376872 14902211 18634399 60281155
1790412240872 0 37770 473 116579928 116398627 0 0 0 0 0 0 84300239 285251 4143157248 163147776 1122304 52449497 33604989 14997108 18725170 60554126
1790412241899 0 106026 0 116745671 116496575 0 0 0 0 0 0 84431836 285959 4144001024 412631040 0 52859904 33872917 15129136 18932137 60889477
1790412242920 0 39197 3042 116861555 116676428 0 0 0 0 0 0 84513560 286302 4143681536 166359040 9097216 53136962 34049502 15211523 19044879 61336760
1790412243943 0 32629 1304 117004564 116827566 0 0 0 0 0 0 84611608 286752 4143955968 130875392 2269184 53500998 34267858 15311232 19185083 61801385
1790412244970 0 40179 0 117158463 116975263 0 0 0 0 0 0 84725915 287261 4144148480 147505152 0 53876779 34505829 15419788 19290579 62074433
1790412245992 0 26956 3723 117295652 117122036 0 0 0 0 0 0 84832766 287728 4144939008 108306432 27582464 54246794 34733239 15531752 19436805 62424894
1790412247014 0 43596 0 117452152 117265421 0 0 0 0 0 0 84949885 288191 4145319936 159301632 0 54623255 34973799 15646224 19544320 62725465
1790412248038 0 6178 0 117578742 117429610 0 0 0 0 0 0 85063584 289083 4145790976 16969728 0 54971003 35191804 15756160 19679223 63122313
1790412249075 0 0 0 117713134 117570098 0 0 0 0 0 0 85156403 289568 4146376704 0 0 55315785 35409063 15855901 19769481 63311422
1790412250094 0 33 0 117713167 117570098 0 0 0 0 0 0 85315309 290239 4173201408 131072 0 55481980 35558901 16012267 19850687 63361661
1790412251113 0 33 0 117713167 117570098 0 0 0 0 0 0 85511505 290937 4178399232 131072 0 55746419 35753331 16207966 19983895 63423996
1790412252133 0 33 0 117713167 117570098 0 0 0 0 0 0 85686475 291583 4183584768 131072 0 56270333 35927059 16382960 20238931 63497389
1790412253152 0 26 0 117713168 117570098 0 0 0 0 0 0 85756897 292366 1996398592 61440 0 56490124 36000240 16456395 20378288 63541292
