1790410968016 0 1 0 19855936 19712751 0 0 0 0 0 0 12402795 76431 - - - - - - - -
1790410969425 0 116146 6168 20115815 19850302 0 0 0 0 0 0 12402803 76536 1043886080 527056896 16777216 0 0 8 0 34071
1790410970512 0 152147 2040 20261387 19964016 0 0 0 0 0 0 12402803 76537 1640493056 615387136 14798848 0 0 8 0 291936
1790410971532 0 116947 1976 20351934 20089787 0 0 0 0 0 0 12402803 76537 1997041664 467619840 6914048 0 0 8 0 359067
1790410972554 0 147903 2083 20485540 20192659 0 0 0 0 0 0 12402803 76537 2557026304 600821760 16777216 0 0 8 0 415854
1790410973573 0 149725 2068 20614524 20319570 0 0 0 0 0 0 12402803 76537 3087671296 619454464 8388608 0 0 8 0 568248
1790410974591 0 145673 1980 20745975 20455085 0 0 0 0 0 0 12402803 76537 3624968192 603357184 8388608 0 0 8 0 762173
1790410975610 0 134951 1464 20885471 20605699 0 0 0 0 0 0 12402803 76537 4160483328 554549248 8388608 26758 6768 8 10585 861764
1790410976629 0 99631 1622 20987730 20743347 0 0 0 0 0 0 12406880 76543 4159303680 410476544 5246976 219576 113683 3576 120529 944766
1790410977649 0 93919 4000 21086514 20845341 0 0 0 0 0 0 12413925 76549 4158873600 392343552 12476416 385144 219151 10626 177957 974366
1790410978668 0 148136 1981 21243755 20950403 0 0 0 0 0 0 12422993 76562 4158136320 615731200 8388608 609217 384526 19738 261433 1072944
1790410979687 0 150854 0 21343364 21049169 0 0 0 0 0 0 12432070 76575 4157820928 602808320 0 758787 491618 29371 319312 1145590
1790410980707 0 140199 0 21439135 21155666 0 0 0 0 0 0 12444292 76594 4157956096 557887488 0 896171 598509 41035 416214 1297276
1790410981726 0 122720 0 21528103 21262162 0 0 0 0 0 0 12456439 76614 4158091264 492683264 0 1017241 700979 53210 471462 1393721
1790410982745 0 77027 0 21590972 21370706 0 0 0 0 0 0 12470345 76708 4158656512 303476736 0 1162082 776323 66536 598671 1743134
1790410983769 0 85073 1272 21685491 21455901 0 0 0 0 0 0 12488767 76837 4159422464 353738752 10788864 1358836 892436 85971 743080 2068317
1790410984788 0 25004 0 21731795 21563586 0 0 0 0 0 0 12503535 76901 4160401408 91889664 0 1446959 949532 99780 839911 2496859
1790410985812 0 109888 10074 21862225 21599012 0 0 0 0 0 0 12552701 77107 4163870720 450076672 41373696 1692091 1131469 149946 923661 2575479
1790410986832 0 149436 1993 21967277 21672543 0 0 0 0 0 0 12590148 77272 4166578176 623300608 0 1887677 1270646 186861 1069705 2844471
1790410987851 0 124741 0 22040381 21772483 0 0 0 0 0 0 12618352 77370 4168458240 500355072 0 2020644 1370040 214548 1109133 2973159
1790410988871 0 89234 0 22105265 21872788 0 0 0 0 0 0 12640904 77444 4170092544 358981632 0 2139087 1457332 236604 1203865 3256130
1790410989895 0 56701 11757 22181758 21970126 0 0 0 0 0 0 12669692 77575 4171329536 280297472 24973312 2281592 1564607 266409 1337875 3389194
1790410990914 0 80644 0 22269052 22045243 0 0 0 0 0 0 12703070 77731 4173217792 323362816 0 2460639 1681800 298763 1466359 3573682
1790410991939 0 67654 57 22352302 22141557 0 0 0 0 0 0 12739501 77880 4175253504 270712832 0 2631902 1800377 334703 1605629 3841118
1790410992958 0 94156 4096 22459670 22218207 0 0 0 0 0 0 12784147 78051 4176654336 389881856 16777216 2868877 1954240 381351 1762759 4070024
1790410993981 0 83757 4100 22542427 22311413 0 0 0 0 0 0 12818012 78177 4177195008 342667264 16777216 3027228 2071442 415215 1908211 4346227
1790410995005 0 91639 971 22639421 22403595 0 0 0 0 0 0 12851848 78320 4176912384 378953728 12161024 3221189 2200659 448614 1991236 4489783
1790410996024 0 48827 0 22710344 22518309 0 0 0 0 0 0 12883145 78417 4177158144 187510784 0 3359378 2300951 480351 2133248 4808977
1790410997050 0 89203 11092 22818820 22575380 0 0 0 0 0 0 12949354 78610 4178161664 388784128 24625152 3624177 2477513 546557 2211946 4914736
1790410998073 0 91347 11047 22912636 22666998 0 0 0 0 0 0 12995006 78757 4178685952 418824192 50331648 3823434 2615766 591742 2335284 5137496
1790410999099 0 92276 2033 23003716 22766230 0 0 0 0 0 0 13033471 78892 4179132416 388055040 6066176 4010317 2744761 630211 2483500 5234517
1790411000118 0 106310 0 23100790 22851277 0 0 0 0 0 0 13088631 79061 4179771392 427274240 0 4244638 2894658 684513 2682793 5440674
1790411001139 0 16794 376 23163939 23003633 0 0 0 0 0 0 13126281 79175 4180881408 73736192 13185024 4389643 2996340 723485 2757802 5620704
1790411002159 0 130993 0 23299651 23025461 0 0 0 0 0 0 13213044 79419 4182401024 528224256 0 4717555 3215787 808122 2891953 5651389
1790411003179 0 121319 0 23382193 23117621 0 0 0 0 0 0 13288193 79601 4184064000 487313408 0 4960518 3373106 883919 2981810 5791937
1790411004199 0 3876 0 23435703 23288588 0 0 0 0 0 0 13320580 79701 4184543232 6385664 0 5088316 3459097 916773 3100599 6090271
1790411005219 0 140196 0 23572057 23288588 0 0 0 0 0 0 13429743 79972 4186742784 561844224 0 5459662 3703467 1026500 3329281 6117643
1790411006238 0 89519 7003 23652154 23412420 0 0 0 0 0 0 13495496 80149 4186820608 403554304 16777216 5684493 3852596 1092698 3461481 6280812
1790411007258 0 78339 0 23734653 23513100 0 0 0 0 0 0 13566237 80307 4187291648 311623680 0 5912637 3999518 1161903 3664044 6530122
1790411008277 0 81520 0 23830074 23605260 0 0 0 0 0 0 13638031 80481 4187156480 325017600 0 6139795 4157266 1233203 3807668 6639447
1790411009300 0 23 3904 23890655 23743616 0 0 0 0 0 0 13687293 80604 4187336704 3817472 20869120 6306525 4263139 1284495 3896016 6843248
1790411010324 0 454 600 23978014 23833829 0 0 0 0 0 0 13754984 80771 4186714112 7811072 4878336 6509686 4399352 1352185 4074886 7137222
1790411011343 0 109823 6860 24109540 23849764 0 0 0 0 0 0 13860248 81121 4186583040 475070464 3342336 6841756 4608560 1457449 4208497 7185723
1790411012362 0 32919 19 24152269 23976160 0 0 0 0 0 0 13900792 81242 4187185152 126283776 0 6951939 4677073 1495959 4477105 7726763
1790411013387 0 2556 8 24225440 24079590 0 0 0 0 0 0 13953271 81418 4185313280 3244032 0 7123974 4780846 1547817 4653536 8165691
1790411014414 0 3133 1362 24309748 24162146 0 0 0 0 0 0 14022050 81616 4184932352 18292736 8155136 7321367 4912394 1618644 4838816 8521233
1790411015433 0 12836 0 24399326 24243224 0 0 0 0 0 0 14077665 81786 4182413312 44363776 0 7506521 5028813 1673044 4954341 8714140
1790411016452 0 42664 43 24500137 24314293 0 0 0 0 0 0 14136336 81954 4179927040 172523520 0 7702362 5148685 1729911 5133644 8998171
1790411017475 0 30333 10430 24590216 24406283 0 0 0 0 0 0 14183625 82101 4177842176 124243968 54775808 7884386 5264219 1780726 5381593 9343398
1790411018498 0 17533 741 24666871 24505466 0 0 0 0 0 0 14240558 82245 4176826368 82235392 28672 8058345 5371032 1837658 5491616 9601528
1790411019518 0 23 1031 24741050 24596764 0 0 0 0 0 0 14287271 82386 4175327232 9674752 5103616 8221317 5469726 1883858 5690254 10008457
1790411020541 0 28329 1533 24834588 24661447 0 0 0 0 0 0 14361672 82586 4175024128 125841408 3833856 8442082 5610576 1958626 5812412 10278118
1790411021564 0 1025 3452 24905717 24758013 0 0 0 0 0 0 14402741 82700 4173189120 12570624 11870208 8597821 5701392 1999842 6019759 10717833
1790411022583 0 29690 0 25002820 24829923 0 0 0 0 0 0 14465349 82883 4172279808 109649920 0 8795142 5830235 2061424 6234066 11007830
1790411023602 0 40124 0 25091974 24908696 0 0 0 0 0 0 14531195 83060 4170911744 154836992 0 9010429 5965349 2127614 6468956 11310262
1790411024622 0 51915 0 25182571 24987466 0 0 0 0 0 0 14592522 83235 4169662464 204759040 0 9200165 6091282 2187140 6605417 11608057
1790411025652 0 17642 365 25252464 25091344 0 0 0 0 0 0 14646969 83372 4169433088 84385792 10342400 9372544 6203961 2243557 6768770 12061371
1790411026676 0 1095 0 25325563 25181294 0 0 0 0 0 0 14697630 83508 4168937472 1957888 0 9536898 6307611 2293339 6941183 12469937
1790411027695 0 42748 0 25432109 25246087 0 0 0 0 0 0 14763402 83684 4167929856 168542208 0 9752768 6452857 2358497 7027059 12678310
1790411028715 0 5660 0 25507162 25358258 0 0 0 0 0 0 14810498 83814 4166578176 14843904 0 9909542 6558939 2405408 7253536 13086645
1790411029734 0 16239 0 25594394 25434879 0 0 0 0 0 0 14881456 84002 4167204864 57069568 0 10118472 6702461 2477538 7426368 13420530
1790411030754 0 32931 0 25682270 25506051 0 0 0 0 0 0 14947112 84188 4167286784 128577536 0 10322221 6841252 2542517 7602025 13749855
1790411031774 0 41936 2 25768939 25583663 0 0 0 0 0 0 15003537 84341 4166983680 164646912 0 10517925 6967065 2598643 7776819 14080267
1790411032795 0 52402 964 25864297 25667726 0 0 0 0 0 0 15057553 84491 4166447104 220147712 4673536 10716755 7103053 2654652 8004007 14398520
1790411033820 0 42916 2044 25946423 25758414 0 0 0 0 0 0 15111445 84659 4166750208 175673344 18472960 10891201 7226494 2708551 8116562 14599905
1790411034843 0 89 0 26001147 25857876 0 0 0 0 0 0 15151511 84794 4167122944 8192 10522624 11014769 7314068 2748613 8249594 14957315
1790411035863 0 35508 0 26100353 25921727 0 0 0 0 0 0 15218243 85018 4167204864 132808704 0 11224476 7458072 2814843 8468245 15264131
1790411036890 0 37004 0 26168327 25988098 0 0 0 0 0 0 15272652 85199 4168675328 136953856 0 11388333 7565820 2869757 8659742 15674385
1790411037911 0 30336 0 26246041 26072511 0 0 0 0 0 0 15320346 85352 4167737344 122277888 0 11549380 7679042 2914636 8858660 15963367
1790411038935 0 10293 1572 26320136 26165104 0 0 0 0 0 0 15366603 85498 4168249344 42156032 17989632 11725559 7792480 2963704 9024899 16381918
1790411039959 0 22309 9294 26415340 26240581 0 0 0 0 0 0 15428720 85674 4168454144 120479744 8003584 11919691 7930814 3025820 9256684 16721374
1790411040980 0 28297 0 26493602 26322135 0 0 0 0 0 0 15479526 85837 4168413184 107696128 0 12088108 8045664 3075102 9413290 17034821
1790411042003 0 519 3196 26568723 26421856 0 0 0 0 0 0 15532922 86005 4168830976 2125824 27992064 12266938 8165970 3129511 9509449 17338896
1790411043025 0 16445 0 26659829 26500120 0 0 0 0 0 0 15589102 86166 4169265152 57458688 0 12469763 8299178 3184421 9586029 17477808
1790411044049 0 1547 0 26735324 26590634 0 0 0 0 0 0 15646615 86324 4170133504 2150400 0 12639868 8422791 3241284 9708251 17827238
1790411045077 0 45734 0 26836641 26647751 0 0 0 0 0 0 15727175 86531 4171022336 181178368 0 12882857 8590638 3322357 9904703 18059171
1790411046108 0 2556 0 26898517 26752716 0 0 0 0 0 0 15777060 86660 4172136448 2121728 0 13041029 8695359 3373048 10095791 18474593
1790411047150 0 1533 0 26989463 26844753 0 0 0 0 0 0 15844297 86840 4173078528 16195584 3768320 13270286 8841346 3439925 10225099 18685278
1790411048175 0 3722 874 27085151 26937391 0 0 0 0 0 0 15910973 87025 4172709888 15495168 20324352 13509941 8994101 3508122 10319240 18794573
1790411049198 0 29421 1956 27177828 27003208 0 0 0 0 0 0 15973110 87203 4172214272 128540672 7880704 13725640 9138721 3570211 10504090 19096541
1790411050222 0 23258 1563 27255969 27088321 0 0 0 0 0 0 16028470 87373 4172410880 104644608 3870720 13905142 9262411 3625061 10592213 19290731
1790411051241 0 22776 0 27342111 27176146 0 0 0 0 0 0 16086945 87530 4172419072 84099072 0 14107829 9393743 3682525 10687239 19463050
1790411052260 0 40609 0 27436595 27252801 0 0 0 0 0 0 16163655 87751 4173959168 162242560 0 14327872 9552346 3758488 10810562 19603322
1790411053285 0 27704 949 27517390 27345572 0 0 0 0 0 0 16224362 87910 4174401536 111144960 15462400 14532221 9690465 3821462 10962189 19914509
1790411054303 0 15924 0 27596110 27437003 0 0 0 0 0 0 16286127 88072 4176269312 57036800 0 14732372 9823163 3881917 11088288 20069687
1790411055325 0 541 1022 27672345 27527601 0 0 0 0 0 0 16342070 88229 4176244736 8491008 4227072 14929857 9953640 3939174 11180649 20250594
1790411056351 0 25599 1679 27768950 27598462 0 0 0 0 0 0 16422082 88443 4176887808 115044352 7856128 15167414 10116424 4018671 11365835 20498935
1790411057375 0 3605 0 27850196 27703451 0 0 0 0 0 0 16479583 88631 4177268736 1286144 0 15345660 10240167 4075661 11505376 20791419
1790411058399 0 2555 0 27933120 27787320 0 0 0 0 0 0 16555690 88818 4178739200 12288 0 15575228 10387808 4151724 11690979 21128249
1790411059419 0 21616 0 28022678 27857904 0 0 0 0 0 0 16631118 89007 4179165184 82272256 0 15796984 10538407 4227201 11864800 21378637
1790411060443 0 12709 1579 28111084 27953571 0 0 0 0 0 0 16697906 89239 4178644992 69582848 1859584 16018434 10686202 4295006 11977041 21583071
1790411061469 0 78541 7738 28230382 28000785 0 0 0 0 0 0 16774894 89497 4177731584 351903744 14082048 16290174 10861693 4371995 12111047 21677999
1790411062493 0 1530 4 28285904 28141193 0 0 0 0 0 0 16809666 89599 4176646144 0 0 16407165 10936805 4404868 12250580 21997269
1790411063514 0 35459 3499 28395506 28213454 0 0 0 0 0 0 16893465 89837 4176490496 160477184 11436032 16672800 11116210 4490053 12531677 22218312
1790411064538 0 0 7731 28470615 28319782 0 0 0 0 0 0 16947368 90018 4175773696 34492416 7704576 16829787 11229599 4544469 12713116 22611864
1790411065556 0 19538 0 28561233 28398446 0 0 0 0 0 0 17010910 90222 4175310848 72486912 0 17022773 11360612 4606539 12903915 22941918
1790411066576 0 17447 0 28652306 28491573 0 0 0 0 0 0 17066570 90385 4174704640 60096512 0 17219123 11482486 4663205 13160446 23286951
1790411067595 0 37535 0 28747422 28566654 0 0 0 0 0 0 17138471 90608 4174598144 146567168 0 17437279 11627672 4733586 13354140 23566438
1790411068614 0 36856 0 28830570 28650519 0 0 0 0 0 0 17205717 90807 4173844480 141197312 0 17634855 11759791 4801837 13572157 23894770
1790411069638 0 18509 524 28921224 28759005 0 0 0 0 0 0 17273924 91019 4173373440 80658432 10174464 17849858 11899832 4870619 13741085 24081618
1790411070657 0 59150 41 29031867 28829507 0 0 0 0 0 0 17342707 91265 4171997184 233168896 0 18084138 12053190 4937805 13895248 24216559
1790411071676 0 8197 44 29096668 28945283 0 0 0 0 0 0 17397587 91405 4171747328 29454336 0 18243966 12155841 4991651 13989757 24424863
1790411072696 0 33425 0 29189378 29012714 0 0 0 0 0 0 17468367 91623 4171784192 124379136 0 18447253 12294672 5064473 14118208 24629946
1790411073715 0 27217 0 29285006 29114516 0 0 0 0 0 0 17527360 91800 4169719808 97013760 0 18639826 12418160 5122977 14318217 24916290
1790411074735 0 74530 66 29398123 29180333 0 0 0 0 0 0 17599223 92035 4168945664 292724736 0 18898984 12580577 5195634 14533188 25128488
1790411075754 0 12407 0 29467625 29312021 0 0 0 0 0 0 17642882 92193 4167401472 44367872 0 19035093 12677032 5237458 14677292 25555571
1790411076778 0 2592 905 29557646 29410922 0 0 0 0 0 0 17700915 92379 4166787072 22929408 8957952 19234559 12809394 5297504 14925372 25859291
1790411077799 0 44300 511 29666220 29478663 0 0 0 0 0 0 17778926 92625 4166275072 189571072 6078464 19474780 12974021 5376027 15162521 26117616
1790411078817 0 77682 2443 29783906 29560555 0 0 0 0 0 0 17844140 92853 4164689920 332890112 5001216 19718016 13130217 5440731 15325898 26292021
1790411079836 0 33392 0 29860528 29683989 0 0 0 0 0 0 17894578 93021 4164370432 125923328 0 19891437 13241333 5490500 15500945 26632694
1790411080865 0 18482 5111 29955628 29788774 0 0 0 0 0 0 17968359 93254 4164919296 110989312 716800 20115474 13393672 5564988 15722822 26918665
1790411081899 0 41633 707 30058744 29873317 0 0 0 0 0 0 18044314 93495 4164530176 174714880 30875648 20339677 13553632 5640903 15969381 27186127
1790411082923 0 52925 0 30168701 29972543 0 0 0 0 0 0 18119334 93757 4164857856 210669568 0 20570055 13713485 5714337 16206974 27446091
1790411083943 0 12188 0 30245310 30089831 0 0 0 0 0 0 18176768 93969 4165660672 38039552 0 20753042 13833754 5772864 16377751 27642619
1790411084962 0 45778 0 30350885 30161889 0 0 0 0 0 0 18261772 94270 4165939200 181207040 0 20998867 14004884 5856037 16539102 27836997
1790411085987 0 31920 20984 30451619 30255489 0 0 0 0 0 0 18323141 94508 4165238784 198041600 39657472 21224101 14157815 5920242 16704749 28033590
1790411087015 0 12888 0 30529340 30373251 0 0 0 0 0 0 18376530 94698 4165328896 42266624 0 21403795 14275180 5972108 16900606 28369376
1790411088034 0 91468 0 30607916 30373251 0 0 0 0 0 0 18445265 94931 4165996544 372633600 0 21589219 14407260 6040884 16965494 28474100
1790411089053 0 27260 0 30663946 30493532 0 0 0 0 0 0 18491603 95076 4166144000 105435136 0 21717003 14497532 6086663 17155695 28876892
1790411090072 0 34463 0 30766278 30588648 0 0 0 0 0 0 18558732 95334 4165558272 135098368 0 21947119 14648838 6154350 17372615 29145805
1790411091097 0 39117 965 30863970 30680697 0 0 0 0 0 0 18617815 95531 4164833280 169988096 4067328 22170539 14792754 6214405 17553219 29443282
1790411092116 0 517 5807 30942286 30792796 0 0 0 0 0 0 18677370 95748 4165332992 2117632 44285952 22349641 14918437 6273960 17780273 29778544
1790411093139 0 44273 0 31046307 30858752 0 0 0 0 0 0 18752797 96006 4166037504 174874624 0 22583572 15080218 6347871 18000475 30042729
1790411094164 0 13930 1533 31136185 30977602 0 0 0 0 0 0 18823162 96246 4167696384 75833344 13467648 22818851 15232553 6420264 18116347 30184084
1790411095185 0 65720 1114 31257925 31048017 0 0 0 0 0 0 18908549 96535 4167634944 274731008 7143424 23109633 15419419 6504627 18255680 30273019
1790411096205 0 70 3942 31332087 31184992 0 0 0 0 0 0 18969626 96741 4168507392 4096 33529856 23303022 15549788 6566727 18427791 30672502
1790411097229 0 4045 0 31410893 31263610 0 0 0 0 0 0 19052737 96986 4170190848 4464640 0 23518836 15699066 6648749 18606307 30956865
1790411098250 0 2641 13286 31511705 31352628 0 0 0 0 0 0 19118880 97236 4169768960 73883648 0 23742132 15849789 6716036 18807263 31233917
1790411099270 0 43501 0 31611435 31424657 0 0 0 0 0 0 19195907 97483 4170412032 165064704 0 23989554 16011270 6792535 18978415 31464830
1790411100289 0 88851 0 31720546 31488431 0 0 0 0 0 0 19277540 97786 4170530816 353996800 0 24241711 16184919 6873169 19146702 31630667
1790411101308 0 24708 0 31789899 31622048 0 0 0 0 0 0 19322265 97965 4169953280 90710016 0 24398512 16288528 6918368 19287944 31963059
1790411102328 0 61704 0 31901023 31696119 0 0 0 0 0 0 19395517 98247 4169097216 240128000 0 24642630 16453537 6991565 19498530 32202733
1790411103348 0 14096 0 31970145 31812893 0 0 0 0 0 0 19450632 98464 4169314304 53252096 0 24807902 16566632 7044719 19705749 32569812
1790411104367 0 54498 0 32072929 31875179 0 0 0 0 0 0 19520486 98732 4169809920 219062272 0 25044397 16727358 7115594 19892746 32829360
1790411105386 0 32922 0 32149028 31972927 0 0 0 0 0 0 19580067 98940 4170530816 128950272 0 25211988 16845178 7175158 20121179 33198846
1790411106406 0 16395 32 32225210 32065599 0 0 0 0 0 0 19634994 99152 4170641408 61112320 0 25377372 16958964 7229684 20227966 33396532
1790411107425 0 46070 0 32318902 32129581 0 0 0 0 0 0 19713047 99425 4171366400 182579200 0 25616312 17113992 7308125 20300303 33523394
1790411108452 0 5234 2311 32398612 32247839 0 0 0 0 0 0 19760299 99602 4170407936 11059200 27332608 25791208 17228520 7357433 20463753 33780967
1790411109477 0 15698 1078 32492818 32332822 0 0 0 0 0 0 19823502 99862 4169506816 71036928 8433664 26001517 17370199 7420092 20599985 33949128
1790411110496 0 25623 0 32579325 32410417 0 0 0 0 0 0 19884554 100095 4169478144 95965184 0 26199029 17498600 7480173 20807915 34245990
1790411111516 0 52672 0 32685837 32489900 0 0 0 0 0 0 19945353 100362 4168417280 205787136 0 26426376 17655162 7541437 20893854 34336669
1790411112539 0 20562 3604 32760375 32593062 0 0 0 0 0 0 19997260 100579 4167753728 84295680 31776768 26610473 17773151 7594366 21078168 34655029
1790411113562 0 38925 0 32847722 32665491 0 0 0 0 0 0 20061928 100832 4168536064 153817088 0 26805463 17904703 7657021 21220274 34974556
1790411114581 0 49885 0 32939442 32746389 0 0 0 0 0 0 20134869 101108 4169162752 200118272 0 27025081 18052150 7729915 21390440 35158078
1790411115605 0 44206 17069 33039571 32835418 0 0 0 0 0 0 20187244 101328 4168265728 180895744 95133696 27235888 18191229 7784344 21561177 35525025
1790411116628 0 33507 11461 33124190 32936005 0 0 0 0 0 0 20239101 101524 4167655424 198008832 0 27416773 18307185 7835674 21804842 35901414
1790411117654 0 0 514 33203228 33059559 0 0 0 0 0 0 20298633 101741 4168568832 13963264 1925120 27590572 18426779 7894234 21869563 36076377
1790411118679 0 39074 2568 33307671 33122862 0 0 0 0 0 0 20370550 102010 4167856128 172720128 4550656 27826424 18584982 7966687 21982335 36241411
1790411119708 0 1908 2757 33374575 33226783 0 0 0 0 0 0 20421397 102206 4168011776 22728704 18280448 27995870 18690936 8017965 22199255 36604514
1790411120730 0 38594 0 33483778 33301928 0 0 0 0 0 0 20494777 102489 4167503872 151744512 0 28226513 18841735 8089830 22360578 36854372
1790411121750 0 21613 51 33572645 33407917 0 0 0 0 0 0 20554590 102695 4167073792 84406272 0 28407813 18973032 8149906 22462444 37018968
1790411122769 0 17567 49 33663223 33502488 0 0 0 0 0 0 20622103 102955 4166561792 61239296 0 28616869 19113571 8218181 22658878 37251382
1790411123793 0 22603 5202 33754886 33584122 0 0 0 0 0 0 20677669 103160 4165881856 92667904 32591872 28808521 19242438 8274750 22755774 37420751
1790411124812 0 51410 0 33844397 33649796 0 0 0 0 0 0 20740766 103387 4165849088 206430208 0 29011551 19375155 8334817 22897489 37630442
1790411125832 0 58551 0 33928274 33726460 0 0 0 0 0 0 20806463 103611 4166479872 229310464 0 29194241 19502023 8402556 23062570 38020476
1790411126851 0 74889 0 34015580 33797427 0 0 0 0 0 0 20876233 103883 4166905856 296878080 0 29400059 19644878 8472287 23251235 38266172
1790411127870 0 6623 12 34072170 33922273 0 0 0 0 0 0 20917799 104030 4166750208 19087360 0 29530356 19732055 8512890 23411373 38675110
1790411128894 0 20101 890 34167906 34003544 0 0 0 0 0 0 20991261 104308 4166905856 88080384 3006464 29759642 19881436 8588345 23547787 38853060
1790411129921 0 14657 876 34250153 34091585 0 0 0 0 0 0 21063168 104586 4167671808 76304384 3289088 29970996 20020957 8659735 23655505 39005977
1790411130943 0 16518 1460 34331945 34170918 0 0 0 0 0 0 21131550 104817 4167995392 82243584 0 30170549 20154797 8728133 23886320 39314771
1790411131966 0 1030 14 34406798 34262407 0 0 0 0 0 0 21194712 105031 4168007680 20480 0 30352614 20277434 8789888 23950977 39430896
1790411132986 0 37025 0 34504858 34324760 0 0 0 0 0 0 21274310 105345 4168863744 146399232 0 30603529 20435243 8868841 24228890 39692455
1790411134004 0 14416 7949 34589346 34424207 0 0 0 0 0 0 21331304 105562 4168654848 59047936 45088768 30811306 20571857 8928382 24311620 39822994
1790411135027 0 11349 1979 34666538 34510114 0 0 0 0 0 0 21386780 105795 4167491584 46485504 24748032 30991116 20687483 8983858 24463522 40101340
1790411136049 0 43200 0 34768919 34582608 0 0 0 0 0 0 21454581 106078 4167237632 170668032 0 31200456 20835663 9049581 24597833 40250425
1790411137079 0 6500 465 34845087 34695050 0 0 0 0 0 0 21508466 106277 4167057408 26017792 23318528 31378013 20953075 9105543 24713014 40551199
1790411138103 0 43549 0 34947435 34760722 0 0 0 0 0 0 21593151 106581 4168380416 172347392 0 31634656 21125481 9188723 24824142 40685369
1790411139127 0 1533 59 35016421 34871750 0 0 0 0 0 0 21652238 106800 4169056256 36864 0 31804277 21238315 9246475 25057840 41108887
1790411140147 0 10804 4 35111123 34957244 0 0 0 0 0 0 21710248 107032 4168404992 33828864 0 32017864 21378686 9306321 25175143 41243713
1790411141166 0 55979 1622 35221734 35020995 0 0 0 0 0 0 21791376 107326 4168204288 239157248 6803456 32281218 21552980 9387943 25443483 41435110
1790411142187 0 3578 0 35293229 35146513 0 0 0 0 0 0 21837089 107519 4167958528 6406144 0 32433790 21656072 9432641 25592274 41669740
1790411143209 0 5190 0 35383897 35235465 0 0 0 0 0 0 21894727 107762 4167495680 12697600 0 32629935 21792116 9491296 25824565 41999806
1790411144228 0 15742 0 35472049 35313099 0 0 0 0 0 0 21960885 107993 4167798784 51335168 0 32832523 21928502 9556985 25974109 42339820
1790411145248 0 4708 584 35554044 35405679 0 0 0 0 0 0 22017443 108212 4168126464 25378816 2125824 33027330 22058473 9614008 26106125 42603749
1790411146267 0 8595 0 35643456 35491644 0 0 0 0 0 0 22077489 108448 4167979008 21180416 0 33229277 22193812 9674595 26228902 42848313
1790411147290 0 22657 3003 35733458 35564784 0 0 0 0 0 0 22152950 108673 4168327168 92692480 22089728 33465414 22348474 9750028 26438772 43097782
1790411148309 0 36735 0 35822744 35642837 0 0 0 0 0 0 22213958 108927 4168101888 145391616 0 33652002 22480778 9808082 26598231 43363872
1790411149332 0 84525 730 35932478 35704318 0 0 0 0 0 0 22289537 109203 4167991296 348082176 13864960 33898385 22646849 9886615 26817621 43606584
1790411150352 0 21599 0 35992190 35827454 0 0 0 0 0 0 22326027 109366 4167200768 80187392 0 34012963 22727525 9921554 26956804 43862932
1790411151372 0 57016 0 36089823 35889678 0 0 0 0 0 0 22386562 109598 4167168000 223272960 0 34223702 22871039 9982158 27156123 44139248
1790411152391 0 88867 0 36189144 35957065 0 0 0 0 0 0 22457922 109883 4167110656 354693120 0 34459808 23027119 10053544 27393190 44360253
1790411153409 0 31873 1103 36248261 36072232 0 0 0 0 0 0 22502166 110041 4166983680 130580480 15581184 34587668 23122250 10099245 27504456 44688713
1790411154433 0 63239 438 36346504 36139698 0 0 0 0 0 0 22568907 110276 4166299648 265523200 3493888 34790719 23269388 10165985 27666171 44939974
1790411155455 0 10799 10139 36407820 36243710 0 0 0 0 0 0 22610493 110430 4166139904 44257280 50515968 34938597 23363323 10207572 27864351 45381919
1790411156481 0 75984 17520 36522905 36286230 0 0 0 0 0 0 22682899 110746 4166635520 324149248 69943296 35194663 23533899 10280007 28074436 45528696
1790411157502 0 4366 6 36568779 36421263 0 0 0 0 0 0 22715787 110879 4167516160 6901760 0 35294771 23604270 10311334 28214224 45865598
1790411158524 0 45853 0 36671142 36482131 0 0 0 0 0 0 22782063 111162 4166443008 183640064 0 35520143 23753270 10376582 28407798 46097275
1790411159548 0 7230 1360 36738493 36586773 0 0 0 0 0 0 22832905 111354 4166725632 34996224 10952704 35670469 23860390 10429471 28591485 46524112
1790411160566 0 71260 803 36845425 36630336 0 0 0 0 0 0 22909339 111640 4167204864 305135616 3616768 35916300 24024280 10505970 28774930 46692244
1790411161584 0 6181 0 36889776 36740500 0 0 0 0 0 0 22945869 111791 4168122368 17031168 0 36025761 24094329 10540915 28897760 46944923
1790411162603 0 12933 9062 36978854 36813733 0 0 0 0 0 0 23003252 112046 4167958528 72445952 26554368 36224080 24223339 10600330 29114368 47287483
1790411163629 0 34220 1213 37065189 36886592 0 0 0 0 0 0 23068973 112287 4168232960 148459520 2367488 36435821 24355084 10666050 29322279 47597299
1790411164655 0 42225 5621 37151664 36960688 0 0 0 0 0 0 23132108 112514 4168679424 172875776 34779136 36631283 24489659 10729186 29424355 47775331
1790411165683 0 27284 8030 37232409 37053969 0 0 0 0 0 0 23189076 112728 4167897088 111616000 51048448 36820083 24612824 10786153 29662821 48037991
1790411166723 0 33376 551 37312590 37135710 0 0 0 0 0 0 23252927 112970 4168617984 152043520 1929216 37025359 24745083 10849495 29772008 48256066
1790411167742 0 32986 40 37395542 37219415 0 0 0 0 0 0 23310944 113212 4168331264 124448768 0 37211125 24869204 10907005 29986351 48573346
1790411168761 0 26804 0 37472140 37302212 0 0 0 0 0 0 23368010 113440 4168364032 103337984 0 37388387 24988757 10963136 30190659 48945598
1790411169781 0 10805 0 37551374 37397464 0 0 0 0 0 0 23409151 113629 4167217152 34230272 0 37557637 25097680 11005246 30359984 49331892
1790411170800 0 11094 73 37641702 37487389 0 0 0 0 0 0 23469786 113860 4167200768 35930112 0 37764262 25234599 11066351 30534027 49523209
1790411171824 0 26240 1543 37728773 37557893 0 0 0 0 0 0 23548865 114167 4168552448 117346304 5320704 37990220 25389081 11145432 30726182 49794225
1790411172850 0 71523 877 37836203 37620776 0 0 0 0 0 0 23624837 114444 4168110080 301371392 2879488 38226182 25552132 11221915 30945864 50039163
1790411173873 0 33257 0 37899399 37723019 0 0 0 0 0 0 23668404 114622 4167499776 122277888 0 38363950 25640383 11264998 31032792 50285923
1790411174897 0 66359 934 37998280 37787968 0 0 0 0 0 0 23748095 114914 4168876032 281051136 5201920 38620548 25803310 11344663 31293966 50533672
1790411175916 0 35880 0 38068317 37889237 0 0 0 0 0 0 23794699 115096 4168286208 142905344 0 38772462 25905725 11389343 31459064 50872628
1790411176942 0 5940 321 38140253 37990905 0 0 0 0 0 0 23856964 115322 4168491008 31723520 5976064 38954258 26032620 11453528 31572339 51100191
1790411177963 0 48337 0 38247258 38055835 0 0 0 0 0 0 23931783 115626 4168224768 185397248 0 39190075 26193736 11527384 31806956 51345543
1790411178982 0 50802 0 38334646 38140715 0 0 0 0 0 0 23985551 115831 4167262208 200146944 0 39384330 26321412 11581135 32001665 51681041
1790411180002 0 32994 0 38412137 38235928 0 0 0 0 0 0 24037979 116047 4166815744 128589824 0 39554119 26431303 11633104 32218905 52059058
1790411181021 0 15384 0 38489128 38330650 0 0 0 0 0 0 24094410 116286 4167966720 52813824 0 39720313 26550395 11690552 32395004 52376164
1790411182042 0 2527 3 38571562 38425860 0 0 0 0 0 0 24150639 116522 4166766592 4243456 0 39898482 26675184 11745462 32609525 52670955
1790411183065 0 32 0 38613804 38470654 0 0 0 0 0 0 24208495 116787 4194041856 131072 0 40021471 26760864 11803524 32749894 52907499
1790411184094 0 33 0 38613805 38470654 0 0 0 0 0 0 24269567 117070 4193665024 131072 0 40085041 26822548 11865116 32886345 53361669
1790411185118 0 33 0 38613805 38470654 0 0 0 0 0 0 24335296 117409 4193902592 131072 0 40159990 26889329 11931955 32971867 53664575
1790411186144 0 33 0 38613805 38470654 0 0 0 0 0 0 24405729 117723 4195057664 131072 0 40240704 26958080 12000988 33086123 54023133
1790411187173 0 33 0 38613805 38470654 0 0 0 0 0 0 24468890 118017 4196077568 131072 0 40313594 27021275 12064432 33180649 54323006
1790411188199 0 35 0 38613807 38470654 0 0 0 0 0 0 24559204 118335 4198641664 131072 0 40432633 27110530 12154313 33289218 54591051
1790411189220 0 34 0 38613807 38470655 0 0 0 0 0 0 24641372 118645 4201082880 131072 0 40796058 27192942 12237321 33528005 54924180
1790411190243 0 35 0 38613808 38470655 0 0 0 0 0 0 24717679 118961 4201345024 131072 0 40943693 27269346 12313789 33681711 55171299
1790411191263 0 35 0 38613808 38470655 0 0 0 0 0 0 24792521 119219 4201181184 131072 0 41043208 27344172 12388575 33933836 55659392
1790411192282 0 32 0 38613809 38470655 0 0 0 0 0 0 24811546 119313 1304031232 45056 0 41073302 27364234 12408624 34038358 55803613
