1790411766357 0 1 0 70565961 70422824 0 0 0 0 0 0 53785061 167096 - - - - - - - -
1790411767725 0 172066 8194 70859746 70536350 0 0 0 0 0 0 53785069 167190 1155440640 750813184 5091328 0 0 8 0 36643
1790411768874 0 171515 2048 70990454 70673604 0 0 0 0 0 0 53785069 167191 1712836608 714661888 16777216 0 0 8 0 104909
1790411769925 0 181349 2048 71124950 70798417 0 0 0 0 0 0 53785069 167191 2268958720 735584256 16777216 0 0 8 0 227209
1790411770955 0 186877 2056 71258994 70926802 0 0 0 0 0 0 53785069 167191 2804322304 762851328 8388608 0 0 8 0 360321
1790411771987 0 160671 1981 71367375 71061516 0 0 0 0 0 0 53785069 167191 3264102400 664739840 16777216 0 0 8 0 451189
1790411773018 0 183269 3435 71528221 71198357 0 0 0 0 0 0 53785069 167191 3896803328 743055360 8290304 0 0 8 0 529083
1790411774038 0 189726 2044 71668538 71333632 0 0 0 0 0 0 53787014 167193 4140974080 783982592 16777216 179232 88369 2021 32686 600334
1790411775060 0 193768 2041 71812518 71473600 0 0 0 0 0 0 53793663 167199 4140163072 796741632 8388608 416401 237925 8602 83179 675048
1790411776081 0 169670 2040 71933566 71618625 0 0 0 0 0 0 53805257 167211 4139732992 687550464 8085504 590631 367621 20255 128528 766023
1790411777106 0 193211 4818 72118085 71777245 0 0 0 0 0 0 53825497 167236 4139507712 794730496 8388608 851683 568936 40070 172392 956649
1790411778141 0 188500 4092 72249729 71914031 0 0 0 0 0 0 53847532 167297 4140244992 777732096 8388608 1071851 724106 62468 220466 1264979
1790411779169 0 158234 2052 72344381 72040842 0 0 0 0 0 0 53868577 167449 4141223936 646909952 8388608 1262288 838614 82488 267412 1629272
1790411780206 0 111581 1993 72431467 72174714 0 0 0 0 0 0 53886011 167548 4142088192 462147584 8388608 1432665 944785 100433 306546 1900346
1790411781233 0 86967 17026 72531921 72284833 0 0 0 0 0 0 53916268 167689 4143878144 403116032 18423808 1620403 1076607 131204 359193 2144515
1790411782257 0 38199 4173 72594034 72408498 0 0 0 0 0 0 53935783 167783 4144902144 169472000 25473024 1730668 1157876 150208 405008 2452796
1790411783278 0 126211 4096 72774551 72501069 0 0 0 0 0 0 53987964 167990 4148543488 503881728 16777216 2035995 1384682 202458 459180 2690237
1790411784299 0 149404 3212 72897206 72601423 0 0 0 0 0 0 54030618 168138 4150779904 612667392 0 2272329 1550770 244542 508168 2951938
1790411785319 0 122028 0 72989447 72724303 0 0 0 0 0 0 54060426 168270 4152045568 474804224 0 2442032 1669743 274847 640879 3347938
1790411786344 0 138288 2121 73110554 72826925 0 0 0 0 0 0 54110670 168483 4154843136 567451648 8388608 2694907 1842136 325094 740346 3687420
1790411787389 0 68836 6747 73187145 72968558 0 0 0 0 0 0 54140936 168602 4155609088 304959488 39297024 2849131 1952233 355880 782110 3925307
1790411788449 0 98184 3812 73315896 73070683 0 0 0 0 0 0 54190669 168790 4156362752 412454912 6668288 3103467 2126277 404065 867756 4119323
1790411789478 0 100067 6144 73428662 73179315 0 0 0 0 0 0 54253692 168987 4158275584 415305728 18464768 3366137 2305644 468628 935689 4440739
1790411790505 0 102739 9022 73549543 73294612 0 0 0 0 0 0 54317309 169202 4159741952 440508416 24641536 3635870 2488967 531734 1019154 4747665
1790411791537 0 78280 7884 73643076 73413701 0 0 0 0 0 0 54370146 169378 4161339392 320532480 32325632 3846053 2635481 585083 1069626 4994353
1790411792581 0 102802 2446 73771740 73523407 0 0 0 0 0 0 54461913 169638 4163452928 432422912 8388608 4176009 2848639 673795 1130413 5141382
1790411793614 0 86090 0 73874489 73645103 0 0 0 0 0 0 54518847 169814 4164071424 333078528 0 4409239 3005147 729751 1202079 5354147
1790411794640 0 82043 0 73987109 73761839 0 0 0 0 0 0 54598212 170049 4165435392 317026304 0 4712914 3197603 810042 1302468 5641084
1790411795676 0 49371 7743 74095014 73894758 0 0 0 0 0 0 54684887 170275 4167389184 242110464 10268672 5023728 3396640 898255 1389740 5948118
1790411796698 0 149197 2020 74264111 73969847 0 0 0 0 0 0 54820745 170646 4168667136 622780416 0 5468206 3698096 1033099 1497632 6243895
1790411797736 0 99423 12621 74359139 74103921 0 0 0 0 0 0 54897280 170851 4169498624 463220736 16777216 5725832 3869509 1110579 1596181 6732437
1790411798786 0 16291 718 74410272 74250027 0 0 0 0 0 0 54938856 171002 4170489856 64618496 11366400 5870852 3959812 1152695 1823000 7353980
1790411799820 0 22094 1943 74517037 74349767 0 0 0 0 0 0 55021643 171291 4168949760 96198656 6541312 6155847 4142046 1233563 1932241 7631116
1790411800864 0 69084 15033 74650786 74423497 0 0 0 0 0 0 55137290 171667 4169314304 283045888 61665280 6548425 4384653 1352191 2064632 7934783
1790411801886 0 43636 0 74726449 74539591 0 0 0 0 0 0 55212705 172346 4169924608 159010816 0 6761136 4514042 1422629 2286939 8459707
1790411802907 0 40467 14886 74828934 74630411 0 0 0 0 0 0 55282006 172571 4167462912 163659776 60973056 7013706 4674660 1496866 2430228 8777231
1790411803932 0 1974 692 74901188 74755293 0 0 0 0 0 0 55345579 172755 4166426624 14815232 3723264 7194005 4790677 1559391 2527091 9215445
1790411804966 0 20624 8251 75027180 74855126 0 0 0 0 0 0 55425130 172996 4164001792 103018496 24096768 7463641 4956293 1639966 2630581 9577077
1790411805989 0 13907 0 75120989 74963919 0 0 0 0 0 0 55484378 173174 4162486272 32563200 0 7635500 5064994 1696433 2721505 10037177
1790411807019 0 1139 809 75222512 75077433 0 0 0 0 0 0 55541134 173347 4159643648 5042176 1294336 7844253 5186441 1754944 2825312 10544805
1790411808049 0 7479 6350 75343390 75186382 0 0 0 0 0 0 55609918 173551 4156067840 63258624 7479296 8105878 5339515 1824243 2912067 10774078
1790411809077 0 4013 592 75448862 75301469 0 0 0 0 0 0 55683779 173739 4153815040 15060992 696320 8337545 5477960 1897600 3004504 11162122
1790411810108 0 4403 41 75550854 75403341 0 0 0 0 0 0 55746885 173921 4152320000 5496832 7213056 8558923 5612502 1958659 3075011 11416583
1790411811134 0 10777 0 75659075 75505156 0 0 0 0 0 0 55814593 174101 4149477376 20017152 0 8793415 5754853 2027429 3147260 11684777
1790411812160 0 18799 0 75758851 75596800 0 0 0 0 0 0 55883241 174283 4148891648 56610816 0 9039438 5897590 2094109 3225661 11922025
1790411813186 0 8 20795 75870256 75706208 0 0 0 0 0 0 55949592 174492 4146819072 57458688 35278848 9290618 6053496 2164428 3326902 12256770
1790411814218 0 444 860 75963761 75819598 0 0 0 0 0 0 56011148 174661 4145618944 11341824 4218880 9497914 6181398 2223961 3388667 12586957
1790411815265 0 5 10298 76074333 75921007 0 0 0 0 0 0 56105098 174958 4145840128 35901440 25194496 9768362 6365387 2319935 3544070 12952375
1790411816303 0 0 8458 76178382 76026772 0 0 0 0 0 0 56183108 175198 4146569216 19156992 31354880 10019373 6531782 2397955 3645673 13232849
1790411817331 0 42210 6671 76309498 76117514 0 0 0 0 0 0 56260570 175473 4146544640 187531264 23031808 10340727 6727061 2475502 3726214 13428095
1790411818361 0 61868 1241 76423214 76216836 0 0 0 0 0 0 56345817 175759 4146155520 260767744 3878912 10604952 6901380 2559128 3803298 13614626
1790411819393 0 16960 7302 76506016 76338591 0 0 0 0 0 0 56411449 175943 4146851840 69599232 46587904 10809258 7040064 2625805 3889504 13952480
1790411820422 0 2498 2466 76605258 76457173 0 0 0 0 0 0 56478678 176148 4146561024 15364096 12247040 11040790 7188455 2693262 3962362 14211313
1790411821442 0 36363 0 76724233 76544713 0 0 0 0 0 0 56567018 176395 4147499008 126996480 0 11329147 7370739 2778216 4031495 14457596
1790411822466 0 31679 0 76816835 76641764 0 0 0 0 0 0 56640874 177000 4148555776 108408832 0 11558573 7519394 2850239 4117838 14719411
1790411823502 0 5277 4 76902095 76753540 0 0 0 0 0 0 56692828 177165 4147974144 8192 28672 11738528 7644624 2905396 4183693 14947415
1790411824537 0 44226 15 77025823 76838421 0 0 0 0 0 0 56780794 177418 4147703808 166821888 0 12042452 7837856 2991558 4292335 15243785
1790411825564 0 29805 10147 77134280 76951291 0 0 0 0 0 0 56862443 177663 4149145600 119877632 52744192 12310082 8016234 3077175 4356078 15431345
1790411826602 0 3849 0 77223934 77076793 0 0 0 0 0 0 56951708 177877 4151377920 2154496 23199744 12548263 8175244 3166058 4467870 15767610
1790411827649 0 7197 18567 77341995 77173088 0 0 0 0 0 0 57038956 178119 4152152064 38752256 75935744 12853632 8366805 3253793 4551778 15993892
1790411828672 0 21817 899 77447985 77282103 0 0 0 0 0 0 57112834 178332 4151996416 89362432 14639104 13121213 8525987 3326647 4640948 16295531
1790411829693 0 54353 0 77576130 77378467 0 0 0 0 0 0 57204149 178630 4152451072 202559488 0 13424311 8721760 3418031 4727361 16515006
1790411830713 0 67759 7811 77703144 77484451 0 0 0 0 0 0 57284777 178897 4150857728 277536768 40411136 13728961 8921944 3499645 4813950 16727245
1790411831731 0 48068 17684 77797778 77588741 0 0 0 0 0 0 57371997 179142 4152815616 194998272 84115456 13987634 9088566 3586891 4901842 16967787
1790411832764 0 44419 10293 77896965 77699203 0 0 0 0 0 0 57449972 179404 4154273792 205369344 36954112 14238715 9253788 3664930 4976437 17270405
1790411833796 0 4752 418 77981982 77833534 0 0 0 0 0 0 57503976 179588 4153569280 26562560 7385088 14439304 9383156 3717851 5037457 17483228
1790411834824 0 6355 0 78096940 77947379 0 0 0 0 0 0 57580018 179807 4153143296 9277440 0 14715855 9554761 3790880 5118601 17763890
1790411835847 0 1524 1630 78202100 78055818 0 0 0 0 0 0 57668031 180059 4154793984 11345920 9592832 15012874 9743400 3882895 5201768 17993808
1790411836881 0 7127 803 78313274 78162246 0 0 0 0 0 0 57754239 180312 4154699776 37068800 2363392 15273510 9924249 3967040 5286901 18277393
1790411837907 0 69494 459 78464464 78251460 0 0 0 0 0 0 57874756 180647 4154761216 285454336 7417856 15657131 10174558 4089117 5382137 18491597
1790411838943 0 63715 890 78572966 78365183 0 0 0 0 0 0 57959321 180885 4154949632 281190400 16027648 15916492 10350556 4172651 5483851 18765970
1790411840001 0 23458 491 78656788 78489804 0 0 0 0 0 0 58018369 181050 4155068416 107335680 7462912 16124589 10480181 4231154 5579305 19167650
1790411841049 0 30832 6208 78778281 78598016 0 0 0 0 0 0 58088991 181251 4154245120 122085376 44900352 16407365 10659023 4303316 5666066 19415557
1790411842085 0 51801 593 78899083 78703468 0 0 0 0 0 0 58175933 181507 4153389056 214863872 2527232 16699853 10844278 4389052 5760977 19727827
1790411843134 0 5754 697 78990831 78841178 0 0 0 0 0 0 58237888 181697 4152647680 27709440 21094400 16905895 10979934 4450827 5864017 20032929
1790411844186 0 61146 8395 79137429 78924830 0 0 0 0 0 0 58345656 182012 4153094144 248070144 48783360 17267263 11214378 4560493 5934436 20161127
1790411845210 0 25252 174 79227453 79058970 0 0 0 0 0 0 58418407 182241 4153610240 111464448 6098944 17506127 11363509 4631198 6027256 20503098
1790411846236 0 30678 2993 79347248 79170414 0 0 0 0 0 0 58494868 182474 4152098816 135102464 9744384 17783754 11537590 4709194 6116780 20733085
1790411847259 0 108070 6320 79485514 79228059 0 0 0 0 0 0 58574119 182734 4150296576 442654720 25702400 18081939 11725286 4788956 6258181 21130050
1790411848280 0 43179 0 79565080 79378722 0 0 0 0 0 0 58633899 182919 4150226944 157491200 0 18259129 11836794 4846480 6379013 21517284
1790411849302 0 18907 17447 79675407 79495792 0 0 0 0 0 0 58718623 183171 4150767616 153096192 0 18520521 12008737 4932461 6479098 21900823
1790411850335 0 45202 11192 79800240 79600654 0 0 0 0 0 0 58794630 183430 4148498432 220360704 24244224 18797424 12180138 5008449 6578643 22121639
1790411851361 0 23507 2009 79896394 79727821 0 0 0 0 0 0 58848042 183626 4147306496 104611840 3014656 19003729 12307519 5062367 6665618 22368052
1790411852390 0 61433 1428 80034643 79828973 0 0 0 0 0 0 58953863 183952 4146565120 267350016 3325952 19348544 12517648 5165619 6771517 22657843
1790411853424 0 27723 0 80124933 79953937 0 0 0 0 0 0 59022767 184174 4146376704 91586560 0 19552535 12653490 5233262 6910103 23051239
1790411854448 0 32931 0 80246303 80070244 0 0 0 0 0 0 59102835 184425 4144574464 114745344 0 19828822 12830397 5314609 6993744 23303293
1790411855483 0 48543 5986 80386180 80188618 0 0 0 0 0 0 59191547 184758 4143853568 231538688 22056960 20162783 13035014 5405143 7064080 23576887
1790411856528 0 17110 1309 80489017 80327360 0 0 0 0 0 0 59259621 185003 4143226880 71745536 2232320 20391099 13180305 5473314 7163702 23905751
1790411857552 0 92497 2262 80651348 80413729 0 0 0 0 0 0 59362247 185378 4141686784 395284480 7237632 20758783 13416542 5576195 7236074 24083323
1790411858590 0 21004 8047 80731141 80558866 0 0 0 0 0 0 59421328 185586 4142215168 114728960 19902464 20956866 13545546 5636217 7318491 24403289
1790411859616 0 30098 0 80850385 80676991 0 0 0 0 0 0 59502475 185887 4141846528 105431040 0 21208012 13717421 5714841 7394885 24670785
1790411860638 0 24186 0 80959665 80792298 0 0 0 0 0 0 59587346 186169 4143079424 78684160 0 21483442 13891934 5798372 7514928 25119989
1790411861658 0 42227 403 81091744 80906098 0 0 0 0 0 0 59671043 186469 4143075328 172732416 12673024 21797852 14093511 5885938 7615772 25463011
1790411862678 0 25806 10982 81220644 81040631 0 0 0 0 0 0 59770663 186823 4144029696 103452672 60211200 22114629 14304523 5985046 7694543 25757194
1790411863701 0 75453 0 81359861 81141246 0 0 0 0 0 0 59862569 187161 4143153152 289767424 0 22421359 14508736 6074563 7790340 25932084
1790411864722 0 53086 2322 81476636 81278248 0 0 0 0 0 0 59952906 187480 4144418816 233013248 1404928 22726804 14704239 6166770 7886917 26212366
1790411865744 0 57323 0 81590695 81390237 0 0 0 0 0 0 60044694 187797 4146663424 216854528 0 23005189 14886680 6254573 7970407 26564460
1790411866774 0 233 1395 81682857 81538403 0 0 0 0 0 0 60113036 188058 4146896896 7114752 24092672 23241410 15037832 6327443 8105233 26998253
1790411867818 0 14312 66 81816823 81659431 0 0 0 0 0 0 60214740 188442 4147736576 40976384 0 23571216 15243583 6425046 8177001 27257145
1790411868845 0 9295 15029 81943712 81776275 0 0 0 0 0 0 60294102 188755 4147900416 109568000 1859584 23887344 15442923 6509029 8257459 27493747
1790411869870 0 69599 1095 82090325 81876638 0 0 0 0 0 0 60403538 189161 4147011584 283295744 2760704 24242903 15671373 6616460 8321974 27634746
1790411870894 0 7745 470 82195876 82044502 0 0 0 0 0 0 60474440 189457 4147105792 32337920 14061568 24481882 15836819 6689279 8401726 27947785
1790411871914 0 53910 0 82350455 82153366 0 0 0 0 0 0 60566950 189857 4146216960 200019968 0 24828369 16055090 6779734 8470418 28171303
1790411872954 0 25695 15941 82464492 82279859 0 0 0 0 0 0 60639297 190126 4145881088 183439360 6590464 25094993 16229242 6852083 8549149 28442254
1790411873982 0 47559 0 82581957 82391236 0 0 0 0 0 0 60731155 190477 4146884608 172437504 0 25377585 16414940 6944463 8628293 28640320
1790411875004 0 22854 4973 82694504 82523634 0 0 0 0 0 0 60818032 190812 4147847168 93605888 35074048 25647522 16601197 7032866 8750181 29047044
1790411876043 0 5607 0 82795348 82646639 0 0 0 0 0 0 60904395 191151 4148674560 1191936 0 25915095 16765401 7115398 8825902 29323499
1790411877073 0 69549 0 82951077 82738348 0 0 0 0 0 0 61011536 191587 4148600832 272343040 0 26280908 17000681 7219858 8937594 29568335
1790411878104 0 16000 651 83052047 82892290 0 0 0 0 0 0 61083974 191866 4147605504 70262784 2682880 26544701 17156353 7294805 9039121 29851156
1790411879139 0 15594 0 83170250 83011492 0 0 0 0 0 0 61179747 192241 4148416512 43417600 0 26847697 17350011 7392025 9143862 30198283
1790411880168 0 2946 729 83306805 83160259 0 0 0 0 0 0 61272656 192618 4146970624 30281728 5869568 27192219 17565119 7487495 9243093 30432429
1790411881200 0 44912 0 83457864 83269868 0 0 0 0 0 0 61380650 193032 4146749440 166297600 0 27554535 17790042 7590930 9354024 30761345
1790411882224 0 24017 11 83580854 83413578 0 0 0 0 0 0 61458862 193377 4146376704 79515648 0 27836656 17972666 7670135 9451079 31030524
1790411883252 0 18993 378 83709199 83546784 0 0 0 0 0 0 61558287 193759 4145913856 98824192 28672 28165048 18178103 7770562 9555536 31311019
1790411884290 0 9849 1135 83833214 83679126 0 0 0 0 0 0 61644595 194116 4147179520 44380160 7507968 28468861 18369512 7859432 9643699 31592862
1790411885311 0 30105 0 83954483 83781267 0 0 0 0 0 0 61741686 194482 4147679232 104894464 0 28768258 18556339 7954419 9759344 31909503
1790411886334 0 43515 63 84079915 83893300 0 0 0 0 0 0 61837594 194869 4147748864 155136000 0 29073937 18748636 8047360 9875190 32209072
1790411887379 0 9820 329 84172671 84019418 0 0 0 0 0 0 61908498 195120 4147060736 54431744 7434240 29311433 18894356 8121293 9984086 32565404
1790411888425 0 600 41 84275385 84131668 0 0 0 0 0 0 61981353 195422 4146675712 2457600 0 29582554 19057869 8196190 10104503 32908213
1790411889450 0 12293 768 84377401 84221155 0 0 0 0 0 0 62054515 195730 4145664000 52690944 1949696 29829902 19209070 8267816 10248377 33292234
1790411890490 0 35954 1009 84498725 84318692 0 0 0 0 0 0 62141326 196128 4144865280 145358848 5029888 30132614 19398992 8356204 10377573 33610040
1790411891538 0 82746 596 84630876 84404576 0 0 0 0 0 0 62239024 196525 4144914432 340361216 2400256 30443747 19601468 8453811 10473652 33931292
1790411892559 0 30300 455 84736134 84562298 0 0 0 0 0 0 62321278 196847 4144517120 133681152 6406144 30700799 19764312 8534682 10578088 34356383
1790411893588 0 479 302 84835122 84691258 0 0 0 0 0 0 62384514 197105 4144373760 1593344 11108352 30919528 19906281 8598839 10689754 34827501
1790411894618 0 3537 11 84954052 84807440 0 0 0 0 0 0 62483961 197467 4145111040 36864 6402048 31220995 20096692 8694259 10761747 35071769
1790411895655 0 28484 655 85097553 84925234 0 0 0 0 0 0 62586296 198171 4145201152 115773440 13770752 31575459 20326286 8800046 10851508 35316697
1790411896690 0 14975 8 85195486 85037551 0 0 0 0 0 0 62657657 198434 4144193536 43294720 0 31811852 20472405 8867378 10944048 35672369
1790411897712 0 110154 949 85375876 85121707 0 0 0 0 0 0 62768020 198926 4142989312 456908800 3784704 32213841 20737463 8980943 11035413 35866576
1790411898739 0 7086 7189 85442442 85285153 0 0 0 0 0 0 62815858 199126 4142972928 68603904 2580480 32381790 20844086 9030754 11128352 36237083
1790411899763 0 40582 961 85575875 85391174 0 0 0 0 0 0 62926365 199531 4143853568 153362432 0 32711972 21058426 9136638 11216101 36404836
1790411900791 0 7624 0 85677781 85526951 0 0 0 0 0 0 62992633 199813 4143693824 5996544 0 32953651 21207713 9205848 11321183 36786608
1790411901826 0 38201 5725 85822962 85635861 0 0 0 0 0 0 63095637 200254 4143656960 193953792 8826880 33322559 21434813 9310013 11414664 37023003
1790411902857 0 48024 0 85945257 85754021 0 0 0 0 0 0 63196287 200630 4145336320 173654016 0 33625355 21628419 9408589 11531497 37473852
1790411903881 0 12823 73 86037574 85881648 0 0 0 0 0 0 63266032 200902 4144726016 41943040 0 33859404 21775651 9477666 11636138 37821362
1790411904911 0 244 65 86150673 86007209 0 0 0 0 0 0 63353718 201244 4145176576 13795328 815104 34165656 21965851 9567059 11733959 38149796
1790411905937 0 0 4073 86277971 86131154 0 0 0 0 0 0 63447151 201615 4145676288 23027712 12414976 34496793 22170700 9662015 11832122 38445072
1790411906970 0 27815 613 86407987 86236516 0 0 0 0 0 0 63538077 201972 4144963584 113926144 2641920 34802904 22367379 9751050 11932211 38724065
1790411907996 0 21150 451 86530459 86365732 0 0 0 0 0 0 63621875 202301 4144410624 96923648 2519040 35082277 22548789 9833563 12028827 38939514
1790411909028 0 17595 994 86658969 86497548 0 0 0 0 0 0 63705538 202654 4144095232 77709312 7585792 35382114 22744169 9919863 12141166 39248869
1790411910057 0 13220 0 86783529 86627240 0 0 0 0 0 0 63801505 203036 4144803840 36925440 0 35690657 22935251 10012525 12219748 39428323
1790411911084 0 6802 6802 86915356 86758722 0 0 0 0 0 0 63906283 203450 4145926144 58114048 9846784 36028953 23157083 10121122 12331358 39752022
1790411912102 0 11948 10658 87041465 86875737 0 0 0 0 0 0 63996979 203784 4145758208 47104000 58003456 36330364 23350448 10211843 12420064 39996347
1790411913127 0 8504 0 87164296 87012626 0 0 0 0 0 0 64079792 204156 4145680384 11501568 0 36611503 23526779 10292780 12542876 40355352
1790411914151 0 18154 33 87305688 87144358 0 0 0 0 0 0 64175619 204551 4145135616 55988224 0 36940587 23739011 10388664 12647559 40601838
1790411915174 0 20799 0 87449800 87285929 0 0 0 0 0 0 64279981 204956 4145229824 64385024 0 37285557 23963672 10492437 12750779 40878588
1790411916197 0 36032 64 87598757 87419570 0 0 0 0 0 0 64383147 205405 4145516544 121356288 0 37645427 24190365 10595960 12835144 41129357
1790411917219 0 9783 2482 87721231 87565832 0 0 0 0 0 0 64480530 205757 4146397184 54878208 5017600 37975128 24389045 10694854 12923685 41455095
1790411918252 0 47285 529 87878929 87688240 0 0 0 0 0 0 64580159 206185 4145147904 211062784 2654208 38334711 24616082 10793454 13064135 41753536
1790411919285 0 46618 0 88005047 87815214 0 0 0 0 0 0 64661424 206524 4144046080 173273088 0 38623694 24799840 10871618 13176431 42082340
1790411920312 0 21402 7131 88124937 87953323 0 0 0 0 0 0 64740688 206903 4143976448 102436864 23613440 38915756 24990087 10955524 13273161 42346395
1790411921333 0 95549 0 88282785 88044201 0 0 0 0 0 0 64863300 207403 4145909760 370032640 0 39283870 25234681 11073682 13389817 42564672
1790411922355 0 3095 6477 88354912 88202315 0 0 0 0 0 0 64917371 207617 4145528832 12656640 39841792 39466791 25354724 11132207 13507946 43029683
1790411923385 0 44193 14574 88509175 88307316 0 0 0 0 0 0 65046261 208122 4147605504 247889920 9138176 39888755 25608935 11260023 13614493 43284395
1790411924406 0 51922 13067 88634662 88426712 0 0 0 0 0 0 65136560 208497 4147163136 262369280 0 40189944 25799505 11348383 13699327 43506074
1790411925432 0 8863 0 88720058 88568081 0 0 0 0 0 0 65196574 208735 4146434048 14893056 0 40398965 25927095 11409455 13819185 43953065
1790411926457 0 17952 0 88849447 88688426 0 0 0 0 0 0 65291288 209138 4145786880 58408960 0 40713109 26124437 11500953 13931547 44267861
1790411927492 0 12509 3670 88978122 88818907 0 0 0 0 0 0 65399225 209558 4146110464 74854400 16670720 41064620 26345122 11611502 14057301 44566634
1790411928539 0 7633 0 89095406 88944783 0 0 0 0 0 0 65483949 209941 4146135040 14839808 0 41359385 26520439 11696251 14177339 44927790
1790411929586 0 2657 0 89218529 89072750 0 0 0 0 0 0 65563221 210322 4145475584 4100096 2912256 41646250 26703973 11776100 14262677 45152498
1790411930613 0 51001 1268 89370433 89175331 0 0 0 0 0 0 65680502 210961 4144513024 209141760 8351744 42011086 26944033 11894825 14343996 45371241
1790411931640 0 8862 365 89477218 89324754 0 0 0 0 0 0 65771853 211313 4145979392 50630656 5181440 42279468 27119968 11984118 14410783 45612479
1790411932675 0 37554 2031 89621712 89438882 0 0 0 0 0 0 65875491 211738 4146683904 171552768 3477504 42661415 27344244 12089859 14496476 45810959
1790411933699 0 11095 876 89735949 89580832 0 0 0 0 0 0 65959127 212104 4146401280 49336320 2342912 42959973 27515196 12171519 14592033 46071659
1790411934731 0 20535 1973 89871999 89706384 0 0 0 0 0 0 66051716 212521 4144963584 101875712 3440640 43282124 27725514 12265531 14691976 46428630
1790411935759 0 10547 874 89980907 89826504 0 0 0 0 0 0 66134925 212885 4143972352 53870592 5447680 43542539 27896960 12349750 14783004 46777345
1790411936805 0 84475 1898 90141011 89911530 0 0 0 0 0 0 66264229 213404 4145238016 368680960 1417216 43949584 28158449 12478118 14890240 46960483
1790411937833 0 31016 11169 90237134 90051913 0 0 0 0 0 0 66337683 213875 4145954816 174329856 0 44209424 28312531 12550527 15113826 47516591
1790411938855 0 12651 0 90340432 90184694 0 0 0 0 0 0 66414223 214205 4146016256 32169984 0 44454134 28469209 12626288 15209330 47869698
1790411939883 0 6295 1 90460385 90310896 0 0 0 0 0 0 66500201 214606 4144869376 8450048 0 44743688 28657850 12712813 15279537 48063815
1790411940905 0 104133 0 90631351 90384011 0 0 0 0 0 0 66639542 215210 4145102848 404549632 0 45182940 28934424 12850112 15371397 48279574
1790411941930 0 21114 12 90700744 90536548 0 0 0 0 0 0 66685981 215425 4145319936 67706880 0 45341257 29036171 12896231 15445654 48641203
1790411942954 0 52054 308 90837087 90641822 0 0 0 0 0 0 66786560 215850 4144996352 223186944 2310144 45689473 29254523 13000992 15537966 48840127
1790411943988 0 131542 314 91007208 90732348 0 0 0 0 0 0 66892520 216378 4143546368 552099840 10686464 46062270 29496841 13105822 15609338 48993556
1790411945025 0 36563 2954 91080711 90898241 0 0 0 0 0 0 66940799 216582 4143190016 163340288 0 46241711 29604555 13153590 15709749 49370336
1790411946051 0 9492 596 91180750 91027407 0 0 0 0 0 0 67016765 216880 4143853568 42176512 913408 46489632 29767358 13231089 15801191 49689384
1790411947088 0 31161 1137 91321506 91146175 0 0 0 0 0 0 67117960 217348 4143915008 149553152 1716224 46829950 29985967 13331560 15903766 49922463
1790411948120 0 52936 0 91462584 91266463 0 0 0 0 0 0 67211979 217799 4143632384 193048576 0 47161414 30192028 13424266 16003578 50189501
1790411949142 0 14608 289 91572096 91414140 0 0 0 0 0 0 67288007 218107 4143280128 60829696 1146880 47428145 30360223 13500649 16089520 50497006
1790411950164 0 75318 0 91726352 91507777 0 0 0 0 0 0 67408340 218590 4143878144 283439104 0 47801738 30603154 13620760 16173625 50727549
1790411951195 0 12668 0 91807808 91652162 0 0 0 0 0 0 67482568 218880 4144205824 28217344 0 48017131 30739411 13693545 16278284 51183989
1790411952221 0 13615 2336 91934257 91775284 0 0 0 0 0 0 67586059 219295 4145795072 57577472 0 48359574 30946531 13799099 16383845 51394604
1790411953250 0 1746 636 92050060 91904719 0 0 0 0 0 0 67676163 219687 4145651712 18169856 2125824 48657036 31134173 13889343 16483072 51690887
1790411954273 0 64607 818 92213124 92004601 0 0 0 0 0 0 67789210 220205 4144541696 268267520 3428352 49051327 31382361 14002511 16579108 51976765
1790411955294 0 104798 0 92358256 92110367 0 0 0 0 0 0 67900626 220674 4144873472 413110272 0 49377701 31605327 14111274 16708844 52306373
1790411956318 0 47014 68 92458234 92268049 0 0 0 0 0 0 67965322 220977 4143820800 169000960 0 49619005 31752638 14176525 16781949 52553966
1790411957341 0 49333 0 92595937 92403362 0 0 0 0 0 0 68070941 221432 4144893952 184127488 0 49975441 31980559 14282330 16891425 52857798
1790411958362 0 19448 536 92725708 92562634 0 0 0 0 0 0 68151194 221805 4144222208 86568960 3346432 50268938 32170236 14363001 16973320 53134265
1790411959383 0 4530 331 92862549 92714625 0 0 0 0 0 0 68222344 222206 4141731840 23449600 4796416 50536300 32351962 14436696 17068382 53480700
1790411960403 0 16518 1393 93010186 92849232 0 0 0 0 0 0 68339493 222729 4143681536 80838656 2252800 50911004 32595504 14551779 17127941 53681157
1790411961423 0 61672 0 93164046 92959243 0 0 0 0 0 0 68457628 223267 4146098176 231858176 0 51296811 32840489 14669945 17259471 53997769
1790411962448 0 33398 1438 93296637 93118645 0 0 0 0 0 0 68558148 223678 4145549312 160047104 1880064 51638403 33056838 14773114 17324739 54274937
1790411963480 0 36953 73 93435895 93255844 0 0 0 0 0 0 68670232 224132 4146167808 178757632 1351680 51990450 33281761 14885115 17397087 54473496
1790411964503 0 32 0 93435944 93292842 0 0 0 0 0 0 68805055 224668 4173737984 131072 0 52124600 33406302 15016368 17481195 54537581
1790411965522 0 33 0 93435945 93292842 0 0 0 0 0 0 69008691 225514 4176715776 131072 0 52367570 33610187 15220980 17625136 54612337
1790411966541 0 33 0 93435945 93292842 0 0 0 0 0 0 69193888 226223 4181446656 131072 0 52827461 33794339 15406287 17854681 54675876
1790411967560 0 33 0 93435945 93292842 0 0 0 0 0 0 69300354 226677 3091693568 94208 0 53182043 33902852 15515191 18016310 54721116
