1790410713631 0 3 0 1109749 966527 0 0 0 0 0 0 0 30621 - - - - - - - -
1790410714999 0 97275 0 1303129 1062652 0 0 0 0 0 0 0 30665 758525952 428339200 16777216 0 0 0 0 10890
1790410716058 0 153377 0 1488224 1191676 0 0 0 0 0 0 0 30666 1518641152 609304576 0 0 0 0 0 10890
1790410717078 0 146846 2040 1638687 1346589 0 0 0 0 0 0 0 30666 2141458432 599212032 8388608 0 0 0 0 64742
1790410718098 0 151050 2052 1783863 1487569 0 0 0 0 0 0 0 30666 2732908544 614875136 8388608 0 0 0 0 224940
1790410719117 0 143118 2076 1956757 1668282 0 0 0 0 0 0 0 30666 3437608960 581144576 8388608 0 0 0 0 337725
1790410720136 0 147645 2048 2075845 1782924 0 0 0 0 0 0 0 30666 3936174080 612827136 16777216 0 0 0 0 342879
1790410721154 0 120572 0 2216587 1952796 0 0 0 0 0 0 438 30666 4159590400 481271808 0 167808 83334 500 49549 366680
1790410722174 0 103177 2044 2313137 2064642 0 0 0 0 0 0 9623 30677 4159078400 421916672 6795264 338058 188862 9127 131779 536423
1790410723197 0 130971 515 2420887 2146537 0 0 0 0 0 0 15672 30684 4158545920 537649152 8388608 502514 305116 15672 179124 571409
1790410724219 0 114260 3253 2531532 2270949 0 0 0 0 0 0 23796 30696 4157956096 477806592 6066176 658663 421425 23796 262092 642690
1790410725239 0 110496 2048 2631745 2375953 0 0 0 0 0 0 32389 30708 4157587456 442195968 16777216 807135 529958 32389 360073 732200
1790410726263 0 118690 3170 2733942 2468808 0 0 0 0 0 0 47115 30730 4157804544 492720128 8388608 954630 647011 46606 437665 904005
1790410727282 0 42627 0 2797352 2611474 0 0 0 0 0 0 56247 30763 4158164992 161280000 0 1058718 718042 56245 504442 1052151
1790410728302 0 100480 1991 2922417 2676681 0 0 0 0 0 0 82396 30942 4159434752 416948224 10477568 1326112 871681 82395 631422 1230078
1790410729336 0 110304 11659 3017871 2753069 0 0 0 0 0 0 114574 31086 4161482752 461762560 56119296 1512240 998304 114574 720374 1385260
1790410730364 0 61168 3195 3079215 2871651 0 0 0 0 0 0 135068 31176 4162994176 277622784 29093888 1622777 1079297 135064 773779 1561154
1790410731391 0 99942 1387 3181931 2937416 0 0 0 0 0 0 172510 31332 4165509120 414740480 13328384 1816557 1218709 172108 852013 1745555
1790410732410 0 49839 0 3247652 3054462 0 0 0 0 0 0 198079 31427 4167045120 197324800 0 1935898 1305415 195553 912631 1988511
1790410733434 0 81950 4103 3363262 3134104 0 0 0 0 0 0 239679 31569 4170108928 336211968 24125440 2149760 1465832 239602 1046219 2090521
1790410734459 0 114513 7109 3465610 3200833 0 0 0 0 0 0 281726 31754 4172201984 481652736 24596480 2346620 1608901 281284 1217609 2375738
1790410735508 0 121926 10054 3559510 3284279 0 0 0 0 0 0 308444 31898 4173664256 499417088 41410560 2537477 1729459 308495 1318945 2597978
1790410736528 0 134166 0 3639126 3361762 0 0 0 0 0 0 354134 32066 4175949824 541229056 0 2712864 1850857 353130 1455930 2876102
1790410737553 0 42959 2019 3676648 3488418 0 0 0 0 0 0 369011 32123 4176502784 181346304 12414976 2793893 1904507 369024 1524185 3163209
1790410738572 0 116072 0 3798854 3539632 0 0 0 0 0 0 415600 32300 4177215488 466976768 0 3028260 2071802 415205 1604798 3282164
1790410739591 0 97473 0 3876595 3635888 0 0 0 0 0 0 441894 32412 4176519168 388538368 0 3185116 2174536 440896 1733498 3623242
1790410740620 0 78784 0 3952059 3730097 0 0 0 0 0 0 474631 32525 4176855040 313896960 0 3328303 2282582 473240 1855852 4017109
1790410741650 0 70777 0 4036340 3822202 0 0 0 0 0 0 526353 32664 4178100224 277073920 34979840 3538900 2417537 525548 1959724 4074662
1790410742673 0 75246 4088 4128451 3905826 0 0 0 0 0 0 566569 32805 4178104320 315379712 15032320 3731012 2553286 566566 2102265 4333774
1790410743693 0 66087 0 4205333 3996033 0 0 0 0 0 0 605002 32924 4178448384 260435968 0 3895055 2665516 604518 2238542 4620772
1790410744713 0 91875 4015 4301870 4062632 0 0 0 0 0 0 651893 33070 4179234816 397840384 5140480 4109720 2810896 651380 2344410 4711963
1790410745748 0 116410 1256 4390792 4129880 0 0 0 0 0 0 710340 33241 4180860928 482287616 33267712 4337803 2955993 710338 2422049 4843542
1790410746777 0 78456 10091 4453932 4222155 0 0 0 0 0 0 744722 33352 4181483520 321183744 41353216 4481024 3055252 744720 2575797 5215257
1790410747796 0 64083 0 4527521 4320158 0 0 0 0 0 0 790647 33475 4182487040 249901056 0 4656533 3170286 789847 2677947 5438227
1790410748820 0 95411 4015 4619487 4376838 0 0 0 0 0 0 866759 33666 4183298048 408940544 6127616 4909666 3341505 866535 2764370 5585369
1790410749844 0 121716 1164 4708307 4442208 0 0 0 0 0 0 938125 33862 4184821760 502509568 7090176 5147717 3500280 937610 2888668 5708823
1790410750862 0 6665 0 4727315 4577452 0 0 0 0 0 0 950940 33895 4185206784 20754432 0 5188687 3529811 949411 2946957 6004113
1790410751881 0 145326 0 4866043 4577452 0 0 0 0 0 0 1058618 34173 4186468352 584552448 0 5566427 3774895 1057606 3080904 6018377
1790410752900 0 116750 7588 4935921 4668364 0 0 0 0 0 0 1117128 34313 4187230208 507019264 14446592 5763412 3905535 1116614 3246062 6358217
1790410753919 0 8101 0 4954345 4802995 0 0 0 0 0 0 1134032 34346 4187467776 24702976 0 5819582 3937573 1132492 3452071 6885005
1790410754938 0 153162 0 5099446 4802995 0 0 0 0 0 0 1244465 34619 4187267072 618553344 0 6172957 4181169 1242776 3592258 6900972
1790410755957 0 129412 12 5161807 4889051 0 0 0 0 0 0 1294059 34734 4187025408 520896512 0 6333428 4283734 1293036 3754968 7328400
1790410756981 0 5304 394 5177632 5028645 0 0 0 0 0 0 1306375 34764 4186673152 24240128 6463488 6374718 4311489 1306370 3801948 7699253
1790410758006 0 518 705 5249008 5104780 0 0 0 0 0 0 1370460 34926 4187123712 9842688 1601536 6564239 4428380 1369431 3991102 8011678
1790410759029 0 100326 3962 5371310 5123730 0 0 0 0 0 0 1463386 35241 4186451968 427380736 4521984 6858507 4619570 1463378 4212792 8161045
1790410760048 0 18015 0 5396092 5234791 0 0 0 0 0 0 1486934 35314 4187267072 61231104 0 6922808 4659353 1485959 4537584 8720365
1790410761072 0 2912 2035 5467083 5318947 0 0 0 0 0 0 1544549 35482 4185464832 21311488 4177920 7101540 4768565 1544539 4605448 8884190
1790410762098 0 26698 5204 5559642 5384588 0 0 0 0 0 0 1616913 35690 4185055232 130572288 13869056 7314001 4907509 1616389 4812460 9191290
1790410763120 0 112486 0 5677766 5422103 0 0 0 0 0 0 1689311 35915 4181803008 450412544 0 7559368 5060530 1687764 4911634 9265252
1790410764141 0 6525 0 5698324 5548537 0 0 0 0 0 0 1700076 35942 4181479424 16949248 0 7596991 5083265 1698156 5007755 9757054
1790410765161 0 20952 3 5783860 5619670 0 0 0 0 0 0 1744693 36080 4179107840 73895936 0 7752607 5182053 1743667 5083679 9955240
1790410766184 0 220 1018 5852751 5708622 0 0 0 0 0 0 1783710 36198 4177420288 7680000 1056768 7898490 5273954 1783186 5262854 10373884
1790410767210 0 4048 71 5929124 5781759 0 0 0 0 0 0 1844235 36356 4176510976 6131712 0 8072589 5382507 1842690 5322701 10515262
1790410768232 0 14381 0 6009393 5851786 0 0 0 0 0 0 1895348 36515 4175572992 50585600 0 8250499 5490633 1894362 5520888 10911833
1790410769255 0 28513 718 6090685 5918293 0 0 0 0 0 0 1960470 36689 4174729216 123920384 6828032 8446309 5614809 1960457 5623328 11087807
1790410770280 0 5874 949 6164243 6014247 0 0 0 0 0 0 2004592 36804 4173131776 28344320 7364608 8609768 5710231 2004583 5757160 11359594
1790410771300 0 26726 0 6252318 6082311 0 0 0 0 0 0 2058193 36967 4172079104 102559744 0 8787241 5822820 2055399 5913739 11623799
1790410772320 0 22634 0 6324381 6158486 0 0 0 0 0 0 2112396 37139 4170846208 86515712 0 8959105 5932489 2110327 6054951 12017988
1790410773339 0 20149 0 6404747 6241362 0 0 0 0 0 0 2166321 37283 4169986048 71331840 0 9132146 6047380 2165228 6151646 12195027
1790410774361 0 3988 0 6476667 6329406 0 0 0 0 0 0 2219773 37426 4169650176 8040448 0 9299050 6155126 2218530 6307070 12431526
1790410775384 0 33476 2555 6572340 6393417 0 0 0 0 0 0 2289502 37616 4168531968 152584192 7421952 9529937 6298940 2288876 6417663 12620978
1790410776406 0 41610 0 6654148 6469291 0 0 0 0 0 0 2345877 37771 4168462336 169193472 0 9698709 6416454 2342237 6636619 13002918
1790410777433 0 38046 13943 6741100 6545916 0 0 0 0 0 0 2394170 37903 4167266304 155766784 76623872 9871881 6533413 2394074 6729006 13318050
1790410778461 0 319 3884 6793646 6646307 0 0 0 0 0 0 2443565 38033 4167430144 17264640 9801728 10013534 6625839 2443452 6886239 13718131
1790410779488 0 0 285 6880642 6737139 0 0 0 0 0 0 2497963 38198 4166430720 11694080 3129344 10191210 6747437 2496312 7015259 13987426
1790410780509 0 575 8321 6963474 6811512 0 0 0 0 0 0 2559143 38370 4166848512 2117632 42172416 10385163 6881200 2559029 7185280 14344645
1790410781527 0 57013 0 7061692 6861466 0 0 0 0 0 0 2627360 38552 4167188480 225361920 0 10602024 7026659 2625230 7366226 14629856
1790410782547 0 22119 0 7127638 6962292 0 0 0 0 0 0 2660181 38651 4166348800 80183296 0 10734884 7114484 2659105 7502798 14995070
1790410783570 0 11880 8117 7210971 7047697 0 0 0 0 0 0 2715617 38824 4166615040 85430272 8572928 10921914 7242945 2715464 7631845 15315442
1790410784594 0 4577 1533 7284090 7134794 0 0 0 0 0 0 2772170 39006 4167172096 29011968 217088 11094889 7361858 2771545 7763241 15613958
1790410785619 0 14954 876 7363928 7204931 0 0 0 0 0 0 2828606 39197 4167647232 73834496 4120576 11264726 7482051 2828017 7850714 15810321
1790410786649 0 2158 951 7445793 7299424 0 0 0 0 0 0 2880173 39381 4167942144 20959232 11018240 11440895 7601584 2880057 7963992 16048614
1790410787672 0 44681 0 7543531 7355617 0 0 0 0 0 0 2942808 39578 4168179712 171163648 0 11656106 7741580 2941670 8148837 16347126
1790410788692 0 25137 73 7614597 7446126 0 0 0 0 0 0 2992001 39717 4168278016 94916608 0 11818931 7851117 2989930 8307166 16765044
1790410789711 0 19545 2 7692871 7529987 0 0 0 0 0 0 3042926 39880 4168552448 70344704 0 11977470 7966038 3042301 8422363 16996721
1790410790733 0 0 12510 7771576 7616004 0 0 0 0 0 0 3093243 40042 4168396800 0 65241088 12159258 8084811 3093129 8532957 17211018
1790410791753 0 12827 0 7857491 7701404 0 0 0 0 0 0 3148749 40213 4168638464 44355584 0 12350820 8213370 3147007 8623182 17385361
1790410792773 0 65280 0 7962941 7754394 0 0 0 0 0 0 3220257 40416 4169134080 259284992 0 12588700 8378901 3218954 8725800 17550006
1790410793792 0 48288 0 8035917 7844403 0 0 0 0 0 0 3286253 40579 4170543104 191725568 0 12774025 8504629 3284162 8855298 17889755
1790410794811 0 40517 4 8112093 7928249 0 0 0 0 0 0 3347756 40738 4171599872 153530368 0 12957727 8633375 3347191 9045232 18224021
1790410795835 0 28729 1611 8193882 8020787 0 0 0 0 0 0 3407324 40891 4172025856 119611392 7909376 13160918 8764011 3407210 9205201 18583451
1790410796854 0 28364 0 8278311 8106758 0 0 0 0 0 0 3462697 41049 4172451840 103456768 0 13361962 8894068 3462122 9275274 18686253
1790410797874 0 11280 58 8350888 8196306 0 0 0 0 0 0 3517666 41207 4172734464 34562048 0 13543715 9011543 3516527 9491819 19077887
1790410798897 0 2394 10710 8432705 8276384 0 0 0 0 0 0 3573080 41352 4172038144 9805824 55545856 13739073 9142711 3572966 9673309 19454096
1790410799921 0 15354 4328 8517023 8354122 0 0 0 0 0 0 3633119 41532 4172247040 88797184 5840896 13936155 9277451 3632495 9860408 19807842
1790410800940 0 20549 3 8601399 8437629 0 0 0 0 0 0 3684427 41676 4171976704 71753728 0 14123271 9399480 3683819 10033595 20071678
1790410801964 0 4633 1825 8675857 8526216 0 0 0 0 0 0 3742279 41848 4173193216 32477184 3661824 14292263 9524910 3741509 10194900 20491296
1790410802985 0 13597 12495 8765957 8596711 0 0 0 0 0 0 3817579 42041 4174286848 55693312 69160960 14530522 9682551 3817465 10286303 20607226
1790410804010 0 25220 0 8851946 8683465 0 0 0 0 0 0 3882679 42212 4175798272 93401088 0 14745380 9824751 3881591 10504890 20908080
1790410805041 0 6726 1352 8925988 8774726 0 0 0 0 0 0 3939992 42363 4175876096 47357952 7520256 14939794 9954573 3938853 10680637 21290525
1790410806063 0 33462 6663 9023140 8839836 0 0 0 0 0 0 4021257 42582 4176490496 164278272 12374016 15180883 10119647 4020634 10847179 21501463
1790410807087 0 29755 974 9103390 8929408 0 0 0 0 0 0 4078766 42768 4176515072 131567616 4538368 15358674 10244315 4078139 10953357 21717079
1790410808117 0 35456 5471 9191728 9007585 0 0 0 0 0 0 4158206 42962 4178194432 183885824 7823360 15603389 10401602 4158138 11136206 21992636
1790410809149 0 3067 62 9266447 9120208 0 0 0 0 0 0 4218580 43121 4178776064 2424832 0 15781889 10520945 4217664 11210101 22163724
1790410810183 0 41793 791 9376397 9191291 0 0 0 0 0 0 4299586 43392 4177743872 185798656 6365184 16047875 10700818 4299095 11452201 22340029
1790410811206 0 103842 2482 9489473 9240054 0 0 0 0 0 0 4380653 43659 4177080320 448364544 0 16314713 10874416 4379346 11576315 22463176
1790410812227 0 4102 4 9542592 9395226 0 0 0 0 0 0 4411331 43753 4176437248 8069120 0 16430395 10944676 4409631 11746541 22810543
1790410813247 0 37743 0 9645867 9464892 0 0 0 0 0 0 4490816 43983 4176293888 146608128 0 16678492 11110859 4488147 12017492 23074746
1790410814268 0 18234 9080 9736029 9565475 0 0 0 0 0 0 4557562 44207 4175822848 72593408 55697408 16875888 11251419 4557448 12194182 23332850
1790410815295 0 23170 13286 9836857 9657280 0 0 0 0 0 0 4618096 44410 4174868480 122011648 46473216 17083443 11391576 4617982 12301926 23482974
1790410816317 0 20599 0 9917083 9753306 0 0 0 0 0 0 4673179 44562 4174671872 78577664 0 17265108 11503133 4671020 12433832 23785547
1790410817336 0 22585 0 10000367 9834544 0 0 0 0 0 0 4733192 44753 4174458880 82268160 0 17454903 11627601 4732602 12546083 23942783
1790410818356 0 78123 0 10101688 9880339 0 0 0 0 0 0 4813687 44993 4173152256 313733120 0 17692395 11784150 4811035 12649702 24088978
1790410819380 0 3098 0 10169589 10023336 0 0 0 0 0 0 4864307 45149 4173160448 4907008 0 17847841 11886303 4862366 12826650 24516015
1790410820399 0 44157 0 10278115 10090707 0 0 0 0 0 0 4924624 45370 4171419648 172773376 0 18075877 12031202 4922549 13019526 24767602
1790410821419 0 1 13194 10348145 10191820 0 0 0 0 0 0 4987695 45538 4171579392 4096 68804608 18261597 12150409 4987580 13108283 24966696
1790410822439 0 13357 0 10431549 10274925 0 0 0 0 0 0 5055959 45737 4171870208 48599040 0 18441250 12276178 5054054 13285678 25318857
1790410823458 0 22630 0 10541492 10375710 0 0 0 0 0 0 5123972 45946 4169576448 82284544 0 18664323 12418381 5122007 13500479 25575025
1790410824477 0 71303 0 10649059 10434461 0 0 0 0 0 0 5193928 46172 4168609792 283893760 0 18912562 12574403 5191805 13695932 25835819
1790410825496 0 18472 0 10729796 10568078 0 0 0 0 0 0 5240145 46352 4167114752 63328256 0 19070342 12683957 5240088 13888602 26175920
1790410826515 0 7383 5 10817962 10667384 0 0 0 0 0 0 5298690 46536 4166176768 19058688 0 19266685 12811720 5297507 14054708 26535029
1790410827538 0 38583 3099 10923158 10738327 0 0 0 0 0 0 5378232 46774 4166201344 178372608 10858496 19502373 12978312 5378123 14239196 26728565
1790410828560 0 88435 14819 11038993 10792569 0 0 0 0 0 0 5442945 46999 4164378624 441815040 0 19736914 13132975 5442830 14417874 26894437
1790410829583 0 2010 0 11088403 10943182 0 0 0 0 0 0 5474188 47105 4164493312 2101248 5791744 19852944 13204230 5473631 14463846 27106712
1790410830602 0 63218 0 11201024 10994585 0 0 0 0 0 0 5560086 47380 4164845568 248528896 0 20109116 13379561 5558959 14663589 27316022
1790410831626 0 25852 2927 11274614 11102828 0 0 0 0 0 0 5612964 47536 4164886528 122159104 5931008 20272353 13494350 5612849 14817583 27747194
1790410832650 0 520 54 11365170 11221332 0 0 0 0 0 0 5675070 47758 4164911104 4726784 3973120 20467474 13627828 5673934 14911101 27921857
1790410833675 0 3109 0 11463973 11317622 0 0 0 0 0 0 5748854 48017 4165619712 2158592 0 20699428 13778838 5747361 15048427 28117517
1790410834700 0 40814 8675 11575601 11382861 0 0 0 0 0 0 5839518 48341 4166492160 165081088 53944320 20968938 13963803 5839404 15268044 28298345
1790410835719 0 70381 0 11682496 11468918 0 0 0 0 0 0 5903703 48597 4165353472 275832832 0 21196610 14118885 5903093 15477122 28546614
1790410836738 0 11748 0 11754941 11599938 0 0 0 0 0 0 5953497 48773 4165005312 42278912 0 21353988 14228069 5951298 15625966 28985183
1790410837768 0 34740 3723 11855217 11673526 0 0 0 0 0 0 6037130 49057 4166672384 167079936 9596928 21607663 14400791 6036504 15791986 29088757
1790410838788 0 4561 0 11925176 11777328 0 0 0 0 0 0 6094451 49236 4167213056 7671808 0 21769521 14510139 6093330 15901155 29391999
1790410839808 0 23175 1168 12022387 11854817 0 0 0 0 0 0 6159785 49475 4166078464 92811264 0 21979113 14653970 6157872 16043096 29676141
1790410840827 0 62706 0 12129964 11924060 0 0 0 0 0 0 6225555 49699 4164935680 250630144 0 22221593 14809349 6222891 16254628 29891130
1790410841846 0 16158 12145 12207672 12036478 0 0 0 0 0 0 6288633 49917 4165857280 119746560 15212544 22419365 14943424 6288070 16379053 30067564
1790410842865 0 30426 0 12290009 12116437 0 0 0 0 0 0 6345107 50116 4166418432 115965952 0 22595229 15066851 6343530 16548454 30425867
1790410843889 0 42136 17900 12387705 12184436 0 0 0 0 0 0 6426303 50379 4168101888 260788224 2404352 22856780 15236733 6425784 16797776 30695582
1790410844908 0 91916 0 12486315 12251189 0 0 0 0 0 0 6500719 50634 4168888320 370487296 0 23093465 15394015 6499325 17086882 30956578
1790410845928 0 3622 0 12542460 12395660 0 0 0 0 0 0 6548409 50785 4169240576 10620928 0 23241199 15489578 6545327 17264813 31404132
1790410846958 0 3385 94 12632515 12485943 0 0 0 0 0 0 6624884 51042 4170309632 5369856 0 23470469 15646055 6623237 17457787 31663712
1790410847979 0 11848 0 12726745 12571651 0 0 0 0 0 0 6696758 51296 4169973760 42262528 0 23694337 15799399 6695624 17571198 31806590
1790410848998 0 60592 2409 12836779 12630586 0 0 0 0 0 0 6780436 51563 4170653696 263446528 7614464 23972178 15980155 6780320 17785973 31993867
1790410850021 0 1032 1939 12904226 12758128 0 0 0 0 0 0 6826572 51761 4171059200 4227072 31055872 24126110 16084030 6826458 17873931 32269594
1790410851049 0 12917 559 12998815 12842167 0 0 0 0 0 0 6900499 52031 4171190272 73977856 7012352 24347294 16235210 6900383 18065746 32565584
1790410852080 0 46873 0 13099336 12909153 0 0 0 0 0 0 6961578 52289 4169945088 182329344 0 24563589 16378797 6959976 18268531 32847952
1790410853111 0 2635 0 13179038 13033121 0 0 0 0 0 0 7020156 52502 4170395648 2121728 0 24757952 16503983 7018508 18458232 33227154
1790410854136 0 21695 15768 13286365 13105802 0 0 0 0 0 0 7088987 52783 4169940992 88641536 86446080 25001327 16666594 7088363 18584486 33390655
1790410855167 0 10804 7 13368227 13214198 0 0 0 0 0 0 7159442 53028 4171018240 62124032 5124096 25199581 16804350 7158821 18754734 33700153
1790410856189 0 51903 0 13473103 13277971 0 0 0 0 0 0 7234914 53312 4170551296 210632704 0 25423281 16959263 7231739 18899230 33916682
1790410857213 0 2446 0 13539517 13393833 0 0 0 0 0 0 7289355 53524 4171403264 2482176 0 25589401 17068975 7287712 19013819 34131272
1790410858232 0 13883 0 13633750 13476612 0 0 0 0 0 0 7356085 53768 4170850304 50675712 0 25812269 17211551 7354122 19166574 34348611
1790410859252 0 29299 0 13731002 13558446 0 0 0 0 0 0 7415337 54017 4170559488 111755264 0 26026558 17350861 7413519 19362729 34629496
1790410860271 0 11898 0 13811254 13656218 0 0 0 0 0 0 7475772 54242 4170149888 40341504 0 26223831 17478137 7474634 19513648 34918710
1790410861297 0 2638 994 13904799 13758000 0 0 0 0 0 0 7529193 54473 4168749056 18829312 14483456 26412413 17614249 7529076 19626366 35110562
1790410862319 0 19964 0 13995302 13832156 0 0 0 0 0 0 7594416 54732 4168589312 71311360 0 26629655 17754236 7593282 19777351 35307748
1790410863338 0 40602 0 14098215 13914399 0 0 0 0 0 0 7661584 55001 4168392704 158027776 0 26860193 17903967 7660067 19917764 35537282
1790410864362 0 3138 0 14168662 14022413 0 0 0 0 0 0 7719201 55207 4169089024 2125824 0 27026433 18018077 7718062 20087525 35866734
1790410865382 0 8923 0 14272336 14120105 0 0 0 0 0 0 7780297 55462 4167819264 27516928 0 27256268 18166497 7779693 20198332 36051455
1790410866401 0 23124 0 14372868 14206545 0 0 0 0 0 0 7843943 55696 4167839744 84389888 0 27475539 18305866 7842842 20385863 36348844
1790410867421 0 36051 2 14470155 14290903 0 0 0 0 0 0 7916644 55958 4168282112 136892416 0 27698256 18452762 7914728 20603598 36607391
1790410868440 0 84382 0 14581365 14353776 0 0 0 0 0 0 7990835 56235 4167647232 334725120 0 27943862 18617517 7989702 20760313 36718091
1790410869459 0 22590 0 14649212 14483358 0 0 0 0 0 0 8039557 56405 4166782976 85176320 0 28102465 18717863 8037957 21056239 37150792
1790410870479 0 39567 0 14743820 14561082 0 0 0 0 0 0 8106803 56656 4166881280 155119616 0 28320593 18855212 8105187 21187785 37400813
1790410871498 0 89143 0 14859352 14626937 0 0 0 0 0 0 8183874 56950 4166053888 357941248 0 28569336 19024516 8183020 21434052 37587507
1790410872521 0 15508 7577 14928970 14762771 0 0 0 0 0 0 8234236 57147 4165779456 63520768 48201728 28739070 19134545 8234130 21556455 37888434
1790410873554 0 12761 548 15016953 14860615 0 0 0 0 0 0 8291659 57346 4165705728 65794048 4853760 28929570 19259510 8291028 21749154 38182987
1790410874575 0 65271 0 15125510 14917092 0 0 0 0 0 0 8364915 57627 4165214208 259031040 0 29173405 19416728 8363215 21957175 38424140
1790410875602 0 52711 1999 15205779 15007913 0 0 0 0 0 0 8431890 57861 4166090752 242171904 1507328 29362827 19547496 8430751 22128107 38762714
1790410876629 0 156 106 15278137 15134737 0 0 0 0 0 0 8487831 58069 4166737920 8605696 6201344 29531151 19664169 8487204 22308665 39057498
1790410877648 0 35963 0 15381789 15202672 0 0 0 0 0 0 8567865 58365 4166311936 137265152 0 29775394 19825251 8566770 22420424 39193252
1790410878667 0 16942 33 15464016 15303943 0 0 0 0 0 0 8634603 58599 4166819840 58003456 0 29984662 19955496 8633511 22610933 39520922
1790410879687 0 0 13745 15548997 15392092 0 0 0 0 0 0 8702383 58850 4166770688 16384 69275648 30185425 20092613 8702270 22713876 39703635
1790410880710 0 18 0 15623112 15479967 0 0 0 0 0 0 8769142 59072 4167069696 8192 9486336 30388577 20221513 8768809 22896073 40089016
1790410881734 0 1489 14569 15711661 15552455 0 0 0 0 0 0 8840250 59343 4166828032 6103040 73695232 30604500 20360999 8840185 23006346 40255447
1790410882756 0 52457 0 15808398 15612763 0 0 0 0 0 0 8911021 59610 4167598080 206450688 0 30846723 20513533 8909491 23173096 40456264
1790410883775 0 28738 949 15892744 15719922 0 0 0 0 0 0 8976832 59867 4166995968 117919744 19021824 31053483 20652547 8976733 23306065 40703601
1790410884798 0 2427 0 15969127 15823562 0 0 0 0 0 0 9028702 60075 4166537216 2138112 2109440 31226714 20763885 9028593 23509666 41119857
1790410885819 0 5144 15981 16069209 15905070 0 0 0 0 0 0 9095732 60353 4166373376 30781440 70389760 31442481 20913857 9095618 23587336 41289956
1790410886837 0 43662 0 16160310 15973441 0 0 0 0 0 0 9168096 60623 4166483968 169414656 0 31670081 21062666 9166981 23774395 41585477
1790410887857 0 23652 0 16239972 16073167 0 0 0 0 0 0 9229749 60872 4167192576 88379392 0 31859218 21187853 9228620 23938925 41894592
1790410888880 0 2549 0 16316238 16170476 0 0 0 0 0 0 9289831 61090 4167798784 688128 0 32049251 21313497 9288696 24124909 42225204
1790410889904 0 2033 2023 16406723 16259529 0 0 0 0 0 0 9350409 61324 4167368704 8486912 23486464 32266966 21453369 9350338 24257966 42393479
1790410890935 0 2996 0 16499254 16353053 0 0 0 0 0 0 9413059 61547 4167237632 397312 0 32467079 21588234 9412435 24368947 42514403
1790410891966 0 67833 0 16615998 16405007 0 0 0 0 0 0 9491122 61867 4166430720 269557760 0 32722157 21766719 9490003 24526204 42679321
1790410892986 0 64752 0 16708599 16500648 0 0 0 0 0 0 9554708 62089 4166610944 259047424 0 32927587 21905519 9551590 24597513 42805119
1790410894005 0 16631 0 16772675 16612791 0 0 0 0 0 0 9597380 62261 4167348224 58114048 0 33079048 22004025 9596273 24761037 43219197
1790410895024 0 71915 0 16879911 16664743 0 0 0 0 0 0 9677022 62577 4167479296 286928896 0 33329649 22176123 9674864 24969718 43426145
1790410896043 0 67840 0 16964682 16753704 0 0 0 0 0 0 9741729 62807 4167626752 271667200 0 33539448 22313273 9739028 25096935 43650372
1790410897062 0 43212 2797 17041348 16852249 0 0 0 0 0 0 9790511 62992 4167458816 193740800 6242304 33714073 22427622 9789886 25313825 43989403
1790410898080 0 33666 0 17114271 16937338 0 0 0 0 0 0 9848492 63223 4167561216 130686976 0 33879768 22542405 9846351 25405667 44162224
1790410899106 0 25787 318 17197791 17028591 0 0 0 0 0 0 9898350 63412 4166901760 114286592 3215360 34059666 22661237 9897985 25507793 44329777
1790410900133 0 39373 949 17286714 17103460 0 0 0 0 0 0 9952778 63629 4166242304 170512384 4812800 34246681 22789265 9952159 25650091 44524912
1790410901154 0 46820 0 17376858 17186802 0 0 0 0 0 0 10011766 63850 4166488064 183332864 0 34445362 22923480 10010697 25834255 44801942
1790410902174 0 5191 29 17441663 17293253 0 0 0 0 0 0 10057024 64031 4166311936 12750848 0 34593336 23023488 10055899 25930290 45022353
1790410903193 0 17979 0 17529045 17367881 0 0 0 0 0 0 10119824 64268 4166156288 63348736 0 34782925 23158023 10118745 26035123 45218287
1790410904215 0 19514 2770 17617983 17452590 0 0 0 0 0 0 10174831 64479 4165672960 101175296 10678272 34963342 23286771 10174717 26140740 45459578
1790410905235 0 42179 0 17703426 17518117 0 0 0 0 0 0 10240999 64728 4166541312 162267136 0 35188313 23424912 10239893 26344826 45738301
1790410906259 0 21538 4064 17783614 17615144 0 0 0 0 0 0 10284720 64917 4166057984 100540416 14635008 35353656 23539346 10284606 26473427 45994762
1790410907277 0 17006 2 17858259 17698136 0 0 0 0 0 0 10341761 65125 4166864896 63352832 0 35526893 23655989 10340045 26596540 46180506
1790410908297 0 75714 3985 17974464 17751655 0 0 0 0 0 0 10416696 65443 4165971968 308068352 29614080 35777659 23824850 10416586 26706245 46253202
1790410909321 0 4141 0 18021830 17874566 0 0 0 0 0 0 10450563 65555 4166230016 8495104 0 35875669 23892940 10448405 26955518 46798240
1790410910344 0 24186 17556 18118044 17933182 0 0 0 0 0 0 10522765 65832 4166955008 162037760 19935232 36103503 24048603 10522361 27077691 47009420
1790410911363 0 17838 1047 18189574 18027801 0 0 0 0 0 0 10574181 66035 4167643136 70107136 0 36275771 24154914 10572534 27320153 47400980
1790410912383 0 44698 0 18277658 18089678 0 0 0 0 0 0 10637329 66276 4167753728 170684416 0 36475493 24284077 10636296 27512300 47613232
1790410913406 0 5738 219 18340344 18191502 0 0 0 0 0 0 10684170 66467 4167712768 23248896 3297280 36627422 24383036 10684056 27759943 48085422
1790410914424 0 16191 0 18429699 18270253 0 0 0 0 0 0 10744689 66692 4167966720 60014592 0 36825095 24513855 10743601 27970034 48400297
1790410915443 0 12915 4027 18510635 18350571 0 0 0 0 0 0 10806342 66924 4167880704 73252864 4759552 37022805 24644413 10806228 28060682 48550810
1790410916462 0 30337 0 18594485 18421078 0 0 0 0 0 0 10869290 67173 4168359936 118087680 0 37227846 24776353 10866640 28170001 48740957
1790410917486 0 57077 3066 18689237 18485919 0 0 0 0 0 0 10942705 67448 4168622080 245895168 8527872 37465483 24931578 10942606 28285626 48891256
1790410918511 0 4408 755 18742207 18593863 0 0 0 0 0 0 10974566 67584 4167598080 18055168 21229568 37564992 25004092 10974452 28449072 49441679
1790410919533 0 48240 0 18844036 18652570 0 0 0 0 0 0 11035660 67842 4166717440 189624320 0 37787506 25149877 11034050 28518666 49543195
1790410920552 0 39611 0 18925888 18743125 0 0 0 0 0 0 11088606 68068 4167057408 151019520 0 37975578 25270235 11087465 28691413 49924453
1790410921571 0 1577 494 18989885 18844657 0 0 0 0 0 0 11153791 68285 4168437760 16433152 2854912 38151053 25391886 11153166 28815111 50212485
1790410922594 0 2921 73 19073412 18927217 0 0 0 0 0 0 11213316 68498 4167786496 4251648 0 38327852 25515080 11211734 28940157 50465774
1790410923626 0 1617 2 19155918 19011126 0 0 0 0 0 0 11271329 68726 4167106560 8192 5136384 38519030 25637139 11270189 29032097 50643131
1790410924646 0 20615 0 19244864 19081157 0 0 0 0 0 0 11339509 68973 4168110080 76689408 0 38730293 25777963 11338425 29188943 50835000
1790410925665 0 21107 0 19324765 19160472 0 0 0 0 0 0 11397380 69196 4167892992 80150528 0 38921250 25899615 11394194 29366340 51189081
1790410926704 0 1733 0 19397986 19253122 0 0 0 0 0 0 11459028 69446 4168249344 2772992 3227648 39105862 26025145 11457379 29568280 51589193
1790410927727 0 78586 0 19514002 19292245 0 0 0 0 0 0 11531435 69746 4167053312 311640064 0 39342165 26192881 11530149 29669345 51675751
1790410928747 0 32368 0 19575749 19400187 0 0 0 0 0 0 11571032 69896 4166561792 125296640 0 39486584 26285140 11568882 29765898 52031538
1790410929766 0 41625 0 19662222 19477398 0 0 0 0 0 0 11627533 70141 4166017024 164290560 0 39675540 26406558 11625400 29941323 52321829
1790410930786 0 88330 730 19763949 19531744 0 0 0 0 0 0 11702506 70457 4167196672 370520064 0 39905672 26567740 11702420 30181419 52577477
1790410931805 0 11796 0 19812905 19657936 0 0 0 0 0 0 11734844 70597 4166746112 36421632 0 40009579 26639713 11734256 30233603 52748265
1790410932824 0 2 0 19855080 19711926 0 0 0 0 0 0 11814984 70966 4192935936 131072 0 40149090 26747109 11812356 30296033 52805185
1790410933844 0 33 0 19855118 19711933 0 0 0 0 0 0 12022486 71910 4195250176 131072 0 40384973 26954028 12019840 30441457 52888812
1790410934863 0 33 0 19855118 19711933 0 0 0 0 0 0 12206500 72633 4200030208 131072 0 40838437 27137097 12204076 30610986 52938591
1790410935882 0 33 0 19855118 19711933 0 0 0 0 0 0 12389848 76359 4200091648 131072 0 41158614 27319710 12386704 30758670 52986726
1790410936901 0 12 0 19855119 19711933 0 0 0 0 0 0 12402740 76419 137400320 4096 0 41180761 27335649 12402626 30779887 52997775
