per run (* = a job ran during the measured phase; not in medians)
run                                   served   hit p50   hit p99 hit p99.9   ins p50   ins p99 ins p99.9  held/ins write amp
main-zipf-t1-1                          1.56      0.27      8.34     53.94      1.54     29.15     57.04      0.00      1.00
fill-zipf-t1-1                   *      1.64      0.27      9.55     53.08      1.49     17.25     40.05      0.00      1.01
fillwb-zipf-t1-1                        1.97      0.31      3.98      7.30      1.71      4.20      7.09      0.21      1.00
wb-zipf-t1-1                            1.91      0.31      4.07      7.41      1.85      4.99      7.99      0.22      1.00
main-zipf-t1-2                          1.94      0.27      5.93     30.01      1.51     14.93     34.92      0.00      1.00
fill-zipf-t1-2                          1.99      0.27      6.44     32.14      1.44     10.23     20.68      0.00      1.00
fillwb-zipf-t1-2                        2.09      0.31      3.39      7.18      1.68      3.93      7.77      0.21      1.00
wb-zipf-t1-2                            1.93      0.31      3.96      7.92      1.83      5.10      8.47      0.22      1.00
main-zipf-t1-3                          1.99      0.27      5.04     27.12      1.50     13.80     31.57      0.00      1.00
fill-zipf-t1-3                          1.98      0.27      6.40     32.36      1.44      9.61     22.40      0.00      1.00
fillwb-zipf-t1-3                        2.05      0.31      3.70      8.27      1.69      4.27      8.19      0.21      1.00
wb-zipf-t1-3                            1.92      0.31      4.00      8.39      1.83      5.87      9.35      0.22      1.00
fill-zipf-t1-4                          2.05      0.27      5.96     32.57      1.44      9.56     23.09      0.00      1.00
main-zipf+scan-t1-1                     1.16      0.28      9.57     49.48      1.42     22.90     58.50      0.00      1.00
fill-zipf+scan-t1-1                     1.26      0.28     12.86     49.65      1.34     13.10     31.68      0.00      1.00
fillwb-zipf+scan-t1-1                   1.55      0.34      3.29      6.91      1.56      3.65      6.93      0.21      1.00
wb-zipf+scan-t1-1                       1.40      0.34      4.18      8.81      1.69      6.16     11.16      0.21      1.00
main-zipf+scan-t1-2                     1.21      0.28      9.12     48.44      1.43     20.52     44.73      0.00      1.00
fill-zipf+scan-t1-2                     1.39      0.28     11.27     44.27      1.32     11.09     29.35      0.00      1.00
fillwb-zipf+scan-t1-2                   1.52      0.34      4.10      8.19      1.56      3.75      7.62      0.21      1.00
wb-zipf+scan-t1-2                       1.42      0.34      4.14      8.26      1.69      5.64     10.03      0.21      1.00
main-zipf+scan-t1-3                     1.29      0.28      7.89     44.37      1.41     18.07     40.34      0.00      1.00
fill-zipf+scan-t1-3                     1.43      0.28     10.47     44.23      1.32     10.66     28.39      0.00      1.00
fillwb-zipf+scan-t1-3                   1.51      0.34      4.07      7.67      1.57      3.84      7.83      0.21      1.00
wb-zipf+scan-t1-3                       1.47      0.34      3.64      8.44      1.66      5.84      9.90      0.21      1.00
main-zipf-t4-1                   *      1.58      0.60     38.89     87.12      7.36     80.29    128.54      0.00      1.04
fill-zipf-t4-1                   *      1.80      0.58     51.67     95.01      5.31     39.25     61.99      0.00      1.03
lmdb-zipf-t4-1                   *      1.83      0.63     63.89    164.86      6.82     49.70     93.41      0.00      1.08
fillwb-zipf-t4-1                 *      2.90      0.61     13.52     24.04      4.75     18.33     29.15      0.34      1.01
wb-zipf-t4-1                            2.99      0.60      9.13     14.67      5.81     15.70     26.37      0.35      1.00
main-zipf-t4-2                   *      2.12      0.60     28.43     59.59      5.99     53.19     83.62      0.00      1.02
fill-zipf-t4-2                          3.00      0.61     24.82     44.74      4.41     20.59     33.37      0.00      1.00
lmdb-zipf-t4-2                          2.63      0.53     36.12    116.09      6.01     32.31     56.74      0.00      1.00
fillwb-zipf-t4-2                 *      3.24      0.65      9.78     17.28      4.78     16.27     28.02      0.34      1.01
wb-zipf-t4-2                            3.34      0.63      7.41     11.71      5.27     13.53     20.60      0.34      1.00
main-zipf-t4-3                          2.32      0.58     27.66     56.53      5.55     46.33     69.44      0.00      1.00
fill-zipf-t4-3                          2.93      0.60     26.59     45.16      4.39     20.98     31.97      0.00      1.00
lmdb-zipf-t4-3                          2.55      0.53     37.91    127.61      6.04     30.53     60.51      0.00      1.00
fillwb-zipf-t4-3                        3.51      0.65      8.36     13.70      4.54     11.02     16.04      0.32      1.00
wb-zipf-t4-3                            3.33      0.64      7.32     11.89      5.28     13.31     20.59      0.34      1.00
main-zipf-t4-4                          2.51      0.59     23.45     53.59      5.32     44.45     67.30      0.00      1.00
fill-zipf-t4-4                          2.97      0.62     24.63     45.04      4.44     20.77     32.53      0.00      1.00
lmdb-zipf-t4-4                          2.52      0.54     38.35    123.95      6.06     34.44     63.59      0.00      1.00
fillwb-zipf-t4-4                        3.55      0.65      8.39     15.48      4.49     11.12     16.04      0.32      1.00
main-zipf-t4-5                          2.51      0.59     23.06     51.88      5.33     41.33     75.30      0.00      1.00
fillwb-zipf-t4-5                        3.52      0.65      8.47     14.64      4.56     10.88     17.72      0.32      1.00
main-zipf+scan-t4-1                     1.43      0.48     22.29     57.90      5.91     60.08     97.87      0.00      1.00
fill-zipf+scan-t4-1                     1.73      0.48     38.26     69.57      4.39     27.49     48.20      0.00      1.00
lmdb-zipf+scan-t4-1              *      1.20      0.43     61.84    149.62      7.85     62.32    119.09      0.00      1.01
fillwb-zipf+scan-t4-1                   2.11      0.53     18.61     34.26      4.20     17.48     28.68      0.36      1.00
wb-zipf+scan-t4-1                *      1.61      0.57     10.24     21.46      7.31     28.81     50.93      0.38      1.02
main-zipf+scan-t4-2                     1.69      0.49     17.81     42.48      5.66     43.85     68.68      0.00      1.00
fill-zipf+scan-t4-2                     2.02      0.51     29.51     49.33      4.41     21.91     35.13      0.00      1.00
lmdb-zipf+scan-t4-2                     1.57      0.40     41.71    116.11      7.39     51.96     80.74      0.00      1.00
fillwb-zipf+scan-t4-2                   2.43      0.60      8.86     14.86      4.54     11.41     16.09      0.31      1.00
wb-zipf+scan-t4-2                       2.20      0.58      6.82     11.18      5.67     14.23     21.07      0.32      1.00
main-zipf+scan-t4-3                     1.68      0.50     18.83     44.07      5.64     43.91     73.97      0.00      1.00
fill-zipf+scan-t4-3                     2.01      0.51     29.63     50.70      4.44     21.70     35.19      0.00      1.00
lmdb-zipf+scan-t4-3                     1.60      0.40     41.33    116.49      7.28     49.13     74.07      0.00      1.00
fillwb-zipf+scan-t4-3            *      1.71      0.79     15.92     48.56      6.19     18.95     47.55      0.45      1.04
wb-zipf+scan-t4-3                       2.23      0.57      6.72     11.72      5.58     14.47     21.58      0.32      1.00
lmdb-zipf+scan-t4-4                     1.60      0.40     40.14    116.87      7.27     50.40     79.17      0.00      1.00
fillwb-zipf+scan-t4-4                   2.37      0.59     10.49     20.17      4.53     12.51     21.62      0.30      1.00
wb-zipf+scan-t4-4                       2.17      0.58      6.99     12.34      5.69     14.76     22.73      0.32      1.00

medians over clean runs (n)
zipf T=4 main (3)                       2.51      0.59     23.45     53.59      5.33     44.45     69.44      0.00      1.00
zipf T=4 fill (3)                       2.97      0.61     24.82     45.04      4.41     20.77     32.53      0.00      1.00
zipf T=4 lmdb (3)                       2.55      0.53     37.91    123.95      6.04     32.31     60.51      0.00      1.00
zipf T=4 fillwb (3)                     3.52      0.65      8.39     14.64      4.54     11.02     16.04      0.32      1.00
zipf T=4 wb (3)                         3.33      0.63      7.41     11.89      5.28     13.53     20.60      0.34      1.00
zipf+scan T=4 main (3)                  1.68      0.49     18.83     44.07      5.66     43.91     73.97      0.00      1.00
zipf+scan T=4 fill (3)                  2.01      0.51     29.63     50.70      4.41     21.91     35.19      0.00      1.00
zipf+scan T=4 lmdb (3)                  1.60      0.40     41.33    116.49      7.28     50.40     79.17      0.00      1.00
zipf+scan T=4 fillwb (3)                2.37      0.59     10.49     20.17      4.53     12.51     21.62      0.31      1.00
zipf+scan T=4 wb (3)                    2.20      0.58      6.82     11.72      5.67     14.47     21.58      0.32      1.00
zipf T=1 main (3)                       1.94      0.27      5.93     30.01      1.51     14.93     34.92      0.00      1.00
zipf T=1 fill (3)                       1.99      0.27      6.40     32.36      1.44      9.61     22.40      0.00      1.00
zipf T=1 fillwb (3)                     2.05      0.31      3.70      7.30      1.69      4.20      7.77      0.21      1.00
zipf T=1 wb (3)                         1.92      0.31      4.00      7.92      1.83      5.10      8.47      0.22      1.00
zipf+scan T=1 main (3)                  1.21      0.28      9.12     48.44      1.42     20.52     44.73      0.00      1.00
zipf+scan T=1 fill (3)                  1.39      0.28     11.27     44.27      1.32     11.09     29.35      0.00      1.00
zipf+scan T=1 fillwb (3)                1.52      0.34      4.07      7.67      1.56      3.75      7.62      0.21      1.00
zipf+scan T=1 wb (3)                    1.42      0.34      4.14      8.44      1.69      5.84     10.03      0.21      1.00

criterion at T=4 against same-day LMDB (served >= 1.5x, or hit p99 <= 0.5x at served >= 0.9x)
zipf       main     served 0.98x  hit p99 0.62x [0.60-0.77]  A no   B no
zipf       fill     served 1.16x  hit p99 0.65x [0.64-0.74]  A no   B no
zipf       fillwb   served 1.38x  hit p99 0.22x [0.22-0.23]  A no   B yes
zipf       wb       served 1.30x  hit p99 0.20x [0.19-0.25]  A no   B yes
zipf+scan  main     served 1.05x  hit p99 0.46x [0.43-0.56]  A no   B yes
zipf+scan  fill     served 1.25x  hit p99 0.72x [0.71-0.95]  A no   B no
zipf+scan  fillwb   served 1.48x  hit p99 0.25x [0.21-0.46]  A no   B yes
zipf+scan  wb       served 1.37x  hit p99 0.16x [0.16-0.17]  A no   B yes
