T pattern config n r/s | r_await | wMB/s | w_await | queue | util% | cg dirty MiB | wbt throttled%
4 zipf fill 3 7763.58 | 1.86 | 643.24 | 9.68 | 35.16 | 98.08 | 295.67 | 4.02
4 zipf fillwb 3 9291.34 | 1.07 | 752.84 | 1.03 | 11.85 | 99.95 | 7.00 | 0.00
4 zipf lmdb 3 4107.11 | 0.73 | 437.78 | 11.73 | 16.73 | 99.66 | 315.27 | 8.09
4 zipf main 3 6732.92 | 1.81 | 545.27 | 12.67 | 34.03 | 99.46 | 292.48 | 7.14
4 zipf wb 3 8938.90 | 1.06 | 715.70 | 0.82 | 10.84 | 99.97 | 7.20 | 0.00
4 zipf+scan fill 3 4281.19 | 3.27 | 865.57 | 9.91 | 39.13 | 95.32 | 347.50 | 9.53
4 zipf+scan fillwb 3 5073.38 | 1.80 | 1012.65 | 1.27 | 11.85 | 99.96 | 8.47 | 0.22
4 zipf+scan lmdb 3 2278.41 | 0.84 | 583.23 | 11.80 | 18.29 | 99.51 | 397.60 | 6.67
4 zipf+scan main 3 3849.55 | 1.63 | 734.08 | 10.69 | 29.23 | 98.99 | 302.04 | 5.54
4 zipf+scan wb 3 4929.14 | 1.10 | 944.43 | 0.76 | 6.93 | 99.99 | 8.82 | 0.00
1 zipf fill 3 4863.25 | 0.61 | 411.09 | 8.83 | 13.10 | 90.56 | 290.38 | 3.73
1 zipf fillwb 3 4971.24 | 0.43 | 420.88 | 0.62 | 2.58 | 99.21 | 6.59 | 0.00
1 zipf main 3 4821.92 | 0.50 | 402.69 | 8.75 | 12.21 | 96.77 | 290.28 | 3.29
1 zipf wb 3 4769.75 | 0.48 | 395.80 | 0.66 | 2.75 | 99.27 | 6.50 | 0.00
1 zipf+scan fill 3 2768.21 | 1.14 | 554.78 | 10.38 | 16.56 | 83.70 | 332.28 | 8.33
1 zipf+scan fillwb 3 2986.81 | 0.62 | 599.75 | 0.64 | 2.41 | 99.52 | 8.04 | 0.00
1 zipf+scan main 3 2597.37 | 1.01 | 488.47 | 13.03 | 17.15 | 96.27 | 333.78 | 8.59
1 zipf+scan wb 3 2960.34 | 0.61 | 564.59 | 0.65 | 2.32 | 99.45 | 8.04 | 0.00
