1790419092218 0 46 73 468296549 467999090 0 0 0 0 0 0 309509260 1426103 20762624 4096 0 0 0 2592 0 162354095
1790419093268 0 88 0 468368157 468070621 0 0 0 0 0 0 309509260 1430445 35176448 122880 0 0 0 2592 0 162543817
1790419094297 0 91 0 468368160 468070621 0 0 0 0 0 0 309509260 1440318 78270464 135168 0 0 0 2592 0 162949934
1790419095320 0 91 0 468368160 468070621 0 0 0 0 0 0 309509260 1450309 119136256 135168 0 0 0 2592 0 163358027
1790419096343 0 91 0 468368160 468070621 0 0 0 0 0 0 309509260 1459964 158720000 135168 0 0 0 2592 0 164091718
1790419097366 0 91 0 468368160 468070621 0 0 0 0 0 0 309509260 1469835 199131136 135168 0 0 0 2592 0 164824898
1790419098389 0 40 0 468368167 468070679 0 0 0 0 0 0 309509260 1479806 240013312 143360 0 0 0 2592 0 165359242
1790419099412 0 40 0 468368167 468070679 0 0 0 0 0 0 309509260 1489746 280678400 143360 0 0 0 2592 0 165737398
1790419100431 0 42 0 468368169 468070679 0 0 0 0 0 0 309509260 1491891 290304000 151552 0 0 0 2592 0 165822547
1790419101449 0 42 0 468368169 468070679 0 0 0 0 0 0 309509260 1491891 290304000 151552 0 0 0 2592 0 165822547
1790419102468 0 42 0 468368169 468070679 0 0 0 0 0 0 309509260 1491891 290304000 151552 0 0 0 2592 0 165822547
1790419103487 0 42 0 468368169 468070679 0 0 0 0 0 0 309509260 1491891 290304000 151552 0 0 0 2592 0 165822547
1790419104534 0 89 0 468368259 468070722 0 0 0 0 0 0 309509260 1499185 34275328 131072 0 0 0 2592 0 166083094
1790419105569 0 90 0 468368260 468070722 0 0 0 0 0 0 309509260 1509390 78794752 135168 0 0 0 2592 0 166849095
1790419106592 0 90 0 468368260 468070722 0 0 0 0 0 0 309509260 1519484 120164352 135168 0 0 0 2592 0 167485951
1790419107616 0 90 0 468368260 468070722 0 0 0 0 0 0 309509260 1529324 160468992 135168 0 0 0 2592 0 167983817
1790419108639 0 90 0 468368260 468070722 0 0 0 0 0 0 309509260 1539127 200638464 135168 0 0 0 2592 0 168470821
1790419109661 0 41 0 468368268 468070779 0 0 0 0 0 0 309509260 1548869 240492544 143360 0 0 0 2592 0 168984775
1790419110685 0 41 0 468368268 468070779 0 0 0 0 0 0 309509260 1558787 281071616 143360 0 0 0 2592 0 169371753
1790419111712 0 25 0 468505398 468207935 0 0 0 0 0 0 309509260 1560499 18735104 40960 0 0 0 2592 0 169420319
1790419112741 0 91 0 468505486 468207915 0 0 0 0 0 0 309509260 1570423 61517824 135168 0 0 0 2592 0 170172245
1790419113763 0 91 0 468505486 468207915 0 0 0 0 0 0 309509260 1580379 102293504 135168 0 0 0 2592 0 170567625
1790419114787 0 91 0 468505486 468207915 0 0 0 0 0 0 309509260 1590169 142426112 135168 0 0 0 2592 0 171000083
1790419115810 0 91 0 468505486 468207915 0 0 0 0 0 0 309509260 1599955 182501376 135168 0 0 0 2592 0 171491584
1790419116832 0 42 0 468505486 468207966 0 0 0 0 0 0 309509260 1609904 223281152 143360 0 0 0 2592 0 172154593
1790419117854 0 40 0 468505493 468207973 0 0 0 0 0 0 309509260 1619789 263733248 143360 0 0 0 2592 0 172898661
1790419118878 0 40 0 468505493 468207973 0 0 0 0 0 0 309509260 1629739 306581504 143360 0 0 0 2592 0 173591051
1790419119900 0 40 0 468505493 468207973 0 0 0 0 0 0 309509260 1639554 346812416 143360 0 0 0 2592 0 174225448
1790419120938 0 40 0 468505493 468207973 0 0 0 0 0 0 309509260 1649774 387203072 143360 0 0 0 2592 0 174859904
1790419121989 0 40 0 468505493 468207973 0 0 0 0 0 0 309509260 1659746 429522944 143360 0 0 0 2592 0 175234106
1790419123011 0 41 0 468505494 468207973 0 0 0 0 0 0 309509260 1669833 470798336 143360 0 0 0 2592 0 175935640
1790419124034 0 41 0 468505494 468207973 0 0 0 0 0 0 309509260 1679603 510844928 143360 0 0 0 2592 0 176420791
1790419125058 0 41 0 468505494 468207973 0 0 0 0 0 0 309509260 1689503 551403520 143360 0 0 0 2592 0 177030444
1790419126076 0 43 0 468505496 468207973 0 0 0 0 0 0 309509260 1691314 559632384 151552 0 0 0 2592 0 177060831
1790419127094 0 43 0 468505496 468207973 0 0 0 0 0 0 309509260 1691314 559632384 151552 0 0 0 2592 0 177060831
1790419128113 0 43 0 468505496 468207973 0 0 0 0 0 0 309509260 1691314 559632384 151552 0 0 0 2592 0 177060831
1790419129133 0 43 0 468505496 468207973 0 0 0 0 0 0 309509260 1691314 559632384 151552 0 0 0 2592 0 177060831
1790419130179 0 93 0 468505596 468208023 0 0 0 0 0 0 309509260 1699189 35520512 131072 0 0 0 2592 0 177479559
1790419131230 0 94 0 468505597 468208023 0 0 0 0 0 0 309509260 1709349 80306176 135168 0 0 0 2592 0 178252504
1790419132254 0 94 0 468505597 468208023 0 0 0 0 0 0 309509260 1719511 121909248 135168 0 0 0 2592 0 179021652
1790419133277 0 94 0 468505597 468208023 0 0 0 0 0 0 309509260 1729592 163233792 135168 0 0 0 2592 0 179714369
1790419134300 0 94 0 468505597 468208023 0 0 0 0 0 0 309509260 1739370 203354112 135168 0 0 0 2592 0 180233740
1790419135335 0 46 1 468505604 468208077 0 0 0 0 0 0 309509260 1749217 243343360 143360 0 0 0 2592 0 180636956
1790419136357 0 43 0 468505604 468208081 0 0 0 0 0 0 309509260 1758977 283623424 143360 0 0 0 2592 0 181271000
1790419137380 0 43 0 468505604 468208081 0 0 0 0 0 0 309509260 1768794 323874816 143360 0 0 0 2592 0 181970905
1790419138409 0 43 0 468505604 468208081 0 0 0 0 0 0 309509260 1778685 364158976 143360 0 0 0 2592 0 182427702
1790419139432 0 43 0 468505604 468208081 0 0 0 0 0 0 309509260 1788564 404836352 143360 0 0 0 2592 0 182871372
1790419140455 0 44 0 468505605 468208081 0 0 0 0 0 0 309509260 1798413 445161472 143360 0 0 0 2592 0 183595171
1790419141478 0 44 0 468505605 468208081 0 0 0 0 0 0 309509260 1808053 484675584 143360 0 0 0 2592 0 184342053
1790419142501 0 44 0 468505605 468208081 0 0 0 0 0 0 309509260 1817800 524574720 143360 0 0 0 2592 0 185085964
1790419143519 0 74477 0 468582896 468210915 0 0 0 0 0 0 309509260 1824951 289312768 281206784 0 0 0 2592 0 185372387
1790419144543 0 36718 2064 468773742 468437338 0 0 0 0 0 0 309509260 1824953 1094676480 173326336 7557120 0 0 2592 0 185382158
1790419145572 0 90 0 468773962 468476360 0 0 0 0 0 0 309509260 1825183 789508096 131072 0 0 0 2592 0 185665434
1790419146596 0 93 0 468773965 468476360 0 0 0 0 0 0 309509260 1825214 1094377472 143360 0 0 0 2592 0 185750394
1790419147615 0 93 0 468773965 468476360 0 0 0 0 0 0 309509260 1825214 1094377472 143360 0 0 0 2592 0 185750394
1790419148634 0 93 0 468773965 468476360 0 0 0 0 0 0 309509260 1825214 1094377472 143360 0 0 0 2592 0 185750394
1790419149654 0 93 0 468773965 468476360 0 0 0 0 0 0 309509260 1825214 1094377472 143360 0 0 0 2592 0 185750394
1790419150684 0 92 0 468774065 468476461 0 0 0 0 0 0 309509260 1826966 477650944 131072 0 0 0 2592 0 186070341
1790419151708 0 120252 0 468897128 468479295 0 0 0 0 0 0 309509260 1827781 477425664 468414464 0 0 0 2592 0 186452053
1790419152727 0 527537 58 469304337 468479295 0 0 0 0 0 0 309509260 1827782 2157350912 2148339712 0 0 0 2592 0 186452053
1790419153750 0 111237 1399 469304398 468894409 0 0 0 0 0 0 309509260 1827783 2169462784 480608256 5943296 0 0 2592 0 186458104
1790419154782 0 60 0 469304684 469007080 0 0 0 0 0 0 309509260 1827931 672702464 131072 0 0 0 2592 0 186556525
1790419155808 0 96 0 469304720 469007080 0 0 0 0 0 0 309509260 1828045 2168258560 147456 0 0 0 2592 0 186884703
1790419156827 0 96 0 469304720 469007080 0 0 0 0 0 0 309509260 1828045 2168258560 147456 0 0 0 2592 0 186884703
1790419157846 0 96 0 469304720 469007080 0 0 0 0 0 0 309509260 1828045 2168258560 147456 0 0 0 2592 0 186884703
1790419158865 0 96 0 469304720 469007080 0 0 0 0 0 0 309509260 1828045 2168258560 147456 0 0 0 2592 0 186884703
1790419159887 0 68 0 469304768 469007192 0 0 0 0 0 0 309509260 1828097 1257168896 0 0 0 0 2592 0 186885597
1790419160922 0 92 0 469304822 469007186 0 0 0 0 0 0 309509260 1829926 1063759872 135168 0 0 0 2592 0 187134205
1790419161951 0 10098 58 469317720 469010020 0 0 0 0 0 0 309509260 1830625 27258880 17612800 0 0 0 2592 0 187387366
1790419162971 0 422255 0 469729920 469010018 0 0 0 0 0 0 309509260 1830625 1714491392 1704841216 0 0 0 2592 0 187387366
1790419163990 0 551625 0 470028520 469179235 0 0 0 0 0 0 309509260 1830625 2937544704 2235478016 0 0 0 2592 0 187387366
1790419165016 0 362759 3309 470172154 469508742 0 0 0 0 0 0 309509260 1830625 3542773760 1521332224 14946304 0 0 2592 0 187387366
1790419166037 0 163292 0 470313045 469852063 0 0 0 0 0 0 309509260 1830625 4099670016 645337088 0 0 0 2592 0 187387366
1790419167055 0 38 0 470361052 470063438 0 0 0 0 0 0 309509260 1830663 826224640 0 0 0 0 2592 0 187387902
1790419168094 0 91 0 470361105 470063438 0 0 0 0 0 0 309509260 1830777 1541103616 135168 0 0 0 2592 0 187738053
1790419169122 0 91 0 470361105 470063438 0 0 0 0 0 0 309509260 1830865 3434864640 135168 0 0 0 2592 0 188188294
1790419170141 0 93 0 470361107 470063438 0 0 0 0 0 0 309509260 1830886 4315844608 143360 0 0 0 2592 0 188298688
1790419171160 0 93 0 470361107 470063438 0 0 0 0 0 0 309509260 1830886 4315844608 143360 0 0 0 2592 0 188298688
1790419172180 0 43 0 470361115 470063496 0 0 0 0 0 0 309509260 1830886 4315844608 151552 0 0 0 2592 0 188298688
1790419173200 0 43 0 470361115 470063496 0 0 0 0 0 0 309509260 1830886 4315844608 151552 0 0 0 2592 0 188298688
1790419174243 0 59 0 470361177 470063542 0 0 0 0 0 0 309509260 1831126 49713152 131072 0 0 0 2592 0 188314460
1790419175272 0 92 0 470361210 470063542 0 0 0 0 0 0 309509260 1832472 1638920192 135168 0 0 0 2592 0 188659349
1790419176290 0 92 0 470361210 470063542 0 0 0 0 0 0 309509260 1833229 3379539968 135168 0 0 0 2592 0 189144494
1790419177309 0 23860 0 470388026 470066374 0 0 0 0 0 0 309509260 1833444 85020672 74870784 0 0 0 2592 0 189334375
1790419178328 0 425690 0 470789763 470066374 0 0 0 0 0 0 309509260 1833444 1729400832 1719250944 0 0 0 2592 0 189334375
1790419179346 0 536824 1 471088492 470253844 0 0 0 0 0 0 309509260 1833460 2955329536 2175406080 0 0 0 2592 0 189336079
1790419180365 0 557461 4067 471416418 470557282 0 0 0 0 0 0 309509260 1833461 4306018304 2314412032 0 0 0 2592 0 189336079
1790419181390 0 47967 2563 471416419 471068796 0 0 0 0 0 0 309509260 1833462 4320743424 238878720 23756800 0 0 2592 0 189343546
1790419182442 0 91 0 471416889 471119190 0 0 0 0 0 0 309509260 1833557 838479872 131072 0 0 0 2592 0 189434471
1790419183474 0 92 0 471416890 471119190 0 0 0 0 0 0 309509260 1833609 3181723648 135168 0 0 0 2592 0 189724653
1790419184493 0 94 0 471416892 471119190 0 0 0 0 0 0 309509260 1833634 4316397568 143360 0 0 0 2592 0 189840740
1790419185512 0 94 0 471416892 471119190 0 0 0 0 0 0 309509260 1833634 4316397568 143360 0 0 0 2592 0 189840740
1790419186532 0 94 0 471416892 471119190 0 0 0 0 0 0 309509260 1833634 4316397568 143360 0 0 0 2592 0 189840740
1790419187553 0 43 0 471416900 471119249 0 0 0 0 0 0 309509260 1833634 4316397568 151552 0 0 0 2592 0 189840740
1790419188596 0 57 0 471416957 471119292 0 0 0 0 0 0 309509260 1833880 126541824 131072 0 0 0 2592 0 189864296
1790419189626 0 90 0 471416993 471119295 0 0 0 0 0 0 309509260 1834865 2133082112 135168 0 0 0 2592 0 190146206
1790419190644 0 91 0 471416994 471119295 0 0 0 0 0 0 309509260 1835492 4283154432 135168 0 0 0 2592 0 190461920
1790419191663 0 188598 0 471608485 471122127 0 0 0 0 0 0 309509260 1835492 762081280 751263744 0 0 0 2592 0 190491706
1790419192682 0 533950 0 471953808 471122127 0 0 0 0 0 0 309509260 1835492 2179760128 2168942592 0 0 0 2592 0 190491706
1790419193702 0 555126 0 472197218 471344466 0 0 0 0 0 0 309509260 1835492 3172012032 2250883072 0 0 0 2592 0 190491706
1790419194735 0 519816 1771 472471831 471652604 0 0 0 0 0 0 309509260 1835494 4318961664 2160021504 9945088 0 0 2592 0 190491835
1790419195762 0 182987 3723 472471832 471988098 0 0 0 0 0 0 309509260 1835500 4319940608 766259200 17428480 0 0 2592 0 190659248
1790419196781 0 1 0 472472305 472174629 0 0 0 0 0 0 309509260 1835539 592265216 0 0 0 0 2592 0 190733625
1790419197848 0 91 0 472472333 472174602 0 0 0 0 0 0 309509260 1835600 2736947200 135168 0 0 0 2592 0 190844418
1790419198890 0 91 0 472472333 472174602 0 0 0 0 0 0 309509260 1835608 4315893760 143360 0 0 0 2592 0 190893534
1790419199909 0 93 0 472472335 472174602 0 0 0 0 0 0 309509260 1835608 4315893760 143360 0 0 0 2592 0 190893534
1790419200928 0 93 0 472472335 472174602 0 0 0 0 0 0 309509260 1835608 4315893760 143360 0 0 0 2592 0 190893534
1790419201949 0 100 0 472472342 472174603 0 0 0 0 0 0 309509260 1835608 4315893760 151552 0 0 0 2592 0 190893534
1790419203000 0 89 0 472472434 472174705 0 0 0 0 0 0 309509260 1835775 175718400 131072 0 0 0 2592 0 190899904
1790419204038 0 91 0 472472436 472174705 0 0 0 0 0 0 309509260 1836237 2960879616 139264 0 0 0 2592 0 191148358
1790419205057 0 19176 0 472492219 472175236 0 0 0 0 0 0 309509260 1836392 81559552 70660096 0 0 0 2592 0 191267656
1790419206076 0 254947 0 472727886 472175236 0 0 0 0 0 0 309509260 1836392 1021087744 1010188288 0 0 0 2592 0 191267656
1790419207095 0 484317 0 472957217 472175236 0 0 0 0 0 0 309509260 1836392 1979699200 1968799744 0 0 0 2592 0 191267656
1790419208114 0 547614 0 473145646 472300302 0 0 0 0 0 0 309509260 1836392 2739507200 2216574976 0 0 0 2592 0 191267656
1790419209133 0 499461 2036 473331345 472532082 0 0 0 0 0 0 309509260 1836392 3504132096 2057453568 25165824 0 0 2592 0 191267656
1790419210154 0 464438 5168 473522725 472755472 0 0 0 0 0 0 309509260 1836394 4309487616 1964658688 16777216 0 0 2592 0 191267656
1790419211174 0 30 0 473522952 473225290 0 0 0 0 0 0 309509260 1836431 3860676608 0 0 0 0 2592 0 191270740
1790419212300 0 65 0 473523016 473225279 0 0 0 0 0 0 309509260 1836472 2127638528 28672 0 0 0 2592 0 191362383
1790419213381 0 67 0 473523018 473225279 0 0 0 0 0 0 309509260 1836476 4306456576 36864 0 0 0 2592 0 191425987
1790419214401 0 67 0 473523018 473225279 0 0 0 0 0 0 309509260 1836476 4306456576 36864 0 0 0 2592 0 191425987
1790419215420 0 67 0 473523018 473225279 0 0 0 0 0 0 309509260 1836476 4306456576 36864 0 0 0 2592 0 191425987
1790419216440 0 16 0 473523025 473225337 0 0 0 0 0 0 309509260 1836476 4306456576 45056 0 0 0 2592 0 191425987
1790419217477 0 46 0 473523064 473225346 0 0 0 0 0 0 309509260 1836579 5197824 0 0 0 0 2592 0 191427038
1790419218588 0 64 0 473523091 473225355 0 0 0 0 0 0 309509260 1836706 3363368960 28672 0 0 0 2592 0 191598902
