1790419779130 0 65 0 489273611 488975400 0 0 0 0 0 0 309509260 2253667 13934592 20480 0 0 0 2592 0 269835151
1790419780173 0 202 3 489345547 489047232 0 0 0 0 0 0 309509260 2253778 302080000 131072 0 0 0 2592 0 269843000
1790419781196 0 93 0 489345566 489047327 0 0 0 0 0 0 309509260 2253779 303960064 143360 0 0 0 2592 0 269843031
1790419782215 0 95 0 489345568 489047327 0 0 0 0 0 0 309509260 2253779 303960064 143360 0 0 0 2592 0 269843031
1790419783234 0 95 0 489345568 489047327 0 0 0 0 0 0 309509260 2253795 306143232 143360 0 0 0 2592 0 269843387
1790419784275 0 70776 0 489419226 489050262 0 0 0 0 0 0 309509260 2253879 264269824 257593344 0 0 0 2592 0 269861006
1790419785399 0 93 0 489482889 489184618 0 0 0 0 0 0 309509260 2253973 568770560 131072 0 0 0 2592 0 270063646
1790419786441 0 94 0 489482890 489184618 0 0 0 0 0 0 309509260 2253974 570441728 143360 0 0 0 2592 0 270064306
1790419787460 0 96 0 489482892 489184618 0 0 0 0 0 0 309509260 2253974 570441728 143360 0 0 0 2592 0 270064306
1790419788480 0 96 0 489482892 489184618 0 0 0 0 0 0 309509260 2253974 570441728 143360 0 0 0 2592 0 270064306
1790419789550 0 93 0 489482892 489184622 0 0 0 0 0 0 309509260 2254070 5529600 0 0 0 0 2592 0 270074165
1790419790612 0 205982 0 489691860 489187554 0 0 0 0 0 0 309509260 2254078 828436480 819699712 0 0 0 2592 0 270254139
1790419791660 0 0 0 489751252 489453042 0 0 0 0 0 0 309509260 2254169 32186368 90112 0 0 0 2592 0 270261844
1790419792701 0 93 0 489751381 489453078 0 0 0 0 0 0 309509260 2254170 1108643840 143360 0 0 0 2592 0 270265723
1790419793720 0 95 0 489751383 489453078 0 0 0 0 0 0 309509260 2254170 1108643840 143360 0 0 0 2592 0 270265723
1790419794739 0 95 0 489751383 489453078 0 0 0 0 0 0 309509260 2254170 1108643840 143360 0 0 0 2592 0 270265723
1790419795758 0 95 0 489751383 489453078 0 0 0 0 0 0 309509260 2254170 1108643840 143360 0 0 0 2592 0 270265723
1790419796792 0 1 1 489754253 489455968 0 0 0 0 0 0 309509260 2254283 11010048 8192 0 0 0 2592 0 270284189
1790419797817 0 406775 0 490161049 489456013 0 0 0 0 0 0 309509260 2254284 1654370304 1641705472 0 0 0 2592 0 270292272
1790419798841 0 246289 4072 490281830 489733270 0 0 0 0 0 0 309509260 2254286 2173132800 1039876096 7593984 0 0 2592 0 270292818
1790419799881 0 91 0 490282131 489983798 0 0 0 0 0 0 309509260 2254364 211820544 131072 0 0 0 2592 0 270300111
1790419800912 0 95 0 490282135 489983798 0 0 0 0 0 0 309509260 2254365 2185216000 147456 0 0 0 2592 0 270302214
1790419801931 0 95 0 490282135 489983798 0 0 0 0 0 0 309509260 2254365 2185216000 147456 0 0 0 2592 0 270302214
1790419802950 0 95 0 490282135 489983798 0 0 0 0 0 0 309509260 2254365 2185216000 147456 0 0 0 2592 0 270302214
1790419803969 0 95 0 490282135 489983798 0 0 0 0 0 0 309509260 2254365 2185216000 147456 0 0 0 2592 0 270302214
1790419805014 0 92 0 490282236 489983902 0 0 0 0 0 0 309509260 2254458 379449344 131072 0 0 0 2592 0 270304271
1790419806045 0 84035 0 490369054 489986734 0 0 0 0 0 0 309509260 2254459 329334784 319631360 0 0 0 2592 0 270352257
1790419807064 0 496747 0 490781749 489986734 0 0 0 0 0 0 309509260 2254459 2018926592 2009223168 0 0 0 2592 0 270352257
1790419808083 0 553949 0 491054186 490201793 0 0 0 0 0 0 309509260 2254459 3133767680 2244034560 0 0 0 2592 0 270352257
1790419809107 0 523298 1991 491311702 490488139 0 0 0 0 0 0 309509260 2254459 4205621248 2170195968 8388608 0 0 2592 0 270352257
1790419810130 0 126060 1982 491337626 490911310 0 0 0 0 0 0 309509260 2254461 4317888512 556478464 9924608 0 0 2592 0 270352257
1790419811190 0 92 0 491338099 491039733 0 0 0 0 0 0 309509260 2254549 622530560 131072 0 0 0 2592 0 270365100
1790419812227 0 93 0 491338100 491039733 0 0 0 0 0 0 309509260 2254550 3839963136 135168 0 0 0 2592 0 270395342
1790419813246 0 95 0 491338102 491039733 0 0 0 0 0 0 309509260 2254550 4332855296 143360 0 0 0 2592 0 270395644
1790419814266 0 95 0 491338102 491039733 0 0 0 0 0 0 309509260 2254550 4332855296 143360 0 0 0 2592 0 270395644
1790419815285 0 95 0 491338102 491039733 0 0 0 0 0 0 309509260 2254550 4332855296 143360 0 0 0 2592 0 270395644
1790419816306 0 43 0 491338110 491039793 0 0 0 0 0 0 309509260 2254550 4332855296 147456 0 0 0 2592 0 270395644
1790419817365 0 101 0 491338204 491039829 0 0 0 0 0 0 309509260 2254642 1171918848 131072 0 0 0 2592 0 270407427
1790419818400 0 95 0 491338210 491039841 0 0 0 0 0 0 309509260 2254643 4332539904 143360 0 0 0 2592 0 270440091
1790419819419 0 233720 0 491574823 491042673 0 0 0 0 0 0 309509260 2254643 944828416 933789696 0 0 0 2592 0 270470096
1790419820438 0 532455 2239 491944952 491111848 0 0 0 0 0 0 309509260 2254643 2473795584 2196144128 8388608 0 0 2592 0 270470096
1790419821457 0 382682 2086 492180090 491496967 0 0 0 0 0 0 309509260 2254643 3423772672 1578708992 8388608 0 0 2592 0 270470096
1790419822480 0 122668 8846 492393630 491963810 0 0 0 0 0 0 309509260 2254645 4319502336 570048512 16777216 0 0 2592 0 270470096
1790419823532 0 92 0 492394102 492095704 0 0 0 0 0 0 309509260 2254734 486739968 131072 0 0 0 2592 0 270492132
1790419824565 0 93 0 492394103 492095704 0 0 0 0 0 0 309509260 2254735 3243315200 135168 0 0 0 2592 0 270640484
1790419825584 0 95 0 492394105 492095704 0 0 0 0 0 0 309509260 2254735 4332904448 143360 0 0 0 2592 0 270673998
1790419826604 0 95 0 492394105 492095704 0 0 0 0 0 0 309509260 2254735 4332904448 143360 0 0 0 2592 0 270673998
1790419827624 0 95 0 492394105 492095704 0 0 0 0 0 0 309509260 2254735 4332904448 143360 0 0 0 2592 0 270673998
1790419828644 0 52 0 492394123 492095765 0 0 0 0 0 0 309509260 2254735 4332904448 147456 0 0 0 2592 0 270673998
1790419829697 0 86 0 492394157 492095765 0 0 0 0 0 0 309509260 2254829 426356736 131072 0 0 0 2592 0 270702282
1790419830731 0 93 0 492394216 492095817 0 0 0 0 0 0 309509260 2254830 3197407232 135168 0 0 0 2592 0 270805783
1790419831750 0 54202 0 492451307 492098649 0 0 0 0 0 0 309509260 2254830 209199104 198258688 0 0 0 2592 0 270854282
1790419832770 0 400239 0 492797365 492098649 0 0 0 0 0 0 309509260 2254830 1626329088 1615392768 0 0 0 2592 0 270854282
1790419833789 0 561163 0 493089304 492229767 0 0 0 0 0 0 309509260 2254830 2825846784 2277904384 0 0 0 2592 0 270854282
1790419834808 0 532373 0 493328132 492497460 0 0 0 0 0 0 309509260 2254830 3803734016 2160250880 0 0 0 2592 0 270854282
1790419835837 0 212910 2955 493449056 492934931 0 0 0 0 0 0 309509260 2254832 4319096832 943153152 8388608 0 0 2592 0 270854653
1790419836915 0 0 0 493449496 493151090 0 0 0 0 0 0 309509260 2254917 95657984 73728 0 0 0 2592 0 270860490
1790419837961 0 92 0 493449520 493151090 0 0 0 0 0 0 309509260 2254921 3300851712 135168 0 0 0 2592 0 270996507
1790419838980 0 94 0 493449522 493151090 0 0 0 0 0 0 309509260 2254921 3300851712 135168 0 0 0 2592 0 271013743
1790419840000 0 94 0 493449522 493151090 0 0 0 0 0 0 309509260 2254921 4332666880 143360 0 0 0 2592 0 271013743
1790419841019 0 94 0 493449522 493151090 0 0 0 0 0 0 309509260 2254921 4332666880 143360 0 0 0 2592 0 271013743
1790419842039 0 35 0 493449522 493151149 0 0 0 0 0 0 309509260 2254921 4332666880 143360 0 0 0 2592 0 271013743
1790419843116 0 93 0 493449622 493151191 0 0 0 0 0 0 309509260 2255023 728305664 131072 0 0 0 2592 0 271056634
1790419844162 0 94 0 493449623 493151191 0 0 0 0 0 0 309509260 2255024 3895566336 135168 0 0 0 2592 0 271193293
1790419845181 0 91028 0 493541147 493151722 0 0 0 0 0 0 309509260 2255024 383401984 372629504 0 0 0 2592 0 271249666
1790419846200 0 320432 0 493770576 493151722 0 0 0 0 0 0 309509260 2255024 1322926080 1312153600 0 0 0 2592 0 271249666
1790419847219 0 552906 0 494003046 493151722 0 0 0 0 0 0 309509260 2255024 2262458368 2251685888 0 0 0 2592 0 271249666
1790419848238 0 492374 2072 494188353 493395516 0 0 0 0 0 0 309509260 2255024 3034214400 2050048000 8388608 0 0 2592 0 271249666
1790419849257 0 514604 33 494376785 493563849 0 0 0 0 0 0 309509260 2255024 3805970432 2107805696 0 0 0 2592 0 271249666
1790419850280 0 246379 4060 494499912 493951130 0 0 0 0 0 0 309509260 2255026 4309336064 1058664448 8388608 0 0 2592 0 271249666
1790419851333 0 43 0 494500165 494201752 0 0 0 0 0 0 309509260 2255102 111345664 16384 0 0 0 2592 0 271252885
1790419852417 0 67 0 494500189 494201752 0 0 0 0 0 0 309509260 2255103 3504160768 28672 0 0 0 2592 0 271362593
1790419853436 0 70 0 494500192 494201752 0 0 0 0 0 0 309509260 2255103 4309483520 40960 0 0 0 2592 0 271371973
1790419854455 0 70 0 494500192 494201752 0 0 0 0 0 0 309509260 2255103 4309483520 40960 0 0 0 2592 0 271371973
1790419855475 0 70 0 494500192 494201752 0 0 0 0 0 0 309509260 2255103 4309483520 40960 0 0 0 2592 0 271371973
1790419856495 0 17 0 494500199 494201812 0 0 0 0 0 0 309509260 2255103 4309483520 45056 0 0 0 2592 0 271371973
1790419857654 0 67 0 494500268 494201831 0 0 0 0 0 0 309509260 2255184 1351225344 24576 0 0 0 2592 0 271449597
1790419858736 0 68 0 494500269 494201831 0 0 0 0 0 0 309509260 2255185 3281833984 28672 0 0 0 2592 0 271593191
