1790419234705 0 393 0 473523484 473225413 0 0 0 0 0 0 309509260 1836744 - - - - - - - -
1790419235762 0 88 0 473595065 473297299 0 0 0 0 0 0 309509260 1836865 303546368 131072 0 0 0 2592 0 191664523
1790419236782 0 92 0 473595069 473297299 0 0 0 0 0 0 309509260 1836866 304148480 143360 0 0 0 2592 0 191664524
1790419237801 0 94 0 473595071 473297299 0 0 0 0 0 0 309509260 1836866 304148480 143360 0 0 0 2592 0 191664524
1790419238820 0 94 0 473595071 473297299 0 0 0 0 0 0 309509260 1836866 304148480 143360 0 0 0 2592 0 191664524
1790419239848 0 36944 0 473635019 473300200 0 0 0 0 0 0 309509260 1836963 126050304 119504896 0 0 0 2592 0 191670173
1790419240895 0 60 20 473732309 473434554 0 0 0 0 0 0 309509260 1837055 568688640 131072 0 0 0 2592 0 191677964
1790419241919 0 91 0 473732397 473434596 0 0 0 0 0 0 309509260 1837056 570613760 143360 0 0 0 2592 0 191678003
1790419242938 0 93 0 473732399 473434596 0 0 0 0 0 0 309509260 1837056 570613760 143360 0 0 0 2592 0 191678003
1790419243957 0 93 0 473732399 473434596 0 0 0 0 0 0 309509260 1837056 570613760 143360 0 0 0 2592 0 191678003
1790419244995 0 73 0 473732482 473434699 0 0 0 0 0 0 309509260 1837149 77352960 131072 0 0 0 2592 0 191700213
1790419246037 0 214994 2002 474000644 473485906 0 0 0 0 0 0 309509260 1837152 1095176192 924643328 10588160 0 0 2592 0 191709888
1790419247082 0 88 0 474000859 473703029 0 0 0 0 0 0 309509260 1837242 846856192 122880 0 0 0 2592 0 191714334
1790419248112 0 93 0 474000864 473703029 0 0 0 0 0 0 309509260 1837243 1108529152 143360 0 0 0 2592 0 191714521
1790419249130 0 93 0 474000864 473703029 0 0 0 0 0 0 309509260 1837243 1108529152 143360 0 0 0 2592 0 191714521
1790419250149 0 93 0 474000864 473703029 0 0 0 0 0 0 309509260 1837243 1108529152 143360 0 0 0 2592 0 191714521
1790419251169 0 93 0 474000864 473703029 0 0 0 0 0 0 309509260 1837243 1108529152 143360 0 0 0 2592 0 191714521
1790419252197 0 82417 0 474086181 473705964 0 0 0 0 0 0 309509260 1837335 310013952 303181824 0 0 0 2592 0 191727473
1790419253221 0 486893 0 474490650 473705964 0 0 0 0 0 0 309509260 1837336 1978904576 1970139136 0 0 0 2592 0 191728457
1790419254250 0 177569 2032 474531291 474053916 0 0 0 0 0 0 309509260 1837338 2169208832 768978944 13316096 0 0 2592 0 191729707
1790419255302 0 91 0 474531607 474233742 0 0 0 0 0 0 309509260 1837428 835485696 131072 0 0 0 2592 0 191738585
1790419256335 0 95 0 474531611 474233742 0 0 0 0 0 0 309509260 1837429 2185039872 147456 0 0 0 2592 0 191741141
1790419257354 0 95 0 474531611 474233742 0 0 0 0 0 0 309509260 1837429 2185039872 147456 0 0 0 2592 0 191741141
1790419258373 0 95 0 474531611 474233742 0 0 0 0 0 0 309509260 1837429 2185039872 147456 0 0 0 2592 0 191741141
1790419259392 0 95 0 474531611 474233742 0 0 0 0 0 0 309509260 1837429 2185039872 147456 0 0 0 2592 0 191741141
1790419260442 0 90 0 474531713 474233849 0 0 0 0 0 0 309509260 1837521 1094635520 131072 0 0 0 2592 0 191746413
1790419261473 0 173801 58 474708403 474236683 0 0 0 0 0 0 309509260 1837522 697278464 687845376 0 0 0 2592 0 191771979
1790419262492 0 568422 2001 475115045 474246742 0 0 0 0 0 0 309509260 1837522 2370367488 2340450304 8015872 0 0 2592 0 191771979
1790419263511 0 538473 2056 475333190 474494885 0 0 0 0 0 0 309509260 1837522 3257344000 2223972352 6377472 0 0 2592 0 191771979
1790419264530 0 505236 3078 475541454 474735285 0 0 0 0 0 0 309509260 1837522 4114186240 2080784384 14413824 0 0 2592 0 191771979
1790419265554 0 159031 15538 475587115 475114740 0 0 0 0 0 0 309509260 1837524 4317700096 715034624 33554432 0 0 2592 0 191773857
1790419266721 0 91 0 475587572 475289675 0 0 0 0 0 0 309509260 1837613 272986112 131072 0 0 0 2592 0 191841390
1790419267794 0 92 0 475587573 475289675 0 0 0 0 0 0 309509260 1837614 1813753856 135168 0 0 0 2592 0 192366370
1790419268819 0 92 0 475587573 475289675 0 0 0 0 0 0 309509260 1837614 3234848768 135168 0 0 0 2592 0 192884977
1790419269840 0 94 0 475587575 475289675 0 0 0 0 0 0 309509260 1837614 4332916736 143360 0 0 0 2592 0 193184311
1790419270859 0 94 0 475587575 475289675 0 0 0 0 0 0 309509260 1837614 4332916736 143360 0 0 0 2592 0 193184311
1790419271879 0 39 1 475587576 475289730 0 0 0 0 0 0 309509260 1837614 4332920832 159744 0 0 0 2592 0 193184311
1790419272900 0 44 0 475587584 475289734 0 0 0 0 0 0 309509260 1837614 4332920832 159744 0 0 0 2592 0 193184311
1790419273956 0 38 0 475587626 475289782 0 0 0 0 0 0 309509260 1837666 1666043904 0 0 0 0 2592 0 193192555
1790419275150 0 91 0 475587679 475289782 0 0 0 0 0 0 309509260 1837720 1373925376 135168 0 0 0 2592 0 193620293
1790419276228 0 91 0 475587679 475289782 0 0 0 0 0 0 309509260 1837721 2882400256 135168 0 0 0 2592 0 194094703
1790419277247 0 91 0 475587679 475289782 0 0 0 0 0 0 309509260 1837721 4325974016 135168 0 0 0 2592 0 194624980
1790419278266 0 217315 0 475807789 475292614 0 0 0 0 0 0 309509260 1837721 876662784 865939456 0 0 0 2592 0 194644522
1790419279289 0 524447 4104 476178526 475352140 0 0 0 0 0 0 309509260 1837721 2416623616 2165923840 14360576 0 0 2592 0 194644522
1790419280309 0 499995 61 476386901 475588962 0 0 0 0 0 0 309509260 1837721 3247374336 2023723008 0 0 0 2592 0 194649219
1790419281332 0 427558 2271 476642901 475915252 0 0 0 0 0 0 309509260 1837723 4319174656 1782046720 11755520 0 0 2592 0 194649221
1790419282350 0 64 0 476643229 476345388 0 0 0 0 0 0 309509260 1837765 3793944576 0 0 0 0 2592 0 194656310
1790419283404 0 99 0 476643378 476345441 0 0 0 0 0 0 309509260 1837818 1606799360 135168 0 0 0 2592 0 194695578
1790419284439 0 101 0 476643380 476345441 0 0 0 0 0 0 309509260 1837819 4332974080 143360 0 0 0 2592 0 194831056
1790419285458 0 101 0 476643380 476345441 0 0 0 0 0 0 309509260 1837819 4332974080 143360 0 0 0 2592 0 194831056
1790419286478 0 101 0 476643380 476345441 0 0 0 0 0 0 309509260 1837819 4332974080 143360 0 0 0 2592 0 194831056
1790419287499 0 93 0 476643380 476345453 0 0 0 0 0 0 309509260 1837819 4332974080 155648 0 0 0 2592 0 194831056
1790419288519 0 43 0 476643388 476345507 0 0 0 0 0 0 309509260 1837820 4332974080 155648 0 0 0 2592 0 194831056
1790419289571 0 89 0 476643479 476345552 0 0 0 0 0 0 309509260 1837911 1582776320 131072 0 0 0 2592 0 194890263
1790419290603 0 92 0 476643482 476345552 0 0 0 0 0 0 309509260 1837912 4331982848 143360 0 0 0 2592 0 194974764
1790419291621 0 208038 0 476854396 476348384 0 0 0 0 0 0 309509260 1837912 844148736 833355776 0 0 0 2592 0 194990505
1790419292641 0 553715 0 477200093 476348384 0 0 0 0 0 0 309509260 1837912 2255241216 2244452352 0 0 0 2592 0 194990505
1790419293661 0 552837 6132 477441875 476585036 0 0 0 0 0 0 309509260 1837912 3258454016 2295549952 16777216 0 0 2592 0 194990505
1790419294680 0 544289 2089 477683946 476839720 0 0 0 0 0 0 309509260 1837912 4242046976 2244841472 8388608 0 0 2592 0 194990505
1790419295702 0 67932 10252 477698324 477322242 0 0 0 0 0 0 309509260 1837914 4318945280 278245376 75497472 0 0 2592 0 194991616
1790419296777 0 59 0 477698767 477400838 0 0 0 0 0 0 309509260 1838004 1002180608 131072 0 0 0 2592 0 195029043
1790419297825 0 95 0 477698803 477400838 0 0 0 0 0 0 309509260 1838005 4282601472 135168 0 0 0 2592 0 195102351
1790419298844 0 96 0 477698804 477400838 0 0 0 0 0 0 309509260 1838005 4332941312 143360 0 0 0 2592 0 195102360
1790419299864 0 96 0 477698804 477400838 0 0 0 0 0 0 309509260 1838005 4332941312 143360 0 0 0 2592 0 195102360
1790419300884 0 94 0 477698804 477400840 0 0 0 0 0 0 309509260 1838005 4332941312 143360 0 0 0 2592 0 195102360
1790419301903 0 38 0 477698804 477400896 0 0 0 0 0 0 309509260 1838021 4335128576 155648 0 0 0 2592 0 195102711
1790419302972 0 93 0 477698909 477400946 0 0 0 0 0 0 309509260 1838103 1952833536 131072 0 0 0 2592 0 195164127
1790419304013 0 77 0 477698913 477400946 0 0 0 0 0 0 309509260 1838104 1271513088 49152 0 0 0 2592 0 195228628
1790419305031 0 192837 0 477892304 477401477 0 0 0 0 0 0 309509260 1838104 785244160 775307264 0 0 0 2592 0 195261175
1790419306050 0 423365 0 478122862 477401477 0 0 0 0 0 0 309509260 1838104 1724768256 1714831360 0 0 0 2592 0 195261175
1790419307069 0 511453 0 478329740 477520339 0 0 0 0 0 0 309509260 1838104 2563637248 2066841600 0 0 0 2592 0 195261175
1790419308088 0 541821 2043 478520356 477678383 0 0 0 0 0 0 309509260 1838104 3368947712 2250391552 8388608 0 0 2592 0 195261175
1790419309108 0 555539 0 478740808 477887317 0 0 0 0 0 0 309509260 1838104 4241375232 2242072576 0 0 0 2592 0 195261175
1790419310136 0 55739 2012 478749204 478393523 0 0 0 0 0 0 309509260 1838106 4308529152 267259904 10526720 0 0 2592 0 195270224
1790419311285 0 64 0 478749491 478451525 0 0 0 0 0 0 309509260 1838182 1455558656 24576 0 0 0 2592 0 195342227
1790419312380 0 67 0 478749494 478451525 0 0 0 0 0 0 309509260 1838183 4309565440 36864 0 0 0 2592 0 195429407
1790419313399 0 67 0 478749494 478451525 0 0 0 0 0 0 309509260 1838183 4309565440 36864 0 0 0 2592 0 195429407
1790419314418 0 67 0 478749494 478451525 0 0 0 0 0 0 309509260 1838183 4309565440 36864 0 0 0 2592 0 195429407
1790419315438 0 67 0 478749494 478451525 0 0 0 0 0 0 309509260 1838183 4309565440 36864 0 0 0 2592 0 195429407
1790419316475 0 58 0 478749506 478451547 0 0 0 0 0 0 309509260 1838244 2636206080 0 0 0 0 2592 0 195433979
1790419317616 0 65 0 478749571 478451604 0 0 0 0 0 0 309509260 1838284 2763132928 28672 0 0 0 2592 0 195542483
