1790418769141 0 390 0 462999344 462701514 0 0 0 0 0 0 309509260 1421545 - - - - - - - -
1790418770178 0 402 68 463002616 462704706 0 0 0 0 0 0 309509260 1421561 31125504 1290240 0 0 0 2592 0 116165189
1790418771202 0 402 0 463005874 462708072 0 0 0 0 0 0 309509260 1421561 42139648 1290240 0 0 0 2592 0 116371344
1790418772227 0 403 0 463009322 462711496 0 0 0 0 0 0 309509260 1421561 53456896 1294336 0 0 0 2592 0 116582727
1790418773251 0 403 69 463012726 462714814 0 0 0 0 0 0 309509260 1421561 64671744 1294336 0 0 0 2592 0 116785387
1790418774275 0 403 0 463016007 462718181 0 0 0 0 0 0 309509260 1421561 75837440 1294336 0 0 0 2592 0 116983934
1790418775298 0 404 51 463019495 462721600 0 0 0 0 0 0 309509260 1421561 87273472 1298432 0 0 0 2592 0 117093010
1790418776322 0 405 51 463022899 462725003 0 0 0 0 0 0 309509260 1421561 98500608 1302528 0 0 0 2592 0 117298326
1790418777346 0 336 17 463026138 462728345 0 0 0 0 0 0 309509260 1421561 109404160 1052672 0 0 0 2592 0 117468654
1790418778371 0 336 17 463029418 462731625 0 0 0 0 0 0 309509260 1421561 120352768 1052672 0 0 0 2592 0 117678562
1790418779395 0 338 34 463032847 462735035 0 0 0 0 0 0 309509260 1421561 131604480 1060864 0 0 0 2592 0 117883525
1790418780419 0 338 34 463036188 462738376 0 0 0 0 0 0 309509260 1421561 142684160 1060864 0 0 0 2592 0 118078277
1790418781443 0 338 0 463039570 462741792 0 0 0 0 0 0 309509260 1421561 153829376 1060864 0 0 0 2592 0 118273184
1790418782466 0 338 0 463042992 462745193 0 0 0 0 0 0 309509260 1421561 165134336 1060864 0 0 0 2592 0 118434970
1790418783491 0 339 0 463046299 462748554 0 0 0 0 0 0 309509260 1421561 176316416 1064960 0 0 0 2592 0 118633216
1790418784515 0 340 0 463049751 462751896 0 0 0 0 0 0 309509260 1421561 187482112 1069056 0 0 0 2592 0 118842640
1790418785539 0 340 0 463053114 462755258 0 0 0 0 0 0 309509260 1421561 198631424 1069056 0 0 0 2592 0 119049144
1790418786563 0 340 0 463056344 462758598 0 0 0 0 0 0 309509260 1421561 209571840 1069056 0 0 0 2592 0 119249156
1790418787586 0 337 0 463059628 462761886 0 0 0 0 0 0 309509260 1421561 220528640 1052672 0 0 0 2592 0 119457039
1790418788610 0 339 0 463062993 462765259 0 0 0 0 0 0 309509260 1421561 231706624 1060864 0 0 0 2592 0 119662655
1790418789634 0 340 21 463066222 462768570 0 0 0 0 0 0 309509260 1421562 242515968 1064960 0 0 0 2592 0 119822083
1790418790658 0 340 0 463069612 462771883 0 0 0 0 0 0 309509260 1421562 253607936 1069056 0 0 0 2592 0 120032358
1790418791682 0 342 0 463072912 462775164 0 0 0 0 0 0 309509260 1421562 264556544 1073152 0 0 0 2592 0 120232801
1790418792706 0 343 0 463076288 462778372 0 0 0 0 0 0 309509260 1421562 275578880 1077248 81920 0 0 2592 0 120327847
1790418793730 0 343 0 463079641 462781875 0 0 0 0 0 0 309509260 1421562 286863360 1077248 0 0 0 2592 0 120526468
1790418794754 0 345 0 463082979 462785194 0 0 0 0 0 0 309509260 1421562 297897984 1085440 81920 0 0 2592 0 120727817
1790418795789 0 4 0 463085417 462787864 0 0 0 0 0 0 309509260 1421843 260628480 4096 0 0 0 2592 0 120874970
1790418796816 0 61 0 463085443 462787942 0 0 0 0 0 0 309509260 1421844 296042496 12288 0 0 0 2592 0 120875187
1790418797834 0 61 0 463085443 462787942 0 0 0 0 0 0 309509260 1421844 296042496 12288 0 0 0 2592 0 120875187
1790418798853 0 61 0 463085443 462787942 0 0 0 0 0 0 309509260 1421844 296042496 12288 0 0 0 2592 0 120875187
1790418799872 0 61 0 463085443 462787942 0 0 0 0 0 0 309509260 1421844 296042496 12288 0 0 0 2592 0 120875187
1790418800921 0 114 0 463089003 462791511 0 0 0 0 0 0 309509260 1422195 20627456 126976 0 0 0 2592 0 120985220
1790418801957 0 119 0 463094595 462796992 0 0 0 0 0 0 309509260 1422196 42479616 225280 0 0 0 2592 0 121172622
1790418802982 0 125 0 463100154 462802545 0 0 0 0 0 0 309509260 1422196 62881792 155648 0 0 0 2592 0 121274255
1790418804006 0 129 8 463105707 462808093 0 0 0 0 0 0 309509260 1422196 82923520 163840 0 0 0 2592 0 121486316
1790418805030 0 133 5 463111085 462813541 0 0 0 0 0 0 309509260 1422196 102842368 172032 0 0 0 2592 0 121636483
1790418806053 0 73 19 463116526 462818956 0 0 0 0 0 0 309509260 1422196 122728448 176128 0 0 0 2592 0 121835323
1790418807077 0 76 0 463122004 462824487 0 0 0 0 0 0 309509260 1422196 142888960 184320 0 0 0 2592 0 122022377
1790418808101 0 77 0 463127335 462829850 0 0 0 0 0 0 309509260 1422196 162504704 188416 147456 0 0 2592 0 122229212
1790418809125 0 78 0 463132780 462835294 0 0 0 0 0 0 309509260 1422196 182267904 192512 0 0 0 2592 0 122424025
1790418810149 0 79 0 463138261 462840774 0 0 0 0 0 0 309509260 1422196 202436608 196608 135168 0 0 2592 0 122545676
1790418811173 0 85 0 463143523 462845954 0 0 0 0 0 0 309509260 1422196 221560832 208896 0 0 0 2592 0 122739609
1790418812197 0 87 7 463149039 462851468 0 0 0 0 0 0 309509260 1422196 241582080 212992 0 0 0 2592 0 122930058
1790418813222 0 87 0 463154479 462856908 0 0 0 0 0 0 309509260 1422196 261320704 212992 0 0 0 2592 0 123119528
1790418814246 0 90 0 463159703 462862172 0 0 0 0 0 0 309509260 1422196 280547328 221184 0 0 0 2592 0 123281435
1790418815270 0 93 66 463165001 462867401 0 0 0 0 0 0 309509260 1422196 300052480 229376 0 0 0 2592 0 123482349
1790418816294 0 95 33 463170261 462872692 0 0 0 0 0 0 309509260 1422196 319139840 233472 0 0 0 2592 0 123610833
1790418817318 0 100 52 463175781 462878260 0 0 0 0 0 0 309509260 1422196 339324928 245760 0 0 0 2592 0 123797503
1790418818342 0 101 21 463181403 462883732 0 0 0 0 0 0 309509260 1422212 362205184 249856 0 0 0 2592 0 123886620
1790418819366 0 103 0 463186790 462889225 0 0 0 0 0 0 309509260 1422212 381972480 258048 0 0 0 2592 0 124008564
1790418820390 0 105 0 463192260 462894638 0 0 0 0 0 0 309509260 1422212 402038784 266240 0 0 0 2592 0 124152372
1790418821414 0 106 0 463197853 462900306 0 0 0 0 0 0 309509260 1422212 422338560 270336 0 0 0 2592 0 124347067
1790418822437 0 109 0 463203256 462905597 0 0 0 0 0 0 309509260 1422212 442097664 278528 0 0 0 2592 0 124539725
1790418823462 0 110 5 463208585 462910985 0 0 0 0 0 0 309509260 1422212 461717504 282624 0 0 0 2592 0 124715940
1790418824487 0 112 0 463213994 462916441 0 0 0 0 0 0 309509260 1422212 481468416 286720 135168 0 0 2592 0 124821169
1790418825511 0 112 0 463219249 462921729 0 0 0 0 0 0 309509260 1422212 500826112 294912 0 0 0 2592 0 125013371
1790418826535 0 114 0 463224691 462927027 0 0 0 0 0 0 309509260 1422212 520302592 294912 0 0 0 2592 0 125109754
1790418827558 0 116 0 463229948 462932358 0 0 0 0 0 0 309509260 1422212 539512832 299008 0 0 0 2592 0 125314054
1790418828582 0 119 59 463235284 462937701 0 0 0 0 0 0 309509260 1422212 559161344 311296 0 0 0 2592 0 125421736
1790418829611 0 62 0 463237244 462939741 0 0 0 0 0 0 309509260 1422542 562774016 8192 0 0 0 2592 0 125550450
1790418830634 0 65 0 463237247 462939741 0 0 0 0 0 0 309509260 1422543 564805632 12288 0 0 0 2592 0 125550487
1790418831653 0 65 0 463237247 462939741 0 0 0 0 0 0 309509260 1422543 564805632 12288 0 0 0 2592 0 125550487
1790418832672 0 65 0 463237247 462939741 0 0 0 0 0 0 309509260 1422543 564805632 12288 0 0 0 2592 0 125550487
1790418833693 0 65 0 463237247 462939741 0 0 0 0 0 0 309509260 1422595 516546560 0 0 0 0 2592 0 125562500
1790418834746 0 135 16 463242320 462944706 0 0 0 0 0 0 309509260 1422946 27115520 253952 0 0 0 2592 0 125751342
1790418835789 0 162 0 463251828 462954224 0 0 0 0 0 0 309509260 1422966 70172672 270336 0 0 0 2592 0 125932342
1790418836812 0 165 0 463260912 462963326 0 0 0 0 0 0 309509260 1422966 105349120 278528 278528 0 0 2592 0 126024493
1790418837837 0 169 42 463270439 462972746 0 0 0 0 0 0 309509260 1422966 142135296 290816 0 0 0 2592 0 126175561
1790418838860 0 169 0 463279509 462981898 0 0 0 0 0 0 309509260 1422966 177573888 294912 0 0 0 2592 0 126362616
1790418839883 0 117 0 463288768 462991209 0 0 0 0 0 0 309509260 1422966 212791296 307200 0 0 0 2592 0 126504018
1790418840906 0 119 57 463298017 463000435 0 0 0 0 0 0 309509260 1422966 248496128 315392 0 0 0 2592 0 126623480
1790418841930 0 124 17 463307268 463009683 0 0 0 0 0 0 309509260 1422966 284233728 335872 0 0 0 2592 0 126806967
1790418842954 0 127 0 463316381 463018812 0 0 0 0 0 0 309509260 1422966 319688704 348160 0 0 0 2592 0 126994985
1790418843978 0 128 0 463325700 463028130 0 0 0 0 0 0 309509260 1422966 355135488 352256 0 0 0 2592 0 127183216
1790418845002 0 130 56 463334613 463036970 0 0 0 0 0 0 309509260 1422966 389779456 360448 0 0 0 2592 0 127281781
1790418846032 0 134 0 463343827 463046340 0 0 0 0 0 0 309509260 1422966 425492480 368640 0 0 0 2592 0 127461730
1790418847056 0 137 0 463353180 463055601 0 0 0 0 0 0 309509260 1422966 461213696 380928 0 0 0 2592 0 127642784
1790418848080 0 138 57 463362290 463064689 0 0 0 0 0 0 309509260 1422967 496640000 385024 266240 0 0 2592 0 127792788
1790418849104 0 139 49 463371262 463073704 0 0 0 0 0 0 309509260 1422967 531013632 393216 0 0 0 2592 0 127969685
1790418850128 0 141 0 463380099 463082516 0 0 0 0 0 0 309509260 1422967 565661696 397312 0 0 0 2592 0 128156661
1790418851152 0 144 65 463389282 463091631 0 0 0 0 0 0 309509260 1422967 600588288 409600 0 0 0 2592 0 128258734
1790418852175 0 144 0 463398296 463100691 0 0 0 0 0 0 309509260 1422967 635482112 409600 0 0 0 2592 0 128443469
1790418853200 0 147 0 463407171 463109668 0 0 0 0 0 0 309509260 1422967 670146560 421888 0 0 0 2592 0 128580888
1790418854224 0 152 0 463416344 463118754 0 0 0 0 0 0 309509260 1422967 705597440 434176 266240 0 0 2592 0 128681660
1790418855247 0 153 81 463425260 463127621 0 0 0 0 0 0 309509260 1422967 739696640 438272 0 0 0 2592 0 128852715
1790418856271 0 157 0 463434435 463136836 0 0 0 0 0 0 309509260 1422967 774889472 446464 0 0 0 2592 0 129038550
1790418857295 0 160 0 463443343 463145850 0 0 0 0 0 0 309509260 1422967 810070016 454656 0 0 0 2592 0 129228759
1790418858320 0 163 0 463452453 463154848 0 0 0 0 0 0 309509260 1422967 844730368 471040 0 0 0 2592 0 129410390
1790418859343 0 167 8 463461509 463163965 0 0 0 0 0 0 309509260 1422967 879636480 479232 0 0 0 2592 0 129509122
1790418860367 0 148 0 463470653 463173084 0 0 0 0 0 0 309509260 1422967 915103744 397312 0 0 0 2592 0 129611364
1790418861391 0 150 0 463479695 463182168 0 0 0 0 0 0 309509260 1422967 950276096 405504 0 0 0 2592 0 129787805
1790418862414 0 153 16 463488848 463191274 0 0 0 0 0 0 309509260 1422967 985464832 417792 266240 0 0 2592 0 129978305
1790418863437 0 156 8 463498029 463200387 0 0 0 0 0 0 309509260 1422967 1020395520 430080 0 0 0 2592 0 130064688
1790418864462 0 160 0 463506965 463209384 0 0 0 0 0 0 309509260 1422967 1055051776 442368 0 0 0 2592 0 130132291
1790418865486 0 161 8 463515845 463218198 0 0 0 0 0 0 309509260 1422967 1089441792 438272 0 0 0 2592 0 130310597
1790418866520 0 98 0 463520214 463222674 0 0 0 0 0 0 309509260 1423147 431566848 4096 0 0 0 2592 0 130495997
1790418867547 0 101 0 463520219 463222676 0 0 0 0 0 0 309509260 1423297 1101799424 12288 0 0 0 2592 0 130599113
1790418868565 0 101 0 463520219 463222676 0 0 0 0 0 0 309509260 1423297 1101799424 12288 0 0 0 2592 0 130599113
1790418869584 0 101 0 463520219 463222676 0 0 0 0 0 0 309509260 1423297 1101799424 12288 0 0 0 2592 0 130599113
1790418870603 0 101 0 463520219 463222676 0 0 0 0 0 0 309509260 1423297 1101799424 12288 0 0 0 2592 0 130599113
1790418871638 0 59 0 463520285 463222784 0 0 0 0 0 0 309509260 1423615 703008768 4096 0 0 0 2592 0 130749247
1790418872669 0 198 0 463530546 463232945 0 0 0 0 0 0 309509260 1423697 51359744 372736 0 0 0 2592 0 130979350
1790418873693 0 202 36 463545823 463248195 0 0 0 0 0 0 309509260 1423697 112177152 380928 0 0 0 2592 0 131076847
1790418874716 0 207 56 463562123 463264453 0 0 0 0 0 0 309509260 1423697 176177152 401408 0 0 0 2592 0 131250488
1790418875740 0 214 0 463578037 463280423 0 0 0 0 0 0 309509260 1423697 239681536 425984 0 0 0 2592 0 131361426
1790418876763 0 166 46 463593662 463295986 0 0 0 0 0 0 309509260 1423697 301576192 446464 0 0 0 2592 0 131538263
1790418877786 0 166 0 463608566 463310957 0 0 0 0 0 0 309509260 1423697 361336832 458752 0 0 0 2592 0 131707180
1790418878809 0 172 0 463623204 463325589 0 0 0 0 0 0 309509260 1423713 421724160 479232 0 0 0 2592 0 131822817
1790418879833 0 176 0 463638104 463340485 0 0 0 0 0 0 309509260 1423713 480440320 495616 0 0 0 2592 0 131988021
1790418880857 0 179 0 463653113 463355491 0 0 0 0 0 0 309509260 1423713 540712960 1036288 12288 0 0 2592 0 132172310
1790418881881 0 185 0 463667726 463370138 0 0 0 0 0 0 309509260 1423713 598880256 524288 0 0 0 2592 0 132356351
1790418882905 0 193 56 463682101 463384445 0 0 0 0 0 0 309509260 1423713 656031744 548864 540672 0 0 2592 0 132535726
1790418883928 0 198 95 463697453 463399752 0 0 0 0 0 0 309509260 1423713 716333056 565248 0 0 0 2592 0 132711816
1790418884952 0 200 56 463712219 463414556 0 0 0 0 0 0 309509260 1423713 775540736 573440 0 0 0 2592 0 132889230
1790418885976 0 203 106 463727122 463429473 0 0 0 0 0 0 309509260 1423713 834772992 585728 0 0 0 2592 0 133070060
1790418886999 0 207 0 463742568 463444889 0 0 0 0 0 0 309509260 1423713 896118784 602112 0 0 0 2592 0 133161135
1790418888023 0 211 0 463758762 463461088 0 0 0 0 0 0 309509260 1423713 960094208 614400 0 0 0 2592 0 133333426
1790418889046 0 215 56 463773686 463476008 0 0 0 0 0 0 309509260 1423713 1020153856 937984 0 0 0 2592 0 133508521
1790418890069 0 220 39 463788191 463490488 0 0 0 0 0 0 309509260 1423713 1077506048 643072 0 0 0 2592 0 133680807
1790418891093 0 226 39 463803095 463505386 0 0 0 0 0 0 309509260 1423713 1136533504 978944 0 0 0 2592 0 133853869
1790418892116 0 230 0 463817865 463520192 0 0 0 0 0 0 309509260 1423713 1194938368 679936 0 0 0 2592 0 134023397
1790418893140 0 233 56 463832900 463535204 0 0 0 0 0 0 309509260 1423713 1255247872 692224 528384 0 0 2592 0 134117859
1790418894163 0 236 39 463847534 463549815 0 0 0 0 0 0 309509260 1423713 1313411072 704512 0 0 0 2592 0 134296839
1790418895188 0 239 0 463862652 463564950 0 0 0 0 0 0 309509260 1423713 1373216768 786432 0 0 0 2592 0 134478191
1790418896212 0 245 0 463877423 463579735 0 0 0 0 0 0 309509260 1423713 1432051712 909312 0 0 0 2592 0 134658780
1790418897236 0 250 56 463891845 463594132 0 0 0 0 0 0 309509260 1423713 1489563648 757760 0 0 0 2592 0 134833460
1790418898260 0 258 0 463906968 463609307 0 0 0 0 0 0 309509260 1423713 1549352960 782336 0 0 0 2592 0 135015932
1790418899283 0 262 0 463922161 463624476 0 0 0 0 0 0 309509260 1423713 1609904128 1040384 0 0 0 2592 0 135127645
1790418900307 0 265 0 463936856 463639257 0 0 0 0 0 0 309509260 1423713 1668902912 819200 0 0 0 2592 0 135291357
1790418901331 0 273 0 463952098 463654402 0 0 0 0 0 0 309509260 1423713 1728712704 847872 0 0 0 2592 0 135437627
1790418902355 0 236 22 463967557 463669818 0 0 0 0 0 0 309509260 1423713 1786355712 1228800 0 0 0 2592 0 135543602
1790418903379 0 241 22 463982857 463685113 0 0 0 0 0 0 309509260 1423713 1851404288 716800 0 0 0 2592 0 135721695
1790418904402 0 242 4 463997949 463700196 0 0 0 0 0 0 309509260 1423713 1911152640 729088 0 0 0 2592 0 135908396
1790418905427 0 248 0 464013191 463715500 0 0 0 0 0 0 309509260 1423713 1971961856 745472 0 0 0 2592 0 136082314
1790418906450 0 327 0 464028602 463730796 0 0 0 0 0 0 309509260 1423713 2032828416 770048 0 0 0 2592 0 136252328
1790418907473 0 259 0 464044233 463746571 0 0 0 0 0 0 309509260 1423713 2095775744 786432 0 0 0 2592 0 136336449
1790418908497 0 265 56 464060297 463762569 0 0 0 0 0 0 309509260 1423713 2158735360 811008 0 0 0 2592 0 136520543
1790418909532 0 60 0 464065418 463767915 0 0 0 0 0 0 309509260 1423853 550760448 4096 0 0 0 2592 0 136604268
1790418910559 0 61 0 464065419 463767915 0 0 0 0 0 0 309509260 1424044 2162556928 8192 0 0 0 2592 0 136895321
1790418911577 0 62 0 464065420 463767915 0 0 0 0 0 0 309509260 1424044 2176098304 12288 0 0 0 2592 0 136895321
1790418912596 0 62 0 464065420 463767915 0 0 0 0 0 0 309509260 1424044 2176098304 12288 0 0 0 2592 0 136895321
1790418913615 0 63 0 464065421 463767915 0 0 0 0 0 0 309509260 1424044 2176102400 16384 0 0 0 2592 0 136895321
1790418914634 0 4 0 464065421 463767974 0 0 0 0 0 0 309509260 1424044 2176102400 28672 0 0 0 2592 0 136895321
1790418915669 0 61 0 464065495 463767991 0 0 0 0 0 0 309509260 1424315 1049223168 4096 0 0 0 2592 0 137185715
1790418916700 0 356 8 464069071 463771372 0 0 0 0 0 0 309509260 1424445 24264704 692224 0 0 0 2592 0 137404975
1790418917723 0 299 0 464092757 463795084 0 0 0 0 0 0 309509260 1424445 120205312 761856 0 0 0 2592 0 137515057
1790418918746 0 454 32 464116825 463818754 0 0 0 0 0 0 309509260 1424445 216080384 757760 0 0 0 2592 0 137690196
1790418919769 0 317 41 464140060 463842291 0 0 0 0 0 0 309509260 1424445 310931456 790528 0 0 0 2592 0 137851557
1790418920792 0 266 41 464163302 463865584 0 0 0 0 0 0 309509260 1424445 404733952 823296 0 0 0 2592 0 138021771
1790418921815 0 419 0 464186822 463888817 0 0 0 0 0 0 309509260 1424445 499347456 1691648 0 0 0 2592 0 138186542
1790418922838 0 279 0 464211623 463913869 0 0 0 0 0 0 309509260 1424445 598597632 876544 0 0 0 2592 0 138353462
1790418923861 0 287 70 464236908 463939146 0 0 0 0 0 0 309509260 1424445 701870080 905216 0 0 0 2592 0 138521750
1790418924884 0 294 3 464262256 463964549 0 0 0 0 0 0 309509260 1424445 804081664 937984 0 0 0 2592 0 138640910
1790418925907 0 300 9 464285491 463987731 0 0 0 0 0 0 309509260 1424445 897953792 1056768 0 0 0 2592 0 138711935
1790418926930 0 308 0 464309536 464011784 0 0 0 0 0 0 309509260 1424445 994816000 1187840 872448 0 0 2592 0 138842170
1790418927953 0 316 1 464331934 464034193 0 0 0 0 0 0 309509260 1424445 1086509056 1028096 0 0 0 2592 0 138942394
1790418928976 0 329 0 464355732 464057959 0 0 0 0 0 0 309509260 1424445 1181364224 1060864 0 0 0 2592 0 139105667
1790418929999 0 334 0 464380515 464082706 0 0 0 0 0 0 309509260 1424445 1281454080 1081344 864256 0 0 2592 0 139256297
1790418931022 0 340 10 464406384 464108583 0 0 0 0 0 0 309509260 1424445 1385742336 1105920 0 0 0 2592 0 139420932
1790418932045 0 351 38 464430930 464133096 0 0 0 0 0 0 309509260 1424445 1484836864 1150976 0 0 0 2592 0 139583618
1790418933068 0 504 146 464456214 464158194 0 0 0 0 0 0 309509260 1424445 1586016256 1179648 0 0 0 2592 0 139741187
1790418934091 0 367 219 464481280 464183251 0 0 0 0 0 0 309509260 1424445 1688252416 1212416 0 0 0 2592 0 139854735
1790418935114 0 372 38 464506385 464208530 0 0 0 0 0 0 309509260 1424445 1789386752 1232896 0 0 0 2592 0 140017183
1790418936137 0 380 3 464531668 464233875 0 0 0 0 0 0 309509260 1424445 1891012608 1744896 0 0 0 2592 0 140128656
1790418937160 0 387 0 464557623 464259683 0 0 0 0 0 0 309509260 1424445 1995898880 1294336 0 0 0 2592 0 140288535
1790418938183 0 393 0 464582621 464284784 0 0 0 0 0 0 309509260 1424445 2097074176 1323008 0 0 0 2592 0 140452415
1790418939206 0 399 38 464606076 464308194 0 0 0 0 0 0 309509260 1424461 2194075648 1343488 0 0 0 2592 0 140531332
1790418940229 0 405 0 464629293 464331491 0 0 0 0 0 0 309509260 1424461 2287833088 1368064 0 0 0 2592 0 140698873
1790418941252 0 412 0 464652618 464354731 0 0 0 0 0 0 309509260 1424461 2382430208 2203648 0 0 0 2592 0 140864854
1790418942275 0 420 0 464675008 464377183 0 0 0 0 0 0 309509260 1424461 2472976384 2134016 0 0 0 2592 0 141035167
1790418943298 0 426 38 464697765 464399856 0 0 0 0 0 0 309509260 1424461 2563952640 1454080 0 0 0 2592 0 141204657
1790418944321 0 433 49 464720480 464422553 0 0 0 0 0 0 309509260 1424461 2655637504 1482752 0 0 0 2592 0 141350867
1790418945344 0 441 0 464743719 464445834 0 0 0 0 0 0 309509260 1424461 2749435904 1515520 0 0 0 2592 0 141514287
1790418946367 0 326 0 464767501 464469700 0 0 0 0 0 0 309509260 1424461 2845347840 1081344 0 0 0 2592 0 141679347
1790418947390 0 333 0 464792544 464494767 0 0 0 0 0 0 309509260 1424461 2946502656 1114112 0 0 0 2592 0 141834803
1790418948414 0 416 0 464816896 464519000 0 0 0 0 0 0 309509260 1424461 3045273600 1921024 0 0 0 2592 0 141993894
1790418949437 0 347 8 464840089 464542256 0 0 0 0 0 0 309509260 1424461 3138277376 1171456 1052672 0 0 2592 0 142061339
1790418950460 0 352 0 464862759 464564971 0 0 0 0 0 0 309509260 1424461 3230310400 1576960 0 0 0 2592 0 142188609
1790418951483 0 355 0 464885733 464587897 0 0 0 0 0 0 309509260 1424461 3322630144 1196032 0 0 0 2592 0 142353494
1790418952506 0 362 0 464908970 464611203 0 0 0 0 0 0 309509260 1424461 3416395776 1220608 913408 0 0 2592 0 142468902
1790418953529 0 366 239 464932964 464634909 0 0 0 0 0 0 309509260 1424461 3512254464 1241088 0 0 0 2592 0 142633548
1790418954552 0 376 0 464959078 464661305 0 0 0 0 0 0 309509260 1424461 3618701312 1282048 0 0 0 2592 0 142716199
1790418955582 0 382 0 464983378 464685560 0 0 0 0 0 0 309509260 1424464 3717804032 1306624 0 0 0 2592 0 142815804
1790418956605 0 390 0 465006615 464708750 0 0 0 0 0 0 309509260 1424464 3811577856 1339392 0 0 0 2592 0 142978201
1790418957628 0 395 0 465030915 464733076 0 0 0 0 0 0 309509260 1424464 3909484544 1359872 0 0 0 2592 0 143070898
1790418958651 0 399 0 465055193 464757350 0 0 0 0 0 0 309509260 1424464 4007411712 1376256 0 0 0 2592 0 143239222
1790418959674 0 401 0 465079449 464781627 0 0 0 0 0 0 309509260 1424464 4105031680 2162688 0 0 0 2592 0 143399226
1790418960697 0 405 3 465103225 464805407 0 0 0 0 0 0 309509260 1424464 4201111552 1400832 0 0 0 2592 0 143493368
1790418961721 0 408 0 465126198 464828346 0 0 0 0 0 0 309509260 1424464 4293767168 1413120 0 0 0 2592 0 143651573
1790418962766 0 65 1 465135140 464837630 0 0 0 0 0 0 309509260 1424541 114106368 4096 0 0 0 2592 0 143669546
1790418963795 0 62 0 465135143 464837637 0 0 0 0 0 0 309509260 1424648 1885704192 8192 0 0 0 2592 0 144240041
1790418964813 0 62 0 465135143 464837637 0 0 0 0 0 0 309509260 1424751 3587678208 8192 0 0 0 2592 0 144827660
1790418965831 0 63 0 465135144 464837637 0 0 0 0 0 0 309509260 1424793 4324327424 12288 0 0 0 2592 0 144896547
1790418966850 0 63 0 465135144 464837637 0 0 0 0 0 0 309509260 1424793 4324327424 12288 0 0 0 2592 0 144896547
1790418967870 0 59 0 465135144 464837642 0 0 0 0 0 0 309509260 1424793 4324331520 28672 0 0 0 2592 0 144896547
1790418968892 0 59 0 465135144 464837642 0 0 0 0 0 0 309509260 1424793 4324331520 28672 0 0 0 2592 0 144896547
1790418969928 0 57 1 465135220 464837718 0 0 0 0 0 0 309509260 1424948 198029312 4096 0 0 0 2592 0 144936876
1790418970953 0 60 0 465135223 464837719 0 0 0 0 0 0 309509260 1425048 1892495360 8192 0 0 0 2592 0 145512638
1790418971971 0 60 0 465135223 464837719 0 0 0 0 0 0 309509260 1425151 3609231360 8192 0 0 0 2592 0 145902370
1790418973000 0 893 30 465142277 464843849 0 0 0 0 0 0 309509260 1425192 37150720 2805760 0 0 0 2592 0 146092486
1790418974023 0 468 0 465175880 464877967 0 0 0 0 0 0 309509260 1425192 176660480 1409024 0 0 0 2592 0 146224225
1790418975046 0 784 0 465209929 464911629 0 0 0 0 0 0 309509260 1425192 313384960 1445888 0 0 0 2592 0 146305220
1790418976069 0 426 0 465241504 464943678 0 0 0 0 0 0 309509260 1425192 443781120 1474560 0 0 0 2592 0 146436447
1790418977092 0 436 0 465271145 464973155 0 0 0 0 0 0 309509260 1425192 563675136 1515520 0 0 0 2592 0 146577319
1790418978115 0 809 142 465304107 465005718 0 0 0 0 0 0 309509260 1425192 696168448 1548288 0 0 0 2592 0 146678547
1790418979138 0 451 4 465335271 465037221 0 0 0 0 0 0 309509260 1425192 824442880 1576960 0 0 0 2592 0 146754479
1790418980161 0 455 0 465365616 465067761 0 0 0 0 0 0 309509260 1425192 948477952 1593344 0 0 0 2592 0 146900555
1790418981184 0 466 0 465395694 465097751 0 0 0 0 0 0 309509260 1425192 1070473216 1638400 0 0 0 2592 0 147041584
1790418982213 0 474 0 465427681 465129769 0 0 0 0 0 0 309509260 1425192 1198747648 1671168 0 0 0 2592 0 147153511
1790418983236 0 629 0 465461019 465162886 0 0 0 0 0 0 309509260 1425192 1335443456 1708032 2101248 0 0 2592 0 147219125
1790418984259 0 494 0 465494447 465196508 0 0 0 0 0 0 309509260 1425192 1472204800 1753088 0 0 0 2592 0 147351533
1790418985283 0 502 511 465527573 465229081 0 0 0 0 0 0 309509260 1425192 1604685824 1785856 0 0 0 2592 0 147479703
1790418986305 0 503 0 465562160 465264180 0 0 0 0 0 0 309509260 1425192 1747591168 1789952 2101248 0 0 2592 0 147619349
1790418987328 0 503 2 465597858 465299942 0 0 0 0 0 0 309509260 1425192 1892581376 3903488 0 0 0 2592 0 147756044
1790418988351 0 503 0 465631927 465333979 0 0 0 0 0 0 309509260 1425192 2031161344 3776512 0 0 0 2592 0 147888792
1790418989374 0 503 0 465664498 465366627 0 0 0 0 0 0 309509260 1425192 2161565696 1789952 0 0 0 2592 0 148021474
1790418990398 0 503 2 465697151 465399126 0 0 0 0 0 0 309509260 1425192 2293948416 1789952 0 0 0 2592 0 148148265
1790418991422 0 503 6 465729696 465431735 0 0 0 0 0 0 309509260 1425192 2426359808 1789952 0 0 0 2592 0 148282651
1790418992446 0 504 2 465763331 465465305 0 0 0 0 0 0 309509260 1425192 2562961408 1798144 0 0 0 2592 0 148420490
1790418993469 0 504 0 465796421 465498472 0 0 0 0 0 0 309509260 1425192 2699546624 1794048 0 0 0 2592 0 148548819
1790418994492 0 561 0 465831066 465533095 0 0 0 0 0 0 309509260 1425192 2838806528 2342912 0 0 0 2592 0 148620730
1790418995515 0 504 0 465865674 465567725 0 0 0 0 0 0 309509260 1425192 2979385344 2134016 0 0 0 2592 0 148761187
1790418996538 0 504 0 465900262 465602358 0 0 0 0 0 0 309509260 1425192 3119845376 1794048 0 0 0 2592 0 148894652
1790418997562 0 505 0 465935450 465637545 0 0 0 0 0 0 309509260 1425192 3262754816 1798144 0 0 0 2592 0 149030900
1790418998596 0 505 0 465973760 465675778 0 0 0 0 0 0 309509260 1425208 3418349568 1798144 0 0 0 2592 0 149157831
1790418999619 0 505 22 466010932 465713007 0 0 0 0 0 0 309509260 1425208 3572699136 2756608 0 0 0 2592 0 149296039
1790419000648 0 407 2 466049191 465751371 0 0 0 0 0 0 309509260 1425208 3725172736 1404928 0 0 0 2592 0 149435609
1790419001682 0 634 290 466085878 465787550 0 0 0 0 0 0 309509260 1425208 3874373632 1421312 0 0 0 2592 0 149574518
1790419002710 0 417 0 466122668 465824774 0 0 0 0 0 0 309509260 1425208 4025688064 1429504 0 0 0 2592 0 149698448
1790419003739 0 495 67 466160554 465862543 0 0 0 0 0 0 309509260 1425208 4179087360 1449984 0 0 0 2592 0 149841696
1790419004762 0 0 0 466194515 465897070 0 0 0 0 0 0 309509260 1425238 4323680256 0 0 0 0 2592 0 149976556
1790419005796 0 62 0 466194581 465897074 0 0 0 0 0 0 309509260 1425307 934522880 8192 0 0 0 2592 0 150119150
1790419006822 0 62 0 466194581 465897074 0 0 0 0 0 0 309509260 1425360 2660544512 8192 0 0 0 2592 0 150705830
1790419007841 0 63 0 466194582 465897074 0 0 0 0 0 0 309509260 1425409 4315791360 12288 0 0 0 2592 0 151255736
1790419008860 0 63 0 466194582 465897074 0 0 0 0 0 0 309509260 1425409 4315791360 12288 0 0 0 2592 0 151255736
1790419009879 0 72 0 466194591 465897074 0 0 0 0 0 0 309509260 1425409 4315791360 24576 0 0 0 2592 0 151255736
1790419010900 0 12 0 466194591 465897134 0 0 0 0 0 0 309509260 1425409 4315791360 24576 0 0 0 2592 0 151255736
1790419011920 0 3 0 466194594 465897146 0 0 0 0 0 0 309509260 1425426 4315807744 24576 0 0 0 2592 0 151256224
1790419012954 0 61 0 466194655 465897149 0 0 0 0 0 0 309509260 1425550 1104277504 8192 0 0 0 2592 0 151360445
1790419013979 0 61 0 466194655 465897149 0 0 0 0 0 0 309509260 1425601 2790092800 8192 0 0 0 2592 0 151940059
1790419014997 0 62 0 466194656 465897149 0 0 0 0 0 0 309509260 1425647 4103938048 12288 0 0 0 2592 0 152228709
1790419016020 0 1923 0 466258183 465958704 0 0 0 0 0 0 309509260 1425648 264925184 7864320 0 0 0 2592 0 152322790
1790419017043 0 2238 0 466346665 466046901 0 0 0 0 0 0 309509260 1425648 625852416 7692288 0 0 0 2592 0 152488898
1790419018065 0 453 0 466431067 466133188 0 0 0 0 0 0 309509260 1425648 973918208 3010560 0 0 0 2592 0 152671910
1790419019089 0 479 0 466515339 466217369 0 0 0 0 0 0 309509260 1425648 1316925440 1691648 0 0 0 2592 0 152785578
1790419020111 0 503 0 466599521 466301549 0 0 0 0 0 0 309509260 1425648 1661374464 1789952 6799360 0 0 2592 0 152920618
1790419021134 0 563 0 466689790 466391853 0 0 0 0 0 0 309509260 1425648 2030669824 1789952 0 0 0 2592 0 153079383
1790419022155 0 503 0 466778094 466480165 0 0 0 0 0 0 309509260 1425648 2391601152 1789952 0 0 0 2592 0 153214912
1790419023179 0 2328 0 466868354 466568399 0 0 0 0 0 0 309509260 1425648 2758008832 7278592 0 0 0 2592 0 153369658
1790419024200 0 541 18 466958823 466660844 0 0 0 0 0 0 309509260 1425648 3130228736 1794048 0 0 0 2592 0 153519501
1790419025221 0 1030 0 467047665 466749085 0 0 0 0 0 0 309509260 1425648 3495124992 5791744 0 0 0 2592 0 153660289
1790419026243 0 534 0 467139425 466841466 0 0 0 0 0 0 309509260 1425648 3868848128 1794048 0 0 0 2592 0 153807121
1790419027270 0 1546 1035 467229833 466929746 0 0 0 0 0 0 309509260 1425648 4235751424 7798784 0 0 0 2592 0 153944651
1790419028307 0 58 0 467246301 466948797 0 0 0 0 0 0 309509260 1425730 504991744 4096 0 0 0 2592 0 154033434
1790419029333 0 63 0 467246306 466948797 0 0 0 0 0 0 309509260 1425745 2277236736 12288 0 0 0 2592 0 154620483
1790419030351 0 63 0 467246306 466948797 0 0 0 0 0 0 309509260 1425757 3933396992 12288 0 0 0 2592 0 155222718
1790419031370 0 64 0 467246307 466948797 0 0 0 0 0 0 309509260 1425760 4309221376 16384 0 0 0 2592 0 155246895
1790419032389 0 64 0 467246307 466948797 0 0 0 0 0 0 309509260 1425760 4309221376 16384 0 0 0 2592 0 155246895
1790419033408 0 13 0 467246316 466948857 0 0 0 0 0 0 309509260 1425760 4309221376 28672 0 0 0 2592 0 155246895
1790419034429 0 13 0 467246316 466948857 0 0 0 0 0 0 309509260 1425760 4309221376 28672 0 0 0 2592 0 155246895
1790419035463 0 60 0 467246382 466948876 0 0 0 0 0 0 309509260 1425850 597749760 4096 0 0 0 2592 0 155365538
1790419036489 0 61 0 467246383 466948876 0 0 0 0 0 0 309509260 1425862 2251472896 8192 0 0 0 2592 0 155960853
1790419037507 0 61 0 467246383 466948876 0 0 0 0 0 0 309509260 1425875 3972120576 8192 0 0 0 2592 0 156438488
1790419038526 0 976 20 467288313 466989867 0 0 0 0 0 0 309509260 1425880 182640640 1392640 0 0 0 2592 0 156594304
1790419039547 0 2086 1 467396076 467096404 0 0 0 0 0 0 309509260 1425880 619294720 1515520 0 0 0 2592 0 156756446
1790419040568 0 8200 29 467508747 467202991 0 0 0 0 0 0 309509260 1425880 1058938880 4681728 0 0 0 2592 0 156904298
1790419041586 0 564 2011 467615672 467315651 0 0 0 0 0 0 309509260 1425880 1526099968 35307520 0 0 0 2592 0 157084799
1790419042605 0 576 4056 467730407 467428330 0 0 0 0 0 0 309509260 1425880 1996087296 35356672 0 0 0 2592 0 157226290
1790419043623 0 503 0 467845194 467547244 0 0 0 0 0 0 309509260 1425880 2465955840 1789952 0 0 0 2592 0 157368800
1790419044641 0 4737 3981 467968077 467661988 0 0 0 0 0 0 309509260 1425880 2948472832 14438400 0 0 0 2592 0 157494201
1790419045659 0 556 34 468082858 467784941 0 0 0 0 0 0 309509260 1425880 3439251456 1794048 8859648 0 0 2592 0 157614841
1790419046679 0 4957 0 468202237 467899708 0 0 0 0 0 0 309509260 1425880 3909132288 1794048 0 0 0 2592 0 157762055
1790419047699 0 74 12 468296026 467998529 0 0 0 0 0 0 309509260 1425919 3593052160 0 0 0 0 2592 0 157864256
1790419048752 0 62 0 468296088 467998579 0 0 0 0 0 0 309509260 1425960 775045120 8192 0 0 0 2592 0 157983807
1790419049788 0 63 0 468296089 467998579 0 0 0 0 0 0 309509260 1425963 1861877760 8192 0 0 0 2592 0 158634984
1790419050809 0 63 0 468296089 467998579 0 0 0 0 0 0 309509260 1425965 2904780800 8192 0 0 0 2592 0 159225736
1790419051830 0 63 0 468296089 467998579 0 0 0 0 0 0 309509260 1425967 3943350272 8192 0 0 0 2592 0 159856983
1790419052851 0 10 0 468296090 467998635 0 0 0 0 0 0 309509260 1425968 4307660800 24576 0 0 0 2592 0 159893451
1790419053870 0 13 0 468296100 467998640 0 0 0 0 0 0 309509260 1425968 4307660800 24576 0 0 0 2592 0 159893451
1790419054890 0 13 0 468296100 467998640 0 0 0 0 0 0 309509260 1425968 4307660800 24576 0 0 0 2592 0 159893451
1790419055911 0 13 0 468296100 467998640 0 0 0 0 0 0 309509260 1425968 4307660800 24576 0 0 0 2592 0 159893451
1790419056961 0 59 0 468296166 467998660 0 0 0 0 0 0 309509260 1426049 261074944 4096 0 0 0 2592 0 159961855
1790419057996 0 60 0 468296167 467998660 0 0 0 0 0 0 309509260 1426053 1299517440 8192 0 0 0 2592 0 160588875
1790419059018 0 60 0 468296167 467998660 0 0 0 0 0 0 309509260 1426071 2328805376 8192 0 0 0 2592 0 161222400
1790419060042 0 60 0 468296167 467998660 0 0 0 0 0 0 309509260 1426073 3400712192 8192 0 0 0 2592 0 161743370
1790419061062 0 60 0 468296167 467998660 0 0 0 0 0 0 309509260 1426076 4268904448 12288 0 0 0 2592 0 162316873
