1790419333778 0 389 0 478749959 478451662 0 0 0 0 0 0 309509260 1838314 - - - - - - - -
1790419334818 0 398 0 478753270 478454981 0 0 0 0 0 0 309509260 1838332 29249536 1314816 0 0 0 2592 0 195848406
1790419335843 0 399 3 478756655 478458344 0 0 0 0 0 0 309509260 1838332 40415232 1318912 0 0 0 2592 0 196046077
1790419336867 0 399 0 478760101 478461811 0 0 0 0 0 0 309509260 1838332 51986432 1318912 0 0 0 2592 0 196242786
1790419337891 0 400 32 478763571 478465300 0 0 0 0 0 0 309509260 1838332 63512576 1323008 0 0 0 2592 0 196389677
1790419338915 0 401 0 478766936 478468644 0 0 0 0 0 0 309509260 1838332 74752000 1327104 0 0 0 2592 0 196521676
1790419339940 0 402 17 478770298 478471971 0 0 0 0 0 0 309509260 1838332 85909504 1331200 4096 0 0 2592 0 196716400
1790419340964 0 403 34 478773745 478475400 0 0 0 0 0 0 309509260 1838332 97275904 1335296 0 0 0 2592 0 196909126
1790419341987 0 404 17 478777132 478478820 0 0 0 0 0 0 309509260 1838332 108453888 1339392 0 0 0 2592 0 197039443
1790419343011 0 406 52 478780456 478482090 0 0 0 0 0 0 309509260 1838332 119500800 1347584 0 0 0 2592 0 197238636
1790419344035 0 407 51 478783882 478485516 0 0 0 0 0 0 309509260 1838332 130879488 1351680 0 0 0 2592 0 197354261
1790419345059 0 407 29 478787370 478489062 0 0 0 0 0 0 309509260 1838332 142446592 1351680 0 0 0 2592 0 197556650
1790419346082 0 409 73 478790669 478492318 0 0 0 0 0 0 309509260 1838332 153477120 1359872 0 0 0 2592 0 197653154
1790419347106 0 337 73 478794049 478495806 0 0 0 0 0 0 309509260 1838332 164782080 1052672 0 0 0 2592 0 197858805
1790419348130 0 333 0 478797446 478499198 0 0 0 0 0 0 309509260 1838332 175955968 1056768 81920 0 0 2592 0 198010383
1790419349154 0 335 2 478800786 478502540 0 0 0 0 0 0 309509260 1838332 187006976 1064960 0 0 0 2592 0 198205932
1790419350178 0 336 0 478804085 478505892 0 0 0 0 0 0 309509260 1838332 198094848 1069056 0 0 0 2592 0 198408920
1790419351202 0 336 17 478807489 478509228 0 0 0 0 0 0 309509260 1838332 209244160 1069056 0 0 0 2592 0 198609652
1790419352226 0 335 7 478810858 478512680 0 0 0 0 0 0 309509260 1838332 220643328 1060864 0 0 0 2592 0 198776581
1790419353251 0 336 68 478814243 478515931 0 0 0 0 0 0 309509260 1838332 231669760 1064960 0 0 0 2592 0 198905843
1790419354275 0 336 0 478817583 478519339 0 0 0 0 0 0 309509260 1838332 242814976 1064960 0 0 0 2592 0 199112058
1790419355299 0 337 0 478820947 478522774 0 0 0 0 0 0 309509260 1838332 254197760 1069056 0 0 0 2592 0 199315309
1790419356322 0 337 0 478824307 478526062 0 0 0 0 0 0 309509260 1838332 265134080 1069056 69632 0 0 2592 0 199522762
1790419357346 0 338 0 478827712 478529466 0 0 0 0 0 0 309509260 1838332 276365312 1073152 4096 0 0 2592 0 199732860
1790419358370 0 338 0 478830990 478532744 0 0 0 0 0 0 309509260 1838332 287444992 1073152 0 0 0 2592 0 199947283
1790419359394 0 338 0 478834415 478536169 0 0 0 0 0 0 309509260 1838332 298594304 1073152 0 0 0 2592 0 200156756
1790419360422 0 62 0 478836059 478538089 0 0 0 0 0 0 309509260 1838643 295571456 8192 0 0 0 2592 0 200272282
1790419361446 0 63 0 478836060 478538089 0 0 0 0 0 0 309509260 1838644 297476096 12288 0 0 0 2592 0 200273122
1790419362465 0 63 0 478836060 478538089 0 0 0 0 0 0 309509260 1838660 299659264 12288 0 0 0 2592 0 200273480
1790419363484 0 63 0 478836060 478538089 0 0 0 0 0 0 309509260 1838660 299659264 12288 0 0 0 2592 0 200273480
1790419364519 0 64 0 478836076 478538104 0 0 0 0 0 0 309509260 1838904 122560512 4096 0 0 0 2592 0 200309034
1790419365552 0 120 33 478840998 478542936 0 0 0 0 0 0 309509260 1839001 28639232 147456 0 0 0 2592 0 200432102
1790419366576 0 121 84 478846588 478548467 0 0 0 0 0 0 309509260 1839001 49192960 151552 0 0 0 2592 0 200636145
1790419367600 0 122 0 478852106 478554108 0 0 0 0 0 0 309509260 1839001 69361664 155648 0 0 0 2592 0 200823951
1790419368623 0 124 0 478857694 478559552 0 0 0 0 0 0 309509260 1839001 89653248 159744 0 0 0 2592 0 200974976
1790419369646 0 123 0 478863215 478565256 0 0 0 0 0 0 309509260 1839001 109842432 167936 0 0 0 2592 0 201173885
1790419370670 0 72 0 478868585 478570604 0 0 0 0 0 0 309509260 1839001 129740800 176128 0 0 0 2592 0 201307479
1790419371694 0 77 0 478874251 478576156 0 0 0 0 0 0 309509260 1839001 150192128 188416 135168 0 0 2592 0 201501704
1790419372718 0 79 0 478879744 478581710 0 0 0 0 0 0 309509260 1839001 170225664 192512 0 0 0 2592 0 201622755
1790419373742 0 79 49 478885164 478586992 0 0 0 0 0 0 309509260 1839001 189988864 196608 49152 0 0 2592 0 201717851
1790419374766 0 80 15 478890606 478592568 0 0 0 0 0 0 309509260 1839001 210001920 196608 0 0 0 2592 0 201886932
1790419375790 0 83 12 478895951 478597927 0 0 0 0 0 0 309509260 1839001 229355520 200704 0 0 0 2592 0 201957636
1790419376814 0 84 75 478901321 478603285 0 0 0 0 0 0 309509260 1839001 249257984 208896 0 0 0 2592 0 202112383
1790419377837 0 84 0 478906759 478608701 0 0 0 0 0 0 309509260 1839001 268857344 208896 0 0 0 2592 0 202210846
1790419378862 0 87 33 478912122 478614093 0 0 0 0 0 0 309509260 1839001 288776192 221184 0 0 0 2592 0 202385709
1790419379886 0 87 0 478917423 478619357 0 0 0 0 0 0 309509260 1839001 307986432 221184 0 0 0 2592 0 202481051
1790419380910 0 90 13 478923003 478625047 0 0 0 0 0 0 309509260 1839001 328572928 229376 0 0 0 2592 0 202632947
1790419381934 0 92 0 478928501 478630500 0 0 0 0 0 0 309509260 1839001 348463104 233472 0 0 0 2592 0 202733355
1790419382957 0 93 0 478934051 478636016 0 0 0 0 0 0 309509260 1839001 368754688 237568 0 0 0 2592 0 202930613
1790419383982 0 95 7 478939349 478641302 0 0 0 0 0 0 309509260 1839001 388112384 376832 12288 0 0 2592 0 202993654
1790419385007 0 97 33 478944722 478646683 0 0 0 0 0 0 309509260 1839001 407744512 245760 0 0 0 2592 0 203188502
1790419386031 0 99 59 478950349 478652318 0 0 0 0 0 0 309509260 1839001 428183552 249856 0 0 0 2592 0 203346703
1790419387056 0 100 26 478955716 478657717 0 0 0 0 0 0 309509260 1839001 448069632 253952 0 0 0 2592 0 203539484
1790419388080 0 100 99 478961157 478663049 0 0 0 0 0 0 309509260 1839001 467812352 253952 0 0 0 2592 0 203637847
1790419389104 0 102 0 478966562 478668551 0 0 0 0 0 0 309509260 1839001 487587840 262144 0 0 0 2592 0 203838018
1790419390128 0 105 0 478971970 478673956 0 0 0 0 0 0 309509260 1839001 507490304 270336 0 0 0 2592 0 204038302
1790419391151 0 107 0 478977485 478679469 0 0 0 0 0 0 309509260 1839001 527511552 274432 0 0 0 2592 0 204200640
1790419392175 0 109 66 478982891 478684807 0 0 0 0 0 0 309509260 1839001 547291136 282624 0 0 0 2592 0 204337716
1790419393195 0 6 2 478987790 478689873 0 0 0 0 0 0 309509260 1839040 498270208 0 0 0 0 2592 0 204420955
1790419394236 0 61 0 478987850 478689880 0 0 0 0 0 0 309509260 1839338 562728960 12288 0 0 0 2592 0 204517307
1790419395260 0 61 0 478987850 478689880 0 0 0 0 0 0 309509260 1839339 564629504 12288 0 0 0 2592 0 204517432
1790419396278 0 61 0 478987850 478689880 0 0 0 0 0 0 309509260 1839339 564629504 12288 0 0 0 2592 0 204517432
1790419397298 0 61 0 478987850 478689880 0 0 0 0 0 0 309509260 1839339 564629504 12288 0 0 0 2592 0 204517432
1790419398324 0 66 0 478987913 478689938 0 0 0 0 0 0 309509260 1839728 351981568 8192 0 0 0 2592 0 204608520
1790419399351 0 143 0 478997377 478699259 0 0 0 0 0 0 309509260 1839730 46833664 217088 0 0 0 2592 0 204696148
1790419400375 0 144 65 479006833 478708714 0 0 0 0 0 0 309509260 1839730 83595264 221184 0 0 0 2592 0 204833251
1790419401398 0 150 8 479016060 478718065 0 0 0 0 0 0 309509260 1839730 119590912 233472 266240 0 0 2592 0 205024961
1790419402422 0 156 0 479025410 478727388 0 0 0 0 0 0 309509260 1839730 155316224 249856 0 0 0 2592 0 205208013
1790419403446 0 102 0 479034526 478736602 0 0 0 0 0 0 309509260 1839730 190504960 258048 0 0 0 2592 0 205404241
1790419404471 0 104 0 479043707 478745758 0 0 0 0 0 0 309509260 1839730 225947648 262144 0 0 0 2592 0 205573409
1790419405494 0 107 0 479052997 478755001 0 0 0 0 0 0 309509260 1839730 261918720 270336 0 0 0 2592 0 205760581
1790419406517 0 114 33 479062210 478764188 0 0 0 0 0 0 309509260 1839730 297381888 552960 12288 0 0 2592 0 205946572
1790419407542 0 117 0 479071572 478773501 0 0 0 0 0 0 309509260 1839730 333361152 294912 0 0 0 2592 0 206137764
1790419408565 0 120 0 479080854 478782855 0 0 0 0 0 0 309509260 1839730 369344512 303104 0 0 0 2592 0 206324012
1790419409589 0 123 0 479089830 478791797 0 0 0 0 0 0 309509260 1839730 403718144 311296 0 0 0 2592 0 206513739
1790419410613 0 130 0 479099223 478801183 0 0 0 0 0 0 309509260 1839730 440274944 331776 278528 0 0 2592 0 206704568
1790419411637 0 131 62 479108402 478810397 0 0 0 0 0 0 309509260 1839730 475705344 335872 0 0 0 2592 0 206897217
1790419412661 0 132 0 479117454 478819389 0 0 0 0 0 0 309509260 1839730 510693376 446464 0 0 0 2592 0 207001783
1790419413685 0 137 0 479126571 478828467 0 0 0 0 0 0 309509260 1839730 545796096 356352 0 0 0 2592 0 207109656
1790419414708 0 138 49 479135602 478837577 0 0 0 0 0 0 309509260 1839730 580702208 380928 258048 0 0 2592 0 207246843
1790419415732 0 140 16 479144657 478846628 0 0 0 0 0 0 309509260 1839730 615616512 368640 0 0 0 2592 0 207433123
1790419416756 0 143 0 479153690 478855637 0 0 0 0 0 0 309509260 1839730 650526720 376832 0 0 0 2592 0 207612496
1790419417780 0 149 0 479162639 478864754 0 0 0 0 0 0 309509260 1839730 685461504 393216 0 0 0 2592 0 207790839
1790419418805 0 152 0 479172056 478874059 0 0 0 0 0 0 309509260 1839730 721510400 471040 0 0 0 2592 0 207942800
1790419419829 0 155 0 479181488 478883444 0 0 0 0 0 0 309509260 1839730 757972992 684032 0 0 0 2592 0 208125848
1790419420853 0 158 0 479190810 478892786 0 0 0 0 0 0 309509260 1839730 793972736 688128 16384 0 0 2592 0 208287071
1790419421877 0 162 0 479199953 478902011 0 0 0 0 0 0 309509260 1839740 829714432 442368 0 0 0 2592 0 208477991
1790419422902 0 165 0 479209391 478911314 0 0 0 0 0 0 309509260 1839746 867598336 450560 0 0 0 2592 0 208593007
1790419423925 0 169 0 479218629 478920615 0 0 0 0 0 0 309509260 1839746 903319552 462848 0 0 0 2592 0 208694247
1790419424949 0 170 0 479227850 478929747 0 0 0 0 0 0 309509260 1839746 938741760 466944 0 0 0 2592 0 208879307
1790419425973 0 173 0 479236962 478938814 0 0 0 0 0 0 309509260 1839746 973672448 479232 0 0 0 2592 0 209063799
1790419426997 0 174 0 479245551 478947446 0 0 0 0 0 0 309509260 1839746 1007280128 532480 0 0 0 2592 0 209241170
1790419428022 0 176 0 479254828 478956830 0 0 0 0 0 0 309509260 1839746 1043214336 491520 0 0 0 2592 0 209346372
1790419429046 0 8 41 479263946 478965986 0 0 0 0 0 0 309509260 1839746 1078362112 20480 0 0 0 2592 0 209491084
1790419430079 0 60 0 479270788 478972818 0 0 0 0 0 0 309509260 1839847 87371776 4096 0 0 0 2592 0 209596051
1790419431106 0 66 0 479270794 478972818 0 0 0 0 0 0 309509260 1840079 1101500416 12288 0 0 0 2592 0 209884615
1790419432125 0 66 0 479270794 478972818 0 0 0 0 0 0 309509260 1840079 1101500416 12288 0 0 0 2592 0 209884615
1790419433143 0 66 0 479270794 478972818 0 0 0 0 0 0 309509260 1840079 1101500416 12288 0 0 0 2592 0 209884615
1790419434163 0 66 0 479270794 478972818 0 0 0 0 0 0 309509260 1840079 1101500416 12288 0 0 0 2592 0 209884615
1790419435197 0 58 0 479270861 478972893 0 0 0 0 0 0 309509260 1840302 309575680 4096 0 0 0 2592 0 209952913
1790419436229 0 193 56 479276937 478978813 0 0 0 0 0 0 309509260 1840498 37769216 352256 0 0 0 2592 0 210271460
1790419437253 0 199 0 479292688 478994558 0 0 0 0 0 0 309509260 1840498 100716544 368640 0 0 0 2592 0 210447305
1790419438276 0 206 0 479308282 479010165 0 0 0 0 0 0 309509260 1840498 162631680 393216 0 0 0 2592 0 210623194
1790419439299 0 211 0 479323828 479025706 0 0 0 0 0 0 309509260 1840498 224530432 413696 0 0 0 2592 0 210799642
1790419440323 0 163 59 479339531 479041424 0 0 0 0 0 0 309509260 1840498 286449664 446464 0 0 0 2592 0 210969353
1790419441347 0 167 0 479354855 479056737 0 0 0 0 0 0 309509260 1840498 347267072 462848 0 0 0 2592 0 211136863
1790419442370 0 174 73 479369788 479071605 0 0 0 0 0 0 309509260 1840498 406556672 487424 0 0 0 2592 0 211287771
1790419443395 0 180 22 479384534 479086383 0 0 0 0 0 0 309509260 1840498 465272832 503808 0 0 0 2592 0 211456575
1790419444431 0 187 0 479399546 479101488 0 0 0 0 0 0 309509260 1840498 524537856 524288 0 0 0 2592 0 211568596
1790419445461 0 190 0 479414570 479116531 0 0 0 0 0 0 309509260 1840498 584290304 552960 0 0 0 2592 0 211701880
1790419446484 0 195 0 479429374 479131228 0 0 0 0 0 0 309509260 1840498 643911680 933888 0 0 0 2592 0 211825201
1790419447508 0 201 0 479444255 479146183 0 0 0 0 0 0 309509260 1840498 703336448 581632 0 0 0 2592 0 211955493
1790419448531 0 206 0 479459352 479161206 0 0 0 0 0 0 309509260 1840498 762585088 602112 0 0 0 2592 0 212125951
1790419449555 0 210 0 479474232 479176102 0 0 0 0 0 0 309509260 1840498 821825536 618496 0 0 0 2592 0 212291431
1790419450578 0 217 39 479489678 479191510 0 0 0 0 0 0 309509260 1840498 883552256 1015808 0 0 0 2592 0 212466117
1790419451602 0 220 0 479505087 479206976 0 0 0 0 0 0 309509260 1840498 945049600 651264 0 0 0 2592 0 212578569
1790419452626 0 223 39 479520808 479222634 0 0 0 0 0 0 309509260 1840498 1007435776 663552 0 0 0 2592 0 212705378
1790419453650 0 227 39 479536508 479238330 0 0 0 0 0 0 309509260 1840498 1069842432 679936 528384 0 0 2592 0 212882117
1790419454674 0 230 17 479552245 479254015 0 0 0 0 0 0 309509260 1840498 1132302336 704512 0 0 0 2592 0 213055610
1790419455698 0 239 0 479567890 479269720 0 0 0 0 0 0 309509260 1840498 1194725376 724992 0 0 0 2592 0 213225962
1790419456722 0 243 0 479583059 479284925 0 0 0 0 0 0 309509260 1840498 1254506496 741376 0 0 0 2592 0 213398328
1790419457746 0 246 0 479598467 479300279 0 0 0 0 0 0 309509260 1840498 1315840000 757760 0 0 0 2592 0 213509463
1790419458770 0 252 0 479613346 479315217 0 0 0 0 0 0 309509260 1840498 1375625216 774144 0 0 0 2592 0 213675534
1790419459794 0 257 0 479628117 479330018 0 0 0 0 0 0 309509260 1840498 1434345472 790528 0 0 0 2592 0 213788907
1790419460818 0 336 0 479642780 479344606 0 0 0 0 0 0 309509260 1840498 1492471808 1277952 0 0 0 2592 0 213966266
1790419461841 0 265 65 479657327 479359081 0 0 0 0 0 0 309509260 1840498 1550172160 819200 0 0 0 2592 0 214057650
1790419462864 0 268 0 479672316 479374206 0 0 0 0 0 0 309509260 1840498 1609740288 1179648 0 0 0 2592 0 214240305
1790419463888 0 274 0 479686662 479388368 0 0 0 0 0 0 309509260 1840498 1666551808 856064 0 0 0 2592 0 214418260
1790419464912 0 275 0 479701342 479403156 0 0 0 0 0 0 309509260 1840498 1725280256 876544 0 0 0 2592 0 214596167
1790419465935 0 236 0 479716623 479418476 0 0 0 0 0 0 309509260 1840498 1786101760 696320 0 0 0 2592 0 214764192
1790419466958 0 242 0 479732323 479434170 0 0 0 0 0 0 309509260 1840498 1848537088 720896 0 0 0 2592 0 214935669
1790419467981 0 248 0 479747892 479449801 0 0 0 0 0 0 309509260 1840498 1910362112 1224704 0 0 0 2592 0 215113950
1790419469005 0 253 0 479763592 479465448 0 0 0 0 0 0 309509260 1840498 1972854784 770048 0 0 0 2592 0 215236650
1790419470035 0 256 1 479779158 479480881 0 0 0 0 0 0 309509260 1840498 2033647616 778240 0 0 0 2592 0 215405229
1790419471058 0 262 56 479794643 479496450 0 0 0 0 0 0 309509260 1840498 2095562752 798720 0 0 0 2592 0 215549227
1790419472081 0 268 0 479809366 479511187 0 0 0 0 0 0 309509260 1840498 2154823680 823296 0 0 0 2592 0 215647819
1790419473117 0 65 0 479816002 479518026 0 0 0 0 0 0 309509260 1840616 333094912 4096 0 0 0 2592 0 215773569
1790419474145 0 66 0 479816003 479518026 0 0 0 0 0 0 309509260 1840800 1872494592 8192 0 0 0 2592 0 216212012
1790419475164 0 67 0 479816004 479518026 0 0 0 0 0 0 309509260 1840833 2176151552 12288 0 0 0 2592 0 216257710
1790419476183 0 67 0 479816004 479518026 0 0 0 0 0 0 309509260 1840833 2176151552 12288 0 0 0 2592 0 216257710
1790419477202 0 68 0 479816005 479518026 0 0 0 0 0 0 309509260 1840833 2176155648 16384 0 0 0 2592 0 216257710
1790419478222 0 11 0 479816012 479518090 0 0 0 0 0 0 309509260 1840833 2176155648 24576 0 0 0 2592 0 216257710
1790419479257 0 60 0 479816077 479518106 0 0 0 0 0 0 309509260 1841077 817344512 4096 0 0 0 2592 0 216448135
1790419480283 0 61 0 479816078 479518106 0 0 0 0 0 0 309509260 1841234 1237311488 12288 0 0 0 2592 0 216950491
1790419481306 0 428 60 479837838 479539381 0 0 0 0 0 0 309509260 1841235 97828864 1413120 0 0 0 2592 0 217082740
1790419482329 0 306 0 479861139 479562921 0 0 0 0 0 0 309509260 1841251 194195456 753664 0 0 0 2592 0 217231630
1790419483352 0 536 0 479884620 479586142 0 0 0 0 0 0 309509260 1841251 288022528 798720 0 0 0 2592 0 217347050
1790419484375 0 482 48 479908806 479610404 0 0 0 0 0 0 309509260 1841251 386035712 847872 0 0 0 2592 0 217425460
1790419485399 0 275 0 479932642 479634509 0 0 0 0 0 0 309509260 1841251 482967552 860160 0 0 0 2592 0 217570696
1790419486422 0 279 0 479958247 479660072 0 0 0 0 0 0 309509260 1841251 585175040 892928 0 0 0 2592 0 217734633
1790419487445 0 292 32 479984319 479686123 0 0 0 0 0 0 309509260 1841251 690561024 929792 0 0 0 2592 0 217898696
1790419488468 0 299 0 480010475 479712233 0 0 0 0 0 0 309509260 1841251 796999680 958464 0 0 0 2592 0 218047965
1790419489491 0 380 0 480035386 479737066 0 0 0 0 0 0 309509260 1841251 897101824 991232 0 0 0 2592 0 218201652
1790419490514 0 317 0 480060345 479762062 0 0 0 0 0 0 309509260 1841251 998281216 1814528 266240 0 0 2592 0 218350076
1790419491537 0 328 0 480084387 479786147 0 0 0 0 0 0 309509260 1841251 1095241728 1064960 0 0 0 2592 0 218507546
1790419492560 0 332 40 480108341 479810179 0 0 0 0 0 0 309509260 1841251 1192202240 1097728 0 0 0 2592 0 218588840
1790419493583 0 341 0 480133192 479834978 0 0 0 0 0 0 309509260 1841251 1292304384 1118208 0 0 0 2592 0 218735909
1790419494606 0 349 260 480159019 479860532 0 0 0 0 0 0 309509260 1841251 1395580928 1150976 0 0 0 2592 0 218892112
1790419495629 0 356 0 480184932 479886633 0 0 0 0 0 0 309509260 1841251 1499885568 1179648 0 0 0 2592 0 219057203
1790419496652 0 358 0 480211232 479912962 0 0 0 0 0 0 309509260 1841251 1607331840 1204224 0 0 0 2592 0 219231238
1790419497675 0 368 101 480237323 479939110 0 0 0 0 0 0 309509260 1841251 1711624192 1224704 0 0 0 2592 0 219388525
1790419498698 0 372 0 480262377 479964196 0 0 0 0 0 0 309509260 1841251 1813798912 1245184 4096 0 0 2592 0 219485127
1790419499721 0 378 0 480287510 479989220 0 0 0 0 0 0 309509260 1841251 1914933248 1269760 0 0 0 2592 0 219650363
1790419500745 0 387 0 480312828 480014546 0 0 0 0 0 0 309509260 1841251 2017177600 1306624 0 0 0 2592 0 219762095
1790419501768 0 397 6 480338165 480039809 0 0 0 0 0 0 309509260 1841251 2119213056 2207744 0 0 0 2592 0 219922213
1790419502791 0 405 0 480363188 480064871 0 0 0 0 0 0 309509260 1841251 2220605440 1380352 0 0 0 2592 0 220093683
1790419503814 0 410 0 480386971 480088593 0 0 0 0 0 0 309509260 1841251 2316763136 1691648 0 0 0 2592 0 220257065
1790419504837 0 416 0 480411252 480112901 0 0 0 0 0 0 309509260 1841251 2415529984 1638400 847872 0 0 2592 0 220417595
1790419505860 0 421 0 480434748 480136423 0 0 0 0 0 0 309509260 1841251 2509299712 1445888 0 0 0 2592 0 220521586
1790419506882 0 427 3 480458787 480160479 0 0 0 0 0 0 309509260 1841251 2606223360 1470464 327680 0 0 2592 0 220679150
1790419507905 0 429 0 480482521 480184188 0 0 0 0 0 0 309509260 1841251 2702082048 1490944 0 0 0 2592 0 220840324
1790419508928 0 437 0 480506752 480208506 0 0 0 0 0 0 309509260 1841251 2800046080 1511424 0 0 0 2592 0 220995100
1790419509951 0 360 3 480530841 480232566 0 0 0 0 0 0 309509260 1841251 2896969728 1200128 0 0 0 2592 0 221154244
1790419510975 0 368 0 480555369 480257097 0 0 0 0 0 0 309509260 1841251 2995154944 1413120 0 0 0 2592 0 221323709
1790419511997 0 375 0 480579367 480281119 0 0 0 0 0 0 309509260 1841251 3092996096 1261568 0 0 0 2592 0 221474363
1790419513020 0 385 0 480603152 480304894 0 0 0 0 0 0 309509260 1841251 3188920320 1302528 0 0 0 2592 0 221651973
1790419514044 0 390 0 480626433 480328108 0 0 0 0 0 0 309509260 1841251 3282669568 1323008 0 0 0 2592 0 221754791
1790419515067 0 614 0 480650973 480352339 0 0 0 0 0 0 309509260 1841251 3381616640 2326528 0 0 0 2592 0 221857185
1790419516090 0 402 140 480674668 480376401 0 0 0 0 0 0 309509260 1841251 3477577728 2416640 12288 0 0 2592 0 221926520
1790419517113 0 409 0 480698752 480400431 0 0 0 0 0 0 309509260 1841251 3574517760 1392640 0 0 0 2592 0 222091090
1790419518142 0 415 0 480722509 480424182 0 0 0 0 0 0 309509260 1841251 3669331968 1417216 0 0 0 2592 0 222243749
1790419519176 0 639 3 480746418 480447899 0 0 0 0 0 0 309509260 1841251 3766210560 2465792 0 0 0 2592 0 222379114
1790419520199 0 426 70 480769721 480471352 0 0 0 0 0 0 309509260 1841251 3861032960 1462272 917504 0 0 2592 0 222465733
1790419521222 0 427 257 480791885 480493289 0 0 0 0 0 0 309509260 1841251 3949654016 1658880 0 0 0 2592 0 222627058
1790419522245 0 500 3 480815897 480517371 0 0 0 0 0 0 309509260 1841251 4046315520 1470464 0 0 0 2592 0 222794747
1790419523268 0 430 0 480839436 480541094 0 0 0 0 0 0 309509260 1841251 4142116864 1478656 0 0 0 2592 0 222956239
1790419524291 0 431 26 480863651 480565363 0 0 0 0 0 0 309509260 1841251 4240048128 1482752 0 0 0 2592 0 223030075
1790419525310 0 4 0 480885668 480587697 0 0 0 0 0 0 309509260 1841279 4192051200 0 0 0 0 2592 0 223152632
1790419526343 0 61 0 480885705 480587732 0 0 0 0 0 0 309509260 1841378 907419648 8192 0 0 0 2592 0 223225718
1790419527368 0 61 0 480885705 480587732 0 0 0 0 0 0 309509260 1841481 2622652416 8192 0 0 0 2592 0 223816807
1790419528386 0 61 0 480885705 480587733 0 0 0 0 0 0 309509260 1841582 4324257792 20480 0 0 0 2592 0 224116468
1790419529405 0 80 0 480885725 480587733 0 0 0 0 0 0 309509260 1841582 4324257792 20480 0 0 0 2592 0 224116468
1790419530425 0 77 0 480885725 480587736 0 0 0 0 0 0 309509260 1841582 4324261888 24576 0 0 0 2592 0 224116468
1790419531446 0 22 0 480885726 480587792 0 0 0 0 0 0 309509260 1841582 4324261888 24576 0 0 0 2592 0 224116468
1790419532466 0 22 0 480885726 480587792 0 0 0 0 0 0 309509260 1841582 4324261888 24576 0 0 0 2592 0 224116468
1790419533498 0 59 0 480885790 480587819 0 0 0 0 0 0 309509260 1841777 840646656 4096 0 0 0 2592 0 224375977
1790419534524 0 60 0 480885791 480587819 0 0 0 0 0 0 309509260 1841874 2487984128 8192 0 0 0 2592 0 224971206
1790419535543 0 60 0 480885791 480587819 0 0 0 0 0 0 309509260 1841968 4122292224 8192 0 0 0 2592 0 225562799
1790419536565 0 427 0 480902661 480604360 0 0 0 0 0 0 309509260 1841981 79319040 2740224 0 0 0 2592 0 225659360
1790419537588 0 454 0 480932067 480633745 0 0 0 0 0 0 309509260 1841981 199888896 1347584 0 0 0 2592 0 225782590
1790419538611 0 402 70 480964726 480666332 0 0 0 0 0 0 309509260 1841981 332005376 3162112 0 0 0 2592 0 225922071
1790419539634 0 415 0 480999843 480701528 0 0 0 0 0 0 309509260 1841981 473276416 1429504 0 0 0 2592 0 226064515
1790419540658 0 427 509 481033432 480734951 0 0 0 0 0 0 309509260 1841981 610017280 1478656 0 0 0 2592 0 226208616
1790419541680 0 430 42 481059339 480761014 0 0 0 0 0 0 309509260 1841981 715145216 1499136 0 0 0 2592 0 226326224
1790419542704 0 441 0 481091354 480793077 0 0 0 0 0 0 309509260 1841997 849838080 1536000 815104 0 0 2592 0 226406140
1790419543727 0 524 0 481124997 480826678 0 0 0 0 0 0 309509260 1841997 984440832 1576960 0 0 0 2592 0 226542989
1790419544750 0 460 58 481157554 480859190 0 0 0 0 0 0 309509260 1841997 1119031296 1613824 0 0 0 2592 0 226608841
1790419545773 0 835 0 481190159 480891308 0 0 0 0 0 0 309509260 1841997 1249460224 1654784 0 0 0 2592 0 226750338
1790419546796 0 483 0 481223804 480925408 0 0 0 0 0 0 309509260 1841997 1387945984 3444736 0 0 0 2592 0 226883750
1790419547819 0 497 2 481256910 480958532 0 0 0 0 0 0 309509260 1841997 1522991104 3870720 8192 0 0 2592 0 227010146
1790419548842 0 503 2 481288998 480990614 0 0 0 0 0 0 309509260 1841997 1653354496 1789952 0 0 0 2592 0 227149674
1790419549865 0 503 2 481323092 481024708 0 0 0 0 0 0 309509260 1841997 1790488576 2330624 0 0 0 2592 0 227237732
1790419550888 0 503 0 481355175 481056759 0 0 0 0 0 0 309509260 1841997 1922359296 1789952 0 0 0 2592 0 227378756
1790419551911 0 503 0 481387746 481089330 0 0 0 0 0 0 309509260 1841997 2052636672 1789952 0 0 0 2592 0 227533209
1790419552944 0 503 0 481420264 481121848 0 0 0 0 0 0 309509260 1841997 2185027584 1789952 0 0 0 2592 0 227664346
1790419553971 0 503 0 481454986 481156461 0 0 0 0 0 0 309509260 1841997 2327916544 1789952 1110016 0 0 2592 0 227733803
1790419554994 0 503 0 481495205 481196789 0 0 0 0 0 0 309509260 1841997 2489737216 1789952 0 0 0 2592 0 227881362
1790419556018 0 503 2 481529926 481231433 0 0 0 0 0 0 309509260 1841997 2630537216 1789952 0 0 0 2592 0 228020139
1790419557046 0 504 0 481569739 481271290 0 0 0 0 0 0 309509260 1842000 2793472000 1794048 2101248 0 0 2592 0 228151630
1790419558073 0 504 0 481609032 481310583 0 0 0 0 0 0 309509260 1842000 2953183232 1794048 0 0 0 2592 0 228304001
1790419559096 0 505 0 481641578 481343160 0 0 0 0 0 0 309509260 1842000 3087683584 2908160 1003520 0 0 2592 0 228459297
1790419560119 0 578 0 481676872 481378313 0 0 0 0 0 0 309509260 1842000 3230588928 3436544 475136 0 0 2592 0 228598909
1790419561148 0 505 0 481717038 481418588 0 0 0 0 0 0 309509260 1842000 3390443520 1961984 0 0 0 2592 0 228742630
1790419562175 0 505 0 481755785 481457412 0 0 0 0 0 0 309509260 1842000 3549999104 1798144 0 0 0 2592 0 228802909
1790419563198 0 651 0 481792275 481493607 0 0 0 0 0 0 309509260 1842000 3699204096 1798144 0 0 0 2592 0 228947320
1790419564221 0 410 0 481832872 481534549 0 0 0 0 0 0 309509260 1842000 3864977408 3260416 0 0 0 2592 0 229101449
1790419565244 0 412 2 481867024 481568622 0 0 0 0 0 0 309509260 1842000 4001845248 1417216 0 0 0 2592 0 229234965
1790419566273 0 413 0 481902618 481604337 0 0 0 0 0 0 309509260 1842000 4146847744 1421312 0 0 0 2592 0 229373688
1790419567300 0 355 0 481943021 481644657 0 0 0 0 0 0 309509260 1842000 4310765568 1425408 4096 0 0 2592 0 229499485
1790419568335 0 64 0 481945139 481647162 0 0 0 0 0 0 309509260 1842093 695386112 4096 0 0 0 2592 0 229556035
1790419569361 0 65 0 481945140 481647162 0 0 0 0 0 0 309509260 1842144 2370916352 8192 0 0 0 2592 0 230160048
1790419570379 0 65 0 481945140 481647162 0 0 0 0 0 0 309509260 1842197 4116549632 8192 0 0 0 2592 0 230521620
1790419571398 0 66 0 481945141 481647162 0 0 0 0 0 0 309509260 1842201 4315860992 12288 0 0 0 2592 0 230531863
1790419572417 0 66 0 481945141 481647162 0 0 0 0 0 0 309509260 1842201 4315860992 12288 0 0 0 2592 0 230531863
1790419573436 0 11 0 481945149 481647225 0 0 0 0 0 0 309509260 1842201 4315860992 20480 0 0 0 2592 0 230531863
1790419574457 0 11 0 481945149 481647225 0 0 0 0 0 0 309509260 1842201 4315860992 20480 0 0 0 2592 0 230531863
1790419575490 0 61 0 481945213 481647239 0 0 0 0 0 0 309509260 1842334 780705792 4096 0 0 0 2592 0 230634503
1790419576515 0 62 0 481945214 481647239 0 0 0 0 0 0 309509260 1842386 2486738944 8192 0 0 0 2592 0 230929318
1790419577533 0 62 0 481945214 481647239 0 0 0 0 0 0 309509260 1842436 4185489408 8192 0 0 0 2592 0 231444306
1790419578558 0 1449 1045 481994810 481694374 0 0 0 0 0 0 309509260 1842442 204980224 7229440 0 0 0 2592 0 231523481
1790419579585 0 480 0 482085108 481786755 0 0 0 0 0 0 309509260 1842442 577142784 5128192 4714496 0 0 2592 0 231702577
1790419580613 0 890 15 482169870 481870894 0 0 0 0 0 0 309509260 1842442 923361280 3301376 0 0 0 2592 0 231882510
1790419581633 0 697 1803 482255667 481955222 0 0 0 0 0 0 309509260 1842442 1274478592 2351104 7725056 0 0 2592 0 232041878
1790419582652 0 723 1820 482343850 482043448 0 0 0 0 0 0 309509260 1842442 1635692544 2637824 7540736 0 0 2592 0 232203061
1790419583673 0 796 1748 482432214 482131719 0 0 0 0 0 0 309509260 1842442 1996607488 1789952 0 0 0 2592 0 232360094
1790419584695 0 869 0 482518895 482220014 0 0 0 0 0 0 309509260 1842442 2352824320 5451776 0 0 0 2592 0 232511932
1790419585719 0 504 0 482606666 482308245 0 0 0 0 0 0 309509260 1842442 2710073344 1789952 0 0 0 2592 0 232609106
1790419586742 0 2475 0 482694931 482394484 0 0 0 0 0 0 309509260 1842442 3069751296 8949760 0 0 0 2592 0 232751799
1790419587762 0 505 0 482783210 482484873 0 0 0 0 0 0 309509260 1842442 3431911424 1794048 0 0 0 2592 0 232896814
1790419588787 0 505 0 482873564 482575188 0 0 0 0 0 0 309509260 1842442 3801202688 1794048 0 0 0 2592 0 233040321
1790419589810 0 505 0 482961912 482663408 0 0 0 0 0 0 309509260 1842442 4165435392 5140480 0 0 0 2592 0 233184124
1790419590847 0 158 1 482996825 482698788 0 0 0 0 0 0 309509260 1842521 68849664 4096 0 0 0 2592 0 233208878
1790419591875 0 61 0 482996844 482698869 0 0 0 0 0 0 309509260 1842535 1708007424 8192 0 0 0 2592 0 233815837
1790419592893 0 61 0 482996844 482698869 0 0 0 0 0 0 309509260 1842548 3436224512 8192 0 0 0 2592 0 234409038
1790419593912 0 63 0 482996846 482698869 0 0 0 0 0 0 309509260 1842554 4309331968 16384 0 0 0 2592 0 234553256
1790419594931 0 63 0 482996846 482698869 0 0 0 0 0 0 309509260 1842554 4309331968 16384 0 0 0 2592 0 234553256
1790419595950 0 68 0 482996854 482698872 0 0 0 0 0 0 309509260 1842554 4309331968 24576 0 0 0 2592 0 234553256
1790419596970 0 12 0 482996854 482698928 0 0 0 0 0 0 309509260 1842554 4309331968 24576 0 0 0 2592 0 234553256
1790419598009 0 61 0 482996919 482698944 0 0 0 0 0 0 309509260 1842640 79851520 4096 0 0 0 2592 0 234562556
1790419599036 0 62 0 482996920 482698944 0 0 0 0 0 0 309509260 1842652 1730945024 8192 0 0 0 2592 0 235169606
1790419600055 0 62 0 482996920 482698944 0 0 0 0 0 0 309509260 1842665 3485736960 8192 0 0 0 2592 0 235674249
1790419601076 0 1905 0 483007026 482707140 0 0 0 0 0 0 309509260 1842674 48148480 1302528 0 0 0 2592 0 235892754
1790419602095 0 554 2044 483120260 482819793 0 0 0 0 0 0 309509260 1842674 518455296 35016704 0 0 0 2592 0 236059460
1790419603113 0 5859 0 483224118 482920296 0 0 0 0 0 0 309509260 1842690 923639808 1585152 0 0 0 2592 0 236237157
1790419604133 0 4356 0 483329149 483026841 0 0 0 0 0 0 309509260 1842690 1360306176 1708032 0 0 0 2592 0 236408343
1790419605151 0 505 0 483439987 483141567 0 0 0 0 0 0 309509260 1842690 1830404096 31473664 3870720 0 0 2592 0 236568085
1790419606170 0 505 0 483554753 483256333 0 0 0 0 0 0 309509260 1842690 2300248064 1781760 0 0 0 2592 0 236703105
1790419607188 0 505 0 483669476 483371056 0 0 0 0 0 0 309509260 1842690 2770100224 33718272 1638400 0 0 2592 0 236818320
1790419608208 0 5397 0 483780967 483477641 0 0 0 0 0 0 309509260 1842690 3206414336 1785856 0 0 0 2592 0 236942652
1790419609227 0 2696 5986 483898994 483592398 0 0 0 0 0 0 309509260 1842690 3689955328 15491072 0 0 0 2592 0 237065607
1790419610252 0 506 0 484013774 483715353 0 0 0 0 0 0 309509260 1842690 4179709952 1785856 8949760 0 0 2592 0 237208514
1790419611294 0 62 0 484046627 483748650 0 0 0 0 0 0 309509260 1842760 335323136 4096 0 0 0 2592 0 237263199
1790419612320 0 63 0 484046628 483748650 0 0 0 0 0 0 309509260 1842764 1972166656 8192 0 0 0 2592 0 237874343
1790419613338 0 63 0 484046628 483748650 0 0 0 0 0 0 309509260 1842767 3715928064 8192 0 0 0 2592 0 238309774
1790419614357 0 64 0 484046629 483748650 0 0 0 0 0 0 309509260 1842768 4307922944 12288 0 0 0 2592 0 238366681
1790419615376 0 64 0 484046629 483748650 0 0 0 0 0 0 309509260 1842768 4307922944 12288 0 0 0 2592 0 238366681
1790419616396 0 69 0 484046637 483748653 0 0 0 0 0 0 309509260 1842768 4307922944 20480 0 0 0 2592 0 238366681
1790419617417 0 11 0 484046637 483748711 0 0 0 0 0 0 309509260 1842768 4307922944 20480 0 0 0 2592 0 238366681
1790419618452 0 60 0 484046702 483748727 0 0 0 0 0 0 309509260 1842851 409526272 4096 0 0 0 2592 0 238424836
1790419619478 0 62 0 484046704 483748727 0 0 0 0 0 0 309509260 1842855 2064433152 8192 0 0 0 2592 0 239034916
1790419620496 0 62 0 484046704 483748727 0 0 0 0 0 0 309509260 1842859 3773218816 8192 0 0 0 2592 0 239334573
