1790419651602 0 312 0 484047084 483748856 0 0 0 0 0 0 309509260 1842881 - - - - - - - -
1790419652682 0 128 0 484118651 483820603 0 0 0 0 0 0 309509260 1848280 41312256 122880 0 0 0 2592 0 239641836
1790419653715 0 91 0 484118661 483820654 0 0 0 0 0 0 309509260 1858239 83300352 135168 0 0 0 2592 0 239946510
1790419654738 0 91 0 484118661 483820654 0 0 0 0 0 0 309509260 1868262 124375040 135168 0 0 0 2592 0 240357576
1790419655761 0 91 0 484118661 483820654 0 0 0 0 0 0 309509260 1878198 165068800 135168 0 0 0 2592 0 240954285
1790419656783 0 91 0 484118661 483820654 0 0 0 0 0 0 309509260 1888035 205348864 135168 0 0 0 2592 0 241339450
1790419657806 0 36 0 484118661 483820709 0 0 0 0 0 0 309509260 1897936 245940224 135168 0 0 0 2592 0 241828687
1790419658829 0 41 0 484118669 483820712 0 0 0 0 0 0 309509260 1907839 286470144 143360 0 0 0 2592 0 242084447
1790419659847 0 43 0 484118671 483820712 0 0 0 0 0 0 309509260 1908681 290738176 151552 0 0 0 2592 0 242112967
1790419660865 0 43 0 484118671 483820712 0 0 0 0 0 0 309509260 1908681 290738176 151552 0 0 0 2592 0 242112967
1790419661884 0 43 0 484118671 483820712 0 0 0 0 0 0 309509260 1908681 290738176 151552 0 0 0 2592 0 242112967
1790419662904 0 43 0 484118671 483820712 0 0 0 0 0 0 309509260 1908697 292786176 151552 0 0 0 2592 0 242113306
1790419663951 0 91 0 484118762 483820755 0 0 0 0 0 0 309509260 1917187 38944768 131072 0 0 0 2592 0 242422314
1790419664987 0 92 0 484118763 483820755 0 0 0 0 0 0 309509260 1927394 83705856 135168 0 0 0 2592 0 243149200
1790419666011 0 92 0 484118763 483820755 0 0 0 0 0 0 309509260 1937257 124190720 135168 0 0 0 2592 0 243781953
1790419667034 0 92 0 484118763 483820755 0 0 0 0 0 0 309509260 1947055 164270080 135168 0 0 0 2592 0 244332721
1790419668057 0 59 9 484118763 483820779 0 0 0 0 0 0 309509260 1956849 204435456 135168 0 0 0 2592 0 244715227
1790419669080 0 41 0 484118771 483820814 0 0 0 0 0 0 309509260 1966728 244912128 139264 0 0 0 2592 0 245451473
1790419670103 0 41 0 484118771 483820814 0 0 0 0 0 0 309509260 1976524 284917760 139264 0 0 0 2592 0 245926624
1790419671150 0 87 0 484255991 483957956 0 0 0 0 0 0 309509260 1978387 22876160 114688 0 0 0 2592 0 246007876
1790419672180 0 92 0 484255996 483957956 0 0 0 0 0 0 309509260 1988173 65503232 135168 0 0 0 2592 0 246739719
1790419673203 0 92 0 484255996 483957956 0 0 0 0 0 0 309509260 1998028 105922560 135168 0 0 0 2592 0 247215639
1790419674226 0 92 0 484255996 483957956 0 0 0 0 0 0 309509260 2007882 146227200 135168 0 0 0 2592 0 247955369
1790419675249 0 92 0 484255996 483957956 0 0 0 0 0 0 309509260 2017735 186589184 135168 0 0 0 2592 0 248408328
1790419676272 0 44 0 484256004 483958012 0 0 0 0 0 0 309509260 2027599 226988032 143360 0 0 0 2592 0 249124505
1790419677295 0 41 0 484256004 483958015 0 0 0 0 0 0 309509260 2037404 270401536 143360 0 0 0 2592 0 249652803
1790419678318 0 41 0 484256004 483958015 0 0 0 0 0 0 309509260 2047224 310628352 143360 0 0 0 2592 0 250059824
1790419679341 0 41 0 484256004 483958015 0 0 0 0 0 0 309509260 2057081 351019008 143360 0 0 0 2592 0 250665008
1790419680364 0 41 0 484256004 483958015 0 0 0 0 0 0 309509260 2067007 391651328 143360 0 0 0 2592 0 251408052
1790419681388 0 41 0 484256004 483958015 0 0 0 0 0 0 309509260 2076768 431644672 143360 0 0 0 2592 0 252151269
1790419682410 0 41 0 484256004 483958015 0 0 0 0 0 0 309509260 2086497 471527424 143360 0 0 0 2592 0 252838308
1790419683433 0 41 0 484256004 483958015 0 0 0 0 0 0 309509260 2096382 511946752 143360 0 0 0 2592 0 253341273
1790419684456 0 41 0 484256004 483958015 0 0 0 0 0 0 309509260 2106277 552497152 143360 0 0 0 2592 0 253885611
1790419685474 0 43 0 484256006 483958015 0 0 0 0 0 0 309509260 2108110 560816128 151552 0 0 0 2592 0 253929535
1790419686492 0 43 0 484256006 483958015 0 0 0 0 0 0 309509260 2108110 560816128 151552 0 0 0 2592 0 253929535
1790419687511 0 43 0 484256006 483958015 0 0 0 0 0 0 309509260 2108110 560816128 151552 0 0 0 2592 0 253929535
1790419688531 0 43 0 484256006 483958015 0 0 0 0 0 0 309509260 2108110 560816128 151552 0 0 0 2592 0 253929535
1790419689571 0 124 0 484256131 483958059 0 0 0 0 0 0 309509260 2115377 32571392 131072 0 0 0 2592 0 254339867
1790419690603 0 126 0 484256133 483958059 0 0 0 0 0 0 309509260 2125694 76099584 139264 0 0 0 2592 0 254953001
1790419691627 0 126 0 484256133 483958059 0 0 0 0 0 0 309509260 2135675 117030912 139264 0 0 0 2592 0 255555414
1790419692650 0 126 0 484256133 483958059 0 0 0 0 0 0 309509260 2145605 157696000 139264 0 0 0 2592 0 256266433
1790419693673 0 126 0 484256133 483958059 0 0 0 0 0 0 309509260 2155348 197648384 139264 0 0 0 2592 0 257010155
1790419694696 0 42 0 484256141 483958151 0 0 0 0 0 0 309509260 2165271 238247936 147456 0 0 0 2592 0 257680299
1790419695719 0 42 0 484256141 483958151 0 0 0 0 0 0 309509260 2175103 278540288 147456 0 0 0 2592 0 258423628
1790419696742 0 42 0 484256141 483958151 0 0 0 0 0 0 309509260 2184911 318713856 147456 0 0 0 2592 0 259163897
1790419697765 0 42 0 484256141 483958151 0 0 0 0 0 0 309509260 2194809 359247872 147456 0 0 0 2592 0 259908532
1790419698788 0 42 0 484256141 483958151 0 0 0 0 0 0 309509260 2204650 399589376 147456 0 0 0 2592 0 260651875
1790419699811 0 42 0 484256141 483958151 0 0 0 0 0 0 309509260 2214375 439394304 147456 0 0 0 2592 0 261164175
1790419700835 0 44 0 484256143 483958151 0 0 0 0 0 0 309509260 2224108 479289344 147456 0 0 0 2592 0 261902076
1790419701858 0 44 0 484256143 483958151 0 0 0 0 0 0 309509260 2234001 519778304 147456 0 0 0 2592 0 262542027
1790419702876 0 37767 0 484296819 483960985 0 0 0 0 0 0 309509260 2241842 137654272 131592192 0 0 0 2592 0 263159783
1790419703899 0 76989 2065 484524289 484147228 0 0 0 0 0 0 309509260 2241844 1092628480 370110464 8388608 0 0 2592 0 263160258
1790419704936 0 90 0 484524506 484226436 0 0 0 0 0 0 309509260 2242057 699346944 131072 0 0 0 2592 0 263415519
1790419705960 0 92 0 484524508 484226436 0 0 0 0 0 0 309509260 2242104 1094311936 143360 0 0 0 2592 0 263545858
1790419706979 0 93 0 484524509 484226436 0 0 0 0 0 0 309509260 2242104 1094311936 143360 0 0 0 2592 0 263545858
1790419707998 0 93 0 484524509 484226436 0 0 0 0 0 0 309509260 2242104 1094311936 143360 0 0 0 2592 0 263545858
1790419709017 0 93 0 484524509 484226436 0 0 0 0 0 0 309509260 2242104 1094311936 143360 0 0 0 2592 0 263545858
1790419710052 0 92 0 484524609 484226537 0 0 0 0 0 0 309509260 2243499 322674688 131072 0 0 0 2592 0 263731303
1790419711079 0 36074 0 484563510 484229369 0 0 0 0 0 0 309509260 2244671 132640768 123785216 0 0 0 2592 0 264134485
1790419712098 0 441329 0 484968786 484229369 0 0 0 0 0 0 309509260 2244671 1792110592 1783255040 0 0 0 2592 0 264134485
1790419713121 0 208080 2040 485054931 484546799 0 0 0 0 0 0 309509260 2244673 2169282560 882909184 7819264 0 0 2592 0 264135793
1790419714154 0 92 0 485055242 484757138 0 0 0 0 0 0 309509260 2244779 256172032 131072 0 0 0 2592 0 264170481
1790419715181 0 93 0 485055243 484757138 0 0 0 0 0 0 309509260 2244925 1911132160 135168 0 0 0 2592 0 264625781
1790419716199 0 96 0 485055246 484757138 0 0 0 0 0 0 309509260 2244935 2168221696 147456 0 0 0 2592 0 264636106
1790419717218 0 96 0 485055246 484757138 0 0 0 0 0 0 309509260 2244935 2168221696 147456 0 0 0 2592 0 264636106
1790419718237 0 96 0 485055246 484757138 0 0 0 0 0 0 309509260 2244935 2168221696 147456 0 0 0 2592 0 264636106
1790419719257 0 39 2 485055246 484757193 0 0 0 0 0 0 309509260 2244935 2168221696 155648 0 0 0 2592 0 264636106
1790419720292 0 92 0 485055351 484757247 0 0 0 0 0 0 309509260 2246466 763621376 131072 0 0 0 2592 0 264835324
1790419721317 0 94 0 485055353 484757247 0 0 0 0 0 0 309509260 2247499 1661136896 110592 0 0 0 2592 0 265300457
1790419722335 0 351873 0 485410033 484760079 0 0 0 0 0 0 309509260 2247499 1425698816 1416704000 0 0 0 2592 0 265335535
1790419723359 0 540962 2060 485741317 484900208 0 0 0 0 0 0 309509260 2247515 2802819072 2243284992 8388608 0 0 2592 0 265335993
1790419724385 0 389605 3800 485893524 485202300 0 0 0 0 0 0 309509260 2247515 3426496512 1620750336 8388608 0 0 2592 0 265335993
1790419725404 0 107155 0 486000141 485594948 0 0 0 0 0 0 309509260 2247515 3842588672 415150080 0 0 0 2592 0 265336315
1790419726422 0 23 0 486111564 485813459 0 0 0 0 0 0 309509260 2247545 2387177472 0 0 0 0 2592 0 265339425
1790419727462 0 92 0 486111656 485813520 0 0 0 0 0 0 309509260 2247638 1036865536 135168 0 0 0 2592 0 265598807
1790419728490 0 92 0 486111656 485813520 0 0 0 0 0 0 309509260 2247723 2886676480 135168 0 0 0 2592 0 266063613
1790419729509 0 94 0 486111658 485813520 0 0 0 0 0 0 309509260 2247768 4316164096 143360 0 0 0 2592 0 266392858
1790419730528 0 46 0 486111668 485813578 0 0 0 0 0 0 309509260 2247768 4316164096 151552 0 0 0 2592 0 266392858
1790419731548 0 46 0 486111668 485813578 0 0 0 0 0 0 309509260 2247768 4316164096 151552 0 0 0 2592 0 266392858
1790419732569 0 43 0 486111668 485813581 0 0 0 0 0 0 309509260 2247768 4316164096 151552 0 0 0 2592 0 266392858
1790419733606 0 43 0 486111668 485813581 0 0 0 0 0 0 309509260 2247821 2868908032 0 0 0 0 2592 0 266403463
1790419734644 0 100 0 486111773 485813629 0 0 0 0 0 0 309509260 2248831 803889152 139264 0 0 0 2592 0 266600033
1790419735670 0 100 0 486111773 485813629 0 0 0 0 0 0 309509260 2249813 2517856256 139264 0 0 0 2592 0 267096425
1790419736688 0 100 0 486111773 485813629 0 0 0 0 0 0 309509260 2250349 4276871168 139264 0 0 0 2592 0 267577561
1790419737707 0 226443 0 486341109 485816461 0 0 0 0 0 0 309509260 2250350 913866752 903208960 0 0 0 2592 0 267590888
1790419738726 0 526004 2263 486709807 485883605 0 0 0 0 0 0 309509260 2250350 2438447104 2169536512 16777216 0 0 2592 0 267590888
1790419739744 0 550029 4072 486973663 486121497 0 0 0 0 0 0 309509260 2250350 3509940224 2284896256 8388608 0 0 2592 0 267590888
1790419740768 0 337071 1955 487166976 486529873 0 0 0 0 0 0 309509260 2250352 4319072256 1421656064 8867840 0 0 2592 0 267591133
1790419741786 0 50 51 487167392 486869173 0 0 0 0 0 0 309509260 2250389 1978187776 0 0 0 0 2592 0 267592119
1790419742833 0 94 0 487167447 486869277 0 0 0 0 0 0 309509260 2250478 1785061376 135168 0 0 0 2592 0 267754510
1790419743864 0 94 0 487167447 486869277 0 0 0 0 0 0 309509260 2250529 4130926592 135168 0 0 0 2592 0 268051808
1790419744883 0 96 0 487167449 486869277 0 0 0 0 0 0 309509260 2250533 4316237824 143360 0 0 0 2592 0 268053455
1790419745902 0 96 0 487167449 486869277 0 0 0 0 0 0 309509260 2250533 4316237824 143360 0 0 0 2592 0 268053455
1790419746922 0 38 1 487167449 486869334 0 0 0 0 0 0 309509260 2250533 4316237824 151552 0 0 0 2592 0 268053455
1790419747943 0 42 0 487167456 486869338 0 0 0 0 0 0 309509260 2250533 4316237824 151552 0 0 0 2592 0 268053455
1790419748987 0 93 0 487167551 486869382 0 0 0 0 0 0 309509260 2251224 820723712 131072 0 0 0 2592 0 268116184
1790419750016 0 94 0 487167552 486869382 0 0 0 0 0 0 309509260 2252010 2922844160 135168 0 0 0 2592 0 268472170
1790419751034 0 74 0 487167554 486869382 0 0 0 0 0 0 309509260 2252391 82800640 12288 0 0 0 2592 0 268681430
1790419752053 0 316822 0 487487282 486872214 0 0 0 0 0 0 309509260 2252391 1290653696 1279741952 0 0 0 2592 0 268723607
1790419753072 0 515983 0 487795031 486980828 0 0 0 0 0 0 309509260 2252391 2548961280 2093187072 0 0 0 2592 0 268723607
1790419754091 0 563695 6132 488075499 487207531 0 0 0 0 0 0 309509260 2252391 3698245632 2314764288 0 0 0 2592 0 268723607
1790419755117 0 288209 2690 488222376 487633765 0 0 0 0 0 0 309509260 2252393 4319051776 1229103104 16359424 0 0 2592 0 268723806
1790419756138 0 40 0 488222800 487924652 0 0 0 0 0 0 309509260 2252431 1520844800 0 0 0 0 2592 0 268724739
1790419757204 0 94 0 488222854 487924652 0 0 0 0 0 0 309509260 2252487 2312028160 135168 0 0 0 2592 0 268881877
1790419758248 0 96 0 488222856 487924652 0 0 0 0 0 0 309509260 2252500 4316172288 143360 0 0 0 2592 0 269028691
1790419759267 0 96 0 488222856 487924652 0 0 0 0 0 0 309509260 2252500 4316172288 143360 0 0 0 2592 0 269028691
1790419760286 0 96 0 488222856 487924652 0 0 0 0 0 0 309509260 2252500 4316172288 143360 0 0 0 2592 0 269028691
1790419761306 0 43 0 488222864 487924713 0 0 0 0 0 0 309509260 2252500 4316172288 151552 0 0 0 2592 0 269028691
1790419762342 0 1 0 488222868 487924759 0 0 0 0 0 0 309509260 2252552 1260187648 0 0 0 0 2592 0 269029462
1790419763406 0 93 0 488222960 487924759 0 0 0 0 0 0 309509260 2253054 2348535808 139264 0 0 0 2592 0 269225154
1790419764444 0 93 0 488222960 487924759 0 0 0 0 0 0 309509260 2253297 1056251904 53248 0 0 0 2592 0 269403258
1790419765463 0 197592 0 488421007 487925290 0 0 0 0 0 0 309509260 2253297 806883328 796147712 0 0 0 2592 0 269415388
1790419766482 0 426968 0 488650383 487925290 0 0 0 0 0 0 309509260 2253297 1759088640 1748353024 0 0 0 2592 0 269415388
1790419767501 0 515868 17 488863424 488049300 0 0 0 0 0 0 309509260 2253297 2597961728 2079395840 0 0 0 2592 0 269415388
1790419768520 0 525241 2032 489060002 488234567 0 0 0 0 0 0 309509260 2253297 3409874944 2164236288 10711040 0 0 2592 0 269415388
1790419769539 0 543262 15 489272994 488431559 0 0 0 0 0 0 309509260 2253297 4292116480 2208153600 0 0 0 2592 0 269415388
1790419770561 0 0 0 489273455 488975315 0 0 0 0 0 0 309509260 2253335 4309291008 0 0 0 0 2592 0 269420450
1790419771699 0 75 0 489273529 488975314 0 0 0 0 0 0 309509260 2253383 1888399360 28672 0 0 0 2592 0 269510930
1790419772774 0 77 0 489273531 488975314 0 0 0 0 0 0 309509260 2253387 4306239488 36864 0 0 0 2592 0 269620312
1790419773794 0 77 0 489273531 488975314 0 0 0 0 0 0 309509260 2253387 4306239488 36864 0 0 0 2592 0 269620312
1790419774813 0 77 0 489273531 488975314 0 0 0 0 0 0 309509260 2253387 4306239488 36864 0 0 0 2592 0 269620312
1790419775833 0 19 0 489273538 488975379 0 0 0 0 0 0 309509260 2253387 4306239488 45056 0 0 0 2592 0 269620312
1790419776869 0 9 0 489273540 488975391 0 0 0 0 0 0 309509260 2253440 1165918208 0 0 0 0 2592 0 269621159
1790419777996 0 67 0 489273607 488975400 0 0 0 0 0 0 309509260 2253612 2642907136 28672 0 0 0 2592 0 269771612
