1790419874835 0 383 0 494500651 494201892 0 0 0 0 0 0 309509260 2255214 - - - - - - - -
1790419875885 0 395 80 494503964 494205149 0 0 0 0 0 0 309509260 2255232 29290496 1417216 0 0 0 2592 0 271786024
1790419876909 0 395 29 494507307 494208543 0 0 0 0 0 0 309509260 2255232 40374272 1339392 0 0 0 2592 0 271936821
1790419877933 0 396 17 494510671 494211882 0 0 0 0 0 0 309509260 2255232 51609600 1343488 0 0 0 2592 0 272137797
1790419878956 0 397 0 494514056 494215317 0 0 0 0 0 0 309509260 2255232 62980096 1347584 0 0 0 2592 0 272336892
1790419879993 0 397 0 494517545 494218789 0 0 0 0 0 0 309509260 2255232 74280960 1347584 0 0 0 2592 0 272504892
1790419881016 0 397 0 494520928 494222189 0 0 0 0 0 0 309509260 2255232 85786624 1351680 0 0 0 2592 0 272703245
1790419882040 0 398 0 494524357 494225508 0 0 0 0 0 0 309509260 2255232 96862208 1351680 0 0 0 2592 0 272852981
1790419883064 0 363 0 494527634 494228947 0 0 0 0 0 0 309509260 2255232 108023808 1208320 81920 0 0 2592 0 273051594
1790419884088 0 365 0 494531116 494232268 0 0 0 0 0 0 309509260 2255232 119410688 1216512 0 0 0 2592 0 273188522
1790419885112 0 365 0 494534384 494235728 0 0 0 0 0 0 309509260 2255232 130568192 1216512 0 0 0 2592 0 273307925
1790419886136 0 366 34 494537789 494239013 0 0 0 0 0 0 309509260 2255232 141656064 1220608 0 0 0 2592 0 273459587
1790419887159 0 366 0 494541129 494242387 0 0 0 0 0 0 309509260 2255232 152801280 1220608 0 0 0 2592 0 273665988
1790419888183 0 366 51 494544576 494245783 0 0 0 0 0 0 309509260 2255232 164024320 1220608 0 0 0 2592 0 273812910
1790419889207 0 367 0 494547921 494249178 0 0 0 0 0 0 309509260 2255232 175210496 1224704 0 0 0 2592 0 274012234
1790419890230 0 368 22 494551352 494252550 0 0 0 0 0 0 309509260 2255232 186515456 1228800 0 0 0 2592 0 274116601
1790419891254 0 369 85 494554815 494255985 0 0 0 0 0 0 309509260 2255232 198021120 1232896 0 0 0 2592 0 274196886
1790419892279 0 369 12 494558093 494259372 0 0 0 0 0 0 309509260 2255232 208973824 1236992 0 0 0 2592 0 274407242
1790419893304 0 367 0 494561462 494262719 0 0 0 0 0 0 309509260 2255232 220291072 1220608 73728 0 0 2592 0 274611081
1790419894328 0 367 0 494564804 494266061 0 0 0 0 0 0 309509260 2255232 231235584 1220608 0 0 0 2592 0 274807077
1790419895352 0 368 72 494568124 494269340 0 0 0 0 0 0 309509260 2255232 242184192 1224704 0 0 0 2592 0 275008365
1790419896376 0 370 0 494571405 494272676 0 0 0 0 0 0 309509260 2255232 253276160 1228800 0 0 0 2592 0 275120365
1790419897401 0 370 35 494574784 494276003 0 0 0 0 0 0 309509260 2255232 264364032 1232896 0 0 0 2592 0 275230962
1790419898425 0 371 0 494578065 494279386 0 0 0 0 0 0 309509260 2255232 275525632 1236992 81920 0 0 2592 0 275382558
1790419899449 0 372 0 494581385 494282705 0 0 0 0 0 0 309509260 2255232 286474240 1241088 0 0 0 2592 0 275586994
1790419900480 0 373 0 494584769 494286072 0 0 0 0 0 0 309509260 2255232 297635840 1245184 0 0 0 2592 0 275718043
1790419901509 0 67 0 494586685 494288331 0 0 0 0 0 0 309509260 2255524 295460864 8192 0 0 0 2592 0 275792989
1790419902532 0 61 0 494586752 494288315 0 0 0 0 0 0 309509260 2255525 297361408 12288 0 0 0 2592 0 275793882
1790419903551 0 61 0 494586752 494288315 0 0 0 0 0 0 309509260 2255541 299540480 12288 0 0 0 2592 0 275794226
1790419904571 0 61 0 494586752 494288315 0 0 0 0 0 0 309509260 2255541 299540480 12288 0 0 0 2592 0 275794226
1790419905601 0 6 0 494586752 494288370 0 0 0 0 0 0 309509260 2255697 16719872 4096 0 0 0 2592 0 275819692
1790419906631 0 118 0 494591350 494292812 0 0 0 0 0 0 309509260 2255883 27299840 143360 0 0 0 2592 0 275945890
1790419907655 0 122 33 494596797 494298265 0 0 0 0 0 0 309509260 2255883 47472640 155648 0 0 0 2592 0 276150246
1790419908678 0 122 0 494602386 494303786 0 0 0 0 0 0 309509260 2255883 67665920 196608 0 0 0 2592 0 276337235
1790419909701 0 123 0 494607826 494309344 0 0 0 0 0 0 309509260 2255883 87646208 159744 0 0 0 2592 0 276542396
1790419910725 0 125 0 494613496 494314895 0 0 0 0 0 0 309509260 2255883 108367872 163840 135168 0 0 2592 0 276722447
1790419911750 0 72 34 494619056 494320573 0 0 0 0 0 0 309509260 2255883 128659456 167936 0 0 0 2592 0 276915490
1790419912775 0 75 66 494624462 494325944 0 0 0 0 0 0 309509260 2255883 148422656 180224 0 0 0 2592 0 277115944
1790419913800 0 76 66 494629980 494331461 0 0 0 0 0 0 309509260 2255883 168726528 184320 131072 0 0 2592 0 277315967
1790419914839 0 81 40 494635611 494337077 0 0 0 0 0 0 309509260 2255883 188764160 319488 0 0 0 2592 0 277512878
1790419915867 0 82 0 494641053 494342561 0 0 0 0 0 0 309509260 2255883 209039360 303104 0 0 0 2592 0 277703475
1790419916891 0 85 7 494646461 494347956 0 0 0 0 0 0 309509260 2255902 232247296 208896 0 0 0 2592 0 277879565
1790419917914 0 89 46 494651952 494353409 0 0 0 0 0 0 309509260 2255902 252297216 221184 0 0 0 2592 0 278076148
1790419918945 0 91 0 494657458 494358980 0 0 0 0 0 0 309509260 2255902 272314368 225280 0 0 0 2592 0 278234814
1790419919968 0 91 0 494663086 494364594 0 0 0 0 0 0 309509260 2255902 292876288 225280 0 0 0 2592 0 278420767
1790419920992 0 93 66 494668456 494369920 0 0 0 0 0 0 309509260 2255902 312647680 229376 0 0 0 2592 0 278621725
1790419922016 0 95 0 494674049 494375511 0 0 0 0 0 0 309509260 2255902 332828672 237568 0 0 0 2592 0 278774144
1790419923047 0 97 0 494679453 494380936 0 0 0 0 0 0 309509260 2255902 352460800 245760 0 0 0 2592 0 278961314
1790419924071 0 100 26 494684678 494386211 0 0 0 0 0 0 309509260 2255902 371953664 253952 0 0 0 2592 0 279104541
1790419925095 0 103 0 494690310 494391807 0 0 0 0 0 0 309509260 2255902 392679424 262144 0 0 0 2592 0 279215981
1790419926119 0 105 0 494695827 494397279 0 0 0 0 0 0 309509260 2255902 412442624 266240 4096 0 0 2592 0 279377803
1790419927143 0 107 26 494701160 494402686 0 0 0 0 0 0 309509260 2255902 432058368 270336 0 0 0 2592 0 279578422
1790419928167 0 111 0 494706604 494408116 0 0 0 0 0 0 309509260 2255902 451969024 282624 0 0 0 2592 0 279769315
1790419929191 0 112 0 494712192 494413627 0 0 0 0 0 0 309509260 2255902 472264704 286720 0 0 0 2592 0 279876804
1790419930215 0 112 26 494717597 494419118 0 0 0 0 0 0 309509260 2255902 492154880 315392 0 0 0 2592 0 280064066
1790419931239 0 116 40 494723188 494424619 0 0 0 0 0 0 309509260 2255902 512716800 294912 0 0 0 2592 0 280248648
1790419932263 0 117 0 494728520 494430026 0 0 0 0 0 0 309509260 2255902 532467712 299008 0 0 0 2592 0 280439725
1790419933286 0 117 0 494734070 494435467 0 0 0 0 0 0 309509260 2255902 552210432 299008 0 0 0 2592 0 280627560
1790419934323 0 0 0 494738482 494440105 0 0 0 0 0 0 309509260 2256031 96579584 4096 0 0 0 2592 0 280754868
1790419935349 0 62 0 494738549 494440110 0 0 0 0 0 0 309509260 2256228 564604928 12288 0 0 0 2592 0 280818687
1790419936367 0 62 0 494738549 494440110 0 0 0 0 0 0 309509260 2256228 564604928 12288 0 0 0 2592 0 280818687
1790419937385 0 62 0 494738549 494440110 0 0 0 0 0 0 309509260 2256228 564604928 12288 0 0 0 2592 0 280818687
1790419938405 0 62 0 494738549 494440110 0 0 0 0 0 0 309509260 2256228 564604928 12288 0 0 0 2592 0 280818687
1790419939462 0 146 16 494740025 494441413 0 0 0 0 0 0 309509260 2256619 12636160 212992 0 0 0 2592 0 280956541
1790419940506 0 151 57 494749119 494450569 0 0 0 0 0 0 309509260 2256620 51191808 487424 0 0 0 2592 0 281137640
1790419941529 0 155 0 494758664 494460168 0 0 0 0 0 0 309509260 2256620 87724032 241664 0 0 0 2592 0 281233105
1790419942555 0 162 57 494767835 494469274 0 0 0 0 0 0 309509260 2256620 123211776 258048 0 0 0 2592 0 281426691
1790419943578 0 166 0 494777234 494478698 0 0 0 0 0 0 309509260 2256620 159469568 270336 0 0 0 2592 0 281521239
1790419944602 0 108 0 494786339 494487897 0 0 0 0 0 0 309509260 2256620 195182592 274432 266240 0 0 2592 0 281665689
1790419945627 0 108 49 494795655 494497192 0 0 0 0 0 0 309509260 2256620 230899712 286720 0 0 0 2592 0 281853928
1790419946650 0 118 0 494804843 494506500 0 0 0 0 0 0 309509260 2256620 266629120 299008 0 0 0 2592 0 281946307
1790419947675 0 119 0 494814102 494515649 0 0 0 0 0 0 309509260 2256620 302309376 303104 266240 0 0 2592 0 282057902
1790419948698 0 122 0 494823189 494524712 0 0 0 0 0 0 309509260 2256620 337506304 315392 0 0 0 2592 0 282186937
1790419949721 0 128 0 494832225 494533740 0 0 0 0 0 0 309509260 2256620 372178944 331776 0 0 0 2592 0 282374858
1790419950745 0 132 0 494841548 494543038 0 0 0 0 0 0 309509260 2256620 408178688 614400 12288 0 0 2592 0 282469390
1790419951769 0 133 57 494850411 494551988 0 0 0 0 0 0 309509260 2256620 442540032 352256 0 0 0 2592 0 282648833
1790419952793 0 136 0 494859661 494561212 0 0 0 0 0 0 309509260 2256620 478248960 360448 278528 0 0 2592 0 282756750
1790419953824 0 140 0 494869021 494570524 0 0 0 0 0 0 309509260 2256620 513708032 372736 0 0 0 2592 0 282874966
1790419954848 0 146 66 494878178 494579569 0 0 0 0 0 0 309509260 2256620 549191680 389120 0 0 0 2592 0 283067702
1790419955871 0 150 64 494887282 494588730 0 0 0 0 0 0 309509260 2256620 584650752 401408 0 0 0 2592 0 283185451
1790419956895 0 154 0 494896260 494597772 0 0 0 0 0 0 309509260 2256620 619323392 417792 0 0 0 2592 0 283368158
1790419957919 0 154 0 494905243 494606688 0 0 0 0 0 0 309509260 2256620 653983744 430080 266240 0 0 2592 0 283546368
1790419958942 0 161 4 494914279 494615638 0 0 0 0 0 0 309509260 2256620 688902144 442368 0 0 0 2592 0 283619130
1790419959966 0 162 65 494923251 494624646 0 0 0 0 0 0 309509260 2256620 723529728 446464 0 0 0 2592 0 283746156
1790419960990 0 164 0 494932436 494633960 0 0 0 0 0 0 309509260 2256620 758984704 454656 0 0 0 2592 0 283868835
1790419962014 0 168 0 494941758 494643212 0 0 0 0 0 0 309509260 2256620 794738688 471040 0 0 0 2592 0 284060389
1790419963037 0 171 0 494951146 494652597 0 0 0 0 0 0 309509260 2256636 833179648 483328 0 0 0 2592 0 284234326
1790419964061 0 174 0 494960614 494662039 0 0 0 0 0 0 309509260 2256636 869683200 491520 0 0 0 2592 0 284424184
1790419965085 0 177 1 494969855 494671408 0 0 0 0 0 0 309509260 2256636 905936896 503808 0 0 0 2592 0 284612348
1790419966109 0 180 19 494978966 494680348 0 0 0 0 0 0 309509260 2256636 940843008 512000 270336 0 0 2592 0 284792431
1790419967132 0 183 0 494987870 494689309 0 0 0 0 0 0 309509260 2256636 975224832 524288 0 0 0 2592 0 284975474
1790419968156 0 186 0 494996915 494698351 0 0 0 0 0 0 309509260 2256636 1010126848 532480 266240 0 0 2592 0 285164256
1790419969180 0 187 0 495006025 494707460 0 0 0 0 0 0 309509260 2256636 1045299200 815104 0 0 0 2592 0 285267952
1790419970204 0 161 0 495015005 494716510 0 0 0 0 0 0 309509260 2256636 1080229888 425984 266240 0 0 2592 0 285412287
1790419971242 0 62 0 495021494 494723054 0 0 0 0 0 0 309509260 2256746 137240576 4096 0 0 0 2592 0 285491207
1790419972268 0 64 0 495021496 494723054 0 0 0 0 0 0 309509260 2256966 1101889536 12288 0 0 0 2592 0 285768070
1790419973286 0 64 0 495021496 494723054 0 0 0 0 0 0 309509260 2256966 1101889536 12288 0 0 0 2592 0 285768070
1790419974305 0 64 0 495021496 494723054 0 0 0 0 0 0 309509260 2256966 1101889536 12288 0 0 0 2592 0 285768070
1790419975324 0 64 0 495021496 494723054 0 0 0 0 0 0 309509260 2256966 1101889536 12288 0 0 0 2592 0 285768070
1790419976357 0 62 0 495021568 494723128 0 0 0 0 0 0 309509260 2257173 240476160 4096 0 0 0 2592 0 285791190
1790419977389 0 138 0 495026432 494727880 0 0 0 0 0 0 309509260 2257367 28545024 581632 0 0 0 2592 0 286172049
1790419978412 0 210 56 495041987 494743378 0 0 0 0 0 0 309509260 2257367 89698304 401408 0 0 0 2592 0 286351620
1790419979436 0 213 55 495057288 494758688 0 0 0 0 0 0 309509260 2257367 151035904 413696 0 0 0 2592 0 286520030
1790419980459 0 222 0 495072524 494773983 0 0 0 0 0 0 309509260 2257367 211902464 438272 0 0 0 2592 0 286692696
1790419981482 0 170 0 495087585 494789062 0 0 0 0 0 0 309509260 2257367 267579392 610304 0 0 0 2592 0 286783629
1790419982505 0 180 34 495102421 494803793 0 0 0 0 0 0 309509260 2257367 329945088 548864 0 0 0 2592 0 286889676
1790419983528 0 188 0 495117293 494818746 0 0 0 0 0 0 309509260 2257367 389701632 512000 540672 0 0 2592 0 287055883
1790419984551 0 193 0 495132484 494833912 0 0 0 0 0 0 309509260 2257367 449986560 528384 528384 0 0 2592 0 287171153
1790419985576 0 199 0 495147920 494849342 0 0 0 0 0 0 309509260 2257367 511369216 552960 0 0 0 2592 0 287337033
1790419986599 0 204 0 495163632 494865020 0 0 0 0 0 0 309509260 2257367 573255680 569344 0 0 0 2592 0 287509538
1790419987623 0 210 73 495178295 494879706 0 0 0 0 0 0 309509260 2257367 631984128 593920 0 0 0 2592 0 287676954
1790419988647 0 215 23 495193295 494894640 0 0 0 0 0 0 309509260 2257367 691773440 618496 0 0 0 2592 0 287846776
1790419989671 0 218 56 495208196 494909579 0 0 0 0 0 0 309509260 2257367 750768128 921600 0 0 0 2592 0 288020562
1790419990694 0 294 56 495223740 494925011 0 0 0 0 0 0 309509260 2257367 812367872 643072 0 0 0 2592 0 288195416
1790419991717 0 224 39 495239062 494940419 0 0 0 0 0 0 309509260 2257367 873713664 655360 532480 0 0 2592 0 288368913
1790419992740 0 228 56 495254291 494955664 0 0 0 0 0 0 309509260 2257367 934019072 671744 0 0 0 2592 0 288487778
1790419993764 0 231 0 495269902 494971312 0 0 0 0 0 0 309509260 2257367 996417536 688128 0 0 0 2592 0 288605946
1790419994787 0 239 0 495285341 494986723 0 0 0 0 0 0 309509260 2257367 1057792000 712704 0 0 0 2592 0 288777674
1790419995811 0 242 0 495300907 495002266 0 0 0 0 0 0 309509260 2257367 1119129600 724992 0 0 0 2592 0 288950972
1790419996836 0 248 102 495316261 495017536 0 0 0 0 0 0 309509260 2257367 1180508160 749568 0 0 0 2592 0 289106472
1790419997860 0 255 0 495331493 495032859 0 0 0 0 0 0 309509260 2257367 1241362432 774144 499712 0 0 2592 0 289264496
1790419998884 0 261 34 495346904 495048304 0 0 0 0 0 0 309509260 2257367 1302204416 798720 0 0 0 2592 0 289435715
1790419999908 0 269 0 495362498 495063850 0 0 0 0 0 0 309509260 2257367 1364115456 827392 0 0 0 2592 0 289608837
1790420000933 0 275 0 495377796 495079115 0 0 0 0 0 0 309509260 2257367 1424957440 851968 0 0 0 2592 0 289702759
1790420001958 0 278 0 495393260 495094583 0 0 0 0 0 0 309509260 2257367 1486475264 1040384 0 0 0 2592 0 289875937
1790420002981 0 279 0 495408667 495109989 0 0 0 0 0 0 309509260 2257367 1548197888 884736 0 0 0 2592 0 290048366
1790420004004 0 288 22 495423623 495124896 0 0 0 0 0 0 309509260 2257367 1607450624 901120 0 0 0 2592 0 290220242
1790420005027 0 292 39 495438257 495139546 0 0 0 0 0 0 309509260 2257367 1665622016 917504 0 0 0 2592 0 290394730
1790420006051 0 297 39 495453292 495154576 0 0 0 0 0 0 309509260 2257367 1725394944 933888 0 0 0 2592 0 290567069
1790420007075 0 242 39 495468459 495169798 0 0 0 0 0 0 309509260 2257367 1785688064 720896 0 0 0 2592 0 290740928
1790420008098 0 246 0 495484266 495185621 0 0 0 0 0 0 309509260 2257367 1848356864 1040384 0 0 0 2592 0 290910394
1790420009121 0 249 0 495499542 495200983 0 0 0 0 0 0 309509260 2257367 1909420032 745472 0 0 0 2592 0 291085729
1790420010145 0 254 39 495514335 495215662 0 0 0 0 0 0 309509260 2257367 1968152576 765952 0 0 0 2592 0 291256029
1790420011168 0 257 22 495529393 495230697 0 0 0 0 0 0 309509260 2257367 2027913216 778240 0 0 0 2592 0 291431670
1790420012191 0 261 39 495544297 495245617 0 0 0 0 0 0 309509260 2257367 2087149568 790528 0 0 0 2592 0 291613470
1790420013215 0 262 0 495559171 495260550 0 0 0 0 0 0 309509260 2257367 2146877440 794624 540672 0 0 2592 0 291796209
1790420014249 0 62 0 495566712 495268271 0 0 0 0 0 0 309509260 2257483 281948160 4096 0 0 0 2592 0 291869917
1790420015275 0 64 0 495566714 495268271 0 0 0 0 0 0 309509260 2257692 2031988736 8192 0 0 0 2592 0 292471663
1790420016293 0 65 0 495566715 495268271 0 0 0 0 0 0 309509260 2257706 2176024576 12288 0 0 0 2592 0 292477350
1790420017312 0 65 0 495566715 495268271 0 0 0 0 0 0 309509260 2257706 2176024576 12288 0 0 0 2592 0 292477350
1790420018331 0 66 0 495566716 495268271 0 0 0 0 0 0 309509260 2257706 2176028672 16384 0 0 0 2592 0 292477350
1790420019351 0 74 0 495566724 495268271 0 0 0 0 0 0 309509260 2257706 2176028672 28672 0 0 0 2592 0 292477350
1790420020388 0 61 0 495566791 495268351 0 0 0 0 0 0 309509260 2257984 1104834560 4096 0 0 0 2592 0 292767686
1790420021421 0 518 38 495570627 495271692 0 0 0 0 0 0 309509260 2258107 25313280 708608 0 0 0 2592 0 292981761
1790420022444 0 305 0 495595145 495296460 0 0 0 0 0 0 309509260 2258107 124358656 737280 0 0 0 2592 0 293116499
1790420023468 0 305 72 495619188 495320415 0 0 0 0 0 0 309509260 2258123 223477760 765952 0 0 0 2592 0 293274651
1790420024498 0 319 0 495642663 495343964 0 0 0 0 0 0 309509260 2258123 318320640 1855488 12288 0 0 2592 0 293390930
1790420025520 0 260 0 495666680 495368040 0 0 0 0 0 0 309509260 2258123 416333824 827392 1052672 0 0 2592 0 293557756
1790420026543 0 274 0 495691489 495392835 0 0 0 0 0 0 309509260 2258123 515383296 856064 0 0 0 2592 0 293724195
1790420027567 0 282 4 495716554 495417922 0 0 0 0 0 0 309509260 2258123 615739392 1130496 0 0 0 2592 0 293898564
1790420028590 0 287 250 495740511 495441635 0 0 0 0 0 0 309509260 2258123 713322496 1785856 0 0 0 2592 0 294062163
1790420029613 0 289 35 495765918 495467179 0 0 0 0 0 0 309509260 2258123 815755264 946176 270336 0 0 2592 0 294226349
1790420030636 0 304 0 495791229 495492545 0 0 0 0 0 0 309509260 2258123 917979136 978944 0 0 0 2592 0 294392471
1790420031659 0 311 0 495817098 495518376 0 0 0 0 0 0 309509260 2258123 1022279680 1007616 0 0 0 2592 0 294556905
1790420032682 0 313 0 495842114 495543460 0 0 0 0 0 0 309509260 2258123 1122430976 1130496 0 0 0 2592 0 294719842
1790420033705 0 368 3 495868009 495569246 0 0 0 0 0 0 309509260 2258123 1226657792 1048576 0 0 0 2592 0 294827046
1790420034728 0 329 0 495894075 495595405 0 0 0 0 0 0 309509260 2258123 1332043776 1085440 0 0 0 2592 0 294993308
1790420035751 0 329 18 495919676 495620997 0 0 0 0 0 0 309509260 2258123 1436225536 2035712 0 0 0 2592 0 295154080
1790420036780 0 344 0 495946077 495647322 0 0 0 0 0 0 309509260 2258126 1542848512 1138688 0 0 0 2592 0 295315843
1790420037803 0 355 0 495972168 495673433 0 0 0 0 0 0 309509260 2258126 1649307648 1179648 1052672 0 0 2592 0 295411389
1790420038827 0 362 0 495997493 495698751 0 0 0 0 0 0 309509260 2258126 1751531520 1208320 1064960 0 0 2592 0 295571907
1790420039850 0 367 0 496023318 495724576 0 0 0 0 0 0 309509260 2258126 1855258624 1728512 0 0 0 2592 0 295731577
1790420040873 0 522 3 496049101 495750158 0 0 0 0 0 0 309509260 2258126 1959096320 1265664 0 0 0 2592 0 295849535
1790420041897 0 383 0 496075208 495776554 0 0 0 0 0 0 309509260 2258126 2065530880 1384448 712704 0 0 2592 0 295942160
1790420042920 0 390 0 496100121 495801320 0 0 0 0 0 0 309509260 2258126 2165616640 1318912 0 0 0 2592 0 296104815
1790420043943 0 456 0 496124831 495826136 0 0 0 0 0 0 309509260 2258126 2264977408 1703936 0 0 0 2592 0 296211336
1790420044966 0 621 38 496149141 495850102 0 0 0 0 0 0 309509260 2258126 2362634240 1372160 0 0 0 2592 0 296367672
1790420045989 0 408 35 496172705 495873847 0 0 0 0 0 0 309509260 2258126 2459586560 1396736 0 0 0 2592 0 296503419
1790420047013 0 417 0 496196118 495897330 0 0 0 0 0 0 309509260 2258126 2553380864 1437696 0 0 0 2592 0 296664616
1790420048035 0 424 0 496219878 495921121 0 0 0 0 0 0 309509260 2258126 2649239552 1462272 1064960 0 0 2592 0 296817830
1790420049059 0 429 219 496242894 495944085 0 0 0 0 0 0 309509260 2258126 2740895744 1482752 0 0 0 2592 0 296982838
1790420050082 0 434 257 496267412 495968341 0 0 0 0 0 0 309509260 2258126 2839928832 1503232 0 0 0 2592 0 297105545
1790420051104 0 363 0 496292174 495993501 0 0 0 0 0 0 309509260 2258126 2941083648 1216512 0 0 0 2592 0 297275596
1790420052128 0 372 0 496317024 496018272 0 0 0 0 0 0 309509260 2258126 3041103872 2174976 0 0 0 2592 0 297415658
1790420053151 0 437 0 496341022 496042299 0 0 0 0 0 0 309509260 2258126 3137101824 1269760 0 0 0 2592 0 297560527
1790420054174 0 387 0 496365350 496066622 0 0 0 0 0 0 309509260 2258126 3236179968 1314816 1052672 0 0 2592 0 297729719
1790420055197 0 396 50 496389153 496090353 0 0 0 0 0 0 309509260 2258126 3331227648 1531904 0 0 0 2592 0 297895724
1790420056220 0 399 0 496413891 496115151 0 0 0 0 0 0 309509260 2258126 3432177664 1359872 0 0 0 2592 0 298060222
1790420057243 0 409 3 496437434 496138676 0 0 0 0 0 0 309509260 2258126 3528085504 1400832 827392 0 0 2592 0 298229572
1790420058266 0 416 0 496462174 496163425 0 0 0 0 0 0 309509260 2258126 3626061824 1429504 0 0 0 2592 0 298320071
1790420059289 0 424 0 496486476 496187672 0 0 0 0 0 0 309509260 2258126 3725127680 1462272 0 0 0 2592 0 298481044
1790420060312 0 427 257 496511274 496212210 0 0 0 0 0 0 309509260 2258126 3824115712 1474560 0 0 0 2592 0 298639750
1790420061335 0 428 0 496535597 496236758 0 0 0 0 0 0 309509260 2258126 3922026496 1478656 0 0 0 2592 0 298801060
1790420062358 0 430 36 496559632 496260751 0 0 0 0 0 0 309509260 2258126 4020989952 1486848 0 0 0 2592 0 298959455
1790420063381 0 430 3 496583882 496285103 0 0 0 0 0 0 309509260 2258126 4117852160 1486848 0 0 0 2592 0 299118693
1790420064404 0 431 216 496607876 496308925 0 0 0 0 0 0 309509260 2258126 4213751808 1589248 0 0 0 2592 0 299286098
1790420065427 0 432 0 496632457 496333645 0 0 0 0 0 0 309509260 2258126 4313690112 1495040 0 0 0 2592 0 299439023
1790420066463 0 63 0 496636425 496337982 0 0 0 0 0 0 309509260 2258227 534544384 4096 0 0 0 2592 0 299544221
1790420067488 0 67 0 496636429 496337982 0 0 0 0 0 0 309509260 2258331 2246221824 8192 0 0 0 2592 0 299851673
1790420068507 0 67 0 496636429 496337982 0 0 0 0 0 0 309509260 2258436 3996577792 8192 0 0 0 2592 0 300362743
1790420069525 0 68 0 496636430 496337982 0 0 0 0 0 0 309509260 2258454 4324311040 12288 0 0 0 2592 0 300383378
1790420070544 0 68 0 496636430 496337982 0 0 0 0 0 0 309509260 2258454 4324311040 12288 0 0 0 2592 0 300383378
1790420071564 0 8 0 496636431 496338043 0 0 0 0 0 0 309509260 2258454 4324315136 16384 0 0 0 2592 0 300383378
1790420072585 0 14 0 496636437 496338043 0 0 0 0 0 0 309509260 2258454 4324315136 28672 0 0 0 2592 0 300383378
1790420073621 0 60 0 496636501 496338061 0 0 0 0 0 0 309509260 2258630 563916800 4096 0 0 0 2592 0 300483547
1790420074647 0 62 0 496636503 496338061 0 0 0 0 0 0 309509260 2258731 2252345344 8192 0 0 0 2592 0 301044768
1790420075665 0 62 0 496636503 496338061 0 0 0 0 0 0 309509260 2258830 3884232704 8192 0 0 0 2592 0 301626845
1790420076694 0 439 0 496651358 496352507 0 0 0 0 0 0 309509260 2258853 69267456 2007040 1388544 0 0 2592 0 301736789
1790420077722 0 449 26 496685385 496386528 0 0 0 0 0 0 309509260 2258853 208080896 1327104 0 0 0 2592 0 301865327
1790420078745 0 550 0 496718738 496419652 0 0 0 0 0 0 309509260 2258853 344834048 1388544 0 0 0 2592 0 301972855
1790420079768 0 418 0 496752162 496453363 0 0 0 0 0 0 309509260 2258853 481595392 2215936 1343488 0 0 2592 0 302114959
1790420080791 0 427 0 496784145 496485382 0 0 0 0 0 0 309509260 2258853 611983360 3584000 12288 0 0 2592 0 302257336
1790420081814 0 438 0 496815776 496516957 0 0 0 0 0 0 309509260 2258853 740294656 1523712 0 0 0 2592 0 302396692
1790420082837 0 446 0 496847404 496548468 0 0 0 0 0 0 309509260 2258853 868573184 1552384 0 0 0 2592 0 302541343
1790420083860 0 454 0 496877805 496578970 0 0 0 0 0 0 309509260 2258869 994861056 3698688 0 0 0 2592 0 302681142
1790420084883 0 464 31 496909380 496610455 0 0 0 0 0 0 309509260 2258869 1121058816 1626112 0 0 0 2592 0 302839753
1790420085906 0 475 0 496941393 496642550 0 0 0 0 0 0 309509260 2258869 1251487744 1671168 0 0 0 2592 0 302982023
1790420086929 0 505 0 496974486 496675645 0 0 0 0 0 0 309509260 2258869 1386147840 1720320 0 0 0 2592 0 303071295
1790420087952 0 501 0 497007057 496708220 0 0 0 0 0 0 309509260 2258869 1518714880 1777664 0 0 0 2592 0 303209903
1790420088975 0 505 2 497041263 496742300 0 0 0 0 0 0 309509260 2258869 1659547648 2469888 1437696 0 0 2592 0 303344749
1790420089998 0 505 2 497076392 496777538 0 0 0 0 0 0 309509260 2258869 1800957952 2416640 0 0 0 2592 0 303481289
1790420091021 0 505 0 497108938 496810020 0 0 0 0 0 0 309509260 2258869 1932742656 1794048 0 0 0 2592 0 303620422
1790420092044 0 505 6 497142051 496843152 0 0 0 0 0 0 309509260 2258869 2067234816 1794048 0 0 0 2592 0 303697697
1790420093067 0 505 4 497175140 496876209 0 0 0 0 0 0 309509260 2258869 2203496448 3584000 0 0 0 2592 0 303837822
1790420094090 0 505 0 497206706 496907820 0 0 0 0 0 0 309509260 2258869 2332008448 2973696 933888 0 0 2592 0 303980277
1790420095123 0 505 73 497243334 496944557 0 0 0 0 0 0 309509260 2258870 2479443968 1794048 0 0 0 2592 0 304121430
1790420096146 0 505 2 497280612 496981758 0 0 0 0 0 0 309509260 2258870 2630737920 1794048 0 0 0 2592 0 304258432
1790420097183 0 509 4 497316320 497017385 0 0 0 0 0 0 309509260 2258870 2771558400 1794048 0 0 0 2592 0 304395111
1790420098231 0 510 0 497364868 497065945 0 0 0 0 0 0 309509260 2258872 2973683712 2183168 0 0 0 2592 0 304553205
1790420099250 2 555 0 497413552 497114586 0 0 0 0 0 0 309509260 2258944 3171696640 2662400 0 0 0 2592 0 304611762
1790420100274 2 689 2 497472130 497172983 0 0 0 0 0 0 309509260 2258990 3408314368 1802240 0 0 0 2592 0 304676244
1790420101294 2 911 511 497531982 497228371 0 0 0 0 0 0 309509260 2259784 3616342016 1826816 0 0 0 2592 0 304750367
1790420102327 2 2187 2 497582666 497278132 0 0 0 0 0 0 309509260 2260414 3811762176 1826816 0 0 0 2592 0 304854021
1790420103369 2 3489 251 497641306 497335179 0 0 0 0 0 0 309509260 2260585 4047360000 2191360 0 0 0 2592 0 304976435
1790420104395 2 181 471 497688771 497385712 0 0 0 0 0 0 309509260 2261062 4238352384 45056 0 0 0 2592 0 305086164
1790420105427 2 1051 0 497709290 497405907 0 0 0 0 0 0 309509260 2261842 11489280 0 0 0 0 2592 0 305101179
1790420106464 2 26879 0 497735158 497405907 0 0 0 0 0 0 309509260 2261956 2352295936 8192 0 0 0 2592 0 305378221
1790420107485 2 89024 0 497826341 497405910 0 0 0 0 0 0 309509260 2262046 4314001408 12288 0 0 0 2592 0 305473845
1790420108505 2 86104 0 497865567 497447098 0 0 0 0 0 0 309509260 2262059 4314001408 12288 0 0 0 2592 0 305473845
1790420109526 2 122378 0 497901826 497447098 0 0 0 0 0 0 309509260 2262137 4314001408 12288 0 0 0 2592 0 305473845
1790420110551 2 96565 0 497913860 497484966 0 0 0 0 0 0 309509260 2262168 4314001408 32768 0 0 0 2592 0 305473845
1790420111576 2 49783 3544 497925766 497540531 0 0 0 0 0 0 309509260 2262169 4314046464 0 0 0 0 2592 0 305473845
1790420112612 2 17496 0 497945851 497595768 0 0 0 0 0 0 309509260 2262280 613732352 8192 0 0 0 2592 0 305543056
1790420113643 2 99158 0 498027663 497595774 0 0 0 0 0 0 309509260 2262349 2804748288 8192 0 0 0 2592 0 305607440
1790420114666 2 117608 0 498049725 497598561 0 0 0 0 0 0 309509260 2262412 1249366016 12288 0 0 0 2592 0 305743662
1790420115688 2 137087 86 498161471 497690842 0 0 0 0 0 0 309509260 2262531 384282624 1376256 0 0 0 2592 0 305856611
1790420116710 2 153343 0 498278247 497791402 0 0 0 0 0 0 309509260 2262579 797880320 3440640 0 0 0 2592 0 305948769
1790420117731 2 138161 2082 498399240 497925408 0 0 0 0 0 0 309509260 2262579 1198972928 1536000 12288 0 0 2592 0 306013611
1790420118754 2 155137 0 498519034 498030016 0 0 0 0 0 0 309509260 2262624 1618616320 1536000 0 0 0 2592 0 306098703
1790420119778 2 171132 68 498635567 498130681 0 0 0 0 0 0 309509260 2262662 2029858816 1536000 0 0 0 2592 0 306146570
1790420120801 2 188591 0 498753730 498231235 0 0 0 0 0 0 309509260 2262715 2445344768 5746688 0 0 0 2592 0 306211612
1790420121825 2 206111 0 498875925 498336038 0 0 0 0 0 0 309509260 2262715 2872844288 5181440 0 0 0 2592 0 306244491
1790420122845 2 16229 277 498960346 498609989 0 0 0 0 0 0 309509260 2262750 3154571264 1540096 0 0 0 2592 0 306475113
1790420123867 2 32529 0 499081088 498714731 0 0 0 0 0 0 309509260 2262972 3580489728 7790592 0 0 0 2592 0 306538465
1790420124890 2 55402 0 499200729 498811188 0 0 0 0 0 0 309509260 2265344 3974565888 7393280 0 0 0 2592 0 306576757
1790420125911 2 785 74 499305776 498961459 0 0 0 0 0 0 309509260 2265646 4312887296 0 0 0 0 2592 0 306598098
1790420126951 2 19378 0 499336482 498961545 0 0 0 0 0 0 309509260 2265912 247209984 8192 0 0 0 2592 0 306606705
1790420127982 2 32412 0 499362364 498961546 0 0 0 0 0 0 309509260 2266116 2386911232 98304 0 0 0 2592 0 306653942
1790420129007 2 50040 0 499390615 498961603 0 0 0 0 0 0 309509260 2266284 4309024768 102400 0 0 0 2592 0 306801491
1790420130032 2 63977 0 499413026 498961660 0 0 0 0 0 0 309509260 2266399 4309024768 102400 0 0 0 2592 0 306801491
1790420131058 2 75926 0 499433717 498961660 0 0 0 0 0 0 309509260 2266511 4309024768 102400 0 0 0 2592 0 306801491
1790420132083 2 83814 0 499449449 498961721 0 0 0 0 0 0 309509260 2266614 4309024768 102400 0 0 0 2592 0 306801491
1790420133107 2 28570 4132 499476595 499026343 0 0 0 0 0 0 309509260 2266781 4309082112 0 0 0 0 2592 0 306801625
1790420134147 2 15977 0 499509742 499059927 0 0 0 0 0 0 309509260 2267019 900059136 12288 0 0 0 2592 0 306896517
1790420135174 2 27908 0 499521598 499059927 0 0 0 0 0 0 309509260 2267074 3212279808 12288 0 0 0 2592 0 307131184
1790420136194 2 31996 0 499549649 499076319 0 0 0 0 0 0 309509260 2267086 81481728 1372160 0 0 0 2592 0 307283450
1790420137214 2 36217 0 499691460 499207455 0 0 0 0 0 0 309509260 2267086 618442752 1376256 16883712 0 0 2592 0 307411886
1790420138232 2 45826 0 499823948 499330371 0 0 0 0 0 0 309509260 2267086 1118162944 31223808 0 0 0 2592 0 307530204
1790420139251 2 50641 145 499943766 499436983 0 0 0 0 0 0 309509260 2267303 1564844032 8060928 0 0 0 2592 0 307703233
1790420140271 2 50416 0 500069807 499559950 0 0 0 0 0 0 309509260 2267558 2061570048 1384448 0 0 0 2592 0 307774869
1790420141290 2 54497 68 500199108 499682818 0 0 0 0 0 0 309509260 2267558 2564993024 1384448 0 0 0 2592 0 307853449
1790420142310 2 59255 16 500310442 499789474 0 0 0 0 0 0 309509260 2267558 3001274368 1384448 25583616 0 0 2592 0 308018264
1790420143328 1 64913 0 500414442 499887826 0 0 0 0 0 0 309509260 2267578 3405385728 1404928 0 0 0 2592 0 308139115
1790420144347 1 15707 0 500500817 500023407 0 0 0 0 0 0 309509260 2267578 3740610560 34566144 0 0 0 2592 0 308387658
1790420145366 2 23794 6278 500615490 500123610 0 0 0 0 0 0 309509260 2267592 4160253952 17887232 0 0 0 2592 0 308479849
1790420146385 2 4150 0 500655469 500189548 0 0 0 0 0 0 309509260 2267642 170328064 0 0 0 0 2592 0 308548240
1790420147413 2 10929 0 500668831 500193228 0 0 0 0 0 0 309509260 2267709 2127302656 8192 0 0 0 2592 0 308891194
1790420148437 2 16974 0 500675062 500193230 0 0 0 0 0 0 309509260 2268187 4304314368 12288 0 0 0 2592 0 309135516
1790420149458 2 21074 0 500680861 500193283 0 0 0 0 0 0 309509260 2268461 4304314368 12288 0 0 0 2592 0 309135516
1790420150479 2 41786 39 500714063 500205695 0 0 0 0 0 0 309509260 2268513 4304314368 12288 0 0 0 2592 0 309135516
1790420151502 2 51826 0 500724581 500206016 0 0 0 0 0 0 309509260 2268589 4304314368 212992 0 0 0 2592 0 309135516
1790420152524 2 37686 5548 500731352 500221385 0 0 0 0 0 0 309509260 2268592 4304363520 61440 4096 0 0 2592 0 309135516
1790420153555 2 5009 0 500737146 500265298 0 0 0 0 0 0 309509260 2268695 712990720 8192 0 0 0 2592 0 309183950
1790420154582 2 10769 0 500742872 500265298 0 0 0 0 0 0 309509260 2268772 3038461952 8192 0 0 0 2592 0 309434350
