1790418517383 0 0 0 452545911 452248931 0 0 0 0 0 0 309509260 1009340 - - - - - - - -
1790418518464 0 91 0 452617505 452320434 0 0 0 0 0 0 309509260 1014335 38612992 126976 0 0 0 2592 0 80921904
1790418519491 0 94 0 452617508 452320434 0 0 0 0 0 0 309509260 1023727 78065664 139264 0 0 0 2592 0 81668381
1790418520513 0 94 0 452617508 452320434 0 0 0 0 0 0 309509260 1033043 116215808 139264 0 0 0 2592 0 82142504
1790418521537 0 94 0 452617508 452320434 0 0 0 0 0 0 309509260 1042602 155369472 139264 0 0 0 2592 0 82786238
1790418522560 0 94 0 452617508 452320434 0 0 0 0 0 0 309509260 1052207 194695168 139264 0 0 0 2592 0 83220376
1790418523583 0 37 0 452617508 452320491 0 0 0 0 0 0 309509260 1061503 232824832 139264 0 0 0 2592 0 83939015
1790418524606 0 41 0 452617512 452320491 0 0 0 0 0 0 309509260 1071003 271708160 143360 0 0 0 2592 0 84324261
1790418525625 0 43 0 452617514 452320491 0 0 0 0 0 0 309509260 1075107 289296384 151552 0 0 0 2592 0 84515055
1790418526643 0 43 0 452617514 452320491 0 0 0 0 0 0 309509260 1075107 289296384 151552 0 0 0 2592 0 84515055
1790418527662 0 43 0 452617514 452320491 0 0 0 0 0 0 309509260 1075107 289296384 151552 0 0 0 2592 0 84515055
1790418528682 0 43 0 452617514 452320491 0 0 0 0 0 0 309509260 1075107 289296384 151552 0 0 0 2592 0 84515055
1790418529728 0 94 0 452617574 452320500 0 0 0 0 0 0 309509260 1079723 22523904 131072 0 0 0 2592 0 84643232
1790418530781 0 92 0 452617607 452320535 0 0 0 0 0 0 309509260 1089467 65818624 135168 0 0 0 2592 0 85415578
1790418531803 0 92 0 452617607 452320535 0 0 0 0 0 0 309509260 1099035 105062400 135168 0 0 0 2592 0 85910181
1790418532826 0 92 0 452617607 452320535 0 0 0 0 0 0 309509260 1108367 143249408 135168 0 0 0 2592 0 86570331
1790418533849 0 92 0 452617607 452320535 0 0 0 0 0 0 309509260 1117714 181489664 135168 0 0 0 2592 0 87117267
1790418534872 0 62 0 452617616 452320576 0 0 0 0 0 0 309509260 1127031 219734016 143360 0 0 0 2592 0 87596703
1790418535895 0 42 0 452617616 452320594 0 0 0 0 0 0 309509260 1136325 257781760 143360 0 0 0 2592 0 88009757
1790418536913 0 76965 58 452697468 452323428 0 0 0 0 0 0 309509260 1143230 300777472 292368384 0 0 0 2592 0 88493095
1790418537942 0 91 0 452754779 452457681 0 0 0 0 0 0 309509260 1143637 18354176 24576 0 0 0 2592 0 88500227
1790418538971 0 90 0 452754815 452457713 0 0 0 0 0 0 309509260 1152677 57450496 135168 0 0 0 2592 0 89262336
1790418539994 0 90 0 452754815 452457713 0 0 0 0 0 0 309509260 1161753 94658560 135168 0 0 0 2592 0 89743059
1790418541018 0 90 0 452754815 452457713 0 0 0 0 0 0 309509260 1170753 131477504 135168 0 0 0 2592 0 90440411
1790418542042 0 90 0 452754815 452457713 0 0 0 0 0 0 309509260 1179793 168538112 135168 0 0 0 2592 0 91199024
1790418543064 0 41 0 452754823 452457770 0 0 0 0 0 0 309509260 1188918 205926400 143360 0 0 0 2592 0 91958806
1790418544087 0 41 0 452754823 452457770 0 0 0 0 0 0 309509260 1198061 243351552 143360 0 0 0 2592 0 92719353
1790418545116 0 41 0 452754823 452457770 0 0 0 0 0 0 309509260 1207058 279998464 143360 0 0 0 2592 0 93151026
1790418546140 0 41 0 452754823 452457770 0 0 0 0 0 0 309509260 1216024 316940288 143360 0 0 0 2592 0 93583872
1790418547163 0 41 0 452754823 452457770 0 0 0 0 0 0 309509260 1225115 354119680 143360 0 0 0 2592 0 94056402
1790418548187 0 41 0 452754823 452457770 0 0 0 0 0 0 309509260 1234113 390991872 143360 0 0 0 2592 0 94575226
1790418549211 0 41 0 452754823 452457770 0 0 0 0 0 0 309509260 1243082 427749376 143360 0 0 0 2592 0 95036802
1790418550235 0 41 0 452754823 452457770 0 0 0 0 0 0 309509260 1252076 464609280 143360 0 0 0 2592 0 95789084
1790418551257 0 41 0 452754823 452457770 0 0 0 0 0 0 309509260 1261205 502042624 143360 0 0 0 2592 0 96392026
1790418552280 0 41 0 452754823 452457770 0 0 0 0 0 0 309509260 1270130 538533888 143360 0 0 0 2592 0 96896090
1790418553300 0 43 0 452754825 452457770 0 0 0 0 0 0 309509260 1274510 557244416 151552 0 0 0 2592 0 97231136
1790418554318 0 43 0 452754825 452457770 0 0 0 0 0 0 309509260 1274510 557244416 151552 0 0 0 2592 0 97231136
1790418555337 0 44 0 452754826 452457770 0 0 0 0 0 0 309509260 1274510 557244416 155648 0 0 0 2592 0 97231136
1790418556357 0 44 0 452754826 452457770 0 0 0 0 0 0 309509260 1274510 557248512 159744 0 0 0 2592 0 97231136
1790418557403 0 56 0 452754885 452457817 0 0 0 0 0 0 309509260 1278599 20574208 131072 0 0 0 2592 0 97453261
1790418558456 0 91 0 452754920 452457817 0 0 0 0 0 0 309509260 1287980 62177280 135168 0 0 0 2592 0 97854405
1790418559479 0 91 0 452754920 452457817 0 0 0 0 0 0 309509260 1297403 100818944 135168 0 0 0 2592 0 98377211
1790418560503 0 91 0 452754920 452457817 0 0 0 0 0 0 309509260 1306481 138006528 135168 0 0 0 2592 0 99135865
1790418561526 0 91 0 452754920 452457817 0 0 0 0 0 0 309509260 1315544 175108096 135168 0 0 0 2592 0 99894341
1790418562549 0 88 0 452754920 452457821 0 0 0 0 0 0 309509260 1324480 211746816 143360 0 0 0 2592 0 100456249
1790418563572 0 41 0 452754928 452457875 0 0 0 0 0 0 309509260 1333654 249315328 143360 0 0 0 2592 0 101215196
1790418564595 0 41 0 452754928 452457875 0 0 0 0 0 0 309509260 1342796 286736384 143360 0 0 0 2592 0 101825698
1790418565618 0 41 0 452754928 452457875 0 0 0 0 0 0 309509260 1351834 323792896 143360 0 0 0 2592 0 102583558
1790418566641 0 41 0 452754928 452457875 0 0 0 0 0 0 309509260 1360973 361189376 143360 0 0 0 2592 0 103105097
1790418567670 0 41 0 452754928 452457875 0 0 0 0 0 0 309509260 1370135 398520320 143360 0 0 0 2592 0 103801309
1790418568693 0 41 0 452754928 452457875 0 0 0 0 0 0 309509260 1379209 435871744 143360 0 0 0 2592 0 104184552
1790418569715 0 41 0 452754928 452457875 0 0 0 0 0 0 309509260 1388341 473288704 143360 0 0 0 2592 0 104820115
1790418570739 0 41 0 452754928 452457875 0 0 0 0 0 0 309509260 1397360 510255104 143360 0 0 0 2592 0 105575572
1790418571761 0 41 0 452754928 452457875 0 0 0 0 0 0 309509260 1406364 547110912 143360 0 0 0 2592 0 106332735
1790418572779 0 263317 1679 453023070 452460927 0 0 0 0 0 0 309509260 1408172 1094987776 1086464000 0 0 0 2592 0 106386870
1790418573803 0 15219 9194 453023058 452701628 0 0 0 0 0 0 309509260 1408172 1095024640 107896832 17031168 0 0 2592 0 106388847
1790418574833 0 0 0 453023199 452726144 0 0 0 0 0 0 309509260 1408377 659808256 131072 0 0 0 2592 0 106563915
1790418575857 0 94 0 453023282 452726144 0 0 0 0 0 0 309509260 1408433 1094209536 143360 0 0 0 2592 0 106644243
1790418576876 0 94 0 453023282 452726144 0 0 0 0 0 0 309509260 1408433 1094209536 143360 0 0 0 2592 0 106644243
1790418577895 0 94 0 453023282 452726144 0 0 0 0 0 0 309509260 1408449 1096388608 143360 0 0 0 2592 0 106644671
1790418578915 0 94 0 453023282 452726144 0 0 0 0 0 0 309509260 1408449 1096388608 143360 0 0 0 2592 0 106644671
1790418579949 0 114 0 453023337 452726179 0 0 0 0 0 0 309509260 1409691 270336000 131072 0 0 0 2592 0 106754495
1790418580976 0 92 0 453023383 452726247 0 0 0 0 0 0 309509260 1411006 1075179520 135168 0 0 0 2592 0 107285742
1790418581996 0 331192 0 453357427 452729079 0 0 0 0 0 0 309509260 1411006 1340858368 1332178944 0 0 0 2592 0 107320365
1790418583019 0 389659 4088 453553708 452862830 0 0 0 0 0 0 309509260 1411008 2169069568 1628848128 17047552 0 0 2592 0 107320779
1790418584042 0 159059 2045 453553709 453095529 0 0 0 0 0 0 309509260 1411008 2169069568 664768512 7020544 0 0 2592 0 107320779
1790418585074 0 90 0 453554038 453256872 0 0 0 0 0 0 309509260 1411116 284934144 131072 0 0 0 2592 0 107385961
1790418586101 0 91 0 453554039 453256872 0 0 0 0 0 0 309509260 1411261 1936867328 135168 0 0 0 2592 0 107725647
1790418587119 0 94 0 453554042 453256872 0 0 0 0 0 0 309509260 1411269 2168176640 147456 0 0 0 2592 0 107736629
1790418588139 0 94 0 453554042 453256872 0 0 0 0 0 0 309509260 1411269 2168176640 147456 0 0 0 2592 0 107736629
1790418589159 0 94 0 453554042 453256872 0 0 0 0 0 0 309509260 1411269 2168176640 147456 0 0 0 2592 0 107736629
1790418590178 0 44 0 453554050 453256930 0 0 0 0 0 0 309509260 1411269 2168176640 159744 0 0 0 2592 0 107736629
1790418591215 0 89 0 453554142 453256977 0 0 0 0 0 0 309509260 1412568 574136320 131072 0 0 0 2592 0 107961188
1790418592241 0 90 0 453554143 453256977 0 0 0 0 0 0 309509260 1413808 2085281792 135168 0 0 0 2592 0 108269585
1790418593260 0 280809 0 453837782 453259809 0 0 0 0 0 0 309509260 1413835 1134837760 1125261312 0 0 0 2592 0 108298575
1790418594279 0 575146 2040 454202559 453328212 0 0 0 0 0 0 309509260 1413835 2629341184 2339987456 8388608 0 0 2592 0 108298575
1790418595303 0 549767 4019 454395892 453544873 0 0 0 0 0 0 309509260 1413854 3436793856 2281156608 8593408 0 0 2592 0 108333421
1790418596330 0 434583 4096 454570241 453834454 0 0 0 0 0 0 309509260 1413854 4157591552 1794596864 7507968 0 0 2592 0 108333421
1790418597354 0 153969 9847 454609537 454148613 0 0 0 0 0 0 309509260 1413856 4321206272 687767552 25165824 0 0 2592 0 108334309
1790418598401 0 39 0 454609965 454312818 0 0 0 0 0 0 309509260 1413935 17956864 0 0 0 0 2592 0 108335272
1790418599430 0 93 0 454610019 454312818 0 0 0 0 0 0 309509260 1413996 1412665344 135168 0 0 0 2592 0 108867440
1790418600448 0 93 0 454610019 454312818 0 0 0 0 0 0 309509260 1414079 3263754240 135168 0 0 0 2592 0 109329519
1790418601468 0 95 0 454610021 454312818 0 0 0 0 0 0 309509260 1414128 4315680768 143360 0 0 0 2592 0 109554980
1790418602487 0 119 0 454610045 454312818 0 0 0 0 0 0 309509260 1414128 4315680768 143360 0 0 0 2592 0 109554980
1790418603507 0 47 0 454610057 454312902 0 0 0 0 0 0 309509260 1414128 4315680768 155648 0 0 0 2592 0 109554980
1790418604528 0 47 0 454610057 454312902 0 0 0 0 0 0 309509260 1414128 4315680768 155648 0 0 0 2592 0 109554980
1790418605589 0 75 0 454610133 454312950 0 0 0 0 0 0 309509260 1414290 8994816 131072 0 0 0 2592 0 109567770
1790418606623 0 93 0 454610157 454312956 0 0 0 0 0 0 309509260 1415687 1616535552 135168 0 0 0 2592 0 110090031
1790418607641 0 93 0 454610157 454312956 0 0 0 0 0 0 309509260 1416447 3336212480 135168 0 0 0 2592 0 110597039
1790418608667 0 8900 0 454621820 454315788 0 0 0 0 0 0 309509260 1416676 23633920 12963840 0 0 0 2592 0 110832337
1790418609688 0 411894 0 455024829 454315788 0 0 0 0 0 0 309509260 1416676 1674285056 1663614976 0 0 0 2592 0 110832337
1790418610707 0 526476 13 455292188 454468481 0 0 0 0 0 0 309509260 1416676 2767609856 2131783680 0 0 0 2592 0 110832337
1790418611726 0 570912 2036 455542827 454672614 0 0 0 0 0 0 309509260 1416676 3794706432 2332205056 16777216 0 0 2592 0 110832337
1790418612748 0 384266 2036 455665329 454981914 0 0 0 0 0 0 309509260 1416678 4319084544 1590665216 14372864 0 0 2592 0 110832830
1790418613771 0 54463 12288 455665682 455301791 0 0 0 0 0 0 309509260 1416678 4319084544 250060800 31092736 0 0 2592 0 110832830
1790418614819 0 60 0 455665791 455368591 0 0 0 0 0 0 309509260 1416770 585121792 131072 0 0 0 2592 0 110853530
1790418615852 0 93 0 455665824 455368591 0 0 0 0 0 0 309509260 1416828 2933047296 135168 0 0 0 2592 0 111138779
1790418616871 0 95 0 455665826 455368591 0 0 0 0 0 0 309509260 1416858 4316069888 143360 0 0 0 2592 0 111208350
1790418617890 0 95 0 455665826 455368591 0 0 0 0 0 0 309509260 1416858 4316069888 143360 0 0 0 2592 0 111208350
1790418618910 0 95 0 455665826 455368591 0 0 0 0 0 0 309509260 1416858 4316069888 143360 0 0 0 2592 0 111208350
1790418619931 0 100 0 455665834 455368594 0 0 0 0 0 0 309509260 1416858 4316069888 155648 0 0 0 2592 0 111208350
1790418620979 0 39 0 455665876 455368697 0 0 0 0 0 0 309509260 1417019 3366912 0 0 0 0 2592 0 111222485
1790418622009 0 91 0 455665928 455368697 0 0 0 0 0 0 309509260 1418053 2013327360 135168 0 0 0 2592 0 111573391
1790418623028 0 91 0 455665928 455368697 0 0 0 0 0 0 309509260 1418697 4180234240 135168 0 0 0 2592 0 111914652
1790418624047 0 183489 0 455852241 455371529 0 0 0 0 0 0 309509260 1418726 742715392 731975680 0 0 0 2592 0 111970505
1790418625066 0 529630 0 456198299 455371529 0 0 0 0 0 0 309509260 1418726 2162118656 2151378944 0 0 0 2592 0 111970505
1790418626085 0 565589 2040 456429821 455565020 0 0 0 0 0 0 309509260 1418726 3110891520 2311426048 0 0 0 2592 0 111970505
1790418627104 0 548535 4088 456675654 455825853 0 0 0 0 0 0 309509260 1418726 4113440768 2242703360 16777216 0 0 2592 0 111970505
1790418628125 0 211994 47252 456721054 456164635 0 0 0 0 0 0 309509260 1418728 4318908416 985698304 100663296 0 0 2592 0 111970508
1790418629146 0 0 0 456721197 456424025 0 0 0 0 0 0 309509260 1418766 3016495104 0 0 0 0 2592 0 111972949
1790418630216 0 94 0 456721291 456424025 0 0 0 0 0 0 309509260 1418818 1937920000 135168 0 0 0 2592 0 112068400
1790418631260 0 96 0 456721293 456424025 0 0 0 0 0 0 309509260 1418835 4315684864 143360 0 0 0 2592 0 112239213
1790418632280 0 96 0 456721293 456424025 0 0 0 0 0 0 309509260 1418835 4315684864 143360 0 0 0 2592 0 112239213
1790418633300 0 96 0 456721293 456424025 0 0 0 0 0 0 309509260 1418835 4315684864 143360 0 0 0 2592 0 112239213
1790418634320 0 104 0 456721301 456424025 0 0 0 0 0 0 309509260 1418835 4315684864 155648 0 0 0 2592 0 112239213
1790418635355 0 8 0 456721301 456424121 0 0 0 0 0 0 309509260 1418887 2467704832 0 0 0 0 2592 0 112244190
1790418636417 0 92 0 456721394 456424130 0 0 0 0 0 0 309509260 1419345 2031083520 135168 0 0 0 2592 0 112424599
1790418637457 0 94 0 456721396 456424130 0 0 0 0 0 0 309509260 1419633 3128799232 106496 0 0 0 2592 0 112645899
1790418638476 0 164791 0 456886714 456424661 0 0 0 0 0 0 309509260 1419649 685445120 672739328 0 0 0 2592 0 112678590
1790418639494 0 394139 0 457116094 456424661 0 0 0 0 0 0 309509260 1419649 1626841088 1614135296 0 0 0 2592 0 112678590
1790418640513 0 530353 2040 457326021 456496307 0 0 0 0 0 0 309509260 1419649 2465710080 2168180736 8388608 0 0 2592 0 112678590
1790418641532 0 550774 8192 457504524 456648354 0 0 0 0 0 0 309509260 1419649 3217891328 2255970304 33554432 0 0 2592 0 112678590
1790418642551 0 541218 73 457690581 456852082 0 0 0 0 0 0 309509260 1419649 3975667712 2212679680 0 0 0 2592 0 112678590
1790418643582 0 332328 2048 457771662 457140082 0 0 0 0 0 0 309509260 1419651 4311261184 1419304960 16777216 0 0 2592 0 112678642
1790418644605 0 0 0 457771881 457474677 0 0 0 0 0 0 309509260 1419680 4159737856 0 0 0 0 2592 0 112681438
1790418645743 0 67 0 457771964 457474693 0 0 0 0 0 0 309509260 1419720 2022535168 28672 0 0 0 2592 0 112774463
1790418646826 0 69 0 457771966 457474693 0 0 0 0 0 0 309509260 1419724 4306092032 36864 0 0 0 2592 0 112855536
1790418647844 0 69 0 457771966 457474693 0 0 0 0 0 0 309509260 1419724 4306092032 36864 0 0 0 2592 0 112855536
1790418648864 0 69 0 457771966 457474693 0 0 0 0 0 0 309509260 1419724 4306092032 36864 0 0 0 2592 0 112855536
1790418649884 0 19 0 457771976 457474753 0 0 0 0 0 0 309509260 1419724 4306092032 49152 0 0 0 2592 0 112855536
1790418650920 0 10 0 457771976 457474762 0 0 0 0 0 0 309509260 1419776 650194944 0 0 0 0 2592 0 112865787
1790418652047 0 65 0 457772043 457474774 0 0 0 0 0 0 309509260 1419956 3161534464 28672 0 0 0 2592 0 112991530
