1790418668198 0 382 0 457772424 457474832 0 0 0 0 0 0 309509260 1419997 - - - - - - - -
1790418669254 0 90 0 457843928 457546663 0 0 0 0 0 0 309509260 1420116 303124480 131072 0 0 0 2592 0 113071690
1790418670274 0 92 0 457844011 457546709 0 0 0 0 0 0 309509260 1420117 303669248 143360 0 0 0 2592 0 113071695
1790418671293 0 94 0 457844013 457546709 0 0 0 0 0 0 309509260 1420117 303669248 143360 0 0 0 2592 0 113071695
1790418672312 0 94 0 457844013 457546709 0 0 0 0 0 0 309509260 1420117 303669248 143360 0 0 0 2592 0 113071695
1790418673342 0 12971 0 457859876 457549605 0 0 0 0 0 0 309509260 1420208 27361280 21127168 0 0 0 2592 0 113087903
1790418674391 0 0 0 457981271 457684017 0 0 0 0 0 0 309509260 1420300 134791168 122880 0 0 0 2592 0 113095851
1790418675424 0 92 0 457981351 457684017 0 0 0 0 0 0 309509260 1420301 570126336 143360 0 0 0 2592 0 113097636
1790418676443 0 94 0 457981353 457684017 0 0 0 0 0 0 309509260 1420301 570126336 143360 0 0 0 2592 0 113097636
1790418677462 0 94 0 457981353 457684017 0 0 0 0 0 0 309509260 1420301 570126336 143360 0 0 0 2592 0 113097636
1790418678481 0 94 0 457981353 457684017 0 0 0 0 0 0 309509260 1420301 570126336 143360 0 0 0 2592 0 113097636
1790418679509 0 162692 0 458146939 457686952 0 0 0 0 0 0 309509260 1420393 638152704 631857152 0 0 0 2592 0 113115380
1790418680543 0 38771 2048 458249605 457911512 0 0 0 0 0 0 309509260 1420396 1094619136 188870656 10121216 0 0 2592 0 113116072
1790418681588 0 93 0 458249841 457952474 0 0 0 0 0 0 309509260 1420485 1106280448 139264 0 0 0 2592 0 113121852
1790418682612 0 94 0 458249842 457952474 0 0 0 0 0 0 309509260 1420486 1108066304 143360 0 0 0 2592 0 113121897
1790418683631 0 94 0 458249842 457952474 0 0 0 0 0 0 309509260 1420486 1108066304 143360 0 0 0 2592 0 113121897
1790418684651 0 94 0 458249842 457952474 0 0 0 0 0 0 309509260 1420486 1108066304 143360 0 0 0 2592 0 113121897
1790418685683 0 111 0 458249897 457952513 0 0 0 0 0 0 309509260 1420578 93302784 131072 0 0 0 2592 0 113148232
1790418686713 0 212528 58 458465400 457955411 0 0 0 0 0 0 309509260 1420579 853389312 846082048 0 0 0 2592 0 113170636
1790418687735 0 457223 1403 458780287 458024804 0 0 0 0 0 0 309509260 1420581 2167808000 1897922560 6230016 0 0 2592 0 113170638
1790418688758 0 216289 4096 458780288 458262597 0 0 0 0 0 0 309509260 1420581 2167808000 902455296 8388608 0 0 2592 0 113170638
1790418689799 0 0 0 458780541 458483192 0 0 0 0 0 0 309509260 1420670 25161728 81920 0 0 0 2592 0 113175235
1790418690853 0 92 0 458780590 458483192 0 0 0 0 0 0 309509260 1420671 1557671936 135168 0 0 0 2592 0 113681770
1790418691872 0 95 0 458780593 458483192 0 0 0 0 0 0 309509260 1420671 2183405568 147456 0 0 0 2592 0 113828087
1790418692891 0 95 0 458780593 458483192 0 0 0 0 0 0 309509260 1420671 2183405568 147456 0 0 0 2592 0 113828087
1790418693911 0 95 0 458780593 458483192 0 0 0 0 0 0 309509260 1420671 2183405568 147456 0 0 0 2592 0 113828087
1790418694930 0 36 1 458780593 458483250 0 0 0 0 0 0 309509260 1420671 2183405568 159744 0 0 0 2592 0 113828087
1790418696094 0 92 0 458780696 458483298 0 0 0 0 0 0 309509260 1420765 487026688 131072 0 0 0 2592 0 113962985
1790418697183 0 93 0 458780697 458483298 0 0 0 0 0 0 309509260 1420766 2076647424 135168 0 0 0 2592 0 114491002
1790418698202 0 266708 0 459050300 458486130 0 0 0 0 0 0 309509260 1420782 1079345152 1067970560 0 0 0 2592 0 114570120
1790418699220 0 533387 0 459405982 458575260 0 0 0 0 0 0 309509260 1420782 2536321024 2159960064 0 0 0 2592 0 114570120
1790418700245 0 428032 2036 459604999 458877593 0 0 0 0 0 0 309509260 1420782 3370192896 1773637632 16777216 0 0 2592 0 114570120
1790418701267 0 199459 2052 459694375 459195440 0 0 0 0 0 0 309509260 1420782 3717586944 820572160 8388608 0 0 2592 0 114570120
1790418702290 0 70469 4083 459836479 459464625 0 0 0 0 0 0 309509260 1420784 4319625216 333180928 16359424 0 0 2592 0 114570836
1790418703342 0 91 0 459836959 459539530 0 0 0 0 0 0 309509260 1420863 652111872 131072 0 0 0 2592 0 114583642
1790418704381 0 92 0 459836960 459539530 0 0 0 0 0 0 309509260 1420864 3909357568 135168 0 0 0 2592 0 114600684
1790418705400 0 95 0 459836963 459539530 0 0 0 0 0 0 309509260 1420864 4332015616 147456 0 0 0 2592 0 114600982
1790418706419 0 95 0 459836963 459539530 0 0 0 0 0 0 309509260 1420864 4332015616 147456 0 0 0 2592 0 114600982
1790418707439 0 95 0 459836963 459539530 0 0 0 0 0 0 309509260 1420864 4332015616 147456 0 0 0 2592 0 114600982
1790418708460 0 36 0 459836963 459539589 0 0 0 0 0 0 309509260 1420864 4332015616 159744 0 0 0 2592 0 114600982
1790418709515 0 91 0 459837065 459539636 0 0 0 0 0 0 309509260 1420958 1128288256 131072 0 0 0 2592 0 114619523
1790418710552 0 93 0 459837067 459539636 0 0 0 0 0 0 309509260 1420959 4332154880 143360 0 0 0 2592 0 114635746
1790418711571 0 234444 0 460074340 459542468 0 0 0 0 0 0 309509260 1420959 946569216 935899136 0 0 0 2592 0 114661235
1790418712591 0 550821 3363 460448947 459597257 0 0 0 0 0 0 309509260 1420959 2488180736 2262757376 15306752 0 0 2592 0 114661235
1790418713611 0 543411 2060 460707405 459864421 0 0 0 0 0 0 309509260 1420959 3539492864 2227474432 8388608 0 0 2592 0 114661235
1790418714635 0 403126 6088 460892268 460185684 0 0 0 0 0 0 309509260 1420961 4319145984 1679749120 16224256 0 0 2592 0 114662379
1790418715656 0 70864 2103 460892268 460521882 0 0 0 0 0 0 309509260 1420980 4322443264 311005184 4182016 0 0 2592 0 114824096
1790418716708 0 91 0 460892743 460595282 0 0 0 0 0 0 309509260 1421057 707584000 131072 0 0 0 2592 0 114841994
1790418717745 0 92 0 460892744 460595282 0 0 0 0 0 0 309509260 1421058 3474202624 135168 0 0 0 2592 0 114970865
1790418718764 0 94 0 460892746 460595282 0 0 0 0 0 0 309509260 1421058 4332748800 143360 0 0 0 2592 0 114986603
1790418719784 0 94 0 460892746 460595282 0 0 0 0 0 0 309509260 1421058 4332748800 143360 0 0 0 2592 0 114986603
1790418720803 0 94 0 460892746 460595282 0 0 0 0 0 0 309509260 1421058 4332748800 143360 0 0 0 2592 0 114986603
1790418721824 0 103 0 460892755 460595282 0 0 0 0 0 0 309509260 1421058 4332748800 155648 0 0 0 2592 0 114986603
1790418722876 0 0 0 460892755 460595385 0 0 0 0 0 0 309509260 1421152 654233600 131072 0 0 0 2592 0 115022307
1790418723910 0 94 0 460892851 460595387 0 0 0 0 0 0 309509260 1421153 3401318400 135168 0 0 0 2592 0 115179153
1790418724929 0 70831 0 460966535 460598219 0 0 0 0 0 0 309509260 1421153 276201472 266825728 0 0 0 2592 0 115256762
1790418725948 0 417295 0 461313020 460598219 0 0 0 0 0 0 309509260 1421153 1700200448 1690828800 0 0 0 2592 0 115256762
1790418726971 0 541866 4392 461577403 460734091 0 0 0 0 0 0 309509260 1421153 2797838336 2249420800 8388608 0 0 2592 0 115256762
1790418727994 0 563438 12288 461823115 460949987 0 0 0 0 0 0 309509260 1421153 3807428608 2307842048 50331648 0 0 2592 0 115256762
1790418729018 0 332854 4745 461947693 461313267 0 0 0 0 0 0 309509260 1421155 4317556736 1388486656 25165824 0 0 2592 0 115257015
1790418730044 0 55 0 461948106 461650649 0 0 0 0 0 0 309509260 1421192 4319076352 0 0 0 0 2592 0 115259438
1790418731120 0 91 0 461948197 461650704 0 0 0 0 0 0 309509260 1421244 1647820800 135168 0 0 0 2592 0 115301136
1790418732166 0 93 0 461948199 461650704 0 0 0 0 0 0 309509260 1421245 4331511808 143360 0 0 0 2592 0 115410704
1790418733185 0 93 0 461948199 461650704 0 0 0 0 0 0 309509260 1421245 4331511808 143360 0 0 0 2592 0 115410704
1790418734205 0 93 0 461948199 461650704 0 0 0 0 0 0 309509260 1421245 4331511808 143360 0 0 0 2592 0 115410704
1790418735225 0 86 7 461948199 461650704 0 0 0 0 0 0 309509260 1421245 4331511808 143360 0 0 0 2592 0 115410704
1790418736244 0 45 0 461948209 461650762 0 0 0 0 0 0 309509260 1421285 3025293312 0 0 0 0 2592 0 115411074
1790418737321 0 91 0 461948299 461650806 0 0 0 0 0 0 309509260 1421338 2284838912 135168 0 0 0 2592 0 115503301
1790418738368 0 62 0 461948302 461650806 0 0 0 0 0 0 309509260 1421339 9232384 16384 0 0 0 2592 0 115580100
1790418739386 0 223780 0 462172674 461651337 0 0 0 0 0 0 309509260 1421339 920236032 909537280 0 0 0 2592 0 115592188
1790418740405 0 459736 0 462408526 461651337 0 0 0 0 0 0 309509260 1421339 1864273920 1853571072 0 0 0 2592 0 115592188
1790418741424 0 549679 0 462613307 461766165 0 0 0 0 0 0 309509260 1421339 2710446080 2229653504 0 0 0 2592 0 115592188
1790418742443 0 492157 6 462787625 461997932 0 0 0 0 0 0 309509260 1421339 3436838912 2007126016 0 0 0 2592 0 115593695
1790418743465 0 543443 4092 462998596 462153609 0 0 0 0 0 0 309509260 1421341 4309303296 2250661888 8388608 0 0 2592 0 115595707
1790418744490 0 252486 10232 462998580 462438400 0 0 0 0 0 0 309509260 1421341 4309303296 1075421184 33554432 0 0 2592 0 115595707
1790418745508 0 15 0 462998814 462701364 0 0 0 0 0 0 309509260 1421378 3482533888 0 0 0 0 2592 0 115597445
1790418746664 0 65 0 462998878 462701379 0 0 0 0 0 0 309509260 1421416 2381709312 28672 0 0 0 2592 0 115666867
1790418747753 0 67 0 462998880 462701379 0 0 0 0 0 0 309509260 1421417 4309463040 36864 0 0 0 2592 0 115736522
1790418748772 0 67 0 462998880 462701379 0 0 0 0 0 0 309509260 1421417 4309463040 36864 0 0 0 2592 0 115736522
1790418749792 0 67 0 462998880 462701379 0 0 0 0 0 0 309509260 1421417 4309463040 36864 0 0 0 2592 0 115736522
1790418750812 0 12 0 462998880 462701434 0 0 0 0 0 0 309509260 1421417 4309463040 36864 0 0 0 2592 0 115736522
1790418751969 0 65 0 462998954 462701455 0 0 0 0 0 0 309509260 1421497 486744064 24576 0 0 0 2592 0 115778568
1790418753055 0 66 0 462998955 462701455 0 0 0 0 0 0 309509260 1421498 4039811072 28672 0 0 0 2592 0 115932821
