1790420340824 0 0 0 501008356 500464544 0 0 0 0 0 0 309509260 2270482 - - - - - - - -
1790420341885 0 0 3 501079870 500536055 0 0 0 0 0 0 309509260 2270752 17276928 0 0 0 0 2592 0 309649955
1790420342912 0 91 0 501079961 500536058 0 0 0 0 0 0 309509260 2279901 56520704 135168 0 0 0 2592 0 310339138
1790420343941 0 93 0 501079963 500536058 0 0 0 0 0 0 309509260 2289333 95006720 135168 0 0 0 2592 0 310979416
1790420344979 0 93 0 501079963 500536058 0 0 0 0 0 0 309509260 2298995 133361664 135168 0 0 0 2592 0 311514404
1790420346030 0 93 0 501079963 500536058 0 0 0 0 0 0 309509260 2308135 174440448 135168 0 0 0 2592 0 312247024
1790420347053 0 40 0 501079970 500536118 0 0 0 0 0 0 309509260 2317321 212054016 135168 0 0 0 2592 0 312994911
1790420348076 0 40 0 501079970 500536118 0 0 0 0 0 0 309509260 2326640 250224640 135168 0 0 0 2592 0 313673697
1790420349100 0 40 0 501079970 500536118 0 0 0 0 0 0 309509260 2335798 287694848 135168 0 0 0 2592 0 314423723
1790420350118 0 42 0 501079972 500536118 0 0 0 0 0 0 309509260 2336263 290418688 143360 0 0 0 2592 0 314425736
1790420351137 0 42 0 501079972 500536118 0 0 0 0 0 0 309509260 2336263 290418688 143360 0 0 0 2592 0 314425736
1790420352156 0 42 0 501079972 500536118 0 0 0 0 0 0 309509260 2336263 290418688 143360 0 0 0 2592 0 314425736
1790420353175 0 43 0 501079973 500536118 0 0 0 0 0 0 309509260 2336263 290418688 143360 0 0 0 2592 0 314425736
1790420354193 0 43 0 501079973 500536118 0 0 0 0 0 0 309509260 2336263 290418688 143360 0 0 0 2592 0 314425736
1790420355212 0 43 0 501079973 500536118 0 0 0 0 0 0 309509260 2336263 290418688 143360 0 0 0 2592 0 314425736
1790420356231 0 43 0 501079973 500536118 0 0 0 0 0 0 309509260 2336263 290418688 143360 0 0 0 2592 0 314425736
1790420357250 0 35 0 501079973 500536126 0 0 0 0 0 0 309509260 2336263 290418688 143360 0 0 0 2592 0 314425736
1790420358270 0 36 0 501079974 500536126 0 0 0 0 0 0 309509260 2336263 290418688 143360 0 0 0 2592 0 314425736
1790420359289 0 36 0 501079974 500536126 0 0 0 0 0 0 309509260 2336263 290418688 143360 0 0 0 2592 0 314425736
1790420360308 0 36 0 501079974 500536126 0 0 0 0 0 0 309509260 2336263 290418688 143360 0 0 0 2592 0 314425736
1790420361327 0 36 0 501079974 500536126 0 0 0 0 0 0 309509260 2336263 290418688 143360 0 0 0 2592 0 314425736
1790420362347 0 36 0 501079974 500536126 0 0 0 0 0 0 309509260 2336263 290418688 143360 0 0 0 2592 0 314425736
1790420363366 0 35 0 501079974 500536127 0 0 0 0 0 0 309509260 2336263 290418688 143360 0 0 0 2592 0 314425736
1790420364386 0 36 0 501079975 500536127 0 0 0 0 0 0 309509260 2336263 290418688 143360 0 0 0 2592 0 314425736
1790420365405 0 36 0 501079975 500536127 0 0 0 0 0 0 309509260 2336263 290418688 143360 0 0 0 2592 0 314425736
1790420366425 0 38 0 501079979 500536129 0 0 0 0 0 0 309509260 2336263 290418688 143360 0 0 0 2592 0 314425736
1790420367444 0 38 0 501079979 500536129 0 0 0 0 0 0 309509260 2336263 290418688 143360 0 0 0 2592 0 314425736
1790420368464 0 38 0 501079979 500536129 0 0 0 0 0 0 309509260 2336263 290418688 143360 0 0 0 2592 0 314425736
1790420369484 0 35 0 501079979 500536132 0 0 0 0 0 0 309509260 2336263 290418688 143360 0 0 0 2592 0 314425736
1790420370504 0 35 0 501079979 500536132 0 0 0 0 0 0 309509260 2336263 290418688 143360 0 0 0 2592 0 314425736
1790420371524 0 35 0 501079979 500536132 0 0 0 0 0 0 309509260 2336263 290418688 143360 0 0 0 2592 0 314425736
1790420372545 0 36 0 501079980 500536132 0 0 0 0 0 0 309509260 2336263 290418688 143360 0 0 0 2592 0 314425736
1790420373568 0 46 0 501079990 500536132 0 0 0 0 0 0 309509260 2336263 290418688 139264 0 0 0 2592 0 314438113
1790420374591 0 36 0 501080013 500536165 0 0 0 0 0 0 309509260 2336263 290418688 143360 0 0 0 2592 0 314438113
1790420375615 0 36 0 501080013 500536165 0 0 0 0 0 0 309509260 2336263 290418688 143360 0 0 0 2592 0 314438113
1790420376638 0 36 0 501080013 500536165 0 0 0 0 0 0 309509260 2336263 290418688 143360 0 0 0 2592 0 314438113
1790420377661 0 35 0 501080013 500536166 0 0 0 0 0 0 309509260 2336263 290418688 143360 0 0 0 2592 0 314438113
1790420378684 0 34 0 501080079 500536233 0 0 0 0 0 0 309509260 2336263 290418688 131072 0 0 0 2592 0 314438318
1790420379730 0 70 0 501080115 500536233 0 0 0 0 0 0 309509260 2337958 11026432 131072 0 0 0 2592 0 314462869
1790420380782 0 96 0 501080185 500536277 0 0 0 0 0 0 309509260 2346978 51007488 135168 0 0 0 2592 0 315218290
1790420381806 0 96 0 501080185 500536277 0 0 0 0 0 0 309509260 2356155 88633344 135168 0 0 0 2592 0 315999616
1790420382831 0 96 0 501080185 500536277 0 0 0 0 0 0 309509260 2365310 126148608 135168 0 0 0 2592 0 316595788
1790420383854 0 96 0 501080185 500536277 0 0 0 0 0 0 309509260 2374375 163291136 135168 0 0 0 2592 0 317181289
1790420384878 0 39 0 501080221 500536370 0 0 0 0 0 0 309509260 2383247 199618560 126976 0 0 0 2592 0 317862850
1790420385902 0 38 0 501080223 500536373 0 0 0 0 0 0 309509260 2392226 236343296 135168 0 0 0 2592 0 318314197
1790420386925 0 38 0 501080223 500536373 0 0 0 0 0 0 309509260 2401352 273793024 135168 0 0 0 2592 0 319053566
1790420387943 0 40 0 501080225 500536373 0 0 0 0 0 0 309509260 2404376 286916608 143360 0 0 0 2592 0 319071026
1790420388963 0 40 0 501080225 500536373 0 0 0 0 0 0 309509260 2404376 286916608 143360 0 0 0 2592 0 319071027
1790420389982 0 30 0 501080303 500536461 0 0 0 0 0 0 309509260 2404376 286916608 122880 0 0 0 2592 0 319071749
1790420391002 0 33 0 501080306 500536461 0 0 0 0 0 0 309509260 2404376 286916608 135168 0 0 0 2592 0 319071751
1790420392022 0 33 0 501080306 500536461 0 0 0 0 0 0 309509260 2404376 286916608 135168 0 0 0 2592 0 319071751
1790420393042 0 33 0 501080306 500536461 0 0 0 0 0 0 309509260 2404376 286916608 135168 0 0 0 2592 0 319071751
1790420394062 0 33 0 501080306 500536461 0 0 0 0 0 0 309509260 2404376 286916608 135168 0 0 0 2592 0 319071751
1790420395084 0 17 0 501080325 500536496 0 0 0 0 0 0 309509260 2404376 286916608 69632 0 0 0 2592 0 319073484
1790420396107 0 20 0 501080328 500536496 0 0 0 0 0 0 309509260 2404376 286916608 135168 0 0 0 2592 0 319073488
1790420397131 0 34 0 501080342 500536496 0 0 0 0 0 0 309509260 2404395 290205696 135168 0 0 0 2592 0 319073685
1790420398154 0 34 0 501080342 500536496 0 0 0 0 0 0 309509260 2404395 290205696 135168 0 0 0 2592 0 319073686
1790420399178 0 34 0 501080342 500536496 0 0 0 0 0 0 309509260 2404395 290205696 135168 0 0 0 2592 0 319073686
1790420400201 0 0 0 501080343 500536544 0 0 0 0 0 0 309509260 2404395 290205696 69632 0 0 0 2592 0 319075355
1790420401225 0 20 0 501080378 500536546 0 0 0 0 0 0 309509260 2404395 290205696 135168 0 0 0 2592 0 319075359
1790420402251 0 230391 5475 501348507 500568808 0 0 0 0 0 0 309509260 2404397 1098272768 969412608 15446016 0 0 2592 0 319083506
1790420403274 0 16410 803 501348508 500787510 0 0 0 0 0 0 309509260 2404397 1098272768 78725120 23240704 0 0 2592 0 319083506
1790420404307 0 91 0 501348730 500804795 0 0 0 0 0 0 309509260 2404602 718798848 131072 0 0 0 2592 0 319246790
1790420405333 0 94 0 501348733 500804795 0 0 0 0 0 0 309509260 2404646 1094184960 143360 0 0 0 2592 0 319352950
1790420406352 0 94 0 501348733 500804795 0 0 0 0 0 0 309509260 2404662 1096499200 143360 0 0 0 2592 0 319353522
1790420407371 0 94 0 501348733 500804795 0 0 0 0 0 0 309509260 2404662 1096499200 143360 0 0 0 2592 0 319353522
1790420408391 0 94 0 501348733 500804795 0 0 0 0 0 0 309509260 2404662 1096499200 143360 0 0 0 2592 0 319353522
1790420409410 0 43 0 501348741 500804854 0 0 0 0 0 0 309509260 2404662 1096499200 143360 0 0 0 2592 0 319353522
1790420410429 0 43 0 501348741 500804854 0 0 0 0 0 0 309509260 2404662 1096499200 143360 0 0 0 2592 0 319353522
1790420411448 0 43 0 501348741 500804854 0 0 0 0 0 0 309509260 2404662 1096499200 143360 0 0 0 2592 0 319353522
1790420412468 0 43 0 501348741 500804854 0 0 0 0 0 0 309509260 2404662 1096499200 143360 0 0 0 2592 0 319353522
1790420413488 0 43 0 501348741 500804854 0 0 0 0 0 0 309509260 2404662 1096499200 143360 0 0 0 2592 0 319353522
1790420414508 0 43 0 501348741 500804854 0 0 0 0 0 0 309509260 2404662 1096499200 143360 0 0 0 2592 0 319353522
1790420415528 0 43 0 501348741 500804854 0 0 0 0 0 0 309509260 2404662 1096499200 143360 0 0 0 2592 0 319353522
1790420416548 0 44 0 501348742 500804854 0 0 0 0 0 0 309509260 2404662 1096503296 147456 0 0 0 2592 0 319353522
1790420417568 0 44 0 501348742 500804854 0 0 0 0 0 0 309509260 2404662 1096503296 147456 0 0 0 2592 0 319353522
1790420418588 0 44 0 501348742 500804854 0 0 0 0 0 0 309509260 2404662 1096503296 147456 0 0 0 2592 0 319353522
1790420419608 0 36 0 501348742 500804862 0 0 0 0 0 0 309509260 2404662 1096503296 147456 0 0 0 2592 0 319353522
1790420420627 0 36 0 501348742 500804862 0 0 0 0 0 0 309509260 2404662 1096503296 147456 0 0 0 2592 0 319353522
1790420421647 0 37 0 501348743 500804862 0 0 0 0 0 0 309509260 2404662 1096503296 147456 0 0 0 2592 0 319353522
1790420422667 0 37 0 501348743 500804862 0 0 0 0 0 0 309509260 2404662 1096503296 147456 0 0 0 2592 0 319353522
1790420423687 0 37 0 501348743 500804862 0 0 0 0 0 0 309509260 2404662 1096503296 147456 0 0 0 2592 0 319353522
1790420424707 0 37 0 501348743 500804862 0 0 0 0 0 0 309509260 2404662 1096503296 147456 0 0 0 2592 0 319353522
1790420425727 0 37 0 501348743 500804862 0 0 0 0 0 0 309509260 2404662 1096503296 147456 0 0 0 2592 0 319353522
1790420426746 0 37 0 501348743 500804862 0 0 0 0 0 0 309509260 2404662 1096503296 147456 0 0 0 2592 0 319353522
1790420427768 0 37 0 501348744 500804863 0 0 0 0 0 0 309509260 2404662 1096503296 147456 0 0 0 2592 0 319353522
1790420428793 0 48 0 501348756 500804864 0 0 0 0 0 0 309509260 2404662 1096503296 151552 0 0 0 2592 0 319353522
1790420429818 0 48 0 501348756 500804864 0 0 0 0 0 0 309509260 2404662 1096503296 151552 0 0 0 2592 0 319353522
1790420430842 0 48 0 501348756 500804864 0 0 0 0 0 0 309509260 2404662 1096503296 151552 0 0 0 2592 0 319353522
1790420431866 0 48 0 501348756 500804864 0 0 0 0 0 0 309509260 2404662 1096503296 151552 0 0 0 2592 0 319353522
1790420432890 0 36 0 501348756 500804876 0 0 0 0 0 0 309509260 2404662 1096503296 147456 0 0 0 2592 0 319353522
1790420433911 0 36 0 501348756 500804876 0 0 0 0 0 0 309509260 2404662 1096503296 147456 0 0 0 2592 0 319353522
1790420434941 0 94 0 501348853 500804915 0 0 0 0 0 0 309509260 2406583 568418304 131072 0 0 0 2592 0 319681072
1790420435967 0 97 0 501348856 500804915 0 0 0 0 0 0 309509260 2407220 1092202496 143360 0 0 0 2592 0 319746574
1790420436988 0 97 0 501348856 500804915 0 0 0 0 0 0 309509260 2407220 1092202496 143360 0 0 0 2592 0 319746576
1790420438008 0 97 0 501348856 500804915 0 0 0 0 0 0 309509260 2407220 1092202496 143360 0 0 0 2592 0 319746578
1790420439029 0 97 0 501348856 500804915 0 0 0 0 0 0 309509260 2407220 1092202496 143360 0 0 0 2592 0 319746578
1790420440050 0 35 0 501348864 500804985 0 0 0 0 0 0 309509260 2407220 1092202496 143360 0 0 0 2592 0 319746578
1790420441071 0 35 0 501348864 500804985 0 0 0 0 0 0 309509260 2407220 1092202496 143360 0 0 0 2592 0 319746578
1790420442092 0 35 0 501348864 500804985 0 0 0 0 0 0 309509260 2407220 1092202496 143360 0 0 0 2592 0 319746578
1790420443114 0 36 0 501348865 500804985 0 0 0 0 0 0 309509260 2407220 1092206592 147456 0 0 0 2592 0 319746578
1790420444139 0 36 0 501348865 500804985 0 0 0 0 0 0 309509260 2407220 1092206592 147456 0 0 0 2592 0 319746578
1790420445163 0 23 0 501348888 500805021 0 0 0 0 0 0 309509260 2407220 1092206592 65536 0 0 0 2592 0 319763779
1790420446188 0 40 0 501348905 500805021 0 0 0 0 0 0 309509260 2407220 1092206592 135168 0 0 0 2592 0 319763780
1790420447212 0 40 0 501348905 500805021 0 0 0 0 0 0 309509260 2407220 1092206592 135168 0 0 0 2592 0 319763780
1790420448237 0 40 0 501348905 500805021 0 0 0 0 0 0 309509260 2407220 1092206592 135168 0 0 0 2592 0 319763780
1790420449262 0 42 0 501348907 500805021 0 0 0 0 0 0 309509260 2407220 1092206592 135168 0 0 0 2592 0 319766229
1790420450283 0 215569 0 501567409 500807862 0 0 0 0 0 0 309509260 2407220 867930112 859013120 0 0 0 2592 0 319769675
1790420451313 0 455707 6054 501879233 500873987 0 0 0 0 0 0 309509260 2407222 2169298944 1892564992 8388608 0 0 2592 0 319770057
1790420452340 0 197421 2505 501879234 501135432 0 0 0 0 0 0 309509260 2407222 2169298944 834838528 8388608 0 0 2592 0 319770057
1790420453359 0 1 0 501879453 501335576 0 0 0 0 0 0 309509260 2407259 1719709696 0 0 0 0 2592 0 319772926
1790420454393 0 93 0 501879575 501335606 0 0 0 0 0 0 309509260 2407421 1262374912 139264 0 0 0 2592 0 319933122
1790420455418 0 95 0 501879577 501335606 0 0 0 0 0 0 309509260 2407482 2167980032 147456 0 0 0 2592 0 320103427
1790420456437 0 95 0 501879577 501335606 0 0 0 0 0 0 309509260 2407482 2167980032 147456 0 0 0 2592 0 320103427
1790420457456 0 95 0 501879577 501335606 0 0 0 0 0 0 309509260 2407482 2167980032 147456 0 0 0 2592 0 320103427
1790420458474 0 95 0 501879577 501335606 0 0 0 0 0 0 309509260 2407482 2167980032 147456 0 0 0 2592 0 320103427
1790420459494 0 44 0 501879585 501335665 0 0 0 0 0 0 309509260 2407482 2167980032 147456 0 0 0 2592 0 320103427
1790420460512 0 44 0 501879585 501335665 0 0 0 0 0 0 309509260 2407482 2167980032 147456 0 0 0 2592 0 320103427
1790420461531 0 44 0 501879585 501335665 0 0 0 0 0 0 309509260 2407482 2167980032 147456 0 0 0 2592 0 320103427
1790420462551 0 44 0 501879585 501335665 0 0 0 0 0 0 309509260 2407482 2167980032 147456 0 0 0 2592 0 320103427
1790420463572 0 44 0 501879585 501335665 0 0 0 0 0 0 309509260 2407482 2167980032 147456 0 0 0 2592 0 320103427
1790420464592 0 44 0 501879585 501335665 0 0 0 0 0 0 309509260 2407482 2167980032 147456 0 0 0 2592 0 320103427
1790420465613 0 44 0 501879585 501335665 0 0 0 0 0 0 309509260 2407482 2167980032 147456 0 0 0 2592 0 320103427
1790420466634 0 44 0 501879585 501335665 0 0 0 0 0 0 309509260 2407498 2170159104 147456 0 0 0 2592 0 320103595
1790420467655 0 44 0 501879585 501335665 0 0 0 0 0 0 309509260 2407498 2170159104 147456 0 0 0 2592 0 320103595
1790420468675 0 44 0 501879585 501335665 0 0 0 0 0 0 309509260 2407498 2170159104 147456 0 0 0 2592 0 320103595
1790420469695 0 44 0 501879585 501335665 0 0 0 0 0 0 309509260 2407498 2170159104 147456 0 0 0 2592 0 320103595
1790420470714 0 44 0 501879585 501335665 0 0 0 0 0 0 309509260 2407498 2170159104 147456 0 0 0 2592 0 320103595
1790420471734 0 44 0 501879585 501335665 0 0 0 0 0 0 309509260 2407498 2170159104 147456 0 0 0 2592 0 320103595
1790420472754 0 44 0 501879585 501335665 0 0 0 0 0 0 309509260 2407498 2170159104 147456 0 0 0 2592 0 320103595
1790420473774 0 36 0 501879585 501335673 0 0 0 0 0 0 309509260 2407498 2170159104 147456 0 0 0 2592 0 320103595
1790420474793 0 36 0 501879585 501335673 0 0 0 0 0 0 309509260 2407498 2170159104 147456 0 0 0 2592 0 320103595
1790420475812 0 36 0 501879585 501335673 0 0 0 0 0 0 309509260 2407498 2170159104 147456 0 0 0 2592 0 320103595
1790420476832 0 36 0 501879585 501335673 0 0 0 0 0 0 309509260 2407498 2170159104 147456 0 0 0 2592 0 320103595
1790420477854 0 37 0 501879586 501335673 0 0 0 0 0 0 309509260 2407498 2170159104 147456 0 0 0 2592 0 320103595
1790420478878 0 37 0 501879586 501335673 0 0 0 0 0 0 309509260 2407498 2170159104 147456 0 0 0 2592 0 320103595
1790420479903 0 37 0 501879586 501335673 0 0 0 0 0 0 309509260 2407498 2170159104 147456 0 0 0 2592 0 320103595
1790420480927 0 37 0 501879586 501335673 0 0 0 0 0 0 309509260 2407498 2170159104 147456 0 0 0 2592 0 320103595
1790420481952 0 36 0 501879586 501335674 0 0 0 0 0 0 309509260 2407498 2170159104 147456 0 0 0 2592 0 320103595
1790420482977 0 37 0 501879587 501335674 0 0 0 0 0 0 309509260 2407498 2170159104 147456 0 0 0 2592 0 320103595
1790420483998 0 3 18 501879587 501335690 0 0 0 0 0 0 309509260 2407539 2171891712 0 0 0 0 2592 0 320103728
1790420485036 0 94 0 501879684 501335714 0 0 0 0 0 0 309509260 2408980 719118336 135168 0 0 0 2592 0 320420804
1790420486062 0 94 0 501879684 501335714 0 0 0 0 0 0 309509260 2410060 2126262272 135168 0 0 0 2592 0 320711317
1790420487081 0 96 0 501879686 501335714 0 0 0 0 0 0 309509260 2410066 2165927936 143360 0 0 0 2592 0 320711457
1790420488103 0 96 0 501879686 501335714 0 0 0 0 0 0 309509260 2410066 2165927936 143360 0 0 0 2592 0 320711458
1790420489124 0 96 0 501879686 501335714 0 0 0 0 0 0 309509260 2410066 2165927936 143360 0 0 0 2592 0 320711458
1790420490145 0 42 0 501879693 501335775 0 0 0 0 0 0 309509260 2410066 2165927936 143360 0 0 0 2592 0 320711460
1790420491167 0 43 0 501879694 501335775 0 0 0 0 0 0 309509260 2410066 2165932032 147456 0 0 0 2592 0 320711460
1790420492188 0 43 0 501879694 501335775 0 0 0 0 0 0 309509260 2410066 2165932032 147456 0 0 0 2592 0 320711460
1790420493208 0 43 0 501879694 501335775 0 0 0 0 0 0 309509260 2410066 2165932032 147456 0 0 0 2592 0 320711460
1790420494230 0 46 0 501879697 501335775 0 0 0 0 0 0 309509260 2410066 2165932032 147456 0 0 0 2592 0 320711460
1790420495256 0 39 0 501879697 501335782 0 0 0 0 0 0 309509260 2410066 2165932032 147456 0 0 0 2592 0 320711460
1790420496281 0 39 0 501879697 501335782 0 0 0 0 0 0 309509260 2410066 2165932032 147456 0 0 0 2592 0 320711460
1790420497307 0 39 0 501879697 501335782 0 0 0 0 0 0 309509260 2410066 2165932032 147456 0 0 0 2592 0 320711460
1790420498332 0 39 0 501879697 501335782 0 0 0 0 0 0 309509260 2410066 2165932032 147456 0 0 0 2592 0 320711460
1790420499357 0 0 1 501879697 501335838 0 0 0 0 0 0 309509260 2410066 2165932032 65536 0 0 0 2592 0 320712613
1790420500379 0 17 0 501879735 501335842 0 0 0 0 0 0 309509260 2410066 1713180672 57344 0 0 0 2592 0 320712613
