1790422405835 0 0 0 509411166 508225179 0 0 0 0 0 0 309509260 2714604 - - - - - - - -
1790422406892 0 95 0 509482766 508296684 0 0 0 0 0 0 309509260 2714689 302809088 131072 0 0 0 2592 0 341847630
1790422407913 0 98 0 509482769 508296684 0 0 0 0 0 0 309509260 2714690 303415296 143360 0 0 0 2592 0 341847630
1790422408931 0 98 0 509482769 508296684 0 0 0 0 0 0 309509260 2714690 303415296 143360 0 0 0 2592 0 341847630
1790422409950 0 98 0 509482769 508296684 0 0 0 0 0 0 309509260 2714690 303415296 143360 0 0 0 2592 0 341847630
1790422410968 0 98 0 509482769 508296684 0 0 0 0 0 0 309509260 2714690 303415296 143360 0 0 0 2592 0 341847630
1790422411987 0 43 0 509482777 508296747 0 0 0 0 0 0 309509260 2714690 303415296 143360 0 0 0 2592 0 341847630
1790422413005 0 43 0 509482777 508296747 0 0 0 0 0 0 309509260 2714690 303415296 143360 0 0 0 2592 0 341847630
1790422414024 0 43 0 509482777 508296747 0 0 0 0 0 0 309509260 2714690 303415296 143360 0 0 0 2592 0 341847630
1790422415043 0 43 0 509482777 508296747 0 0 0 0 0 0 309509260 2714690 303415296 143360 0 0 0 2592 0 341847630
1790422416062 0 43 0 509482777 508296747 0 0 0 0 0 0 309509260 2714690 303415296 143360 0 0 0 2592 0 341847630
1790422417082 0 46 0 509482780 508296747 0 0 0 0 0 0 309509260 2714690 303415296 143360 0 0 0 2592 0 341847630
1790422418101 0 46 0 509482780 508296747 0 0 0 0 0 0 309509260 2714690 303415296 143360 0 0 0 2592 0 341847630
1790422419121 0 46 0 509482780 508296747 0 0 0 0 0 0 309509260 2714690 303415296 143360 0 0 0 2592 0 341847630
1790422420140 0 46 0 509482780 508296747 0 0 0 0 0 0 309509260 2714690 303415296 143360 0 0 0 2592 0 341847630
1790422421160 0 46 0 509482780 508296747 0 0 0 0 0 0 309509260 2714690 303415296 143360 0 0 0 2592 0 341847630
1790422422178 0 46 0 509482780 508296747 0 0 0 0 0 0 309509260 2714690 303415296 143360 0 0 0 2592 0 341847630
1790422423198 0 46 0 509482780 508296747 0 0 0 0 0 0 309509260 2714690 303415296 143360 0 0 0 2592 0 341847630
1790422424218 0 46 0 509482780 508296747 0 0 0 0 0 0 309509260 2714690 303415296 143360 0 0 0 2592 0 341847630
1790422425237 0 46 0 509482780 508296747 0 0 0 0 0 0 309509260 2714690 303415296 143360 0 0 0 2592 0 341847630
1790422426257 0 46 0 509482780 508296747 0 0 0 0 0 0 309509260 2714690 303415296 143360 0 0 0 2592 0 341847630
1790422427277 0 46 0 509482780 508296747 0 0 0 0 0 0 309509260 2714690 303415296 143360 0 0 0 2592 0 341847630
1790422428296 0 46 0 509482780 508296747 0 0 0 0 0 0 309509260 2714690 303415296 143360 0 0 0 2592 0 341847630
1790422429316 0 46 0 509482780 508296747 0 0 0 0 0 0 309509260 2714690 303415296 143360 0 0 0 2592 0 341847630
1790422430337 0 46 0 509482780 508296747 0 0 0 0 0 0 309509260 2714690 303415296 143360 0 0 0 2592 0 341847630
1790422431360 0 46 0 509482780 508296747 0 0 0 0 0 0 309509260 2714690 303415296 143360 0 0 0 2592 0 341847630
1790422432383 0 46 0 509482780 508296747 0 0 0 0 0 0 309509260 2714690 303415296 143360 0 0 0 2592 0 341847630
1790422433406 0 46 0 509482780 508296747 0 0 0 0 0 0 309509260 2714690 303415296 143360 0 0 0 2592 0 341847630
1790422434429 0 46 0 509482780 508296747 0 0 0 0 0 0 309509260 2714690 303415296 143360 0 0 0 2592 0 341847630
1790422435452 0 46 0 509482780 508296747 0 0 0 0 0 0 309509260 2714690 303415296 143360 0 0 0 2592 0 341847630
1790422436476 0 46 0 509482780 508296747 0 0 0 0 0 0 309509260 2714690 303415296 143360 0 0 0 2592 0 341847630
1790422437522 0 92 0 509482872 508296793 0 0 0 0 0 0 309509260 2714780 300937216 139264 0 0 0 2592 0 341858648
1790422438547 0 95 0 509482875 508296793 0 0 0 0 0 0 309509260 2714781 302804992 143360 0 0 0 2592 0 341858672
1790422439568 0 95 0 509482875 508296793 0 0 0 0 0 0 309509260 2714800 306073600 143360 0 0 0 2592 0 341858791
1790422440588 0 95 0 509482875 508296793 0 0 0 0 0 0 309509260 2714800 306073600 143360 0 0 0 2592 0 341858791
1790422441609 0 95 0 509482875 508296793 0 0 0 0 0 0 309509260 2714800 306073600 143360 0 0 0 2592 0 341858791
1790422442630 0 105 0 509482888 508296797 0 0 0 0 0 0 309509260 2714800 306073600 65536 0 0 0 2592 0 341859996
1790422443651 0 24 0 509482921 508296910 0 0 0 0 0 0 309509260 2714800 306073600 135168 0 0 0 2592 0 341860003
1790422444673 0 34 0 509482931 508296910 0 0 0 0 0 0 309509260 2714800 306077696 147456 0 0 0 2592 0 341860005
1790422445696 0 36 0 509482933 508296910 0 0 0 0 0 0 309509260 2714800 306077696 147456 0 0 0 2592 0 341860005
1790422446720 0 36 0 509482933 508296910 0 0 0 0 0 0 309509260 2714800 306077696 147456 0 0 0 2592 0 341860005
1790422447743 0 0 0 509482936 508296979 0 0 0 0 0 0 309509260 2714800 306077696 65536 0 0 0 2592 0 341874119
1790422448767 0 17 0 509482983 508296979 0 0 0 0 0 0 309509260 2714800 306077696 135168 0 0 0 2592 0 341874121
1790422449790 0 33 0 509482999 508296979 0 0 0 0 0 0 309509260 2714800 306077696 135168 0 0 0 2592 0 341874121
1790422450814 0 33 0 509482999 508296979 0 0 0 0 0 0 309509260 2714800 306081792 135168 0 0 0 2592 0 341874186
1790422451835 0 242572 23 509728459 508299813 0 0 0 0 0 0 309509260 2714800 981336064 969711616 0 0 0 2592 0 341878964
1790422452858 0 55594 4070 509751118 508505435 0 0 0 0 0 0 309509260 2714802 1098121216 244215808 8388608 0 0 2592 0 341882161
1790422453900 0 91 0 509751346 508565236 0 0 0 0 0 0 309509260 2714879 1106599936 139264 0 0 0 2592 0 341894367
1790422454925 0 95 0 509751350 508565236 0 0 0 0 0 0 309509260 2714880 1108344832 143360 0 0 0 2592 0 341894420
1790422455944 0 95 0 509751350 508565236 0 0 0 0 0 0 309509260 2714880 1108344832 143360 0 0 0 2592 0 341894420
1790422456962 0 95 0 509751350 508565236 0 0 0 0 0 0 309509260 2714880 1108344832 143360 0 0 0 2592 0 341894420
1790422457981 0 95 0 509751350 508565236 0 0 0 0 0 0 309509260 2714880 1108344832 143360 0 0 0 2592 0 341894420
1790422459000 0 41 0 509751356 508565296 0 0 0 0 0 0 309509260 2714880 1108344832 143360 0 0 0 2592 0 341894420
1790422460019 0 41 0 509751356 508565296 0 0 0 0 0 0 309509260 2714880 1108344832 143360 0 0 0 2592 0 341894420
1790422461038 0 41 0 509751356 508565296 0 0 0 0 0 0 309509260 2714880 1108344832 143360 0 0 0 2592 0 341894420
1790422462058 0 41 0 509751356 508565296 0 0 0 0 0 0 309509260 2714880 1108344832 143360 0 0 0 2592 0 341894420
1790422463079 0 41 0 509751356 508565296 0 0 0 0 0 0 309509260 2714880 1108344832 143360 0 0 0 2592 0 341894420
1790422464099 0 41 0 509751356 508565296 0 0 0 0 0 0 309509260 2714880 1108344832 143360 0 0 0 2592 0 341894420
1790422465120 0 43 0 509751358 508565296 0 0 0 0 0 0 309509260 2714880 1108344832 143360 0 0 0 2592 0 341894420
1790422466141 0 43 0 509751358 508565296 0 0 0 0 0 0 309509260 2714880 1108344832 143360 0 0 0 2592 0 341894420
1790422467161 0 43 0 509751358 508565296 0 0 0 0 0 0 309509260 2714880 1108344832 143360 0 0 0 2592 0 341894420
1790422468181 0 43 0 509751358 508565296 0 0 0 0 0 0 309509260 2714880 1108344832 143360 0 0 0 2592 0 341894420
1790422469201 0 43 0 509751358 508565296 0 0 0 0 0 0 309509260 2714880 1108344832 143360 0 0 0 2592 0 341894420
1790422470220 0 43 0 509751358 508565296 0 0 0 0 0 0 309509260 2714880 1108344832 143360 0 0 0 2592 0 341894420
1790422471240 0 43 0 509751358 508565296 0 0 0 0 0 0 309509260 2714880 1108344832 143360 0 0 0 2592 0 341894420
1790422472260 0 43 0 509751358 508565296 0 0 0 0 0 0 309509260 2714880 1108344832 143360 0 0 0 2592 0 341894420
1790422473279 0 43 0 509751358 508565296 0 0 0 0 0 0 309509260 2714880 1108344832 143360 0 0 0 2592 0 341894420
1790422474299 0 43 0 509751358 508565296 0 0 0 0 0 0 309509260 2714880 1108344832 143360 0 0 0 2592 0 341894420
1790422475318 0 43 0 509751358 508565296 0 0 0 0 0 0 309509260 2714880 1108344832 143360 0 0 0 2592 0 341894420
1790422476342 0 44 0 509751359 508565296 0 0 0 0 0 0 309509260 2714880 1108344832 147456 0 0 0 2592 0 341894424
1790422477366 0 44 0 509751359 508565296 0 0 0 0 0 0 309509260 2714880 1108344832 147456 0 0 0 2592 0 341894424
1790422478389 0 44 0 509751359 508565296 0 0 0 0 0 0 309509260 2714880 1108344832 147456 0 0 0 2592 0 341894424
1790422479413 0 44 0 509751359 508565296 0 0 0 0 0 0 309509260 2714880 1108344832 147456 0 0 0 2592 0 341894424
1790422480437 0 44 0 509751359 508565296 0 0 0 0 0 0 309509260 2714880 1108344832 147456 0 0 0 2592 0 341894424
1790422481461 0 45 0 509751360 508565296 0 0 0 0 0 0 309509260 2714880 1108348928 151552 0 0 0 2592 0 341894424
1790422482485 0 45 0 509751360 508565296 0 0 0 0 0 0 309509260 2714880 1108348928 151552 0 0 0 2592 0 341894424
1790422483571 0 121 0 509751472 508565296 0 0 0 0 0 0 309509260 2714974 872034304 131072 0 0 0 2592 0 341914276
1790422484629 0 144 0 509751506 508565343 0 0 0 0 0 0 309509260 2714975 1108140032 143360 0 0 0 2592 0 341917623
1790422485650 0 146 0 509751508 508565343 0 0 0 0 0 0 309509260 2714975 1108140032 143360 0 0 0 2592 0 341917623
1790422486672 1 167 0 509751530 508565344 0 0 0 0 0 0 309509260 2715030 1108140032 143360 0 0 0 2592 0 341917623
1790422487693 1 354 0 509757307 508568517 0 0 0 0 0 0 309509260 2715054 1108140032 143360 0 0 0 2592 0 341917624
1790422488715 1 338 22 509757738 508568771 0 0 0 0 0 0 309509260 2715684 1108140032 143360 0 0 0 2592 0 341917624
1790422489740 1 304 2 509757859 508568873 0 0 0 0 0 0 309509260 2716442 1108140032 143360 0 0 0 2592 0 341917624
1790422490773 1 4673 0 509762222 508568863 0 0 0 0 0 0 309509260 2716456 1108144128 147456 0 0 0 2592 0 341917624
1790422491805 1 4882 0 509763190 508568896 0 0 0 0 0 0 309509260 2716563 1108144128 147456 0 0 0 2592 0 341917624
1790422492832 1 13966 121 509774756 508570734 0 0 0 0 0 0 309509260 2716564 1108144128 147456 0 0 0 2592 0 341917624
1790422493859 1 19769 72 509781546 508571623 0 0 0 0 0 0 309509260 2716584 1108144128 65536 0 0 0 2592 0 341917675
1790422494887 1 19754 0 509781640 508571614 0 0 0 0 0 0 309509260 2716586 1108144128 135168 0 0 0 2592 0 341917675
1790422495914 1 20689 0 509785198 508573603 0 0 0 0 0 0 309509260 2716598 1108144128 135168 0 0 0 2592 0 341917675
1790422496940 1 20627 0 509785345 508573696 0 0 0 0 0 0 309509260 2716598 1108144128 135168 0 0 0 2592 0 341917675
1790422497964 1 41547 5 509848719 508615988 0 0 0 0 0 0 309509260 2716598 69070848 60534784 0 0 0 2592 0 341920654
1790422498983 1 350389 0 510198871 508656036 0 0 0 0 0 0 309509260 2716620 1496674304 1329315840 0 0 0 2592 0 341920654
1790422500003 1 392368 1318 510356877 508770817 0 0 0 0 0 0 309509260 2716621 2168946688 1623003136 16777216 0 0 2592 0 341921025
1790422501022 1 200744 6144 510356978 508957557 0 0 0 0 0 0 309509260 2716625 2168946688 847597568 8196096 0 0 2592 0 341921025
1790422502041 1 70255 2072 510397134 509131598 0 0 0 0 0 0 309509260 2716625 2168946688 126263296 25165824 0 0 2592 0 341921025
1790422503087 1 39534 0 510398348 509165550 0 0 0 0 0 0 309509260 2716719 1086062592 131072 0 0 0 2592 0 341923909
1790422504120 1 39641 0 510398457 509165550 0 0 0 0 0 0 309509260 2716768 2184790016 143360 0 0 0 2592 0 341924491
1790422505140 1 39641 0 510398457 509165550 0 0 0 0 0 0 309509260 2716781 2184790016 143360 0 0 0 2592 0 341924491
1790422506159 1 39641 0 510398457 509165550 0 0 0 0 0 0 309509260 2716781 2184790016 143360 0 0 0 2592 0 341924491
1790422507179 1 39641 0 510398457 509165550 0 0 0 0 0 0 309509260 2716781 2184790016 143360 0 0 0 2592 0 341924491
1790422508198 1 39643 0 510398526 509165617 0 0 0 0 0 0 309509260 2716781 2184790016 143360 0 0 0 2592 0 341924491
1790422509217 1 39643 0 510398526 509165617 0 0 0 0 0 0 309509260 2716784 2184790016 143360 0 0 0 2592 0 341924491
1790422510236 1 39643 0 510398526 509165617 0 0 0 0 0 0 309509260 2716784 2184790016 143360 0 0 0 2592 0 341924491
1790422511256 1 39643 0 510398526 509165617 0 0 0 0 0 0 309509260 2716800 2186932224 143360 0 0 0 2592 0 341931440
1790422512277 1 39647 0 510398530 509165617 0 0 0 0 0 0 309509260 2716800 2186932224 143360 0 0 0 2592 0 341931440
1790422513299 1 39650 0 510398533 509165617 0 0 0 0 0 0 309509260 2716800 2186932224 143360 0 0 0 2592 0 341931440
1790422514320 1 39650 0 510398533 509165617 0 0 0 0 0 0 309509260 2716800 2186932224 143360 0 0 0 2592 0 341931440
1790422515342 1 39650 0 510398533 509165617 0 0 0 0 0 0 309509260 2716800 2186932224 143360 0 0 0 2592 0 341931440
1790422516363 1 39651 0 510398534 509165617 0 0 0 0 0 0 309509260 2716800 2186932224 143360 0 0 0 2592 0 341931440
1790422517384 1 39656 0 510398539 509165617 0 0 0 0 0 0 309509260 2716800 2186936320 147456 0 0 0 2592 0 341931440
1790422518406 1 39656 0 510398539 509165617 0 0 0 0 0 0 309509260 2716800 2186936320 147456 0 0 0 2592 0 341931440
1790422519427 1 39656 0 510398539 509165617 0 0 0 0 0 0 309509260 2716800 2186936320 147456 0 0 0 2592 0 341931440
1790422520448 1 39660 0 510398543 509165617 0 0 0 0 0 0 309509260 2716800 2186936320 147456 0 0 0 2592 0 341931440
1790422521468 1 39660 0 510398543 509165617 0 0 0 0 0 0 309509260 2716800 2186936320 147456 0 0 0 2592 0 341931440
1790422522488 1 39660 0 510398543 509165617 0 0 0 0 0 0 309509260 2716800 2186936320 147456 0 0 0 2592 0 341931440
1790422523508 1 39665 0 510398548 509165617 0 0 0 0 0 0 309509260 2716800 2186936320 147456 0 0 0 2592 0 341931440
1790422524528 1 39665 0 510398548 509165617 0 0 0 0 0 0 309509260 2716800 2186936320 147456 0 0 0 2592 0 341931440
1790422525550 1 39665 0 510398548 509165617 0 0 0 0 0 0 309509260 2716800 2186936320 147456 0 0 0 2592 0 341931440
1790422526576 1 33388 0 510398549 509171895 0 0 0 0 0 0 309509260 2716800 2186936320 147456 0 0 0 2592 0 341931440
1790422527601 1 33388 0 510398549 509171895 0 0 0 0 0 0 309509260 2716800 2186936320 147456 0 0 0 2592 0 341931440
1790422528627 1 33413 0 510398575 509171896 0 0 0 0 0 0 309509260 2716800 2186936320 159744 0 0 0 2592 0 341931440
1790422529652 1 33413 0 510398575 509171896 0 0 0 0 0 0 309509260 2716800 2186936320 159744 0 0 0 2592 0 341931440
1790422530678 1 33413 0 510398575 509171896 0 0 0 0 0 0 309509260 2716800 2186936320 159744 0 0 0 2592 0 341931440
1790422531703 1 132 0 510398575 509205177 0 0 0 0 0 0 309509260 2716800 2186936320 159744 0 0 0 2592 0 341931440
1790422532743 1 88 0 510398604 509205286 0 0 0 0 0 0 309509260 2716840 206393344 0 0 0 0 2592 0 341934817
1790422533790 1 94 0 510398698 509205338 0 0 0 0 0 0 309509260 2716892 2183274496 143360 0 0 0 2592 0 341944086
1790422534818 1 94 0 510398698 509205338 0 0 0 0 0 0 309509260 2716893 2184994816 143360 0 0 0 2592 0 341944105
1790422535840 1 94 0 510398698 509205338 0 0 0 0 0 0 309509260 2716893 2184994816 143360 0 0 0 2592 0 341944108
1790422536862 1 94 0 510398698 509205338 0 0 0 0 0 0 309509260 2716893 2184994816 143360 0 0 0 2592 0 341944108
1790422537885 1 41 0 510398704 509205397 0 0 0 0 0 0 309509260 2716893 2184994816 143360 0 0 0 2592 0 341944934
1790422538908 1 42 0 510398705 509205397 0 0 0 0 0 0 309509260 2716893 2184994816 143360 0 0 0 2592 0 341944934
1790422539930 1 42 0 510398705 509205397 0 0 0 0 0 0 309509260 2716893 2184994816 143360 0 0 0 2592 0 341944934
1790422540955 1 75 0 510398738 509205397 0 0 0 0 0 0 309509260 2716893 2184994816 143360 0 0 0 2592 0 341944934
1790422541981 1 76 0 510398739 509205397 0 0 0 0 0 0 309509260 2716893 2184994816 143360 0 0 0 2592 0 341944934
1790422543008 1 47 0 510398745 509205432 0 0 0 0 0 0 309509260 2716893 2184994816 65536 0 0 0 2592 0 341948319
1790422544035 1 60 0 510398758 509205432 0 0 0 0 0 0 309509260 2716893 2184994816 69632 0 0 0 2592 0 341948319
1790422545061 1 76 0 510398774 509205432 0 0 0 0 0 0 309509260 2716893 2184994816 135168 0 0 0 2592 0 341948319
1790422546089 1 43 0 510398775 509205466 0 0 0 0 0 0 309509260 2716893 2184994816 135168 0 0 0 2592 0 341948319
1790422547116 1 43 0 510398775 509205466 0 0 0 0 0 0 309509260 2716893 2184994816 135168 0 0 0 2592 0 341948319
