1790421049099 0 0 0 503920203 503086461 0 0 0 0 0 0 309509260 2418388 - - - - - - - -
1790421050179 0 90 0 503991822 503157990 0 0 0 0 0 0 309509260 2421906 32407552 122880 0 0 0 2592 0 321078912
1790421051206 0 93 0 503991825 503157990 0 0 0 0 0 0 309509260 2430582 68939776 135168 0 0 0 2592 0 321517494
1790421052230 0 93 0 503991825 503157990 0 0 0 0 0 0 309509260 2439269 104398848 135168 0 0 0 2592 0 322255557
1790421053253 0 93 0 503991825 503157990 0 0 0 0 0 0 309509260 2448111 140632064 135168 0 0 0 2592 0 322902644
1790421054276 0 93 0 503991825 503157990 0 0 0 0 0 0 309509260 2457000 177102848 135168 0 0 0 2592 0 323651020
1790421055299 0 36 0 503991825 503158047 0 0 0 0 0 0 309509260 2465843 213311488 139264 0 0 0 2592 0 324407347
1790421056323 0 40 0 503991832 503158050 0 0 0 0 0 0 309509260 2474718 249655296 139264 0 0 0 2592 0 325000520
1790421057345 0 40 0 503991832 503158050 0 0 0 0 0 0 309509260 2483835 286945280 139264 0 0 0 2592 0 325573959
1790421058363 0 42 0 503991834 503158050 0 0 0 0 0 0 309509260 2484176 289116160 147456 0 0 0 2592 0 325576341
1790421059382 0 42 0 503991834 503158050 0 0 0 0 0 0 309509260 2484176 289116160 147456 0 0 0 2592 0 325576341
1790421060400 0 43 0 503991835 503158050 0 0 0 0 0 0 309509260 2484176 289116160 147456 0 0 0 2592 0 325576341
1790421061418 0 43 0 503991835 503158050 0 0 0 0 0 0 309509260 2484176 289116160 147456 0 0 0 2592 0 325576341
1790421062437 0 43 0 503991835 503158050 0 0 0 0 0 0 309509260 2484176 289116160 147456 0 0 0 2592 0 325576341
1790421063455 0 43 0 503991835 503158050 0 0 0 0 0 0 309509260 2484176 289116160 147456 0 0 0 2592 0 325576341
1790421064473 0 43 0 503991835 503158050 0 0 0 0 0 0 309509260 2484176 289116160 147456 0 0 0 2592 0 325576341
1790421065492 0 43 0 503991835 503158050 0 0 0 0 0 0 309509260 2484176 289116160 147456 0 0 0 2592 0 325576341
1790421066511 0 43 0 503991835 503158050 0 0 0 0 0 0 309509260 2484176 289116160 147456 0 0 0 2592 0 325576341
1790421067530 0 43 0 503991835 503158050 0 0 0 0 0 0 309509260 2484192 291278848 147456 0 0 0 2592 0 325576429
1790421068549 0 43 0 503991835 503158050 0 0 0 0 0 0 309509260 2484192 291278848 147456 0 0 0 2592 0 325576429
1790421069569 0 43 0 503991835 503158050 0 0 0 0 0 0 309509260 2484192 291278848 147456 0 0 0 2592 0 325576429
1790421070588 0 43 0 503991835 503158050 0 0 0 0 0 0 309509260 2484192 291278848 147456 0 0 0 2592 0 325576429
1790421071608 0 43 0 503991835 503158050 0 0 0 0 0 0 309509260 2484192 291278848 147456 0 0 0 2592 0 325576429
1790421072627 0 43 0 503991835 503158050 0 0 0 0 0 0 309509260 2484192 291278848 147456 0 0 0 2592 0 325576429
1790421073646 0 43 0 503991835 503158050 0 0 0 0 0 0 309509260 2484192 291278848 147456 0 0 0 2592 0 325576429
1790421074666 0 43 0 503991835 503158050 0 0 0 0 0 0 309509260 2484192 291278848 147456 0 0 0 2592 0 325576429
1790421075686 0 43 0 503991835 503158050 0 0 0 0 0 0 309509260 2484192 291278848 147456 0 0 0 2592 0 325576429
1790421076705 0 43 0 503991835 503158050 0 0 0 0 0 0 309509260 2484192 291278848 147456 0 0 0 2592 0 325576429
1790421077725 0 43 0 503991835 503158050 0 0 0 0 0 0 309509260 2484192 291278848 147456 0 0 0 2592 0 325576429
1790421078745 0 43 0 503991835 503158050 0 0 0 0 0 0 309509260 2484192 291278848 147456 0 0 0 2592 0 325576429
1790421079764 0 43 0 503991835 503158050 0 0 0 0 0 0 309509260 2484192 291278848 147456 0 0 0 2592 0 325576429
1790421080785 0 14 0 503991839 503158083 0 0 0 0 0 0 309509260 2484192 291278848 77824 0 0 0 2592 0 325590122
1790421081808 0 38 0 503991863 503158083 0 0 0 0 0 0 309509260 2484192 291278848 147456 0 0 0 2592 0 325590122
1790421082831 0 43 0 503991868 503158083 0 0 0 0 0 0 309509260 2484192 291278848 147456 0 0 0 2592 0 325590122
1790421083853 0 43 0 503991868 503158083 0 0 0 0 0 0 309509260 2484192 291278848 147456 0 0 0 2592 0 325590122
1790421084876 0 43 0 503991868 503158083 0 0 0 0 0 0 309509260 2484192 291278848 147456 0 0 0 2592 0 325590122
1790421085899 0 43 0 503991868 503158083 0 0 0 0 0 0 309509260 2484192 291278848 147456 0 0 0 2592 0 325590122
1790421086922 0 43 0 503991868 503158083 0 0 0 0 0 0 309509260 2484192 291278848 147456 0 0 0 2592 0 325590122
1790421087970 0 93 0 503991966 503158131 0 0 0 0 0 0 309509260 2486763 14675968 131072 0 0 0 2592 0 325626523
1790421089022 0 94 0 503991967 503158131 0 0 0 0 0 0 309509260 2495764 54677504 135168 0 0 0 2592 0 326397083
1790421090045 0 94 0 503991967 503158131 0 0 0 0 0 0 309509260 2504689 91234304 135168 0 0 0 2592 0 327141836
1790421091067 0 94 0 503991967 503158131 0 0 0 0 0 0 309509260 2513288 126472192 135168 0 0 0 2592 0 327581425
1790421092090 0 94 0 503991967 503158131 0 0 0 0 0 0 309509260 2521985 162029568 135168 0 0 0 2592 0 328021187
1790421093113 0 40 0 503991974 503158192 0 0 0 0 0 0 309509260 2530874 198475776 139264 0 0 0 2592 0 328585434
1790421094135 0 40 0 503991974 503158192 0 0 0 0 0 0 309509260 2539693 234610688 139264 0 0 0 2592 0 329332238
1790421095158 0 40 0 503991974 503158192 0 0 0 0 0 0 309509260 2548520 270647296 139264 0 0 0 2592 0 329907238
1790421096178 0 42 0 503991976 503158192 0 0 0 0 0 0 309509260 2552306 286973952 147456 0 0 0 2592 0 329980757
1790421097197 0 42 0 503991976 503158192 0 0 0 0 0 0 309509260 2552306 286973952 147456 0 0 0 2592 0 329980771
1790421098216 0 44 0 503991978 503158192 0 0 0 0 0 0 309509260 2552306 286973952 147456 0 0 0 2592 0 329980772
1790421099235 0 44 0 503991978 503158192 0 0 0 0 0 0 309509260 2552306 286973952 147456 0 0 0 2592 0 329980772
1790421100254 0 44 0 503991978 503158192 0 0 0 0 0 0 309509260 2552306 286973952 147456 0 0 0 2592 0 329980772
1790421101273 0 44 0 503991978 503158192 0 0 0 0 0 0 309509260 2552306 286973952 147456 0 0 0 2592 0 329980772
1790421102293 0 44 0 503991978 503158192 0 0 0 0 0 0 309509260 2552306 286973952 147456 0 0 0 2592 0 329980772
1790421103314 0 44 0 503991978 503158192 0 0 0 0 0 0 309509260 2552306 286973952 147456 0 0 0 2592 0 329980773
1790421104337 0 44 0 503991978 503158192 0 0 0 0 0 0 309509260 2552306 286973952 147456 0 0 0 2592 0 329980774
1790421105360 0 44 0 503991978 503158192 0 0 0 0 0 0 309509260 2552306 286973952 147456 0 0 0 2592 0 329980774
1790421106382 0 44 0 503991980 503158194 0 0 0 0 0 0 309509260 2552306 286973952 147456 0 0 0 2592 0 329980774
1790421107405 0 44 0 503991980 503158194 0 0 0 0 0 0 309509260 2552306 286973952 147456 0 0 0 2592 0 329980774
1790421108428 0 44 0 503991980 503158194 0 0 0 0 0 0 309509260 2552306 286973952 147456 0 0 0 2592 0 329980774
1790421109451 0 44 0 503991980 503158194 0 0 0 0 0 0 309509260 2552306 286973952 147456 0 0 0 2592 0 329980774
1790421110471 0 253040 4088 504260104 503169092 0 0 0 0 0 0 309509260 2552308 1095098368 1052876800 8388608 0 0 2592 0 329985194
1790421111493 0 40806 4136 504260105 503381457 0 0 0 0 0 0 309509260 2552308 1095098368 183660544 16830464 0 0 2592 0 329985194
1790421112523 0 94 0 504260329 503426461 0 0 0 0 0 0 309509260 2552489 540532736 131072 0 0 0 2592 0 330302238
1790421113549 0 97 0 504260332 503426461 0 0 0 0 0 0 309509260 2552567 1093984256 143360 0 0 0 2592 0 330458186
1790421114567 0 97 0 504260332 503426461 0 0 0 0 0 0 309509260 2552567 1093984256 143360 0 0 0 2592 0 330458186
1790421115586 0 97 0 504260332 503426461 0 0 0 0 0 0 309509260 2552567 1093984256 143360 0 0 0 2592 0 330458186
1790421116605 0 97 0 504260332 503426461 0 0 0 0 0 0 309509260 2552567 1093984256 143360 0 0 0 2592 0 330458186
1790421117624 0 38 0 504260332 503426520 0 0 0 0 0 0 309509260 2552567 1093984256 143360 0 0 0 2592 0 330458186
1790421118642 0 43 0 504260337 503426520 0 0 0 0 0 0 309509260 2552586 1097281536 147456 0 0 0 2592 0 330459249
1790421119661 0 43 0 504260337 503426520 0 0 0 0 0 0 309509260 2552586 1097281536 147456 0 0 0 2592 0 330459249
1790421120680 0 43 0 504260337 503426520 0 0 0 0 0 0 309509260 2552586 1097281536 147456 0 0 0 2592 0 330459249
1790421121700 0 43 0 504260337 503426520 0 0 0 0 0 0 309509260 2552586 1097281536 147456 0 0 0 2592 0 330459249
1790421122719 0 43 0 504260337 503426520 0 0 0 0 0 0 309509260 2552586 1097281536 147456 0 0 0 2592 0 330459249
1790421123739 0 43 0 504260337 503426520 0 0 0 0 0 0 309509260 2552586 1097281536 147456 0 0 0 2592 0 330459249
1790421124759 0 44 0 504260338 503426520 0 0 0 0 0 0 309509260 2552586 1097285632 151552 0 0 0 2592 0 330459249
1790421125778 0 44 0 504260338 503426520 0 0 0 0 0 0 309509260 2552586 1097285632 151552 0 0 0 2592 0 330459249
1790421126798 0 44 0 504260338 503426520 0 0 0 0 0 0 309509260 2552586 1097285632 151552 0 0 0 2592 0 330459249
1790421127818 0 44 0 504260338 503426520 0 0 0 0 0 0 309509260 2552586 1097289728 151552 0 0 0 2592 0 330461981
1790421128837 0 44 0 504260338 503426520 0 0 0 0 0 0 309509260 2552586 1097289728 151552 0 0 0 2592 0 330461981
1790421129856 0 44 0 504260338 503426520 0 0 0 0 0 0 309509260 2552586 1097289728 151552 0 0 0 2592 0 330461981
1790421130876 0 44 0 504260338 503426520 0 0 0 0 0 0 309509260 2552586 1097289728 151552 0 0 0 2592 0 330461981
1790421131895 0 44 0 504260338 503426520 0 0 0 0 0 0 309509260 2552586 1097289728 151552 0 0 0 2592 0 330461981
1790421132915 0 44 0 504260338 503426520 0 0 0 0 0 0 309509260 2552586 1097289728 151552 0 0 0 2592 0 330461981
1790421133934 0 44 0 504260338 503426520 0 0 0 0 0 0 309509260 2552586 1097289728 151552 0 0 0 2592 0 330461981
1790421134954 0 44 0 504260338 503426520 0 0 0 0 0 0 309509260 2552586 1097289728 151552 0 0 0 2592 0 330461981
1790421135975 0 44 0 504260338 503426520 0 0 0 0 0 0 309509260 2552586 1097289728 151552 0 0 0 2592 0 330461981
1790421136999 0 44 0 504260338 503426520 0 0 0 0 0 0 309509260 2552586 1097289728 151552 0 0 0 2592 0 330461981
1790421138022 0 44 0 504260338 503426520 0 0 0 0 0 0 309509260 2552586 1097289728 151552 0 0 0 2592 0 330461981
1790421139046 0 44 0 504260338 503426520 0 0 0 0 0 0 309509260 2552586 1097289728 151552 0 0 0 2592 0 330461981
1790421140070 0 44 0 504260338 503426520 0 0 0 0 0 0 309509260 2552586 1097289728 151552 0 0 0 2592 0 330461981
1790421141094 0 44 0 504260338 503426520 0 0 0 0 0 0 309509260 2552586 1097289728 151552 0 0 0 2592 0 330461981
1790421142117 0 44 0 504260338 503426520 0 0 0 0 0 0 309509260 2552586 1097289728 151552 0 0 0 2592 0 330461981
1790421143150 0 92 0 504260434 503426568 0 0 0 0 0 0 309509260 2553925 309350400 131072 0 0 0 2592 0 330567392
1790421144175 0 95 0 504260437 503426568 0 0 0 0 0 0 309509260 2555142 1092227072 143360 0 0 0 2592 0 330922365
1790421145196 0 95 0 504260437 503426568 0 0 0 0 0 0 309509260 2555142 1092227072 143360 0 0 0 2592 0 330922369
1790421146215 0 95 0 504260437 503426568 0 0 0 0 0 0 309509260 2555142 1092227072 143360 0 0 0 2592 0 330922369
1790421147235 0 95 0 504260437 503426568 0 0 0 0 0 0 309509260 2555142 1092227072 143360 0 0 0 2592 0 330922370
1790421148255 0 42 0 504260444 503426628 0 0 0 0 0 0 309509260 2555142 1092227072 147456 0 0 0 2592 0 330922370
1790421149275 0 42 0 504260444 503426628 0 0 0 0 0 0 309509260 2555142 1092227072 147456 0 0 0 2592 0 330922370
1790421150295 0 42 0 504260444 503426628 0 0 0 0 0 0 309509260 2555142 1092227072 147456 0 0 0 2592 0 330922370
1790421151317 0 42 0 504260444 503426628 0 0 0 0 0 0 309509260 2555142 1092231168 151552 0 0 0 2592 0 330922370
1790421152341 0 43 0 504260445 503426628 0 0 0 0 0 0 309509260 2555142 1092231168 151552 0 0 0 2592 0 330922372
1790421153365 0 18 0 504260503 503426711 0 0 0 0 0 0 309509260 2555142 1092231168 73728 0 0 0 2592 0 330925057
1790421154389 0 33 0 504260518 503426711 0 0 0 0 0 0 309509260 2555142 1092231168 135168 0 0 0 2592 0 330925058
1790421155414 0 33 0 504260518 503426711 0 0 0 0 0 0 309509260 2555142 1092231168 135168 0 0 0 2592 0 330925058
1790421156437 0 33 0 504260518 503426711 0 0 0 0 0 0 309509260 2555142 1092231168 135168 0 0 0 2592 0 330925058
1790421157461 0 33 0 504260518 503426711 0 0 0 0 0 0 309509260 2555142 1092231168 135168 0 0 0 2592 0 330925058
1790421158483 0 93368 0 504356686 503429589 0 0 0 0 0 0 309509260 2555142 367247360 358273024 0 0 0 2592 0 330954614
1790421159501 0 497374 0 504760727 503429589 0 0 0 0 0 0 309509260 2555142 2021597184 2012626944 0 0 0 2592 0 330954614
1790421160530 0 320010 2072 504790873 503635039 0 0 0 0 0 0 309509260 2555144 2169434112 1327341568 14290944 0 0 2592 0 330956642
1790421161557 0 17876 2056 504790874 503937206 0 0 0 0 0 0 309509260 2555144 2169438208 95694848 15769600 0 0 2592 0 330956642
1790421162589 0 93 0 504791189 503957306 0 0 0 0 0 0 309509260 2555304 840331264 131072 0 0 0 2592 0 331213500
1790421163616 0 96 0 504791192 503957306 0 0 0 0 0 0 309509260 2555404 2168184832 143360 0 0 0 2592 0 331581624
1790421164635 0 96 0 504791192 503957306 0 0 0 0 0 0 309509260 2555404 2168184832 143360 0 0 0 2592 0 331581624
1790421165654 0 96 0 504791192 503957306 0 0 0 0 0 0 309509260 2555404 2168184832 143360 0 0 0 2592 0 331581624
1790421166673 0 96 0 504791192 503957306 0 0 0 0 0 0 309509260 2555404 2168184832 143360 0 0 0 2592 0 331581624
1790421167692 0 43 0 504791200 503957367 0 0 0 0 0 0 309509260 2555404 2168184832 147456 0 0 0 2592 0 331581624
1790421168711 0 43 0 504791200 503957367 0 0 0 0 0 0 309509260 2555404 2168184832 147456 0 0 0 2592 0 331581624
1790421169730 0 43 0 504791200 503957367 0 0 0 0 0 0 309509260 2555404 2168184832 147456 0 0 0 2592 0 331581624
1790421170750 0 43 0 504791200 503957367 0 0 0 0 0 0 309509260 2555404 2168184832 147456 0 0 0 2592 0 331581624
1790421171771 0 43 0 504791200 503957367 0 0 0 0 0 0 309509260 2555404 2168184832 147456 0 0 0 2592 0 331581624
1790421172791 0 49 0 504791206 503957367 0 0 0 0 0 0 309509260 2555404 2168184832 147456 0 0 0 2592 0 331581624
1790421173812 0 49 0 504791206 503957367 0 0 0 0 0 0 309509260 2555404 2168184832 147456 0 0 0 2592 0 331581624
1790421174832 0 49 0 504791206 503957367 0 0 0 0 0 0 309509260 2555404 2168184832 147456 0 0 0 2592 0 331581624
1790421175853 0 49 0 504791206 503957367 0 0 0 0 0 0 309509260 2555404 2168184832 147456 0 0 0 2592 0 331581624
1790421176873 0 49 0 504791206 503957367 0 0 0 0 0 0 309509260 2555404 2168184832 147456 0 0 0 2592 0 331581624
1790421177893 0 49 0 504791206 503957367 0 0 0 0 0 0 309509260 2555404 2168184832 147456 0 0 0 2592 0 331581624
1790421178912 0 49 0 504791206 503957367 0 0 0 0 0 0 309509260 2555404 2168184832 147456 0 0 0 2592 0 331581624
1790421179932 0 49 0 504791206 503957367 0 0 0 0 0 0 309509260 2555404 2168184832 147456 0 0 0 2592 0 331581624
1790421180951 0 49 0 504791206 503957367 0 0 0 0 0 0 309509260 2555404 2168184832 147456 0 0 0 2592 0 331581624
1790421181971 0 49 0 504791206 503957367 0 0 0 0 0 0 309509260 2555404 2168184832 147456 0 0 0 2592 0 331581624
1790421182990 0 49 0 504791206 503957367 0 0 0 0 0 0 309509260 2555404 2168184832 147456 0 0 0 2592 0 331581624
1790421184010 0 49 0 504791206 503957367 0 0 0 0 0 0 309509260 2555404 2168184832 147456 0 0 0 2592 0 331581624
1790421185029 0 49 0 504791206 503957367 0 0 0 0 0 0 309509260 2555404 2168184832 147456 0 0 0 2592 0 331581624
1790421186051 0 49 0 504791206 503957367 0 0 0 0 0 0 309509260 2555404 2168184832 147456 0 0 0 2592 0 331581624
1790421187077 0 49 0 504791206 503957367 0 0 0 0 0 0 309509260 2555404 2168184832 147456 0 0 0 2592 0 331581624
1790421188101 0 49 0 504791206 503957367 0 0 0 0 0 0 309509260 2555420 2170359808 147456 0 0 0 2592 0 331581736
1790421189126 0 49 0 504791206 503957367 0 0 0 0 0 0 309509260 2555420 2170359808 147456 0 0 0 2592 0 331581736
1790421190151 0 49 0 504791206 503957367 0 0 0 0 0 0 309509260 2555420 2170359808 147456 0 0 0 2592 0 331581736
1790421191176 0 49 0 504791206 503957367 0 0 0 0 0 0 309509260 2555420 2170359808 147456 0 0 0 2592 0 331581736
1790421192201 0 49 0 504791206 503957367 0 0 0 0 0 0 309509260 2555420 2170359808 147456 0 0 0 2592 0 331581736
1790421193245 0 92 0 504791316 503957434 0 0 0 0 0 0 309509260 2556399 359510016 131072 0 0 0 2592 0 331625192
1790421194274 0 93 0 504791317 503957434 0 0 0 0 0 0 309509260 2557803 1773330432 135168 0 0 0 2592 0 332076519
1790421195293 0 95 0 504791319 503957434 0 0 0 0 0 0 309509260 2557978 2165800960 143360 0 0 0 2592 0 332089355
1790421196314 0 95 0 504791319 503957434 0 0 0 0 0 0 309509260 2557978 2165800960 143360 0 0 0 2592 0 332089355
1790421197336 0 95 0 504791319 503957434 0 0 0 0 0 0 309509260 2557978 2165800960 143360 0 0 0 2592 0 332089357
1790421198356 0 42 0 504791326 503957494 0 0 0 0 0 0 309509260 2557978 2165800960 147456 0 0 0 2592 0 332089357
1790421199378 0 43 0 504791327 503957494 0 0 0 0 0 0 309509260 2557978 2165805056 151552 0 0 0 2592 0 332089357
1790421200398 0 43 0 504791327 503957494 0 0 0 0 0 0 309509260 2557978 2165805056 151552 0 0 0 2592 0 332089357
1790421201419 0 43 0 504791327 503957494 0 0 0 0 0 0 309509260 2557978 2165805056 151552 0 0 0 2592 0 332089357
1790421202443 0 43 0 504791327 503957494 0 0 0 0 0 0 309509260 2557978 2165805056 151552 0 0 0 2592 0 332089357
1790421203469 0 47 0 504791338 503957501 0 0 0 0 0 0 309509260 2557978 2165805056 65536 0 0 0 2592 0 332105779
1790421204494 0 22 0 504791349 503957537 0 0 0 0 0 0 309509260 2557978 2165805056 135168 0 0 0 2592 0 332105779
1790421205520 0 36 0 504791363 503957537 0 0 0 0 0 0 309509260 2557978 2165805056 135168 0 0 0 2592 0 332105779
1790421206546 0 36 0 504791363 503957537 0 0 0 0 0 0 309509260 2557978 2165805056 135168 0 0 0 2592 0 332105779
1790421207571 0 36 0 504791363 503957537 0 0 0 0 0 0 309509260 2557978 2165805056 135168 0 0 0 2592 0 332105779
1790421208597 0 33 0 504791368 503957545 0 0 0 0 0 0 309509260 2557978 2165805056 135168 0 0 0 2592 0 332108246
