1790420831750 0 136 0 503048839 502215057 0 0 0 0 0 0 309509260 2417778 - - - - - - - -
1790420832814 0 41 0 503120485 502286798 0 0 0 0 0 0 309509260 2417858 139096064 122880 0 0 0 2592 0 320758907
1790420833835 0 97 0 503120542 502286799 0 0 0 0 0 0 309509260 2417859 302743552 143360 0 0 0 2592 0 320758935
1790420834853 0 99 0 503120544 502286799 0 0 0 0 0 0 309509260 2417859 302743552 143360 0 0 0 2592 0 320758935
1790420835872 0 99 0 503120544 502286799 0 0 0 0 0 0 309509260 2417859 302743552 143360 0 0 0 2592 0 320758935
1790420836891 0 99 0 503120544 502286799 0 0 0 0 0 0 309509260 2417859 302743552 143360 0 0 0 2592 0 320758935
1790420837909 0 99 0 503120544 502286799 0 0 0 0 0 0 309509260 2417859 302743552 143360 0 0 0 2592 0 320758935
1790420838928 0 43 0 503120547 502286858 0 0 0 0 0 0 309509260 2417859 302743552 143360 0 0 0 2592 0 320758935
1790420839947 0 43 0 503120547 502286858 0 0 0 0 0 0 309509260 2417859 302743552 143360 0 0 0 2592 0 320758935
1790420840966 0 43 0 503120547 502286858 0 0 0 0 0 0 309509260 2417859 302743552 143360 0 0 0 2592 0 320758935
1790420841985 0 43 0 503120547 502286858 0 0 0 0 0 0 309509260 2417859 302743552 143360 0 0 0 2592 0 320758935
1790420843004 0 43 0 503120547 502286858 0 0 0 0 0 0 309509260 2417859 302743552 143360 0 0 0 2592 0 320758935
1790420844023 0 43 0 503120547 502286858 0 0 0 0 0 0 309509260 2417859 302743552 143360 0 0 0 2592 0 320758935
1790420845043 0 43 0 503120547 502286858 0 0 0 0 0 0 309509260 2417859 302743552 143360 0 0 0 2592 0 320758935
1790420846062 0 43 0 503120547 502286858 0 0 0 0 0 0 309509260 2417859 302743552 143360 0 0 0 2592 0 320758935
1790420847081 0 43 0 503120547 502286858 0 0 0 0 0 0 309509260 2417859 302743552 143360 0 0 0 2592 0 320758935
1790420848100 0 43 0 503120547 502286858 0 0 0 0 0 0 309509260 2417859 302743552 143360 0 0 0 2592 0 320758935
1790420849120 0 43 0 503120547 502286858 0 0 0 0 0 0 309509260 2417859 302743552 143360 0 0 0 2592 0 320758935
1790420850140 0 43 0 503120547 502286858 0 0 0 0 0 0 309509260 2417859 302743552 143360 0 0 0 2592 0 320758935
1790420851160 0 43 0 503120547 502286858 0 0 0 0 0 0 309509260 2417859 302743552 143360 0 0 0 2592 0 320758935
1790420852180 0 43 0 503120547 502286858 0 0 0 0 0 0 309509260 2417859 302743552 143360 0 0 0 2592 0 320758935
1790420853199 0 35 0 503120547 502286866 0 0 0 0 0 0 309509260 2417859 302743552 143360 0 0 0 2592 0 320758935
1790420854219 0 35 0 503120547 502286866 0 0 0 0 0 0 309509260 2417859 302743552 143360 0 0 0 2592 0 320758935
1790420855239 0 35 0 503120547 502286866 0 0 0 0 0 0 309509260 2417859 302743552 143360 0 0 0 2592 0 320758935
1790420856260 0 35 0 503120547 502286866 0 0 0 0 0 0 309509260 2417859 302743552 143360 0 0 0 2592 0 320758935
1790420857284 0 36 0 503120548 502286866 0 0 0 0 0 0 309509260 2417859 302743552 143360 0 0 0 2592 0 320758935
1790420858307 0 36 0 503120548 502286866 0 0 0 0 0 0 309509260 2417859 302743552 143360 0 0 0 2592 0 320758935
1790420859330 0 36 0 503120548 502286866 0 0 0 0 0 0 309509260 2417859 302743552 143360 0 0 0 2592 0 320758935
1790420860353 0 36 0 503120548 502286866 0 0 0 0 0 0 309509260 2417859 302743552 143360 0 0 0 2592 0 320758935
1790420861376 0 36 0 503120548 502286866 0 0 0 0 0 0 309509260 2417859 302743552 143360 0 0 0 2592 0 320758935
1790420862399 0 35 0 503120548 502286867 0 0 0 0 0 0 309509260 2417859 302743552 143360 0 0 0 2592 0 320758935
1790420863429 0 39 0 503120587 502286902 0 0 0 0 0 0 309509260 2417951 300511232 139264 0 0 0 2592 0 320762885
1790420864453 0 96 0 503120646 502286904 0 0 0 0 0 0 309509260 2417952 302813184 143360 0 0 0 2592 0 320763125
1790420865472 0 96 0 503120646 502286904 0 0 0 0 0 0 309509260 2417952 302813184 143360 0 0 0 2592 0 320763128
1790420866492 0 96 0 503120646 502286904 0 0 0 0 0 0 309509260 2417952 302813184 143360 0 0 0 2592 0 320763128
1790420867512 0 96 0 503120646 502286904 0 0 0 0 0 0 309509260 2417952 302813184 143360 0 0 0 2592 0 320763128
1790420868532 0 96 0 503120646 502286904 0 0 0 0 0 0 309509260 2417952 302813184 65536 0 0 0 2592 0 320775718
1790420869552 0 24 0 503120670 502287000 0 0 0 0 0 0 309509260 2417952 302813184 135168 0 0 0 2592 0 320775726
1790420870574 0 40 0 503120686 502287000 0 0 0 0 0 0 309509260 2417952 302817280 147456 0 0 0 2592 0 320775726
1790420871597 0 42 0 503120688 502287000 0 0 0 0 0 0 309509260 2417952 302817280 147456 0 0 0 2592 0 320775726
1790420872620 0 42 0 503120688 502287000 0 0 0 0 0 0 309509260 2417952 302817280 147456 0 0 0 2592 0 320775729
1790420873644 0 42 0 503120688 502287000 0 0 0 0 0 0 309509260 2417952 302817280 65536 0 0 0 2592 0 320791488
1790420874667 0 17 0 503120707 502287044 0 0 0 0 0 0 309509260 2417952 302817280 135168 0 0 0 2592 0 320791493
1790420875691 0 33 0 503120723 502287044 0 0 0 0 0 0 309509260 2417952 302817280 135168 0 0 0 2592 0 320791493
1790420876714 0 33 0 503120723 502287044 0 0 0 0 0 0 309509260 2417952 302817280 135168 0 0 0 2592 0 320791493
1790420877736 0 103008 58 503226637 502289878 0 0 0 0 0 0 309509260 2417971 409751552 398024704 0 0 0 2592 0 320792116
1790420878758 0 128575 1415 503388847 502425216 0 0 0 0 0 0 309509260 2417973 1098199040 539750400 4100096 0 0 2592 0 320792738
1790420879806 0 38 0 503388995 502555279 0 0 0 0 0 0 309509260 2418050 323510272 131072 0 0 0 2592 0 320798925
1790420880838 0 94 0 503389074 502555302 0 0 0 0 0 0 309509260 2418051 1108279296 143360 0 0 0 2592 0 320799249
1790420881857 0 94 0 503389074 502555302 0 0 0 0 0 0 309509260 2418051 1108279296 143360 0 0 0 2592 0 320799249
1790420882876 0 94 0 503389074 502555302 0 0 0 0 0 0 309509260 2418051 1108279296 143360 0 0 0 2592 0 320799249
1790420883896 0 94 0 503389074 502555302 0 0 0 0 0 0 309509260 2418051 1108279296 143360 0 0 0 2592 0 320799249
1790420884915 0 35 0 503389074 502555361 0 0 0 0 0 0 309509260 2418051 1108279296 143360 0 0 0 2592 0 320799249
1790420885934 0 42 0 503389081 502555361 0 0 0 0 0 0 309509260 2418051 1108279296 143360 0 0 0 2592 0 320799249
1790420886953 0 42 0 503389081 502555361 0 0 0 0 0 0 309509260 2418067 1110454272 143360 0 0 0 2592 0 320799663
1790420887973 0 42 0 503389081 502555361 0 0 0 0 0 0 309509260 2418067 1110454272 143360 0 0 0 2592 0 320799663
1790420888993 0 42 0 503389081 502555361 0 0 0 0 0 0 309509260 2418067 1110454272 143360 0 0 0 2592 0 320799663
1790420890013 0 42 0 503389081 502555361 0 0 0 0 0 0 309509260 2418067 1110454272 143360 0 0 0 2592 0 320799663
1790420891034 0 42 0 503389081 502555361 0 0 0 0 0 0 309509260 2418067 1110454272 143360 0 0 0 2592 0 320799663
1790420892054 0 42 0 503389081 502555361 0 0 0 0 0 0 309509260 2418067 1110454272 143360 0 0 0 2592 0 320799663
1790420893075 0 42 0 503389081 502555361 0 0 0 0 0 0 309509260 2418067 1110454272 143360 0 0 0 2592 0 320799663
1790420894095 0 42 0 503389081 502555361 0 0 0 0 0 0 309509260 2418067 1110454272 143360 0 0 0 2592 0 320799663
1790420895115 0 35 0 503389081 502555368 0 0 0 0 0 0 309509260 2418067 1110454272 143360 0 0 0 2592 0 320799663
1790420896134 0 35 0 503389081 502555368 0 0 0 0 0 0 309509260 2418067 1110454272 143360 0 0 0 2592 0 320799663
1790420897154 0 35 0 503389081 502555368 0 0 0 0 0 0 309509260 2418067 1110454272 143360 0 0 0 2592 0 320799663
1790420898173 0 36 0 503389082 502555368 0 0 0 0 0 0 309509260 2418067 1110454272 143360 0 0 0 2592 0 320799663
1790420899193 0 36 0 503389082 502555368 0 0 0 0 0 0 309509260 2418067 1110454272 143360 0 0 0 2592 0 320799663
1790420900213 0 36 0 503389082 502555368 0 0 0 0 0 0 309509260 2418067 1110454272 143360 0 0 0 2592 0 320799663
1790420901233 0 36 0 503389082 502555368 0 0 0 0 0 0 309509260 2418067 1110454272 143360 0 0 0 2592 0 320799663
1790420902253 0 35 0 503389082 502555369 0 0 0 0 0 0 309509260 2418067 1110454272 143360 0 0 0 2592 0 320799663
1790420903275 0 35 0 503389082 502555369 0 0 0 0 0 0 309509260 2418067 1110454272 143360 0 0 0 2592 0 320799663
1790420904299 0 36 0 503389083 502555369 0 0 0 0 0 0 309509260 2418067 1110454272 143360 0 0 0 2592 0 320799663
1790420905323 0 36 0 503389083 502555369 0 0 0 0 0 0 309509260 2418067 1110454272 143360 0 0 0 2592 0 320799663
1790420906347 0 36 0 503389083 502555369 0 0 0 0 0 0 309509260 2418067 1110454272 143360 0 0 0 2592 0 320799663
1790420907370 0 37 0 503389084 502555369 0 0 0 0 0 0 309509260 2418067 1110458368 147456 0 0 0 2592 0 320799663
1790420908394 0 37 0 503389084 502555369 0 0 0 0 0 0 309509260 2418067 1110458368 147456 0 0 0 2592 0 320799663
1790420909416 0 36 0 503389084 502555370 0 0 0 0 0 0 309509260 2418067 1110458368 147456 0 0 0 2592 0 320799663
1790420910459 0 94 0 503389182 502555410 0 0 0 0 0 0 309509260 2418151 1106264064 139264 0 0 0 2592 0 320802820
1790420911486 0 95 0 503389183 502555410 0 0 0 0 0 0 309509260 2418152 1108295680 143360 0 0 0 2592 0 320802834
1790420912507 0 95 0 503389183 502555410 0 0 0 0 0 0 309509260 2418152 1108295680 143360 0 0 0 2592 0 320802835
1790420913528 0 95 0 503389183 502555410 0 0 0 0 0 0 309509260 2418152 1108295680 143360 0 0 0 2592 0 320802835
1790420914548 0 95 0 503389183 502555410 0 0 0 0 0 0 309509260 2418152 1108295680 143360 0 0 0 2592 0 320802835
1790420915569 0 41 0 503389189 502555470 0 0 0 0 0 0 309509260 2418152 1108295680 143360 0 0 0 2592 0 320802835
1790420916590 0 41 0 503389189 502555470 0 0 0 0 0 0 309509260 2418170 1111666688 143360 0 0 0 2592 0 320802953
1790420917613 0 41 0 503389189 502555470 0 0 0 0 0 0 309509260 2418170 1111670784 147456 0 0 0 2592 0 320802953
1790420918638 0 42 0 503389190 502555470 0 0 0 0 0 0 309509260 2418170 1111670784 147456 0 0 0 2592 0 320802953
1790420919662 0 42 0 503389190 502555470 0 0 0 0 0 0 309509260 2418170 1111670784 147456 0 0 0 2592 0 320806305
1790420920686 0 36 0 503389193 502555479 0 0 0 0 0 0 309509260 2418170 1111670784 147456 0 0 0 2592 0 320806305
1790420921711 0 36 0 503389193 502555479 0 0 0 0 0 0 309509260 2418170 1111670784 147456 0 0 0 2592 0 320806305
1790420922735 0 36 0 503389193 502555479 0 0 0 0 0 0 309509260 2418170 1111670784 147456 0 0 0 2592 0 320806305
1790420923760 0 36 0 503389193 502555479 0 0 0 0 0 0 309509260 2418170 1111670784 147456 0 0 0 2592 0 320806305
1790420924782 0 195339 0 503587418 502558311 0 0 0 0 0 0 309509260 2418170 788385792 776216576 0 0 0 2592 0 320810930
1790420925804 0 487074 6106 503919527 502592554 0 0 0 0 0 0 309509260 2418172 2172649472 2020220928 8388608 0 0 2592 0 320815121
1790420926827 0 278292 3040 503919528 502805063 0 0 0 0 0 0 309509260 2418172 2172649472 1139884032 24727552 0 0 2592 0 320815121
1790420927859 0 3376 6144 503919528 503076298 0 0 0 0 0 0 309509260 2418172 2172649472 65667072 13209600 0 0 2592 0 320815121
1790420928916 0 60 0 503919803 503086033 0 0 0 0 0 0 309509260 2418252 2003861504 131072 0 0 0 2592 0 320821684
1790420929948 0 95 0 503919838 503086033 0 0 0 0 0 0 309509260 2418253 2184859648 143360 0 0 0 2592 0 320822036
1790420930967 0 95 0 503919838 503086033 0 0 0 0 0 0 309509260 2418253 2184859648 143360 0 0 0 2592 0 320822036
1790420931986 0 95 0 503919838 503086033 0 0 0 0 0 0 309509260 2418253 2184859648 143360 0 0 0 2592 0 320822036
1790420933005 0 38 1 503919838 503086089 0 0 0 0 0 0 309509260 2418253 2184859648 143360 0 0 0 2592 0 320822036
1790420934024 0 41 0 503919844 503086093 0 0 0 0 0 0 309509260 2418253 2184859648 143360 0 0 0 2592 0 320822036
1790420935043 0 41 0 503919844 503086093 0 0 0 0 0 0 309509260 2418253 2184859648 143360 0 0 0 2592 0 320822036
1790420936062 0 41 0 503919844 503086093 0 0 0 0 0 0 309509260 2418253 2184859648 143360 0 0 0 2592 0 320822036
1790420937081 0 41 0 503919844 503086093 0 0 0 0 0 0 309509260 2418253 2184859648 143360 0 0 0 2592 0 320822036
1790420938102 0 41 0 503919844 503086093 0 0 0 0 0 0 309509260 2418253 2184859648 143360 0 0 0 2592 0 320822036
1790420939123 0 43 0 503919846 503086093 0 0 0 0 0 0 309509260 2418253 2184859648 143360 0 0 0 2592 0 320822036
1790420940144 0 43 0 503919846 503086093 0 0 0 0 0 0 309509260 2418253 2184859648 143360 0 0 0 2592 0 320822036
1790420941165 0 43 0 503919846 503086093 0 0 0 0 0 0 309509260 2418253 2184859648 143360 0 0 0 2592 0 320822036
1790420942186 0 43 0 503919846 503086093 0 0 0 0 0 0 309509260 2418253 2184859648 143360 0 0 0 2592 0 320822036
1790420943206 0 35 7 503919846 503086094 0 0 0 0 0 0 309509260 2418253 2184859648 143360 0 0 0 2592 0 320822036
1790420944225 0 36 0 503919847 503086101 0 0 0 0 0 0 309509260 2418253 2184863744 147456 0 0 0 2592 0 320822036
1790420945244 0 37 0 503919848 503086101 0 0 0 0 0 0 309509260 2418253 2184863744 147456 0 0 0 2592 0 320822036
1790420946264 0 37 0 503919848 503086101 0 0 0 0 0 0 309509260 2418253 2184863744 147456 0 0 0 2592 0 320822036
1790420947283 0 37 0 503919848 503086101 0 0 0 0 0 0 309509260 2418269 2187042816 147456 0 0 0 2592 0 320822461
1790420948303 0 37 0 503919848 503086101 0 0 0 0 0 0 309509260 2418269 2187042816 147456 0 0 0 2592 0 320822461
1790420949322 0 37 0 503919848 503086101 0 0 0 0 0 0 309509260 2418269 2187042816 147456 0 0 0 2592 0 320822461
1790420950342 0 36 0 503919848 503086102 0 0 0 0 0 0 309509260 2418269 2187042816 147456 0 0 0 2592 0 320822461
1790420951364 0 37 0 503919849 503086102 0 0 0 0 0 0 309509260 2418269 2187042816 147456 0 0 0 2592 0 320822461
1790420952389 0 37 0 503919849 503086102 0 0 0 0 0 0 309509260 2418269 2187042816 147456 0 0 0 2592 0 320822461
1790420953414 0 37 0 503919849 503086102 0 0 0 0 0 0 309509260 2418269 2187042816 147456 0 0 0 2592 0 320822461
1790420954438 0 37 0 503919849 503086102 0 0 0 0 0 0 309509260 2418269 2187042816 147456 0 0 0 2592 0 320822461
1790420955463 0 37 0 503919849 503086102 0 0 0 0 0 0 309509260 2418269 2187042816 147456 0 0 0 2592 0 320822461
1790420956488 0 36 0 503919849 503086103 0 0 0 0 0 0 309509260 2418269 2187042816 147456 0 0 0 2592 0 320822461
1790420957513 0 37 0 503919850 503086103 0 0 0 0 0 0 309509260 2418269 2187042816 147456 0 0 0 2592 0 320822461
1790420958579 0 74 0 503919888 503086104 0 0 0 0 0 0 309509260 2418353 889098240 131072 0 0 0 2592 0 320830553
1790420959622 0 95 0 503919948 503086143 0 0 0 0 0 0 309509260 2418354 2184839168 143360 0 0 0 2592 0 320836123
1790420960644 0 95 0 503919948 503086143 0 0 0 0 0 0 309509260 2418354 2184839168 143360 0 0 0 2592 0 320836123
1790420961665 0 95 0 503919948 503086143 0 0 0 0 0 0 309509260 2418354 2184839168 143360 0 0 0 2592 0 320836123
1790420962686 0 95 0 503919948 503086143 0 0 0 0 0 0 309509260 2418354 2184839168 143360 0 0 0 2592 0 320836123
1790420963708 0 95 0 503919948 503086143 0 0 0 0 0 0 309509260 2418354 2184839168 143360 0 0 0 2592 0 320836123
1790420964729 0 41 0 503919954 503086203 0 0 0 0 0 0 309509260 2418354 2184839168 143360 0 0 0 2592 0 320836123
1790420965751 0 41 0 503919954 503086203 0 0 0 0 0 0 309509260 2418354 2184839168 143360 0 0 0 2592 0 320836123
1790420966775 0 41 0 503919954 503086203 0 0 0 0 0 0 309509260 2418354 2184839168 143360 0 0 0 2592 0 320836123
1790420967800 0 41 0 503919954 503086203 0 0 0 0 0 0 309509260 2418354 2184839168 143360 0 0 0 2592 0 320836123
1790420968825 0 35 0 503919956 503086211 0 0 0 0 0 0 309509260 2418354 2184839168 143360 0 0 0 2592 0 320837822
1790420969850 0 35 0 503919956 503086211 0 0 0 0 0 0 309509260 2418354 2184839168 143360 0 0 0 2592 0 320837822
1790420970875 0 35 0 503919956 503086211 0 0 0 0 0 0 309509260 2418354 2184839168 143360 0 0 0 2592 0 320837822
1790420971900 0 35 0 503919956 503086211 0 0 0 0 0 0 309509260 2418354 2184839168 143360 0 0 0 2592 0 320837822
1790420972925 0 35 0 503919956 503086211 0 0 0 0 0 0 309509260 2418354 2184839168 143360 0 0 0 2592 0 320837822
