1790421284771 0 0 0 504791607 503957785 0 0 0 0 0 0 309509260 2558012 - - - - - - - -
1790421285814 0 146 27 504863213 504029322 0 0 0 0 0 0 309509260 2558119 302768128 131072 0 0 0 2592 0 332137348
1790421286834 0 92 0 504863214 504029300 0 0 0 0 0 0 309509260 2558120 303374336 143360 0 0 0 2592 0 332137348
1790421287852 0 94 0 504863216 504029300 0 0 0 0 0 0 309509260 2558120 303374336 143360 0 0 0 2592 0 332137348
1790421288870 0 94 0 504863216 504029300 0 0 0 0 0 0 309509260 2558120 303374336 143360 0 0 0 2592 0 332137348
1790421289889 0 94 0 504863216 504029300 0 0 0 0 0 0 309509260 2558120 303374336 143360 0 0 0 2592 0 332137348
1790421290907 0 45 0 504863223 504029356 0 0 0 0 0 0 309509260 2558120 303374336 147456 0 0 0 2592 0 332137348
1790421291925 0 42 0 504863223 504029359 0 0 0 0 0 0 309509260 2558120 303374336 147456 0 0 0 2592 0 332137348
1790421292944 0 42 0 504863223 504029359 0 0 0 0 0 0 309509260 2558120 303374336 147456 0 0 0 2592 0 332137348
1790421293962 0 42 0 504863223 504029359 0 0 0 0 0 0 309509260 2558120 303374336 147456 0 0 0 2592 0 332137348
1790421294981 0 42 0 504863223 504029359 0 0 0 0 0 0 309509260 2558120 303374336 147456 0 0 0 2592 0 332137348
1790421296000 0 42 0 504863223 504029359 0 0 0 0 0 0 309509260 2558120 303374336 147456 0 0 0 2592 0 332137348
1790421297019 0 42 0 504863223 504029359 0 0 0 0 0 0 309509260 2558120 303374336 147456 0 0 0 2592 0 332137348
1790421298037 0 42 0 504863223 504029359 0 0 0 0 0 0 309509260 2558120 303374336 147456 0 0 0 2592 0 332137348
1790421299056 0 42 0 504863223 504029359 0 0 0 0 0 0 309509260 2558120 303374336 147456 0 0 0 2592 0 332137348
1790421300075 0 42 0 504863223 504029359 0 0 0 0 0 0 309509260 2558120 303374336 147456 0 0 0 2592 0 332137348
1790421301094 0 42 0 504863223 504029359 0 0 0 0 0 0 309509260 2558120 303374336 147456 0 0 0 2592 0 332137348
1790421302113 0 42 0 504863223 504029359 0 0 0 0 0 0 309509260 2558120 303374336 147456 0 0 0 2592 0 332137348
1790421303132 0 42 0 504863223 504029359 0 0 0 0 0 0 309509260 2558120 303374336 147456 0 0 0 2592 0 332137348
1790421304152 0 42 0 504863223 504029359 0 0 0 0 0 0 309509260 2558120 303374336 147456 0 0 0 2592 0 332137348
1790421305171 0 42 0 504863223 504029359 0 0 0 0 0 0 309509260 2558120 303374336 147456 0 0 0 2592 0 332137348
1790421306191 0 42 0 504863223 504029359 0 0 0 0 0 0 309509260 2558120 303374336 147456 0 0 0 2592 0 332137348
1790421307210 0 42 0 504863223 504029359 0 0 0 0 0 0 309509260 2558120 303374336 147456 0 0 0 2592 0 332137348
1790421308230 0 42 0 504863223 504029359 0 0 0 0 0 0 309509260 2558136 305541120 147456 0 0 0 2592 0 332137693
1790421309251 0 42 0 504863223 504029359 0 0 0 0 0 0 309509260 2558136 305541120 147456 0 0 0 2592 0 332137693
1790421310273 0 42 0 504863223 504029359 0 0 0 0 0 0 309509260 2558136 305541120 147456 0 0 0 2592 0 332137693
1790421311296 0 42 0 504863223 504029359 0 0 0 0 0 0 309509260 2558136 305541120 147456 0 0 0 2592 0 332137693
1790421312318 0 42 0 504863223 504029359 0 0 0 0 0 0 309509260 2558136 305541120 147456 0 0 0 2592 0 332137693
1790421313341 0 42 0 504863223 504029359 0 0 0 0 0 0 309509260 2558136 305541120 147456 0 0 0 2592 0 332137693
1790421314363 0 42 0 504863223 504029359 0 0 0 0 0 0 309509260 2558136 305541120 147456 0 0 0 2592 0 332137693
1790421315386 0 42 0 504863223 504029359 0 0 0 0 0 0 309509260 2558136 305541120 147456 0 0 0 2592 0 332137693
1790421316430 0 94 0 504863317 504029401 0 0 0 0 0 0 309509260 2558219 300933120 139264 0 0 0 2592 0 332142609
1790421317454 0 95 0 504863318 504029401 0 0 0 0 0 0 309509260 2558220 302964736 143360 0 0 0 2592 0 332142631
1790421318474 0 95 0 504863318 504029401 0 0 0 0 0 0 309509260 2558220 302964736 143360 0 0 0 2592 0 332142631
1790421319493 0 95 0 504863318 504029401 0 0 0 0 0 0 309509260 2558220 302964736 143360 0 0 0 2592 0 332142631
1790421320512 0 95 0 504863318 504029401 0 0 0 0 0 0 309509260 2558220 302964736 143360 0 0 0 2592 0 332142632
1790421321532 0 99 0 504863325 504029404 0 0 0 0 0 0 309509260 2558220 302964736 147456 0 0 0 2592 0 332142632
1790421322551 0 42 0 504863325 504029461 0 0 0 0 0 0 309509260 2558220 302964736 147456 0 0 0 2592 0 332142632
1790421323572 0 43 0 504863326 504029461 0 0 0 0 0 0 309509260 2558220 302968832 151552 0 0 0 2592 0 332142632
1790421324596 0 43 0 504863326 504029461 0 0 0 0 0 0 309509260 2558220 302968832 151552 0 0 0 2592 0 332142634
1790421325619 0 43 0 504863326 504029461 0 0 0 0 0 0 309509260 2558220 302968832 151552 0 0 0 2592 0 332142634
1790421326642 0 43 0 504863326 504029461 0 0 0 0 0 0 309509260 2558220 302968832 151552 0 0 0 2592 0 332145135
1790421327666 0 44 0 504863327 504029461 0 0 0 0 0 0 309509260 2558220 302968832 151552 0 0 0 2592 0 332145135
1790421328689 0 54 0 504863338 504029462 0 0 0 0 0 0 309509260 2558220 302968832 151552 0 0 0 2592 0 332145135
1790421329712 0 54 0 504863338 504029462 0 0 0 0 0 0 309509260 2558220 302968832 151552 0 0 0 2592 0 332145135
1790421330733 0 145094 0 505011194 504032294 0 0 0 0 0 0 309509260 2558220 579481600 570908672 0 0 0 2592 0 332145849
1790421331756 0 114186 1803 505131457 504181696 0 0 0 0 0 0 309509260 2558222 1095094272 481722368 8388608 0 0 2592 0 332146785
1790421332816 0 35 0 505131602 504297713 0 0 0 0 0 0 309509260 2558311 938455040 131072 0 0 0 2592 0 332156333
1790421333860 0 94 0 505131681 504297733 0 0 0 0 0 0 309509260 2558312 1108365312 143360 0 0 0 2592 0 332156997
1790421334879 0 94 0 505131681 504297733 0 0 0 0 0 0 309509260 2558312 1108365312 143360 0 0 0 2592 0 332156997
1790421335898 0 94 0 505131681 504297733 0 0 0 0 0 0 309509260 2558312 1108365312 143360 0 0 0 2592 0 332156997
1790421336917 0 94 0 505131681 504297733 0 0 0 0 0 0 309509260 2558312 1108365312 143360 0 0 0 2592 0 332156997
1790421337935 0 35 0 505131681 504297792 0 0 0 0 0 0 309509260 2558312 1108365312 143360 0 0 0 2592 0 332156997
1790421338954 0 42 0 505131688 504297792 0 0 0 0 0 0 309509260 2558312 1108365312 147456 0 0 0 2592 0 332156997
1790421339973 0 42 0 505131688 504297792 0 0 0 0 0 0 309509260 2558312 1108365312 147456 0 0 0 2592 0 332156997
1790421340991 0 42 0 505131688 504297792 0 0 0 0 0 0 309509260 2558312 1108365312 147456 0 0 0 2592 0 332156997
1790421342011 0 42 0 505131688 504297792 0 0 0 0 0 0 309509260 2558312 1108365312 147456 0 0 0 2592 0 332156997
1790421343031 0 42 0 505131688 504297792 0 0 0 0 0 0 309509260 2558312 1108365312 147456 0 0 0 2592 0 332156997
1790421344051 0 42 0 505131688 504297792 0 0 0 0 0 0 309509260 2558312 1108365312 147456 0 0 0 2592 0 332156997
1790421345071 0 42 0 505131688 504297792 0 0 0 0 0 0 309509260 2558312 1108365312 147456 0 0 0 2592 0 332156997
1790421346091 0 42 0 505131688 504297792 0 0 0 0 0 0 309509260 2558312 1108365312 147456 0 0 0 2592 0 332156997
1790421347111 0 42 0 505131688 504297792 0 0 0 0 0 0 309509260 2558312 1108365312 147456 0 0 0 2592 0 332156997
1790421348133 0 42 0 505131688 504297792 0 0 0 0 0 0 309509260 2558312 1108365312 147456 0 0 0 2592 0 332156997
1790421349153 0 42 0 505131688 504297792 0 0 0 0 0 0 309509260 2558312 1108365312 147456 0 0 0 2592 0 332156997
1790421350173 0 42 0 505131688 504297792 0 0 0 0 0 0 309509260 2558312 1108365312 147456 0 0 0 2592 0 332156997
1790421351192 0 42 0 505131688 504297792 0 0 0 0 0 0 309509260 2558312 1108365312 147456 0 0 0 2592 0 332156997
1790421352212 0 42 0 505131688 504297792 0 0 0 0 0 0 309509260 2558312 1108365312 147456 0 0 0 2592 0 332156997
1790421353231 0 42 0 505131688 504297792 0 0 0 0 0 0 309509260 2558312 1108365312 147456 0 0 0 2592 0 332156997
1790421354251 0 42 0 505131688 504297792 0 0 0 0 0 0 309509260 2558312 1108365312 147456 0 0 0 2592 0 332156997
1790421355272 0 42 0 505131688 504297792 0 0 0 0 0 0 309509260 2558312 1108365312 147456 0 0 0 2592 0 332156997
1790421356296 0 42 0 505131688 504297792 0 0 0 0 0 0 309509260 2558312 1108365312 147456 0 0 0 2592 0 332156997
1790421357319 0 42 0 505131688 504297792 0 0 0 0 0 0 309509260 2558312 1108365312 147456 0 0 0 2592 0 332156997
1790421358343 0 42 0 505131688 504297792 0 0 0 0 0 0 309509260 2558331 1111605248 147456 0 0 0 2592 0 332157183
1790421359367 0 42 0 505131688 504297792 0 0 0 0 0 0 309509260 2558331 1111605248 147456 0 0 0 2592 0 332157183
1790421360391 0 43 0 505131689 504297792 0 0 0 0 0 0 309509260 2558331 1111609344 151552 0 0 0 2592 0 332157183
1790421361415 0 43 0 505131689 504297792 0 0 0 0 0 0 309509260 2558331 1111609344 151552 0 0 0 2592 0 332157183
1790421362465 0 7 0 505131689 504297828 0 0 0 0 0 0 309509260 2558413 14196736 98304 0 0 0 2592 0 332159762
1790421363497 0 95 0 505131786 504297837 0 0 0 0 0 0 309509260 2558414 1108307968 143360 0 0 0 2592 0 332165873
1790421364518 0 95 0 505131786 504297837 0 0 0 0 0 0 309509260 2558414 1108307968 143360 0 0 0 2592 0 332165874
1790421365538 0 95 0 505131786 504297837 0 0 0 0 0 0 309509260 2558414 1108307968 143360 0 0 0 2592 0 332165874
1790421366559 0 95 0 505131786 504297837 0 0 0 0 0 0 309509260 2558414 1108307968 143360 0 0 0 2592 0 332165874
1790421367580 0 95 0 505131786 504297837 0 0 0 0 0 0 309509260 2558414 1108307968 147456 0 0 0 2592 0 332165874
1790421368601 0 41 0 505131792 504297897 0 0 0 0 0 0 309509260 2558430 1110478848 147456 0 0 0 2592 0 332165973
1790421369622 0 41 0 505131792 504297897 0 0 0 0 0 0 309509260 2558430 1110478848 147456 0 0 0 2592 0 332165973
1790421370645 0 42 0 505131793 504297897 0 0 0 0 0 0 309509260 2558430 1110482944 151552 0 0 0 2592 0 332165973
1790421371669 0 42 0 505131793 504297897 0 0 0 0 0 0 309509260 2558430 1110482944 151552 0 0 0 2592 0 332165974
1790421372693 0 42 0 505131793 504297897 0 0 0 0 0 0 309509260 2558430 1110482944 65536 0 0 0 2592 0 332167426
1790421373717 0 17 0 505131812 504297941 0 0 0 0 0 0 309509260 2558430 1110482944 102400 0 0 0 2592 0 332167426
1790421374742 0 33 0 505131828 504297941 0 0 0 0 0 0 309509260 2558430 1110482944 135168 0 0 0 2592 0 332167426
1790421375766 0 33 0 505131828 504297941 0 0 0 0 0 0 309509260 2558430 1110482944 135168 0 0 0 2592 0 332167426
1790421376790 0 33 0 505131828 504297941 0 0 0 0 0 0 309509260 2558430 1110482944 135168 0 0 0 2592 0 332167426
1790421377812 0 269105 0 505403923 504300882 0 0 0 0 0 0 309509260 2558687 1092050944 1080549376 0 0 0 2592 0 332184110
1790421378837 0 445726 4112 505662295 504378668 0 0 0 0 0 0 309509260 2558688 2171486208 1825456128 16777216 0 0 2592 0 332184439
1790421379865 0 250271 5962 505662296 504572177 0 0 0 0 0 0 309509260 2558688 2171486208 1080725504 8388608 0 0 2592 0 332184439
1790421380909 0 1 21 505662515 504828655 0 0 0 0 0 0 309509260 2558692 2171486208 0 0 0 0 2592 0 332184858
1790421381958 0 93 0 505662614 504828635 0 0 0 0 0 0 309509260 2558743 2125012992 135168 0 0 0 2592 0 332194640
1790421382984 0 95 0 505662616 504828635 0 0 0 0 0 0 309509260 2558744 2185134080 143360 0 0 0 2592 0 332198333
1790421384003 0 95 0 505662616 504828635 0 0 0 0 0 0 309509260 2558744 2185134080 143360 0 0 0 2592 0 332198333
1790421385022 0 95 0 505662616 504828635 0 0 0 0 0 0 309509260 2558744 2185134080 143360 0 0 0 2592 0 332198333
1790421386041 0 95 0 505662616 504828635 0 0 0 0 0 0 309509260 2558744 2185134080 143360 0 0 0 2592 0 332198333
1790421387060 0 42 0 505662623 504828695 0 0 0 0 0 0 309509260 2558744 2185134080 147456 0 0 0 2592 0 332198333
1790421388079 0 42 0 505662623 504828695 0 0 0 0 0 0 309509260 2558744 2185134080 147456 0 0 0 2592 0 332198333
1790421389098 0 42 0 505662623 504828695 0 0 0 0 0 0 309509260 2558744 2185134080 147456 0 0 0 2592 0 332198333
1790421390118 0 42 0 505662623 504828695 0 0 0 0 0 0 309509260 2558744 2185134080 147456 0 0 0 2592 0 332198333
1790421391139 0 42 0 505662623 504828695 0 0 0 0 0 0 309509260 2558744 2185134080 147456 0 0 0 2592 0 332198333
1790421392160 0 42 0 505662623 504828695 0 0 0 0 0 0 309509260 2558744 2185134080 147456 0 0 0 2592 0 332198333
1790421393181 0 42 0 505662623 504828695 0 0 0 0 0 0 309509260 2558744 2185134080 147456 0 0 0 2592 0 332198333
1790421394202 0 42 0 505662623 504828695 0 0 0 0 0 0 309509260 2558744 2185134080 147456 0 0 0 2592 0 332198333
1790421395223 0 42 0 505662623 504828695 0 0 0 0 0 0 309509260 2558744 2185134080 147456 0 0 0 2592 0 332198333
1790421396243 0 42 0 505662623 504828695 0 0 0 0 0 0 309509260 2558744 2185134080 147456 0 0 0 2592 0 332198333
1790421397262 0 43 0 505662624 504828695 0 0 0 0 0 0 309509260 2558744 2185138176 151552 0 0 0 2592 0 332198333
1790421398282 0 99 0 505662680 504828695 0 0 0 0 0 0 309509260 2559010 2185138176 151552 0 0 0 2592 0 332198333
1790421399303 0 144 0 505662725 504828695 0 0 0 0 0 0 309509260 2559010 2185138176 151552 0 0 0 2592 0 332198333
1790421400323 0 144 0 505662725 504828695 0 0 0 0 0 0 309509260 2559010 2185138176 151552 0 0 0 2592 0 332198333
1790421401342 0 144 0 505662725 504828695 0 0 0 0 0 0 309509260 2559010 2185138176 151552 0 0 0 2592 0 332198333
1790421402362 0 144 0 505662725 504828695 0 0 0 0 0 0 309509260 2559010 2185138176 151552 0 0 0 2592 0 332198333
1790421403381 0 44 0 505662725 504828795 0 0 0 0 0 0 309509260 2559010 2185138176 151552 0 0 0 2592 0 332198333
1790421404404 0 45 0 505662726 504828795 0 0 0 0 0 0 309509260 2559010 2185138176 151552 0 0 0 2592 0 332198333
1790421405429 0 45 0 505662726 504828795 0 0 0 0 0 0 309509260 2559010 2185138176 151552 0 0 0 2592 0 332198333
1790421406454 0 45 0 505662726 504828795 0 0 0 0 0 0 309509260 2559010 2185138176 151552 0 0 0 2592 0 332198333
1790421407479 0 45 0 505662726 504828795 0 0 0 0 0 0 309509260 2559010 2185138176 151552 0 0 0 2592 0 332198333
1790421408504 0 45 0 505662726 504828795 0 0 0 0 0 0 309509260 2559010 2185138176 151552 0 0 0 2592 0 332198333
1790421409529 0 45 0 505662726 504828795 0 0 0 0 0 0 309509260 2559010 2185138176 151552 0 0 0 2592 0 332198333
1790421410554 0 45 0 505662726 504828795 0 0 0 0 0 0 309509260 2559010 2185138176 151552 0 0 0 2592 0 332198333
1790421411629 0 122 0 505662814 504828807 0 0 0 0 0 0 309509260 2559068 861777920 131072 0 0 0 2592 0 332211537
1790421412679 0 45 0 505662831 504828900 0 0 0 0 0 0 309509260 2559069 2184863744 147456 0 0 0 2592 0 332219812
1790421413701 0 45 0 505662831 504828900 0 0 0 0 0 0 309509260 2559069 2184863744 147456 0 0 0 2592 0 332219812
1790421414722 0 45 0 505662831 504828900 0 0 0 0 0 0 309509260 2559069 2184863744 147456 0 0 0 2592 0 332219813
1790421415744 0 45 0 505662831 504828900 0 0 0 0 0 0 309509260 2559069 2184863744 147456 0 0 0 2592 0 332219813
1790421416765 0 118 4 505662910 504828901 0 0 0 0 0 0 309509260 2559168 2184863744 147456 0 0 0 2592 0 332219813
1790421417787 0 116 0 505662930 504828909 0 0 0 0 0 0 309509260 2559169 2184863744 151552 0 0 0 2592 0 332219813
1790421418809 0 162 0 505662976 504828909 0 0 0 0 0 0 309509260 2559169 2184863744 151552 0 0 0 2592 0 332219813
1790421419833 0 162 0 505662976 504828909 0 0 0 0 0 0 309509260 2559169 2184863744 151552 0 0 0 2592 0 332219813
1790421420859 0 162 0 505662976 504828909 0 0 0 0 0 0 309509260 2559169 2184863744 151552 0 0 0 2592 0 332219813
1790421421884 0 56 0 505663032 504829071 0 0 0 0 0 0 309509260 2559169 2184863744 131072 0 0 0 2592 0 332233188
1790421422909 0 114 0 505663090 504829071 0 0 0 0 0 0 309509260 2559169 2184863744 172032 0 0 0 2592 0 332235695
1790421423935 0 114 0 505663090 504829071 0 0 0 0 0 0 309509260 2559169 2184863744 172032 0 0 0 2592 0 332235695
1790421424960 0 114 0 505663090 504829071 0 0 0 0 0 0 309509260 2559169 2184863744 172032 0 0 0 2592 0 332235695
1790421425986 0 114 0 505663090 504829071 0 0 0 0 0 0 309509260 2559169 2184863744 172032 0 0 0 2592 0 332235695
