1790422183024 0 0 0 508539296 507353373 0 0 0 0 0 0 309509260 2574966 - - - - - - - -
1790422184054 0 39 0 508610843 507424881 0 0 0 0 0 0 309509260 2574974 18845696 0 0 0 0 2592 0 332268982
1790422185121 0 94 0 508610898 507424881 0 0 0 0 0 0 309509260 2578010 28016640 135168 0 0 0 2592 0 332346980
1790422186178 0 94 0 508610898 507424881 0 0 0 0 0 0 309509260 2587191 68915200 135168 0 0 0 2592 0 332873747
1790422187201 0 94 0 508610898 507424881 0 0 0 0 0 0 309509260 2596276 106156032 135168 0 0 0 2592 0 333254731
1790422188224 0 94 0 508610898 507424881 0 0 0 0 0 0 309509260 2605426 143593472 135168 0 0 0 2592 0 333927718
1790422189247 0 33 0 508610898 507424942 0 0 0 0 0 0 309509260 2614391 180359168 135168 0 0 0 2592 0 334343657
1790422190271 0 41 0 508610906 507424942 0 0 0 0 0 0 309509260 2623373 217174016 135168 0 0 0 2592 0 334925484
1790422191294 0 41 0 508610906 507424942 0 0 0 0 0 0 309509260 2632484 254496768 135168 0 0 0 2592 0 335668234
1790422192312 0 43 0 508610908 507424942 0 0 0 0 0 0 309509260 2640707 288899072 143360 0 0 0 2592 0 336138105
1790422193331 0 43 0 508610908 507424942 0 0 0 0 0 0 309509260 2640707 288899072 143360 0 0 0 2592 0 336138105
1790422194350 0 43 0 508610908 507424942 0 0 0 0 0 0 309509260 2640707 288899072 143360 0 0 0 2592 0 336138105
1790422195369 0 43 0 508610908 507424942 0 0 0 0 0 0 309509260 2640707 288899072 143360 0 0 0 2592 0 336138105
1790422196388 0 43 0 508610908 507424942 0 0 0 0 0 0 309509260 2640707 288899072 143360 0 0 0 2592 0 336138105
1790422197407 0 43 0 508610908 507424942 0 0 0 0 0 0 309509260 2640707 288899072 143360 0 0 0 2592 0 336138105
1790422198426 0 43 0 508610908 507424942 0 0 0 0 0 0 309509260 2640707 288899072 143360 0 0 0 2592 0 336138105
1790422199445 0 43 0 508610908 507424942 0 0 0 0 0 0 309509260 2640726 292188160 143360 0 0 0 2592 0 336138603
1790422200464 0 35 0 508610908 507424950 0 0 0 0 0 0 309509260 2640726 292188160 143360 0 0 0 2592 0 336138603
1790422201483 0 37 0 508610910 507424950 0 0 0 0 0 0 309509260 2640726 292188160 143360 0 0 0 2592 0 336138603
1790422202502 0 75 0 508610948 507424950 0 0 0 0 0 0 309509260 2640746 292188160 143360 0 0 0 2592 0 336138603
1790422203521 0 75 0 508610948 507424950 0 0 0 0 0 0 309509260 2640746 292188160 143360 0 0 0 2592 0 336138603
1790422204541 0 75 0 508610948 507424950 0 0 0 0 0 0 309509260 2640746 292188160 143360 0 0 0 2592 0 336138603
1790422205560 0 75 0 508610948 507424950 0 0 0 0 0 0 309509260 2640746 292188160 143360 0 0 0 2592 0 336138603
1790422206579 0 73 0 508610948 507424952 0 0 0 0 0 0 309509260 2640746 292188160 143360 0 0 0 2592 0 336138603
1790422207598 0 43 0 508610956 507424990 0 0 0 0 0 0 309509260 2640746 292188160 143360 0 0 0 2592 0 336138603
1790422208618 0 43 0 508610956 507424990 0 0 0 0 0 0 309509260 2640746 292188160 143360 0 0 0 2592 0 336138603
1790422209638 0 43 0 508610956 507424990 0 0 0 0 0 0 309509260 2640746 292188160 143360 0 0 0 2592 0 336138603
1790422210658 0 43 0 508610956 507424990 0 0 0 0 0 0 309509260 2640746 292188160 143360 0 0 0 2592 0 336138603
1790422211678 0 35 7 508610956 507424991 0 0 0 0 0 0 309509260 2640746 292188160 143360 0 0 0 2592 0 336138603
1790422212698 0 35 0 508610956 507424998 0 0 0 0 0 0 309509260 2640746 292188160 143360 0 0 0 2592 0 336138603
1790422213718 0 37 0 508610958 507424998 0 0 0 0 0 0 309509260 2640746 292188160 143360 0 0 0 2592 0 336138603
1790422214738 0 37 0 508610958 507424998 0 0 0 0 0 0 309509260 2640746 292188160 143360 0 0 0 2592 0 336138603
1790422215760 0 37 0 508610958 507424998 0 0 0 0 0 0 309509260 2640746 292188160 139264 0 0 0 2592 0 336138603
1790422216783 0 37 0 508610959 507424999 0 0 0 0 0 0 309509260 2640746 292188160 143360 0 0 0 2592 0 336138603
1790422217807 0 37 0 508610959 507424999 0 0 0 0 0 0 309509260 2640746 292188160 143360 0 0 0 2592 0 336138603
1790422218830 0 35 0 508610959 507425001 0 0 0 0 0 0 309509260 2640746 292188160 143360 0 0 0 2592 0 336138603
1790422219853 0 37 0 508610961 507425001 0 0 0 0 0 0 309509260 2640746 292188160 143360 0 0 0 2592 0 336138603
1790422220877 0 29 0 508611004 507425052 0 0 0 0 0 0 309509260 2640746 292188160 131072 0 0 0 2592 0 336152722
1790422221900 0 36 0 508611011 507425052 0 0 0 0 0 0 309509260 2640746 292192256 139264 0 0 0 2592 0 336152722
1790422222948 0 90 0 508611105 507425092 0 0 0 0 0 0 309509260 2643399 15216640 131072 0 0 0 2592 0 336226329
1790422223998 0 93 0 508611110 507425094 0 0 0 0 0 0 309509260 2652589 55791616 135168 0 0 0 2592 0 336784050
1790422225022 0 93 0 508611110 507425094 0 0 0 0 0 0 309509260 2661839 93605888 135168 0 0 0 2592 0 337176170
1790422226045 0 93 0 508611110 507425094 0 0 0 0 0 0 309509260 2670832 130469888 135168 0 0 0 2592 0 337689683
1790422227069 0 93 0 508611110 507425094 0 0 0 0 0 0 309509260 2679766 167043072 135168 0 0 0 2592 0 338437307
1790422228087 0 48 0 508611159 507425188 0 0 0 0 0 0 309509260 2688686 203632640 118784 0 0 0 2592 0 338992833
1790422229111 0 51 0 508611162 507425188 0 0 0 0 0 0 309509260 2697419 239390720 135168 0 0 0 2592 0 339431766
1790422230134 0 52 0 508611163 507425188 0 0 0 0 0 0 309509260 2706277 275652608 135168 0 0 0 2592 0 339989835
1790422231153 0 54 0 508611165 507425188 0 0 0 0 0 0 309509260 2708839 286920704 143360 0 0 0 2592 0 340035874
1790422232173 0 54 0 508611165 507425188 0 0 0 0 0 0 309509260 2708839 286920704 143360 0 0 0 2592 0 340035879
1790422233193 0 39 0 508611227 507425265 0 0 0 0 0 0 309509260 2708839 286920704 90112 0 0 0 2592 0 340048727
1790422234213 0 44 0 508611232 507425265 0 0 0 0 0 0 309509260 2708839 286920704 135168 0 0 0 2592 0 340048757
1790422235233 0 52 0 508611240 507425265 0 0 0 0 0 0 309509260 2708839 286920704 135168 0 0 0 2592 0 340048757
1790422236255 0 52 0 508611240 507425265 0 0 0 0 0 0 309509260 2708839 286920704 135168 0 0 0 2592 0 340048757
1790422237275 0 52 0 508611240 507425265 0 0 0 0 0 0 309509260 2708839 286920704 135168 0 0 0 2592 0 340048757
1790422238297 0 0 0 508611251 507425335 0 0 0 0 0 0 309509260 2708839 286920704 69632 0 0 0 2592 0 340048931
1790422239321 0 23 0 508611281 507425335 0 0 0 0 0 0 309509260 2708839 286920704 135168 0 0 0 2592 0 340048933
1790422240345 0 35 0 508611293 507425335 0 0 0 0 0 0 309509260 2708839 286920704 135168 0 0 0 2592 0 340048933
1790422241369 0 35 0 508611293 507425335 0 0 0 0 0 0 309509260 2708839 286920704 135168 0 0 0 2592 0 340048933
1790422242393 0 35 0 508611293 507425335 0 0 0 0 0 0 309509260 2708839 286920704 135168 0 0 0 2592 0 340048933
1790422243417 0 0 0 508611293 507425412 0 0 0 0 0 0 309509260 2708839 286920704 65536 0 0 0 2592 0 340063020
1790422244441 0 19 0 508611356 507425414 0 0 0 0 0 0 309509260 2708839 286920704 135168 0 0 0 2592 0 340063023
1790422245467 0 237836 6132 508879485 507449501 0 0 0 0 0 0 309509260 2708841 1095036928 990781440 8388608 0 0 2592 0 340074104
1790422246490 0 41569 1168 508879486 507650821 0 0 0 0 0 0 309509260 2708841 1095036928 183422976 12247040 0 0 2592 0 340074104
1790422247522 0 41 0 508879665 507693669 0 0 0 0 0 0 309509260 2709007 448274432 131072 0 0 0 2592 0 340167261
1790422248548 0 96 0 508879720 507693669 0 0 0 0 0 0 309509260 2709101 1093988352 143360 0 0 0 2592 0 340441814
1790422249567 0 96 0 508879720 507693669 0 0 0 0 0 0 309509260 2709101 1093988352 143360 0 0 0 2592 0 340441814
1790422250586 0 96 0 508879720 507693669 0 0 0 0 0 0 309509260 2709101 1093988352 143360 0 0 0 2592 0 340441814
1790422251605 0 96 0 508879720 507693669 0 0 0 0 0 0 309509260 2709101 1093988352 143360 0 0 0 2592 0 340441814
1790422252623 0 42 0 508879727 507693730 0 0 0 0 0 0 309509260 2709101 1093988352 143360 0 0 0 2592 0 340441814
1790422253642 0 42 0 508879727 507693730 0 0 0 0 0 0 309509260 2709101 1093988352 143360 0 0 0 2592 0 340441814
1790422254662 0 42 0 508879727 507693730 0 0 0 0 0 0 309509260 2709101 1093988352 143360 0 0 0 2592 0 340441814
1790422255681 0 42 0 508879727 507693730 0 0 0 0 0 0 309509260 2709101 1093988352 143360 0 0 0 2592 0 340441814
1790422256702 0 42 0 508879727 507693730 0 0 0 0 0 0 309509260 2709101 1093988352 143360 0 0 0 2592 0 340441814
1790422257722 0 42 0 508879727 507693730 0 0 0 0 0 0 309509260 2709101 1093988352 143360 0 0 0 2592 0 340441814
1790422258743 0 45 0 508879730 507693730 0 0 0 0 0 0 309509260 2709101 1093992448 147456 0 0 0 2592 0 340441814
1790422259764 0 45 0 508879730 507693730 0 0 0 0 0 0 309509260 2709101 1093992448 147456 0 0 0 2592 0 340441814
1790422260785 0 45 0 508879730 507693730 0 0 0 0 0 0 309509260 2709101 1093992448 147456 0 0 0 2592 0 340441814
1790422261805 0 45 0 508879730 507693730 0 0 0 0 0 0 309509260 2709101 1093992448 147456 0 0 0 2592 0 340441814
1790422262825 0 36 0 508879730 507693739 0 0 0 0 0 0 309509260 2709101 1093992448 147456 0 0 0 2592 0 340441814
1790422263845 0 37 0 508879731 507693739 0 0 0 0 0 0 309509260 2709101 1093992448 147456 0 0 0 2592 0 340441814
1790422264865 0 37 0 508879731 507693739 0 0 0 0 0 0 309509260 2709101 1093992448 147456 0 0 0 2592 0 340441814
1790422265885 0 37 0 508879731 507693739 0 0 0 0 0 0 309509260 2709101 1093992448 147456 0 0 0 2592 0 340441814
1790422266905 0 37 0 508879731 507693739 0 0 0 0 0 0 309509260 2709101 1093992448 147456 0 0 0 2592 0 340441814
1790422267925 0 37 0 508879731 507693739 0 0 0 0 0 0 309509260 2709101 1093992448 147456 0 0 0 2592 0 340441814
1790422268945 0 36 0 508879731 507693740 0 0 0 0 0 0 309509260 2709101 1093992448 147456 0 0 0 2592 0 340441814
1790422269965 0 38 0 508879733 507693740 0 0 0 0 0 0 309509260 2709101 1093992448 147456 0 0 0 2592 0 340441814
1790422270987 0 38 0 508879733 507693740 0 0 0 0 0 0 309509260 2709117 1096167424 147456 0 0 0 2592 0 340442921
1790422272011 0 38 0 508879733 507693740 0 0 0 0 0 0 309509260 2709117 1096167424 147456 0 0 0 2592 0 340442921
1790422273035 0 38 0 508879733 507693740 0 0 0 0 0 0 309509260 2709117 1096167424 147456 0 0 0 2592 0 340442921
1790422274060 0 38 0 508879733 507693740 0 0 0 0 0 0 309509260 2709117 1096167424 147456 0 0 0 2592 0 340442921
1790422275084 0 36 0 508879733 507693742 0 0 0 0 0 0 309509260 2709117 1096167424 147456 0 0 0 2592 0 340442921
1790422276109 0 38 0 508879735 507693742 0 0 0 0 0 0 309509260 2709117 1096167424 147456 0 0 0 2592 0 340442921
1790422277133 0 38 0 508879735 507693742 0 0 0 0 0 0 309509260 2709117 1096167424 147456 0 0 0 2592 0 340442921
1790422278172 0 92 0 508879831 507693784 0 0 0 0 0 0 309509260 2710462 309813248 131072 0 0 0 2592 0 340577520
1790422279198 0 95 0 508879834 507693784 0 0 0 0 0 0 309509260 2711674 1091956736 143360 0 0 0 2592 0 340836340
1790422280219 0 95 0 508879834 507693784 0 0 0 0 0 0 309509260 2711674 1091956736 143360 0 0 0 2592 0 340836342
1790422281240 0 95 0 508879834 507693784 0 0 0 0 0 0 309509260 2711674 1091956736 143360 0 0 0 2592 0 340836342
1790422282261 0 95 0 508879834 507693784 0 0 0 0 0 0 309509260 2711674 1091956736 143360 0 0 0 2592 0 340836343
1790422283282 0 27 0 508879861 507693879 0 0 0 0 0 0 309509260 2711674 1091956736 81920 0 0 0 2592 0 340849844
1790422284304 0 40 0 508879874 507693879 0 0 0 0 0 0 309509260 2711674 1091956736 135168 0 0 0 2592 0 340849849
1790422285325 0 40 0 508879874 507693879 0 0 0 0 0 0 309509260 2711674 1091956736 135168 0 0 0 2592 0 340849850
1790422286348 0 40 0 508879874 507693879 0 0 0 0 0 0 309509260 2711674 1091960832 147456 0 0 0 2592 0 340849850
1790422287373 0 43 0 508879877 507693879 0 0 0 0 0 0 309509260 2711674 1091960832 147456 0 0 0 2592 0 340849850
1790422288399 0 16 0 508879904 507693933 0 0 0 0 0 0 309509260 2711674 1091960832 65536 0 0 0 2592 0 340851539
1790422289424 0 32 0 508879920 507693933 0 0 0 0 0 0 309509260 2711674 1091960832 135168 0 0 0 2592 0 340851539
1790422290449 0 33 0 508879921 507693933 0 0 0 0 0 0 309509260 2711674 1091960832 135168 0 0 0 2592 0 340851539
1790422291474 0 33 0 508879921 507693933 0 0 0 0 0 0 309509260 2711674 1091960832 135168 0 0 0 2592 0 340851539
1790422292498 0 33 0 508879921 507693933 0 0 0 0 0 0 309509260 2711674 1091960832 135168 0 0 0 2592 0 340851539
1790422293521 0 104549 0 508987377 507696811 0 0 0 0 0 0 309509260 2711674 412184576 403406848 0 0 0 2592 0 340864801
1790422294540 0 489203 0 509372032 507696811 0 0 0 0 0 0 309509260 2711674 1987895296 1979117568 0 0 0 2592 0 340864801
1790422295564 0 366968 8176 509410291 507849176 0 0 0 0 0 0 309509260 2711676 2169270272 1529491456 13832192 0 0 2592 0 340866850
1790422296587 0 203944 3975 509410292 508016429 0 0 0 0 0 0 309509260 2711676 2169274368 852099072 7909376 0 0 2592 0 340866850
1790422297617 0 5518 8468 509410292 508210704 0 0 0 0 0 0 309509260 2711676 2169274368 64163840 25165824 0 0 2592 0 340866850
1790422298657 0 91 0 509410600 508224538 0 0 0 0 0 0 309509260 2711831 803819520 131072 0 0 0 2592 0 341034971
1790422299684 0 96 0 509410605 508224538 0 0 0 0 0 0 309509260 2711936 2168127488 143360 0 0 0 2592 0 341444637
1790422300703 0 97 0 509410606 508224538 0 0 0 0 0 0 309509260 2711936 2168127488 143360 0 0 0 2592 0 341444637
1790422301722 0 97 0 509410606 508224538 0 0 0 0 0 0 309509260 2711936 2168127488 143360 0 0 0 2592 0 341444637
1790422302741 0 98 0 509410607 508224538 0 0 0 0 0 0 309509260 2711936 2168127488 143360 0 0 0 2592 0 341444637
1790422303760 0 47 0 509410617 508224599 0 0 0 0 0 0 309509260 2711936 2168127488 143360 0 0 0 2592 0 341444637
1790422304780 0 47 0 509410617 508224599 0 0 0 0 0 0 309509260 2711936 2168127488 143360 0 0 0 2592 0 341444637
1790422305799 0 47 0 509410618 508224600 0 0 0 0 0 0 309509260 2711936 2168127488 143360 0 0 0 2592 0 341444637
1790422306819 0 47 0 509410618 508224600 0 0 0 0 0 0 309509260 2711936 2168127488 143360 0 0 0 2592 0 341444637
1790422307840 0 47 0 509410618 508224600 0 0 0 0 0 0 309509260 2711936 2168127488 143360 0 0 0 2592 0 341444637
1790422308861 0 48 0 509410620 508224601 0 0 0 0 0 0 309509260 2711936 2168127488 143360 0 0 0 2592 0 341444637
1790422309882 0 48 0 509410620 508224601 0 0 0 0 0 0 309509260 2711936 2168127488 143360 0 0 0 2592 0 341444637
1790422310904 0 47 0 509410620 508224602 0 0 0 0 0 0 309509260 2711936 2168127488 143360 0 0 0 2592 0 341444637
1790422311925 0 47 0 509410620 508224602 0 0 0 0 0 0 309509260 2711936 2168127488 143360 0 0 0 2592 0 341444637
1790422312946 0 47 0 509410620 508224602 0 0 0 0 0 0 309509260 2711936 2168127488 143360 0 0 0 2592 0 341444637
1790422313967 0 47 0 509410620 508224602 0 0 0 0 0 0 309509260 2711936 2168127488 143360 0 0 0 2592 0 341444637
1790422314986 0 47 0 509410620 508224602 0 0 0 0 0 0 309509260 2711936 2168127488 143360 0 0 0 2592 0 341444637
1790422316006 0 47 0 509410620 508224602 0 0 0 0 0 0 309509260 2711936 2168127488 143360 0 0 0 2592 0 341444637
1790422317026 0 47 0 509410620 508224602 0 0 0 0 0 0 309509260 2711936 2168127488 143360 0 0 0 2592 0 341444637
1790422318046 0 47 0 509410620 508224602 0 0 0 0 0 0 309509260 2711936 2168127488 143360 0 0 0 2592 0 341444637
1790422319065 0 47 0 509410620 508224602 0 0 0 0 0 0 309509260 2711955 2171154432 143360 0 0 0 2592 0 341444938
1790422320085 0 47 0 509410620 508224602 0 0 0 0 0 0 309509260 2711955 2171154432 143360 0 0 0 2592 0 341444938
1790422321105 0 47 0 509410620 508224602 0 0 0 0 0 0 309509260 2711955 2171154432 143360 0 0 0 2592 0 341444938
1790422322127 0 47 0 509410620 508224602 0 0 0 0 0 0 309509260 2711955 2171154432 143360 0 0 0 2592 0 341444938
1790422323152 0 47 0 509410620 508224602 0 0 0 0 0 0 309509260 2711955 2171154432 143360 0 0 0 2592 0 341444938
1790422324178 0 48 0 509410621 508224602 0 0 0 0 0 0 309509260 2711955 2171154432 143360 0 0 0 2592 0 341444938
1790422325203 0 48 0 509410621 508224602 0 0 0 0 0 0 309509260 2711955 2171154432 143360 0 0 0 2592 0 341444938
1790422326229 0 49 0 509410622 508224602 0 0 0 0 0 0 309509260 2711955 2171154432 143360 0 0 0 2592 0 341444938
1790422327255 0 49 0 509410622 508224602 0 0 0 0 0 0 309509260 2711955 2171154432 143360 0 0 0 2592 0 341444938
1790422328280 0 49 0 509410624 508224604 0 0 0 0 0 0 309509260 2711955 2171154432 143360 0 0 0 2592 0 341444938
1790422329319 0 96 0 509410724 508224657 0 0 0 0 0 0 309509260 2712966 383156224 131072 0 0 0 2592 0 341516603
1790422330346 0 97 0 509410725 508224657 0 0 0 0 0 0 309509260 2714377 1831833600 135168 0 0 0 2592 0 341763742
1790422331366 0 99 0 509410727 508224657 0 0 0 0 0 0 309509260 2714525 2168107008 143360 0 0 0 2592 0 341790874
1790422332388 0 99 0 509410727 508224657 0 0 0 0 0 0 309509260 2714525 2168107008 143360 0 0 0 2592 0 341790876
1790422333409 0 100 0 509410728 508224657 0 0 0 0 0 0 309509260 2714525 2168111104 147456 0 0 0 2592 0 341790876
1790422334431 0 43 0 509410731 508224717 0 0 0 0 0 0 309509260 2714525 2168111104 147456 0 0 0 2592 0 341790877
1790422335454 0 43 0 509410731 508224717 0 0 0 0 0 0 309509260 2714525 2168111104 147456 0 0 0 2592 0 341790878
1790422336476 0 43 0 509410731 508224717 0 0 0 0 0 0 309509260 2714525 2168111104 147456 0 0 0 2592 0 341790878
1790422337498 0 43 0 509410731 508224717 0 0 0 0 0 0 309509260 2714525 2168111104 147456 0 0 0 2592 0 341790878
1790422338523 0 73 0 509410761 508224717 0 0 0 0 0 0 309509260 2714587 2168111104 147456 0 0 0 2592 0 341790878
1790422339549 0 103 0 509410827 508224753 0 0 0 0 0 0 309509260 2714587 2168111104 65536 0 0 0 2592 0 341803321
1790422340575 0 112 0 509410836 508224753 0 0 0 0 0 0 309509260 2714587 2168111104 135168 0 0 0 2592 0 341803321
1790422341601 0 124 0 509410848 508224753 0 0 0 0 0 0 309509260 2714587 2168111104 135168 0 0 0 2592 0 341803321
1790422342627 0 125 0 509410849 508224753 0 0 0 0 0 0 309509260 2714587 2168111104 135168 0 0 0 2592 0 341803321
1790422343653 0 125 0 509410849 508224753 0 0 0 0 0 0 309509260 2714587 2168111104 135168 0 0 0 2592 0 341803321
1790422344678 0 20 0 509410849 508224858 0 0 0 0 0 0 309509260 2714587 2168111104 65536 0 0 0 2592 0 341808518
