1790616303264 0 0 0 6099939459 6084776383 26174 24062 4523885 4157330 1 55 2952857896 12941067 15478784 8192 0 7311 7310 14710 13314 357137014
1790616304283 0 393808 0 6100336171 6084779215 26174 24062 4523885 4157330 1 55 2952857896 12941090 1606754304 1588367360 0 7311 7310 14710 13314 357139225
1790616305306 0 196505 1537 6100469793 6085108720 26174 24062 4523885 4157330 1 55 2952857896 12941091 2178482176 843382784 16625664 7311 7310 14710 13314 357140197
1790616306333 0 125 0 6100469963 6085306762 26174 24062 4523885 4157330 1 55 2952857896 12941184 674246656 139264 0 7311 7310 14710 13314 357148261
1790616307359 0 158 0 6100469996 6085306762 26174 24062 4523885 4157330 1 55 2952857896 12941184 2173153280 151552 0 7311 7310 14710 13314 357148586
1790616308378 0 180 0 6100470018 6085306762 26174 24062 4523885 4157330 1 55 2952857896 12941185 2173153280 151552 0 7311 7310 14710 13314 357148586
1790616309398 0 201 0 6100470039 6085306762 26174 24062 4523885 4157330 1 55 2952857896 12941186 2173153280 151552 0 7311 7310 14710 13314 357148586
1790616310419 0 78 0 6100470097 6085306943 26174 24062 4523885 4157330 1 55 2952857896 12941186 2173153280 151552 0 7311 7310 14710 13314 357148586
1790616311441 0 106 0 6100470240 6085307058 26174 24062 4523885 4157330 1 55 2952857896 12941284 574279680 139264 0 7311 7310 14710 13314 357157216
1790616312466 0 78390 0 6100551455 6085309890 26174 24062 4523885 4157330 1 55 2952857896 12941284 310702080 297148416 0 7311 7310 14710 13314 357163635
1790616313485 0 472746 0 6100945809 6085309890 26174 24062 4523885 4157330 1 55 2952857896 12941284 1925283840 1911726080 0 7311 7310 14710 13314 357163635
1790616314504 0 551525 1988 6101298343 6085581662 26174 24062 4523885 4157330 1 55 2952857896 12941289 3380989952 2270081024 9224192 7311 7310 14710 13314 357164255
1790616315529 0 378160 8545 6101525212 6085975475 26174 24062 4523885 4157330 1 55 2952857896 12941290 4321574912 1589669888 14999552 7311 7310 14710 13314 357167298
1790616316552 0 54 0 6101525378 6086362216 26174 24062 4523885 4157330 1 55 2952857896 12941291 2913423360 4096 0 7311 7310 14710 13314 357167408
1790616317571 0 142 0 6101525484 6086362234 26174 24062 4523885 4157330 1 55 2952857896 12941382 1767456768 143360 0 7311 7310 14710 13314 357197150
1790616318591 0 164 0 6101525506 6086362234 26174 24062 4523885 4157330 1 55 2952857896 12941382 4319940608 151552 0 7311 7310 14710 13314 357246561
1790616319611 0 184 0 6101525526 6086362234 26174 24062 4523885 4157330 1 55 2952857896 12941382 4319940608 151552 0 7311 7310 14710 13314 357246561
1790616320632 0 196 0 6101525538 6086362234 26174 24062 4523885 4157330 1 55 2952857896 12941383 4319940608 151552 0 7311 7310 14710 13314 357246561
1790616321654 0 92 0 6101525602 6086362402 26174 24062 4523885 4157330 1 55 2952857896 12941383 4319940608 155648 0 7311 7310 14710 13314 357246561
1790616322674 0 48 0 6101525639 6086362483 26174 24062 4523885 4157330 1 55 2952857896 12941398 4144304128 4096 0 7311 7310 14710 13314 357247244
1790616323694 0 112 0 6101525751 6086362531 26174 24062 4523885 4157330 1 55 2952857896 12941491 1662406656 143360 0 7311 7310 14710 13314 357275437
1790616324713 0 142 0 6101525781 6086362531 26174 24062 4523885 4157330 1 55 2952857896 12941492 4319608832 151552 0 7311 7310 14710 13314 357305038
1790616325733 0 191503 0 6101719960 6086365363 26174 24062 4523885 4157330 1 55 2952857896 12941492 775077888 761815040 0 7311 7310 14710 13314 357309739
1790616326753 0 506349 0 6102034970 6086365363 26174 24062 4523885 4157330 1 55 2952857896 12941492 2063699968 2050441216 0 7311 7310 14710 13314 357309739
1790616327773 0 555715 7681 6102323701 6086597527 26174 24062 4523885 4157330 1 55 2952857896 12941493 3248451584 2294632448 14684160 7311 7310 14710 13314 357309739
1790616328797 0 509066 4106 6102580447 6086904150 26174 24062 4523885 4157330 1 55 2952857896 12941494 4320342016 2117844992 4096 7311 7310 14710 13314 357310000
1790616329827 0 67998 2031 6102580497 6087347328 26174 24062 4523885 4157330 1 55 2952857896 12941494 4320342016 343433216 10317824 7311 7310 14710 13314 357310000
1790616330926 0 119 0 6102580706 6087417447 26174 24062 4523885 4157330 1 55 2952857896 12941584 469737472 139264 0 7311 7310 14710 13314 357425071
1790616331995 0 155 0 6102580742 6087417447 26174 24062 4523885 4157330 1 55 2952857896 12941585 1970786304 143360 0 7311 7310 14710 13314 357930733
1790616333014 0 175 0 6102580762 6087417447 26174 24062 4523885 4157330 1 55 2952857896 12941585 3388518400 143360 0 7311 7310 14710 13314 358227061
1790616334033 0 49 0 6102580787 6087417572 26174 24062 4523885 4157330 1 55 2952857896 12941586 4319670272 151552 0 7311 7310 14710 13314 358381628
1790616335053 0 95 0 6102580845 6087417610 26174 24062 4523885 4157330 1 55 2952857896 12941586 4319670272 151552 0 7311 7310 14710 13314 358381628
1790616336074 0 132 0 6102580882 6087417610 26174 24062 4523885 4157330 1 55 2952857896 12941587 4319670272 163840 0 7311 7310 14710 13314 358381628
1790616337095 0 155 0 6102580905 6087417610 26174 24062 4523885 4157330 1 55 2952857896 12941587 4319670272 163840 0 7311 7310 14710 13314 358381628
1790616338115 0 137 0 6102580974 6087417733 26174 24062 4523885 4157330 1 55 2952857896 12941603 1151598592 4096 0 7311 7310 14710 13314 358381903
1790616339135 0 122 0 6102581045 6087417783 26174 24062 4523885 4157330 1 55 2952857896 12941700 2734145536 143360 0 7311 7310 14710 13314 358398682
1790616340155 0 17048 0 6102598542 6087418314 26174 24062 4523885 4157330 1 55 2952857896 12941700 49721344 36098048 0 7311 7310 14710 13314 358407234
1790616341174 0 236756 0 6102818321 6087418314 26174 24062 4523885 4157330 1 55 2952857896 12941700 955703296 942080000 0 7311 7310 14710 13314 358407234
1790616342193 0 459335 0 6103040929 6087418314 26174 24062 4523885 4157330 1 55 2952857896 12941702 1861677056 1848053760 0 7311 7310 14710 13314 358407234
1790616343213 0 551548 0 6103254047 6087539329 26174 24062 4523885 4157330 1 55 2952857896 12941702 2748305408 2239688704 0 7311 7310 14710 13314 358407234
1790616344232 0 520810 61 6103467165 6087783197 26174 24062 4523885 4157330 1 55 2952857896 12941704 3631992832 2124890112 0 7311 7310 14710 13314 358407234
1790616345256 0 465351 4096 6103631111 6087998437 26174 24062 4523885 4157330 1 55 2952857896 12941705 4311203840 1956200448 33554432 7311 7310 14710 13314 358407503
1790616346281 0 132 0 6103631246 6088467942 26174 24062 4523885 4157330 1 55 2952857896 12941706 4261629952 0 0 7311 7310 14710 13314 358415541
1790616347301 0 120 0 6103631302 6088468010 26174 24062 4523885 4157330 1 55 2952857896 12941786 1728790528 36864 0 7311 7310 14710 13314 358471188
1790616348352 0 142 0 6103631324 6088468010 26174 24062 4523885 4157330 1 55 2952857896 12941786 4310114304 49152 0 7311 7310 14710 13314 358474702
1790616349371 0 163 0 6103631345 6088468010 26174 24062 4523885 4157330 1 55 2952857896 12941786 4310114304 49152 0 7311 7310 14710 13314 358474702
1790616350392 0 24 5 6103631370 6088468132 26174 24062 4523885 4157330 1 55 2952857896 12941788 4310114304 49152 0 7311 7310 14710 13314 358474702
1790616351413 0 81 0 6103631439 6088468186 26174 24062 4523885 4157330 1 55 2952857896 12941788 4310114304 53248 0 7311 7310 14710 13314 358475015
1790616352433 0 22 0 6103631459 6088468265 26174 24062 4523885 4157330 1 55 2952857896 12941806 1821650944 4096 0 7311 7310 14710 13314 358484165
1790616353452 0 96 0 6103631560 6088468292 26174 24062 4523885 4157330 1 55 2952857896 12941889 2701590528 36864 0 7311 7310 14710 13314 358489509
