1790616489293 0 153 0 6111015534 6095851999 26174 24062 4523885 4157330 1 55 2952857896 12943622 15310848 417792 0 7311 7310 14710 13314 360603479
1790616490327 0 3075 80 6111315817 6096149369 26174 24062 4523885 4157330 1 55 2952857896 12943623 1223827456 12275712 87941120 7311 7310 14710 13314 360678880
1790616491350 0 50 22 6111545932 6096382439 26174 24062 4523885 4157330 1 55 2952857896 12943626 409051136 8192 0 7311 7310 14710 13314 360692337
1790616492369 0 115 0 6111545997 6096382500 26174 24062 4523885 4157330 1 55 2952857896 12943726 2172489728 151552 0 7311 7310 14710 13314 360704939
1790616493405 0 143 0 6111546025 6096382500 26174 24062 4523885 4157330 1 55 2952857896 12943726 2173227008 151552 0 7311 7310 14710 13314 360705275
1790616494425 0 165 0 6111546047 6096382500 26174 24062 4523885 4157330 1 55 2952857896 12943729 2173935616 151552 0 7311 7310 14710 13314 360706227
1790616495445 0 190 0 6111546072 6096382500 26174 24062 4523885 4157330 1 55 2952857896 12943729 2173935616 151552 0 7311 7310 14710 13314 360706227
1790616496481 0 49 0 6111546144 6096382713 26174 24062 4523885 4157330 1 55 2952857896 12943745 365096960 4096 0 7311 7310 14710 13314 360712349
1790616497501 0 113 0 6111546218 6096382723 26174 24062 4523885 4157330 1 55 2952857896 12943838 582115328 53248 0 7311 7310 14710 13314 360730656
1790616498536 0 3065 2512 6111850517 6096681543 26174 24062 4523885 4157330 1 55 2952857896 12943838 1227677696 12386304 8388608 7311 7310 14710 13314 360764667
1790616499556 0 3159 375 6112148059 6096981562 26174 24062 4523885 4157330 1 55 2952857896 12943838 2448134144 14049280 0 7311 7310 14710 13314 360808216
1790616500576 0 3126 471 6112469084 6097302067 26174 24062 4523885 4157330 1 55 2952857896 12943839 3762061312 12627968 0 7311 7310 14710 13314 360830746
1790616501625 0 48 0 6112600941 6097437479 26174 24062 4523885 4157330 1 55 2952857896 12943891 46821376 81920 0 7311 7310 14710 13314 360843200
1790616502657 0 132 0 6112601025 6097437479 26174 24062 4523885 4157330 1 55 2952857896 12943934 2923364352 143360 0 7311 7310 14710 13314 360880040
1790616503676 0 152 0 6112601045 6097437479 26174 24062 4523885 4157330 1 55 2952857896 12943934 4320198656 151552 0 7311 7310 14710 13314 360894580
1790616504697 0 171 0 6112601064 6097437479 26174 24062 4523885 4157330 1 55 2952857896 12943934 4320198656 151552 0 7311 7310 14710 13314 360894580
1790616505717 0 192 0 6112601085 6097437479 26174 24062 4523885 4157330 1 55 2952857896 12943936 4320198656 151552 0 7311 7310 14710 13314 360894580
1790616506740 0 88 0 6112601148 6097437646 26174 24062 4523885 4157330 1 55 2952857896 12943936 4320198656 155648 0 7311 7310 14710 13314 360894725
1790616507786 0 113 0 6112601270 6097437743 26174 24062 4523885 4157330 1 55 2952857896 12944003 186241024 139264 0 7311 7310 14710 13314 360906161
1790616508818 0 121 0 6112601289 6097437754 26174 24062 4523885 4157330 1 55 2952857896 12944044 3065675776 143360 0 7311 7310 14710 13314 360938750
1790616509837 0 3102 0 6112631644 6097465168 26174 24062 4523885 4157330 1 55 2952857896 12944044 116486144 19075072 0 7311 7310 14710 13314 360985896
1790616510857 0 3195 9 6112877472 6097710928 26174 24062 4523885 4157330 1 55 2952857896 12944046 1118912512 14757888 0 7311 7310 14710 13314 361078183
1790616511877 0 3789 0 6113105610 6097938273 26174 24062 4523885 4157330 1 55 2952857896 12944046 2055942144 19120128 1323008 7311 7310 14710 13314 361169335
1790616512898 0 4128 998 6113307646 6098139077 26174 24062 4523885 4157330 1 55 2952857896 12944046 2878300160 12058624 0 7311 7310 14710 13314 361315920
1790616513922 0 4742 0 6113520380 6098352161 26174 24062 4523885 4157330 1 55 2952857896 12944049 3746689024 16171008 0 7311 7310 14710 13314 361427215
1790616514943 0 59 16 6113656037 6098492503 26174 24062 4523885 4157330 1 55 2952857896 12944051 1532026880 4096 0 7311 7310 14710 13314 361475421
1790616515962 0 116 0 6113656129 6098492567 26174 24062 4523885 4157330 1 55 2952857896 12944149 2646958080 143360 0 7311 7310 14710 13314 361488440
1790616516997 0 144 0 6113656157 6098492567 26174 24062 4523885 4157330 1 55 2952857896 12944150 4320022528 151552 0 7311 7310 14710 13314 361492583
1790616518016 0 167 0 6113656180 6098492567 26174 24062 4523885 4157330 1 55 2952857896 12944150 4320026624 155648 0 7311 7310 14710 13314 361492583
1790616519037 0 172 0 6113656185 6098492567 26174 24062 4523885 4157330 1 55 2952857896 12944152 4320026624 155648 0 7311 7310 14710 13314 361492583
1790616520059 0 86 2 6113656269 6098492735 26174 24062 4523885 4157330 1 55 2952857896 12944153 4320026624 159744 0 7311 7310 14710 13314 361492704
1790616521115 0 62 2 6113656353 6098492843 26174 24062 4523885 4157330 1 55 2952857896 12944217 221806592 135168 0 7311 7310 14710 13314 361496267
1790616522153 0 131 0 6113656422 6098492845 26174 24062 4523885 4157330 1 55 2952857896 12944261 3623223296 143360 0 7311 7310 14710 13314 361505185
1790616523173 0 4420 2747 6113715006 6098544364 26174 24062 4523885 4157330 1 55 2952857896 12944261 224878592 10145792 0 7311 7310 14710 13314 361525433
1790616524191 0 851 0 6113878840 6098714564 26174 24062 4523885 4157330 1 55 2952857896 12944262 921993216 5390336 13418496 7311 7310 14710 13314 361644166
1790616525211 0 4749 0 6114038526 6098870208 26174 24062 4523885 4157330 1 55 2952857896 12944263 1559580672 2572288 0 7311 7310 14710 13314 361764268
1790616526235 0 718 20 6114182029 6099017804 26174 24062 4523885 4157330 1 55 2952857896 12944263 2163703808 2572288 9117696 7311 7310 14710 13314 361893825
1790616527263 0 784 0 6114329476 6099165330 26174 24062 4523885 4157330 1 55 2952857896 12944263 2767880192 2572288 9117696 7311 7310 14710 13314 362044038
1790616528285 0 5104 2028 6114477004 6099306424 26174 24062 4523885 4157330 1 55 2952857896 12944264 3343302656 7544832 0 7311 7310 14710 13314 362145970
1790616529310 0 851 0 6114616291 6099452028 26174 24062 4523885 4157330 1 55 2952857896 12944264 3942572032 2670592 0 7311 7310 14710 13314 362271571
1790616530332 0 49 0 6114706545 6099543018 26174 24062 4523885 4157330 1 55 2952857896 12944267 783147008 4096 0 7311 7310 14710 13314 362316785
1790616531351 0 99 0 6114706595 6099543018 26174 24062 4523885 4157330 1 55 2952857896 12944349 3098529792 36864 0 7311 7310 14710 13314 362331622
1790616532404 0 126 0 6114706622 6099543018 26174 24062 4523885 4157330 1 55 2952857896 12944350 4310384640 49152 0 7311 7310 14710 13314 362337871
1790616533424 0 150 0 6114706646 6099543018 26174 24062 4523885 4157330 1 55 2952857896 12944350 4310384640 49152 0 7311 7310 14710 13314 362337871
1790616534444 0 174 0 6114706670 6099543018 26174 24062 4523885 4157330 1 55 2952857896 12944351 4310384640 49152 0 7311 7310 14710 13314 362337871
1790616535466 0 65 0 6114706735 6099543192 26174 24062 4523885 4157330 1 55 2952857896 12944351 4310384640 57344 0 7311 7310 14710 13314 362337871
1790616536538 0 72 0 6114706819 6099543269 26174 24062 4523885 4157330 1 55 2952857896 12944442 885915648 28672 0 7311 7310 14710 13314 362358722
1790616537577 0 104 0 6114706851 6099543269 26174 24062 4523885 4157330 1 55 2952857896 12944445 4310093824 49152 0 7311 7310 14710 13314 362367389
