1790616423968 0 151 0 6107323991 6092160560 26174 24062 4523885 4157330 1 55 2952857896 12942780 15372288 389120 0 7311 7310 14710 13314 358832764
1790616424990 0 3091 94 6107639446 6092472995 26174 24062 4523885 4157330 1 55 2952857896 12942782 1278918656 12083200 524288 7311 7310 14710 13314 358839480
1790616426010 0 30 20 6107854358 6092691021 26174 24062 4523885 4157330 1 55 2952857896 12942784 207912960 8192 0 7311 7310 14710 13314 358852620
1790616427029 0 123 0 6107854465 6092691062 26174 24062 4523885 4157330 1 55 2952857896 12942875 2172407808 151552 0 7311 7310 14710 13314 358861780
1790616428065 0 149 0 6107854491 6092691062 26174 24062 4523885 4157330 1 55 2952857896 12942875 2173272064 151552 0 7311 7310 14710 13314 358862797
1790616429084 0 173 0 6107854515 6092691062 26174 24062 4523885 4157330 1 55 2952857896 12942875 2173272064 151552 0 7311 7310 14710 13314 358862797
1790616430105 0 190 0 6107854532 6092691062 26174 24062 4523885 4157330 1 55 2952857896 12942875 2173272064 151552 0 7311 7310 14710 13314 358862797
1790616431124 0 33 0 6107854661 6092691312 26174 24062 4523885 4157330 1 55 2952857896 12942891 965701632 4096 0 7311 7310 14710 13314 358863413
1790616432143 0 102 0 6107854717 6092691323 26174 24062 4523885 4157330 1 55 2952857896 12942984 1386020864 102400 0 7311 7310 14710 13314 358880453
1790616433179 0 3465 494 6108127749 6092960738 26174 24062 4523885 4157330 1 55 2952857896 12942984 1099104256 11943936 2097152 7311 7310 14710 13314 358938744
1790616434198 0 3155 25 6108399897 6093233312 26174 24062 4523885 4157330 1 55 2952857896 12942987 2215034880 13254656 0 7311 7310 14710 13314 359004653
1790616435217 0 3538 0 6108719231 6093552303 26174 24062 4523885 4157330 1 55 2952857896 12942987 3522818048 11943936 2097152 7311 7310 14710 13314 359020439
1790616436236 0 56 0 6108909432 6093746064 26174 24062 4523885 4157330 1 55 2952857896 12942989 1194991616 8192 0 7311 7310 14710 13314 359038022
1790616437255 0 123 0 6108909499 6093746064 26174 24062 4523885 4157330 1 55 2952857896 12943079 2346823680 143360 0 7311 7310 14710 13314 359065696
1790616438283 0 152 0 6108909528 6093746064 26174 24062 4523885 4157330 1 55 2952857896 12943080 4320059392 151552 0 7311 7310 14710 13314 359089039
1790616439303 0 171 0 6108909547 6093746064 26174 24062 4523885 4157330 1 55 2952857896 12943080 4320059392 151552 0 7311 7310 14710 13314 359089039
1790616440323 0 190 0 6108909566 6093746064 26174 24062 4523885 4157330 1 55 2952857896 12943080 4320059392 151552 0 7311 7310 14710 13314 359089039
1790616441345 0 85 0 6108909628 6093746231 26174 24062 4523885 4157330 1 55 2952857896 12943080 4320059392 155648 0 7311 7310 14710 13314 359089129
1790616442366 0 39 0 6108909694 6093746343 26174 24062 4523885 4157330 1 55 2952857896 12943098 1693499392 4096 0 7311 7310 14710 13314 359101172
1790616443386 0 116 0 6108909771 6093746343 26174 24062 4523885 4157330 1 55 2952857896 12943190 2278952960 143360 0 7311 7310 14710 13314 359119096
1790616444405 0 133 0 6108909788 6093746343 26174 24062 4523885 4157330 1 55 2952857896 12943190 1776676864 69632 0 7311 7310 14710 13314 359159778
1790616445424 0 3535 1 6109131159 6093964152 26174 24062 4523885 4157330 1 55 2952857896 12943192 889724928 12300288 0 7311 7310 14710 13314 359236969
1790616446445 0 4012 0 6109358973 6094191566 26174 24062 4523885 4157330 1 55 2952857896 12943192 1829163008 12058624 8388608 7311 7310 14710 13314 359315865
1790616447470 0 3756 0 6109580081 6094412934 26174 24062 4523885 4157330 1 55 2952857896 12943192 2727014400 12132352 0 7311 7310 14710 13314 359425087
1790616448494 0 5059 0 6109786173 6094617749 26174 24062 4523885 4157330 1 55 2952857896 12943194 3574513664 20238336 245760 7311 7310 14710 13314 359543011
1790616449516 0 0 0 6109964403 6094801079 26174 24062 4523885 4157330 1 55 2952857896 12943196 3695038464 0 0 7311 7310 14710 13314 359652044
1790616450535 0 192 0 6109964659 6094801123 26174 24062 4523885 4157330 1 55 2952857896 12943289 1742831616 143360 0 7311 7310 14710 13314 359655010
1790616451569 0 219 0 6109964686 6094801123 26174 24062 4523885 4157330 1 55 2952857896 12943289 4319338496 159744 0 7311 7310 14710 13314 359659913
1790616452589 0 241 0 6109964708 6094801123 26174 24062 4523885 4157330 1 55 2952857896 12943289 4319342592 163840 0 7311 7310 14710 13314 359659913
1790616453609 0 264 0 6109964731 6094801123 26174 24062 4523885 4157330 1 55 2952857896 12943292 4319342592 163840 0 7311 7310 14710 13314 359659913
1790616454631 0 46 26 6109964760 6094801344 26174 24062 4523885 4157330 1 55 2952857896 12943292 4319342592 163840 0 7311 7310 14710 13314 359659913
1790616455651 0 48 2 6109964815 6094801421 26174 24062 4523885 4157330 1 55 2952857896 12943309 2289586176 4096 0 7311 7310 14710 13314 359661539
1790616456670 0 119 0 6109964940 6094801477 26174 24062 4523885 4157330 1 55 2952857896 12943402 2473340928 143360 0 7311 7310 14710 13314 359667916
1790616457705 0 706 0 6109966166 6094802008 26174 24062 4523885 4157330 1 55 2952857896 12943402 16093184 2560000 0 7311 7310 14710 13314 359684051
1790616458724 0 802 4277 6110121848 6094953388 26174 24062 4523885 4157330 1 55 2952857896 12943403 635965440 18366464 0 7311 7310 14710 13314 359814846
1790616459748 0 859 0 6110277520 6095113304 26174 24062 4523885 4157330 1 55 2952857896 12943404 1291309056 2576384 0 7311 7310 14710 13314 359935624
1790616460767 0 3962 3110 6110424976 6095254788 26174 24062 4523885 4157330 1 55 2952857896 12943404 1869512704 10215424 0 7311 7310 14710 13314 360105055
1790616461786 0 2339 0 6110574147 6095408366 26174 24062 4523885 4157330 1 55 2952857896 12943405 2499571712 2576384 0 7311 7310 14710 13314 360203578
1790616462805 0 785 0 6110728213 6095563976 26174 24062 4523885 4157330 1 55 2952857896 12943406 3137282048 20205568 8364032 7311 7310 14710 13314 360373874
1790616463824 0 811 2208 6110883831 6095717491 26174 24062 4523885 4157330 1 55 2952857896 12943406 3772186624 33423360 0 7311 7310 14710 13314 360462414
1790616464842 0 41 0 6111015016 6095851599 26174 24062 4523885 4157330 1 55 2952857896 12943409 2558287872 4096 0 7311 7310 14710 13314 360513108
1790616465861 0 87 0 6111015103 6095851640 26174 24062 4523885 4157330 1 55 2952857896 12943487 2433646592 28672 0 7311 7310 14710 13314 360539186
1790616466917 0 128 0 6111015144 6095851640 26174 24062 4523885 4157330 1 55 2952857896 12943487 4310315008 49152 0 7311 7310 14710 13314 360542438
1790616467936 0 149 0 6111015165 6095851640 26174 24062 4523885 4157330 1 55 2952857896 12943488 4310315008 49152 0 7311 7310 14710 13314 360542438
1790616468957 0 174 0 6111015190 6095851640 26174 24062 4523885 4157330 1 55 2952857896 12943488 4310315008 49152 0 7311 7310 14710 13314 360542438
1790616469979 0 7 19 6111015202 6095851800 26174 24062 4523885 4157330 1 55 2952857896 12943488 4310315008 57344 0 7311 7310 14710 13314 360542438
1790616471058 0 141 1 6111015349 6095851831 26174 24062 4523885 4157330 1 55 2952857896 12943542 280399872 28672 0 7311 7310 14710 13314 360552165
1790616472108 0 88 0 6111015361 6095851897 26174 24062 4523885 4157330 1 55 2952857896 12943582 3872681984 36864 0 7311 7310 14710 13314 360583230
