1790581135841 0 0 0 4342854346 4334706587 26174 24062 4523885 4157330 1 55 2173074301 10285157 - - - - - - - -
1790581136946 0 155803 508 4343260720 4334956503 26174 24062 4523885 4157330 1 55 2173074319 10285254 1645817856 629374976 11579392 0 0 18 0 168405
1790581137979 0 158819 3479 4343497191 4335186901 26174 24062 4523885 4157330 1 55 2173074319 10285256 2625503232 642232320 20283392 0 0 18 0 438308
1790581139006 0 152094 462 4343704533 4335404137 26174 24062 4523885 4157330 1 55 2173074319 10285257 3475648512 633577472 1433600 0 0 18 0 793138
1790581140027 0 150645 491 4343921421 4335622354 26174 24062 4523885 4157330 1 55 2173075735 10285260 4148105216 624066560 3620864 54528 54527 1417 13166 1097131
1790581141049 0 151541 565 4344129321 4335829297 26174 24062 4523885 4157330 1 55 2173087555 10285262 4146647040 590020608 3903488 264544 264543 13261 47876 1389920
1790581142079 0 154650 561 4344344460 4336041393 26174 24062 4523885 4157330 1 55 2173112539 10285262 4146192384 608350208 3002368 503808 503807 37307 84844 1732872
1790581143103 0 145428 7849 4344559341 4336258154 26174 24062 4523885 4157330 1 55 2173144425 10285263 4146487296 619687936 2101248 755744 755743 68986 118026 1974501
1790581144124 0 155589 1076 4344759640 4336455252 26174 24062 4523885 4157330 1 55 2173175383 10285265 4147105792 628322304 8404992 988480 988474 100170 157348 2296961
1790581145144 0 137153 1005 4344932489 4336646483 26174 24062 4523885 4157330 1 55 2173205385 10285265 4147519488 561418240 18526208 1196352 1196330 131126 184143 2626534
1790581146166 0 153644 9753 4345134483 4336823444 26174 24062 4523885 4157330 1 55 2173255815 10285265 4148539392 617713664 50089984 1444768 1444746 181238 223668 2958490
1790581147188 0 156124 587 4345318440 4337014165 26174 24062 4523885 4157330 1 55 2173299415 10285266 4149157888 632205312 2097152 1668224 1668202 223712 273579 3404637
1790581148225 0 84051 14168 4345465030 4337218850 26174 24062 4523885 4157330 1 55 2173339507 10285267 4149960704 408170496 12193792 1855904 1855879 262718 312177 3824512
1790581149254 0 129523 2423 4345692919 4337413182 26174 24062 4523885 4157330 1 55 2173393292 10285268 4149186560 529387520 405504 2134784 2134746 316733 357806 4093931
1790581150275 0 119077 3068 4345885046 4337615131 26174 24062 4523885 4157330 1 55 2173453416 10285269 4150169600 489746432 16809984 2393216 2393170 378844 407579 4565331
1790581151295 0 140632 4739 4346089903 4337797075 26174 24062 4523885 4157330 1 55 2173513113 10285269 4149764096 596754432 12607488 2658304 2658238 438100 452052 4939461
1790581152322 0 135947 5119 4346277233 4337988322 26174 24062 4523885 4157330 1 55 2173574185 10285270 4149764096 588132352 8404992 2901344 2901275 498534 533113 5324194
1790581153358 0 134032 0 4346458678 4338176675 26174 24062 4523885 4157330 1 55 2173627591 10285271 4148629504 510603264 0 3130816 3130744 551173 612942 5606576
1790581154389 0 132621 8 4346638259 4338357783 26174 24062 4523885 4157330 1 55 2173697171 10285272 4149022720 507875328 0 3379776 3379696 619767 675779 5926478
1790581155414 0 115648 1377 4346814438 4338549706 26174 24062 4523885 4157330 1 55 2173762739 10285273 4148436992 469823488 17932288 3632032 3631910 687889 763320 6276320
1790581156434 0 107897 3140 4346976699 4338717885 26174 24062 4523885 4157330 1 55 2173824552 10285275 4147732480 439160832 32952320 3857184 3857090 750358 851626 6637129
1790581157462 0 150943 829 4347151914 4338852361 26174 24062 4523885 4157330 1 55 2173908829 10285275 4149231616 619548672 3915776 4111392 4111285 832736 911410 6963617
1790581158494 0 95980 9779 4347281087 4339027694 26174 24062 4523885 4157330 1 55 2173967468 10285275 4150992896 437776384 2752512 4299776 4299659 892578 961598 7366013
1790581159531 0 88286 19651 4347451574 4339195885 26174 24062 4523885 4157330 1 55 2174046844 10285277 4153765888 439504896 204800 4545056 4544932 971613 1009563 7670508
1790581160564 0 121083 656 4347637870 4339368356 26174 24062 4523885 4157330 1 55 2174115002 10285277 4152950784 494862336 1433600 4799872 4799735 1038895 1050467 7946912
1790581161605 0 131064 5387 4347831232 4339546631 26174 24062 4523885 4157330 1 55 2174210222 10285278 4155273216 573743104 22913024 5088800 5088643 1133173 1103346 8218033
1790581162655 0 120031 1125 4348001190 4339732351 26174 24062 4523885 4157330 1 55 2174271648 10285279 4155879424 491626496 16875520 5324736 5324558 1197379 1174381 8533232
1790581163677 0 117467 1431 4348181733 4339914903 26174 24062 4523885 4157330 1 55 2174343106 10285279 4155473920 473886720 3735552 5569984 5569793 1267939 1253494 8887874
1790581164700 0 110294 325 4348347046 4340088249 26174 24062 4523885 4157330 1 55 2174413462 10285280 4156297216 453103616 3907584 5807136 5806931 1336841 1311878 9175639
1790581165722 0 128297 1202 4348545491 4340268231 26174 24062 4523885 4157330 1 55 2174493995 10285280 4158066688 529989632 5894144 6087136 6086913 1418390 1368398 9423084
1790581166747 0 118948 62 4348717391 4340450511 26174 24062 4523885 4157330 1 55 2174565880 10285280 4159201280 454647808 0 6323104 6322865 1488356 1412681 9834665
1790581167773 0 118086 2867 4348894677 4340625799 26174 24062 4523885 4157330 1 55 2174636554 10285280 4159967232 496930816 5267456 6577920 6577644 1561398 1483767 10175496
1790581168799 0 142467 26 4349082016 4340791593 26174 24062 4523885 4157330 1 55 2174710729 10285281 4160221184 554659840 0 6829568 6829252 1630974 1537376 10456613
1790581169841 0 96145 5969 4349259494 4341009724 26174 24062 4523885 4157330 1 55 2174780025 10285281 4161155072 424239104 786432 7077120 7076813 1702228 1580870 10714939
1790581170873 0 101572 442 4349472452 4341222601 26174 24062 4523885 4157330 1 55 2174851762 10285281 4160536576 410247168 16257024 7362400 7362090 1777098 1646636 10959044
1790581171894 0 107077 571 4349685812 4341430276 26174 24062 4523885 4157330 1 55 2174918714 10285281 4160520192 427089920 18771968 7638848 7638536 1843994 1710606 11186638
1790581172921 0 136847 521 4349871035 4341586382 26174 24062 4523885 4157330 1 55 2174990056 10285281 4161773568 562094080 1212416 7885823 7885469 1911300 1777095 11505872
1790581173955 0 101157 22884 4350043950 4341772100 26174 24062 4523885 4157330 1 55 2175047679 10285281 4162957312 466337792 56549376 8122239 8121915 1973349 1867016 11819391
1790581174981 0 121307 341 4350228307 4341958750 26174 24062 4523885 4157330 1 55 2175112217 10285282 4162600960 480804864 2101248 8354207 8353878 2037770 1966595 12123996
1790581176007 0 97616 1494 4350446691 4342199826 26174 24062 4523885 4157330 1 55 2175186203 10285282 4163776512 405991424 9728000 8645407 8645034 2110166 2033343 12320323
1790581177043 0 109640 1 4350650369 4342392792 26174 24062 4523885 4157330 1 55 2175254832 10285282 4163055616 409415680 0 8902111 8901733 2176701 2108019 12624729
1790581178070 0 151205 596 4350883633 4342584264 26174 24062 4523885 4157330 1 55 2175337397 10285282 4163952640 620609536 5918720 9218583 9218218 2262876 2178921 12913361
1790581179098 0 104160 2258 4351027503 4342773120 26174 24062 4523885 4157330 1 55 2175401383 10285282 4164980736 439934976 5382144 9417079 9416713 2325014 2259623 13342243
1790581180123 0 140771 1694 4351236795 4342946842 26174 24062 4523885 4157330 1 55 2175483832 10285282 4165980160 589037568 7716864 9703635 9703264 2408263 2314837 13557114
1790581181149 0 143619 7665 4351426978 4343127967 26174 24062 4523885 4157330 1 55 2175548409 10285282 4164804608 597450752 0 9944339 9943931 2471762 2354044 13617067
1790581182175 0 109438 3177 4351618096 4343357910 26174 24062 4523885 4157330 1 55 2175627433 10285282 4165394432 465764352 9945088 10218611 10218231 2552679 2423047 13939135
1790581183195 0 147038 854 4351807740 4343512231 26174 24062 4523885 4157330 1 55 2175696871 10285282 4165431296 596889600 1413120 10464947 10464560 2621323 2516844 14246923
1790581184221 0 140227 1443 4352006358 4343716950 26174 24062 4523885 4157330 1 55 2175783832 10285285 4166934528 564584448 22597632 10747923 10747528 2708714 2597460 14572310
1790581185242 0 141924 1098 4352193549 4343902718 26174 24062 4523885 4157330 1 55 2175858078 10285285 4167569408 588570624 3358720 11003629 11003198 2782445 2659130 14824110
1790581186270 0 118871 120 4352406674 4344139820 26174 24062 4523885 4157330 1 55 2175935265 10285285 4166541312 436211712 0 11275469 11275067 2858808 2744317 15129825
1790581187297 0 116653 464 4352599685 4344334715 26174 24062 4523885 4157330 1 55 2176010958 10285285 4166365184 487358464 376832 11546541 11546136 2933751 2823634 15429122
1790581188319 0 136475 3570 4352809922 4344522146 26174 24062 4523885 4157330 1 55 2176099784 10285285 4167847936 555982848 31621120 11842445 11842036 3024477 2896514 15596959
1790581189341 0 115140 11784 4353035166 4344760432 26174 24062 4523885 4157330 1 55 2176195332 10285285 4168515584 527413248 14708736 12155821 12155397 3120164 2952592 15811321
1790581190366 0 126191 0 4353226072 4344951928 26174 24062 4523885 4157330 1 55 2176274697 10285285 4168716288 477016064 0 12406897 12406459 3197291 3072010 16167188
1790581191390 0 143034 5741 4353421280 4345124895 26174 24062 4523885 4157330 1 55 2176355155 10285285 4168871936 601886720 2404352 12679946 12679502 3278697 3179619 16452066
1790581192413 0 130553 250 4353597697 4345318697 26174 24062 4523885 4157330 1 55 2176418798 10285285 4168314880 534446080 3162112 12912170 12911719 3343684 3260172 16763896
1790581193440 0 138005 2214 4353795128 4345507465 26174 24062 4523885 4157330 1 55 2176494451 10285285 4168884224 554442752 368640 13173378 13172925 3417920 3325466 17061692
1790581194467 0 120215 1353 4353984040 4345714676 26174 24062 4523885 4157330 1 55 2176571752 10285286 4169027584 500097024 2101248 13438009 13437547 3494952 3461470 17423806
1790581195487 0 126137 13419 4354169339 4345881882 26174 24062 4523885 4157330 1 55 2176645554 10285286 4169490432 502468608 66330624 13692089 13691621 3571259 3538903 17691844
1790581196526 0 100282 37 4354362504 4346114273 26174 24062 4523885 4157330 1 55 2176709805 10285286 4168761344 379416576 19746816 13932153 13931681 3633786 3624056 18100030
1790581197572 0 160604 522 4354574932 4346266118 26174 24062 4523885 4157330 1 55 2176788964 10285286 4168364032 645640192 3375104 14216848 14216367 3713586 3683374 18374952
1790581198599 0 118020 468 4354740065 4346473750 26174 24062 4523885 4157330 1 55 2176854913 10285286 4169166848 468439040 4202496 14440656 14440173 3779875 3754081 18717262
1790581199626 0 132948 19856 4354952499 4346651930 26174 24062 4523885 4157330 1 55 2176931692 10285286 4168613888 624603136 0 14722096 14721610 3856830 3824084 19011169
1790581200647 0 147280 1470 4355179377 4346882710 26174 24062 4523885 4157330 1 55 2177015000 10285286 4168626176 606089216 5373952 15026736 15026248 3939424 3890468 19303511
1790581201680 0 126401 12166 4355393646 4347107179 26174 24062 4523885 4157330 1 55 2177083972 10285286 4168671232 572416000 7008256 15301180 15300652 4008222 3949717 19570629
1790581202722 0 114752 13744 4355604851 4347328708 26174 24062 4523885 4157330 1 55 2177149995 10285286 4166963200 539590656 13877248 15570240 15569729 4072728 4056480 19878899
1790581203755 0 139797 469 4355801298 4347513004 26174 24062 4523885 4157330 1 55 2177223802 10285286 4168384512 575549440 4255744 15830912 15830364 4147569 4128848 20109517
1790581204780 0 123631 72 4356007634 4347736262 26174 24062 4523885 4157330 1 55 2177297359 10285286 4167462912 469344256 0 16093264 16092680 4220344 4204203 20386684
1790581205804 0 133106 230 4356237979 4347956738 26174 24062 4523885 4157330 1 55 2177390719 10285286 4168478720 540917760 7507968 16415056 16414529 4315949 4266544 20617183
1790581206826 0 130214 752 4356444520 4348165634 26174 24062 4523885 4157330 1 55 2177463690 10285286 4167557120 522432512 1585152 16678384 16677846 4388077 4345966 20942081
1790581207853 0 145608 214 4356683706 4348389850 26174 24062 4523885 4157330 1 55 2177533007 10285286 4165509120 588787712 606208 16973662 16973106 4457246 4414403 21175813
1790581208885 0 126416 9225 4356892242 4348608617 26174 24062 4523885 4157330 1 55 2177603893 10285286 4165758976 568889344 1769472 17247582 17246985 4528670 4493512 21426622
1790581209909 0 105869 3071 4357099973 4348843057 26174 24062 4523885 4157330 1 55 2177666506 10285286 4165541888 431509504 5038080 17506046 17505466 4591494 4556558 21666642
1790581210934 0 157391 1299 4357301483 4348994935 26174 24062 4523885 4157330 1 55 2177719784 10285287 4164792320 648658944 11657216 17756318 17755723 4645033 4620266 21961856
1790581211962 0 106866 7724 4357446994 4349184644 26174 24062 4523885 4157330 1 55 2177777089 10285287 4165787648 406568960 63037440 17948926 17948324 4702265 4686662 22338846
1790581212997 0 106713 12460 4357612766 4349345791 26174 24062 4523885 4157330 1 55 2177834386 10285287 4166406144 431489024 69341184 18167422 18166818 4759196 4786592 22618997
1790581214025 0 151039 964 4357834111 4349534439 26174 24062 4523885 4157330 1 55 2177910448 10285287 4166029312 614457344 5156864 18454167 18453556 4835312 4851384 22833192
1790581215049 0 151780 1311 4358040888 4349739924 26174 24062 4523885 4157330 1 55 2177978616 10285287 4165804032 626909184 3792896 18717815 18717169 4902749 4902759 23080372
1790581216075 0 116080 300 4358217137 4349953191 26174 24062 4523885 4157330 1 55 2178038121 10285287 4165754880 454062080 1933312 18941583 18940958 4961586 4964622 23351311
1790581217107 0 152534 1966 4358426543 4350124217 26174 24062 4523885 4157330 1 55 2178105850 10285287 4165591040 622362624 8073216 19214767 19214127 5030578 5051905 23568333
1790581218134 0 128173 1035 4358607794 4350330632 26174 24062 4523885 4157330 1 55 2178156387 10285287 4164775936 521498624 1585152 19439599 19438894 5080892 5146412 23926561
1790581219158 0 117025 951 4358801244 4350535425 26174 24062 4523885 4157330 1 55 2178222810 10285287 4165926912 471654400 1175552 19691887 19691240 5146510 5236833 24236722
1790581220183 0 113390 14364 4359019323 4350743710 26174 24062 4523885 4157330 1 55 2178296398 10285287 4166373376 485388288 51298304 19978895 19978241 5221498 5292768 24504667
1790581221208 0 105303 0 4359246289 4350993028 26174 24062 4523885 4157330 1 55 2178374744 10285287 4166008832 386666496 0 20262407 20261683 5297186 5354857 24750637
1790581222250 0 102727 952 4359459177 4351207659 26174 24062 4523885 4157330 1 55 2178458844 10285287 4167532544 423780352 11665408 20557671 20557001 5382099 5420240 25061496
1790581223272 0 91940 2126 4359654676 4351413032 26174 24062 4523885 4157330 1 55 2178532327 10285287 4167274496 376614912 22237184 20824791 20824113 5457509 5481232 25305090
1790581224292 0 123120 2565 4359873765 4351600263 26174 24062 4523885 4157330 1 55 2178614562 10285287 4166070272 530497536 7421952 21113232 21112542 5539605 5556271 25559415
1790581225317 0 126749 569 4360088698 4351813584 26174 24062 4523885 4157330 1 55 2178693001 10285287 4166631424 521363456 2162688 21389904 21389204 5617843 5634433 25841229
1790581226340 0 115733 4397 4360300434 4352032607 26174 24062 4523885 4157330 1 55 2178762385 10285287 4165365760 473714688 28844032 21666698 21665995 5688139 5699007 26192247
1790581227363 0 137876 2743 4360529069 4352241045 26174 24062 4523885 4157330 1 55 2178846784 10285287 4165345280 572522496 3219456 21966442 21965735 5771843 5772986 26439919
1790581228385 0 149390 446 4360718507 4352420990 26174 24062 4523885 4157330 1 55 2178908803 10285287 4164763648 613564416 3559424 22211146 22210435 5832539 5882423 26777157
1790581229409 0 114173 1192 4360942740 4352679542 26174 24062 4523885 4157330 1 55 2178992407 10285287 4165799936 466350080 6111232 22509092 22508379 5916608 5954454 27016960
1790581230440 0 119726 1306 4361144317 4352875462 26174 24062 4523885 4157330 1 55 2179063350 10285287 4165804032 478105600 22405120 22775556 22774804 5988278 6030134 27311452
1790581231473 0 134470 1496 4361357739 4353074096 26174 24062 4523885 4157330 1 55 2179131511 10285287 4165169152 554778624 3624960 23044612 23043885 6055716 6094100 27579318
1790581232505 0 134065 83 4361527928 4353245888 26174 24062 4523885 4157330 1 55 2179192465 10285287 4164833280 517320704 0 23259540 23258766 6114100 6219971 27972133
1790581233547 0 88760 17062 4361726762 4353473103 26174 24062 4523885 4157330 1 55 2179259349 10285287 4165058560 453984256 532480 23523327 23522566 6182738 6283781 28199356
1790581234581 0 170164 515 4361908561 4353590281 26174 24062 4523885 4157330 1 55 2179325197 10285287 4165111808 685670400 2027520 23761567 23760799 6249337 6358160 28563924
1790581235605 0 150928 792 4362056562 4353756942 26174 24062 4523885 4157330 1 55 2179377171 10285287 4165345280 618504192 5337088 23957599 23956795 6301312 6420267 28952437
1790581236630 0 136411 968 4362205680 4353920597 26174 24062 4523885 4157330 1 55 2179435310 10285287 4165971968 545357824 16248832 24161567 24160790 6360092 6515058 29326833
1790581237661 0 170379 448 4362359485 4354040961 26174 24062 4523885 4157330 1 55 2179492063 10285287 4166635520 691011584 10002432 24368543 24367728 6417278 6573981 29627968
1790581238683 0 172475 3405 4362478627 4354155067 26174 24062 4523885 4157330 1 55 2179537595 10285287 4166606848 698265600 23748608 24527967 24527147 6462724 6633691 30078536
1790581239706 0 184336 641 4362601894 4354269421 26174 24062 4523885 4157330 1 55 2179585631 10285287 4166610944 745943040 1683456 24690207 24689413 6509534 6697566 30427531
1790581240734 0 192513 412 4362730634 4354389759 26174 24062 4523885 4157330 1 55 2179627383 10285287 4166270976 775237632 1851392 24855798 24854969 6551613 6789096 30887803
1790581241757 0 198839 1106 4362870813 4354523214 26174 24062 4523885 4157330 1 55 2179678088 10285287 4165468160 813228032 5349376 25043062 25042259 6603698 6839907 31156848
1790581242776 0 193787 859 4363012771 4354670284 26174 24062 4523885 4157330 1 55 2179735553 10285287 4166217728 802942976 1101824 25233750 25232943 6660510 6912196 31566971
1790581243798 0 183826 440 4363147544 4354815411 26174 24062 4523885 4157330 1 55 2179776594 10285287 4166111232 737337344 3198976 25399894 25399081 6700585 6989345 31911626
1790581244827 0 191358 513 4363283493 4354943847 26174 24062 4523885 4157330 1 55 2179822416 10285287 4165623808 754524160 2019328 25574038 25573225 6747499 7073424 32327379
1790581245860 0 200717 494 4363405813 4355056788 26174 24062 4523885 4157330 1 55 2179866775 10285287 4166017024 813699072 3174400 25741974 25741156 6792262 7154151 32751922
1790581246884 0 195785 614 4363545193 4355200733 26174 24062 4523885 4157330 1 55 2179917222 10285287 4166156288 797933568 3207168 25927414 25926592 6842192 7209514 33121048
1790581247919 0 198632 631 4363655395 4355308298 26174 24062 4523885 4157330 1 55 2179961243 10285287 4166303744 811241472 3825664 26075254 26074424 6886307 7256112 33435897
1790581248959 0 196661 431 4363772979 4355428256 26174 24062 4523885 4157330 1 55 2179999696 10285287 4166127616 801394688 1454080 26224246 26223416 6923578 7320780 33840237
1790581249983 0 196927 384 4363889911 4355544886 26174 24062 4523885 4157330 1 55 2180039453 10285287 4166250496 810876928 1437696 26379254 26378422 6964908 7383448 34226551
1790581251007 0 182562 854 4364014064 4355682955 26174 24062 4523885 4157330 1 55 2180090883 10285287 4166606848 744095744 6778880 26544502 26543636 7015100 7457701 34695851
1790581252036 0 167160 2339 4364184959 4355867716 26174 24062 4523885 4157330 1 55 2180151490 10285287 4166905856 658530304 22806528 26767702 26766848 7077228 7524342 35062610
1790581253064 0 194633 591 4364328540 4355985589 26174 24062 4523885 4157330 1 55 2180207935 10285287 4166742016 796372992 3837952 26963915 26963057 7133195 7612466 35411619
1790581254094 0 189024 680 4364486427 4356149121 26174 24062 4523885 4157330 1 55 2180264269 10285287 4166569984 757039104 245760 27168011 27167148 7188119 7671980 35706574
1790581255126 0 183921 441 4364632727 4356300549 26174 24062 4523885 4157330 1 55 2180316441 10285287 4166193152 743895040 3600384 27359275 27358314 7239695 7728757 35986529
1790581256170 0 194572 761 4364765922 4356422776 26174 24062 4523885 4157330 1 55 2180352457 10285288 4165451776 782553088 5812224 27523115 27522249 7276992 7790462 36287599
1790581257205 0 195968 1127 4364885656 4356541210 26174 24062 4523885 4157330 1 55 2180390254 10285288 4165115904 795525120 3850240 27680747 27679875 7314851 7855107 36752590
1790581258238 0 194603 727 4365005770 4356662567 26174 24062 4523885 4157330 1 55 2180427163 10285288 4164648960 795877376 3235840 27833515 27832636 7352401 7912557 37164421
1790581259280 0 185839 4696 4365135560 4356797502 26174 24062 4523885 4157330 1 55 2180470642 10285288 4165210112 770891776 6385664 27996619 27995736 7395045 7980190 37511871
1790581260319 0 178515 2670 4365265479 4356936549 26174 24062 4523885 4157330 1 55 2180516908 10285288 4165935104 743780352 1589248 28173515 28172631 7440962 8039651 37863713
1790581261353 0 201123 870 4365423087 4357073238 26174 24062 4523885 4157330 1 55 2180572748 10285288 4166320128 799801344 1687552 28372491 28371600 7496990 8090358 38169697
1790581262377 0 192270 2790 4365529392 4357187023 26174 24062 4523885 4157330 1 55 2180620395 10285288 4166877184 790294528 4202496 28528043 28527150 7545569 8154509 38578279
1790581263402 0 197350 752 4365641683 4357295931 26174 24062 4523885 4157330 1 55 2180662501 10285288 4167553024 784248832 1896448 28671371 28670475 7587431 8219835 38924243
1790581264448 0 189249 5653 4365756696 4357414042 26174 24062 4523885 4157330 1 55 2180708979 10285288 4167229440 786890752 1875968 28827191 28826288 7632282 8286869 39265150
1790581265480 0 194149 560 4365900995 4357558553 26174 24062 4523885 4157330 1 55 2180754160 10285288 4165672960 792535040 4202496 29016791 29015885 7678943 8360081 39558880
1790581266508 0 195246 1035 4366026505 4357682414 26174 24062 4523885 4157330 1 55 2180798692 10285288 4165238784 805908480 2027520 29178391 29177478 7722296 8415732 39947894
1790581267548 0 194796 336 4366135044 4357792155 26174 24062 4523885 4157330 1 55 2180832023 10285288 4165140480 788983808 6610944 29314327 29313349 7756243 8472610 40292742
1790581268579 0 181069 2559 4366248395 4357917029 26174 24062 4523885 4157330 1 55 2180873577 10285288 4165545984 731361280 21966848 29466743 29465822 7799113 8523243 40665589
1790581269604 0 195913 560 4366387466 4358043259 26174 24062 4523885 4157330 1 55 2180925788 10285288 4166287360 799825920 2101248 29654519 29653593 7849305 8597884 40961302
1790581270629 0 185130 4155 4366511197 4358173972 26174 24062 4523885 4157330 1 55 2180973638 10285288 4166963200 776290304 9457664 29824151 29823224 7898617 8655995 41314556
1790581271659 0 195136 791 4366670251 4358326463 26174 24062 4523885 4157330 1 55 2181017715 10285288 4165492736 797437952 5287936 30019351 30018389 7942209 8707836 41603144
1790581272681 0 198901 772 4366786428 4358438702 26174 24062 4523885 4157330 1 55 2181052500 10285288 4164493312 819019776 2134016 30166103 30165170 7977661 8785052 42021385
1790581273711 0 189399 1239 4366895246 4358556649 26174 24062 4523885 4157330 1 55 2181091087 10285288 4164325376 781950976 9785344 30306028 30305093 8016145 8835154 42324532
1790581274743 0 195366 332 4367026274 4358682582 26174 24062 4523885 4157330 1 55 2181134297 10285288 4165201920 803422208 2359296 30471458 30470490 8059030 8894413 42714508
1790581275768 0 195681 896 4367150342 4358805806 26174 24062 4523885 4157330 1 55 2181184017 10285288 4165685248 803573760 1069056 30640088 30639149 8108233 8940912 42974223
1790581276804 0 195937 153 4367298650 4358954948 26174 24062 4523885 4157330 1 55 2181236839 10285288 4165689344 800882688 2281472 30832760 30831820 8161593 9002296 43294135
1790581277838 0 194694 760 4367417589 4359074230 26174 24062 4523885 4157330 1 55 2181277241 10285288 4165238784 800575488 6303744 30991000 30990059 8202407 9085150 43650336
1790581278873 0 195531 1021 4367524621 4359180353 26174 24062 4523885 4157330 1 55 2181322033 10285288 4165480448 803917824 1859584 31134936 31133993 8246789 9174369 44093548
1790581279899 0 189941 1240 4367645873 4359306789 26174 24062 4523885 4157330 1 55 2181361366 10285288 4163829760 784302080 7397376 31290392 31289447 8286408 9237011 44421873
1790581280925 0 195271 525 4367799514 4359456109 26174 24062 4523885 4157330 1 55 2181411889 10285288 4164911104 787689472 1261568 31479704 31478755 8335997 9292211 44749253
1790581281970 0 178997 1091 4367962153 4359634226 26174 24062 4523885 4157330 1 55 2181460394 10285288 4163461120 747732992 3489792 31680824 31679874 8382859 9340631 45027814
1790581283002 0 184410 1603 4368128356 4359794662 26174 24062 4523885 4157330 1 55 2181518379 10285288 4163956736 762945536 7397376 31903502 31902548 8442760 9410104 45351275
1790581284042 0 191694 656 4368290392 4359950320 26174 24062 4523885 4157330 1 55 2181570387 10285288 4164517888 774889472 3022848 32106734 32105780 8493850 9462672 45640826
1790581285089 0 197639 166 4368412664 4360066705 26174 24062 4523885 4157330 1 55 2181609228 10285288 4164517888 798060544 1777664 32268206 32267250 8534517 9508126 45988928
1790581286115 0 184379 772 4368529734 4360196831 26174 24062 4523885 4157330 1 55 2181650225 10285288 4164837376 732196864 2453504 32416740 32415781 8574097 9560553 46385363
1790581287140 0 193233 782 4368637117 4360295146 26174 24062 4523885 4157330 1 55 2181689256 10285288 4164792320 789659648 2023424 32565508 32564526 8613371 9665339 46891403
1790581288162 0 195433 973 4368728582 4360384775 26174 24062 4523885 4157330 1 55 2181732298 10285288 4166098944 801091584 1077248 32696580 32695594 8657144 9712107 47305254
1790581289182 0 184982 4389 4368849570 4360512440 26174 24062 4523885 4157330 1 55 2181768798 10285288 4165455872 777461760 8404992 32852036 32851045 8693788 9768001 47607609
1790581290203 0 190393 1067 4368985954 4360646947 26174 24062 4523885 4157330 1 55 2181815341 10285288 4164747264 787578880 2064384 33027652 33026657 8739605 9817158 47855100
1790581291229 0 195719 869 4369120603 4360776062 26174 24062 4523885 4157330 1 55 2181861398 10285288 4164313088 804327424 1486848 33198276 33197245 8786589 9883109 48148994
1790581292255 0 195340 479 4369239404 4360895727 26174 24062 4523885 4157330 1 55 2181911021 10285288 4165423104 791699456 2908160 33360420 33359420 8835070 9974479 48541422
1790581293294 0 180124 2252 4369353030 4361022987 26174 24062 4523885 4157330 1 55 2181956146 10285288 4166090752 750243840 14913536 33515300 33514296 8880756 10039195 48906579
1790581294337 0 195738 830 4369491347 4361146834 26174 24062 4523885 4157330 1 55 2182010097 10285288 4166324224 806158336 1572864 33700708 33699702 8935818 10105060 49265629
1790581295362 0 189249 490 4369629167 4361291517 26174 24062 4523885 4157330 1 55 2182056718 10285288 4165541888 774057984 3219456 33879460 33878453 8981813 10175076 49602565
1790581296396 0 196022 470 4369768857 4361424394 26174 24062 4523885 4157330 1 55 2182109133 10285288 4165033984 799371264 2695168 34061348 34060341 9031847 10256723 49952186
1790581297431 0 190767 1195 4369897294 4361557513 26174 24062 4523885 4157330 1 55 2182155176 10285288 4165058560 788586496 5070848 34238638 34237626 9080363 10326123 50239971
1790581298453 0 187838 2861 4370043951 4361705390 26174 24062 4523885 4157330 1 55 2182204996 10285288 4165427200 762974208 22667264 34430414 34429393 9130510 10378036 50537253
1790581299476 0 190231 1529 4370160190 4361820742 26174 24062 4523885 4157330 1 55 2182247943 10285288 4166471680 783765504 2101248 34586510 34585484 9173391 10473771 50934419
1790581300512 0 173575 2555 4370292274 4361968216 26174 24062 4523885 4157330 1 55 2182299430 10285288 4166606848 725835776 3960832 34765998 34764967 9223932 10553395 51326723
1790581301536 0 44178 65734 4370344096 4362086491 26174 24062 4523885 4157330 1 55 2182313637 10285288 4166209536 186380288 269590528 34831054 34830022 9239292 10583176 51421955
1790581302560 0 87 24 4370344123 4362196251 26174 24062 4523885 4157330 1 55 2182313637 10285288 4166209536 0 5840896 34831054 34830022 9239292 10583176 51542273
1790581303580 0 79 0 4370344552 4362196714 26174 24062 4523885 4157330 1 55 2182450998 10285288 4171694080 0 0 34965518 34964484 9375093 10631711 51691862
1790581304599 0 106 0 4370344579 4362196714 26174 24062 4523885 4157330 1 55 2182576328 10285288 4182798336 0 0 35087164 35086128 9499448 10686489 51847035
1790581305619 0 130 0 4370344603 4362196714 26174 24062 4523885 4157330 1 55 2182702594 10285288 4193218560 0 0 35211428 35210380 9626244 10736095 51997469
1790581306638 0 76 0 4370344625 4362196826 26174 24062 4523885 4157330 1 55 2182781641 10285289 2522669056 4096 0 35293314 35292248 9707296 10754443 52066986
