1790582773359 0 1 0 4486204978 4478057413 26174 24062 4523885 4157330 1 55 2258802063 10540991 - - - - - - - -
1790582774650 0 142172 438 4486527312 4478237168 26174 24062 4523885 4157330 1 55 2258802063 10541087 1303928832 585949184 0 0 0 0 0 45264
1790582775671 0 151696 1340 4486793638 4478493100 26174 24062 4523885 4157330 1 55 2258802063 10541087 2394046464 623562752 2072576 0 0 0 0 114649
1790582776691 0 151510 949 4487050656 4478750540 26174 24062 4523885 4157330 1 55 2258802063 10541087 3446243328 609824768 8404992 0 0 0 0 141474
1790582777713 0 109517 1056 4487248853 4478990782 26174 24062 4523885 4157330 1 55 2258802962 10541090 4161011712 462106624 6287360 27968 27968 943 11283 215754
1790582778736 0 133903 17 4487380639 4479099071 26174 24062 4523885 4157330 1 55 2258813245 10541090 4160245760 535154688 0 167488 167475 11131 52912 383509
1790582779755 0 108991 756 4487507811 4479250576 26174 24062 4523885 4157330 1 55 2258824854 10541090 4159483904 460693504 2232320 309248 309235 22238 113197 556192
1790582780776 0 134966 124 4487653174 4479370515 26174 24062 4523885 4157330 1 55 2258843184 10541090 4159590400 542097408 0 470816 470803 41176 173117 731039
1790582781795 0 73969 20482 4487755243 4479513233 26174 24062 4523885 4157330 1 55 2258862318 10541090 4160270336 302579712 100806656 594368 594355 60219 243072 1014078
1790582782814 0 148793 51 4487896223 4479599839 26174 24062 4523885 4157330 1 55 2258887826 10541090 4161110016 592056320 0 756544 756531 85727 352901 1278130
1790582783838 0 97151 556 4487986883 4479741729 26174 24062 4523885 4157330 1 55 2258914048 10541090 4162498560 403021824 1626112 873408 873393 111989 429697 1575435
1790582784863 0 133926 1002 4488116635 4479834595 26174 24062 4523885 4157330 1 55 2258952823 10541090 4164694016 579944448 4202496 1042976 1042949 150220 503972 1671653
1790582785894 0 88018 48 4488212990 4479977240 26174 24062 4523885 4157330 1 55 2258986151 10541090 4166680576 344604672 0 1169760 1169727 184100 563454 1875386
1790582786914 0 139633 44 4488335789 4480048574 26174 24062 4523885 4157330 1 55 2259033463 10541090 4169052160 560680960 0 1339552 1339519 230390 665203 2132531
1790582787938 0 110386 3183 4488433805 4480172737 26174 24062 4523885 4157330 1 55 2259072016 10541090 4170690560 451768320 29659136 1479360 1479326 269944 737635 2412984
1790582788958 0 143175 41 4488554931 4480264151 26174 24062 4523885 4157330 1 55 2259119611 10541091 4171821056 575655936 0 1643168 1643133 316036 803258 2584900
1790582789988 0 115674 2643 4488651966 4480386021 26174 24062 4523885 4157330 1 55 2259152781 10541091 4171968512 491421696 12603392 1776704 1776668 350045 854993 2764318
1790582791009 0 91438 160 4488740184 4480501194 26174 24062 4523885 4157330 1 55 2259201649 10541091 4173578240 374022144 16809984 1914112 1914070 399586 896383 2887943
1790582792029 0 121594 0 4488852661 4480583420 26174 24062 4523885 4157330 1 55 2259250985 10541092 4174471168 487489536 0 2072000 2071956 447893 973572 3129878
1790582793053 0 119323 2596 4488963663 4480694214 26174 24062 4523885 4157330 1 55 2259293429 10541092 4174995456 509857792 2846720 2227488 2227442 491141 1010150 3249316
1790582794073 0 109128 0 4489064999 4480808261 26174 24062 4523885 4157330 1 55 2259343355 10541094 4175347712 439160832 0 2376512 2376464 540196 1053700 3378404
1790582795093 0 141155 38 4489165815 4480877203 26174 24062 4523885 4157330 1 55 2259407043 10541096 4177457152 565342208 0 2539808 2539752 604432 1116712 3512483
1790582796112 0 134929 2637 4489263832 4480978727 26174 24062 4523885 4157330 1 55 2259460252 10541096 4178452480 552628224 25214976 2694400 2694339 658208 1153064 3643792
1790582797137 0 83772 0 4489338360 4481106999 26174 24062 4523885 4157330 1 55 2259496428 10541096 4178874368 333918208 0 2801728 2801663 693337 1200820 3902323
1790582798156 0 132985 42 4489443925 4481163385 26174 24062 4523885 4157330 1 55 2259558297 10541098 4180058112 537489408 0 2969344 2969275 755092 1249353 4029998
1790582799180 0 139136 1663 4489538999 4481250577 26174 24062 4523885 4157330 1 55 2259615762 10541098 4179927040 585867264 13402112 3123776 3123702 813434 1308774 4118938
1790582800211 0 100305 0 4489620901 4481372999 26174 24062 4523885 4157330 1 55 2259667242 10541098 4180328448 409743360 2101248 3253824 3253745 862509 1407276 4365024
1790582801247 0 116345 0 4489708716 4481444819 26174 24062 4523885 4157330 1 55 2259740803 10541099 4183097344 472879104 0 3414016 3413925 935601 1459543 4531481
1790582802266 0 128807 0 4489803781 4481527412 26174 24062 4523885 4157330 1 55 2259814446 10541099 4184256512 520753152 0 3583264 3583165 1010828 1582722 4741379
1790582803290 0 149815 0 4489889918 4481592563 26174 24062 4523885 4157330 1 55 2259885262 10541100 4185796608 600223744 0 3738784 3738681 1082154 1638759 4906087
1790582804311 0 136324 3573 4489982599 4481695123 26174 24062 4523885 4157330 1 55 2259945763 10541100 4185042944 571428864 16809984 3895072 3894962 1143151 1730424 5119430
1790582805332 0 83651 0 4490053387 4481822210 26174 24062 4523885 4157330 1 55 2260003726 10541101 4185288704 344371200 4435968 4022976 4022858 1200301 1783625 5250896
1790582806358 0 108849 0 4490140737 4481884283 26174 24062 4523885 4157330 1 55 2260079723 10541106 4185436160 439160832 0 4184288 4184163 1275956 1843171 5442123
1790582807377 0 123217 0 4490230488 4481959694 26174 24062 4523885 4157330 1 55 2260144818 10541107 4186152960 493793280 0 4338681 4338550 1341756 1902195 5610190
1790582808397 0 151833 73 4490317213 4482017650 26174 24062 4523885 4157330 1 55 2260234716 10541107 4186767360 624537600 0 4515929 4515784 1430769 1952424 5745988
1790582809422 0 130401 748 4490398283 4482119673 26174 24062 4523885 4157330 1 55 2260305683 10541109 4187484160 547459072 2035712 4668825 4668675 1502882 2004824 5857344
1790582810445 0 125154 8880 4490468282 4482186737 26174 24062 4523885 4157330 1 55 2260385958 10541109 4189253632 550526976 12607488 4819370 4819204 1583559 2068633 6011475
1790582811464 0 113934 1024 4490544704 4482282182 26174 24062 4523885 4157330 1 55 2260449639 10541109 4189868032 474882048 2031616 4957913 4957743 1647347 2154794 6231257
1790582812488 0 105201 6695 4490625770 4482366362 26174 24062 4523885 4157330 1 55 2260521401 10541110 4190113792 464498688 21422080 5112153 5111977 1719046 2178150 6288245
1790582813514 0 98984 0 4490699063 4482452519 26174 24062 4523885 4157330 1 55 2260580885 10541112 4190318592 401346560 0 5240601 5240420 1775770 2241943 6522190
1790582814535 0 117895 0 4490781596 4482516131 26174 24062 4523885 4157330 1 55 2260656536 10541112 4191526912 466698240 0 5398245 5398060 1854137 2285579 6645960
1790582815555 0 135929 0 4490864720 4482581222 26174 24062 4523885 4157330 1 55 2260735867 10541112 4192874496 550526976 0 5560389 5560193 1931441 2337951 6768233
1790582816574 0 150322 0 4490941288 4482643295 26174 24062 4523885 4157330 1 55 2260807277 10541113 4193685504 609361920 0 5708837 5708631 2003640 2376371 6928704
1790582817594 0 142252 394 4491013528 4482723355 26174 24062 4523885 4157330 1 55 2260876885 10541113 4194824192 585887744 10866688 5853413 5853200 2074613 2452317 7075365
1790582818622 0 99026 11318 4491073124 4482815200 26174 24062 4523885 4157330 1 55 2260938222 10541114 4196057088 466915328 20844544 5972904 5972170 2135913 2482820 7220184
1790582819670 0 108735 1 4491136853 4482880486 26174 24062 4523885 4157330 1 55 2261012084 10541114 4197408768 441532416 0 6109232 6106953 2207414 2549881 7425030
1790582820708 0 94409 8213 4491210752 4482960593 26174 24062 4523885 4157330 1 55 2261076169 10541114 4197376000 386629632 77746176 6252852 6247989 2274057 2596723 7619883
1790582821755 0 118001 0 4491284687 4483019137 26174 24062 4523885 4157330 1 55 2261151521 10541115 4197859328 479084544 0 6400857 6393937 2347276 2647330 7717814
1790582822774 0 121559 0 4491353041 4483083886 26174 24062 4523885 4157330 1 55 2261222135 10541115 4199198720 491692032 0 6541043 6532066 2418015 2684181 7846603
1790582823796 0 104601 1080 4491420818 4483167588 26174 24062 4523885 4157330 1 55 2261281424 10541115 4199481344 437272576 8404992 6672915 6661362 2479149 2743902 8154767
1790582824818 0 102597 1061 4491494395 4483243150 26174 24062 4523885 4157330 1 55 2261351070 10541115 4200026112 429150208 5877760 6816865 6803243 2548829 2797619 8337281
1790582825838 0 90307 135 4491558653 4483320619 26174 24062 4523885 4157330 1 55 2261406405 10541115 4199985152 367718400 0 6937897 6920472 2601410 3031802 8747452
1790582826861 0 95322 553 4491633527 4483390155 26174 24062 4523885 4157330 1 55 2261473554 10541115 4199788544 401780736 856064 7085013 7063970 2670474 3073567 8915929
1790582827889 0 15049 1174 4491681399 4483517584 26174 24062 4523885 4157330 1 55 2261520370 10541115 4200538112 81039360 4317184 7180529 7158967 2717942 3140242 9233607
1790582828918 0 116521 0 4491788134 4483524023 26174 24062 4523885 4157330 1 55 2261615138 10541115 4200751104 467320832 0 7378960 7357382 2811587 3188021 9286118
1790582829937 0 117457 12 4491865142 4483600140 26174 24062 4523885 4157330 1 55 2261676442 10541115 4200189952 471683072 0 7518921 7495239 2872823 3277557 9554419
1790582830965 0 90783 40 4491931444 4483693110 26174 24062 4523885 4157330 1 55 2261735568 10541115 4200808448 372772864 17756160 7648852 7623640 2933363 3417563 9787656
1790582831998 0 111295 66 4492003330 4483744462 26174 24062 4523885 4157330 1 55 2261812358 10541115 4202418176 443363328 0 7796130 7768958 3009808 3526999 9985438
1790582833017 0 39546 456 4492048181 4483860705 26174 24062 4523885 4157330 1 55 2261857392 10541115 4202819584 161796096 14708736 7893323 7862035 3055285 3596913 10207638
1790582834039 0 93934 0 4492139497 4483898007 26174 24062 4523885 4157330 1 55 2261941222 10541115 4202852352 369610752 0 8063341 8032025 3138154 3687029 10362786
1790582835058 0 109302 70 4492211460 4483954576 26174 24062 4523885 4157330 1 55 2262015339 10541116 4202676224 441262080 0 8210625 8178242 3210888 3754197 10523521
1790582836084 0 89287 33 4492278878 4484041959 26174 24062 4523885 4157330 1 55 2262071020 10541116 4202553344 372129792 14024704 8337805 8303869 3268256 3815243 10764746
1790582837118 0 126580 0 4492368472 4484094334 26174 24062 4523885 4157330 1 55 2262141547 10541116 4201381888 512704512 0 8495726 8461228 3336611 3958691 10967090
1790582838142 0 81149 287 4492427242 4484198205 26174 24062 4523885 4157330 1 55 2262205370 10541116 4202565632 340402176 1720320 8621466 8585965 3402610 4010414 11117973
1790582839166 0 95704 57 4492501888 4484258643 26174 24062 4523885 4157330 1 55 2262282066 10541116 4203786240 381693952 0 8769697 8733665 3478002 4073668 11285976
1790582840186 0 96471 59 4492578345 4484334261 26174 24062 4523885 4157330 1 55 2262353057 10541116 4203012096 388730880 0 8919550 8880928 3548397 4168711 11566522
1790582841205 0 102614 0 4492650747 4484400570 26174 24062 4523885 4157330 1 55 2262429308 10541116 4203823104 412180480 0 9070621 9029932 3625697 4213083 11671625
1790582842233 0 112876 537 4492730858 4484469895 26174 24062 4523885 4157330 1 55 2262494834 10541116 4202811392 480169984 1241088 9221099 9177799 3691861 4301497 11897345
1790582843256 0 71382 1122 4492790398 4484570207 26174 24062 4523885 4157330 1 55 2262559409 10541116 4203388928 306982912 1900544 9346286 9301985 3756651 4347619 12037656
1790582844277 0 99783 15256 4492883092 4484620442 26174 24062 4523885 4157330 1 55 2262640527 10541116 4203159552 426803200 55771136 9521528 9475683 3838465 4426317 12189896
1790582845300 0 72838 25652 4492957495 4484711523 26174 24062 4523885 4157330 1 55 2262706582 10541117 4203040768 298377216 117669888 9664021 9616111 3904479 4479934 12319747
1790582846319 0 93197 0 4493030290 4484789526 26174 24062 4523885 4157330 1 55 2262773837 10541117 4203069440 374022144 0 9800528 9752101 3969682 4649833 12562696
1790582847350 0 94947 3036 4493110047 4484864481 26174 24062 4523885 4157330 1 55 2262851368 10541117 4203356160 414994432 5255168 9961856 9911371 4048480 4688231 12697641
1790582848374 0 85695 0 4493174232 4484941069 26174 24062 4523885 4157330 1 55 2262912476 10541117 4203909120 338300928 0 10086772 10035248 4110419 4724451 12839598
1790582849393 0 101857 0 4493256827 4485007349 26174 24062 4523885 4157330 1 55 2262992213 10541117 4204097536 403505152 0 10248453 10195377 4189116 4755035 12916758
1790582850414 0 83645 0 4493321374 4485090186 26174 24062 4523885 4157330 1 55 2263066242 10541117 4204412928 332464128 0 10387846 10333732 4262705 4845499 13088908
1790582851439 0 109284 486 4493394855 4485137474 26174 24062 4523885 4157330 1 55 2263138485 10541117 4204720128 440922112 9707520 10538235 10481038 4336092 4953825 13245637
1790582852460 0 114409 0 4493443533 4485181657 26174 24062 4523885 4157330 1 55 2263192661 10541117 4204396544 460173312 0 10640359 10582644 4389120 5082461 13639459
1790582853482 0 92902 5202 4493493024 4485247514 26174 24062 4523885 4157330 1 55 2263241593 10541117 4204457984 380325888 29417472 10744064 10684295 4439486 5127361 13837528
1790582854509 0 103808 52 4493550298 4485298854 26174 24062 4523885 4157330 1 55 2263297656 10541117 4204789760 414322688 0 10854942 10793099 4494506 5174084 14012364
1790582855530 0 116135 0 4493609445 4485345659 26174 24062 4523885 4157330 1 55 2263351257 10541117 4204191744 466632704 0 10969910 10905787 4547613 5254786 14163574
1790582856549 0 111921 16 4493663862 4485404414 26174 24062 4523885 4157330 1 55 2263411540 10541117 4204421120 455970816 0 11085673 11020512 4606916 5352836 14445517
1790582857573 0 105216 40 4493718931 4485466178 26174 24062 4523885 4157330 1 55 2263462965 10541117 4204769280 431157248 5857280 11197461 11129224 4660822 5413516 14577630
1790582858597 0 89361 347 4493760531 4485523053 26174 24062 4523885 4157330 1 55 2263514696 10541117 4205588480 367718400 1433600 11292188 11221895 4712653 5460686 14789116
1790582859617 0 118723 525 4493842769 4485576114 26174 24062 4523885 4157330 1 55 2263579339 10541117 4204744704 492019712 0 11437507 11367200 4777211 5540177 14949432
1790582860637 0 121062 0 4493895721 4485627090 26174 24062 4523885 4157330 1 55 2263642527 10541117 4204773376 488640512 0 11553959 11481564 4838975 5613360 15097322
1790582861657 0 118429 0 4493960924 4485694914 26174 24062 4523885 4157330 1 55 2263686934 10541117 4204072960 475758592 0 11665152 11591208 4883877 5663459 15225889
1790582862676 0 136035 983 4494029323 4485744752 26174 24062 4523885 4157330 1 55 2263738720 10541117 4202905600 563314688 0 11787728 11712232 4935531 5725117 15468390
1790582863700 0 121949 3007 4494080358 4485807938 26174 24062 4523885 4157330 1 55 2263784562 10541117 4203667456 506875904 9236480 11887330 11809242 4982163 5817260 15689321
1790582864719 0 92314 11316 4494125574 4485874356 26174 24062 4523885 4157330 1 55 2263827977 10541117 4203937792 378138624 52379648 11977418 11898806 5025956 5859471 15826816
1790582865739 0 112747 1049 4494179591 4485918352 26174 24062 4523885 4157330 1 55 2263888510 10541117 4205527040 464699392 1839104 12091684 12010981 5086144 5974712 16000991
1790582866768 0 101094 0 4494225400 4485976715 26174 24062 4523885 4157330 1 55 2263932237 10541117 4205326336 407642112 0 12182792 12098402 5127908 6041374 16272435
1790582867795 0 107248 10 4494291672 4486036885 26174 24062 4523885 4157330 1 55 2263985596 10541117 4204240896 433737728 0 12305019 12218553 5181409 6100977 16433095
1790582868815 0 111119 0 4494352126 4486093320 26174 24062 4523885 4157330 1 55 2264038055 10541117 4204027904 447938560 0 12417913 12330936 5234440 6303481 16801666
1790582869840 0 69189 28 4494390526 4486173668 26174 24062 4523885 4157330 1 55 2264079626 10541117 4203945984 277364736 0 12498656 12410645 5276167 6374012 17055829
1790582870861 0 107239 5025 4494460282 4486200572 26174 24062 4523885 4157330 1 55 2264152640 10541117 4205670400 468578304 3956736 12645347 12555788 5350423 6424175 17168630
1790582871885 0 104218 615 4494518308 4486266157 26174 24062 4523885 4157330 1 55 2264204809 10541117 4205346816 431251456 1806336 12754744 12663634 5402224 6565462 17605947
1790582872919 0 93416 0 4494589338 4486348375 26174 24062 4523885 4157330 1 55 2264266652 10541117 4204826624 376123392 0 12887973 12795306 5462511 6664124 17779696
1790582873958 0 58851 362 4494636095 4486429767 26174 24062 4523885 4157330 1 55 2264309608 10541117 4204638208 244477952 8220672 12980220 12887027 5507501 6710032 17907153
1790582874977 0 40423 0 4494676812 4486488823 26174 24062 4523885 4157330 1 55 2264345255 10541117 4204924928 155492352 0 13052830 12959631 5542213 6738269 17944310
1790582875996 0 116975 505 4494765147 4486500123 26174 24062 4523885 4157330 1 55 2264423628 10541117 4204662784 483287040 6303744 13223544 13129823 5621540 6817006 18050018
1790582877019 0 111169 3739 4494836621 4486574136 26174 24062 4523885 4157330 1 55 2264480303 10541117 4204249088 485384192 4096 13353495 13257203 5678025 6958584 18307956
1790582878040 0 101028 12 4494892556 4486643966 26174 24062 4523885 4157330 1 55 2264533108 10541117 4204437504 407642112 0 13460365 13363558 5729535 7035310 18546865
1790582879078 0 100559 1378 4494951518 4486702062 26174 24062 4523885 4157330 1 55 2264590297 10541117 4205064192 434491392 1536000 13580244 13479844 5786979 7149035 18978388
1790582880130 0 103019 2358 4495008475 4486755473 26174 24062 4523885 4157330 1 55 2264640265 10541117 4205314048 419250176 18120704 13689898 13587953 5838206 7202781 19233161
1790582881153 0 98733 1833 4495069159 4486820999 26174 24062 4523885 4157330 1 55 2264699628 10541117 4205514752 418189312 3846144 13813511 13707284 5897205 7272745 19423994
1790582882172 0 106689 51 4495131134 4486877004 26174 24062 4523885 4157330 1 55 2264765434 10541117 4206047232 430755840 0 13940249 13832472 5961836 7383350 19673900
1790582883190 0 111893 487 4495187841 4486927968 26174 24062 4523885 4157330 1 55 2264820494 10541117 4205756416 463568896 2469888 14056393 13946557 6017880 7451867 19895391
1790582884210 0 93088 49 4495247113 4487006568 26174 24062 4523885 4157330 1 55 2264884090 10541117 4205993984 374022144 0 14180306 14066534 6080459 7535102 20176115
1790582885234 0 94859 870 4495309478 4487066152 26174 24062 4523885 4157330 1 55 2264942257 10541117 4205948928 387682304 9924608 14305489 14188633 6139961 7600898 20391389
1790582886259 0 91209 13370 4495377786 4487125531 26174 24062 4523885 4157330 1 55 2264999525 10541117 4205162496 430755840 7147520 14431084 14313711 6197130 7644143 20519341
1790582887288 0 110316 0 4495433658 4487175813 26174 24062 4523885 4157330 1 55 2265051629 10541117 4204994560 440340480 0 14537226 14418814 6248552 7731561 20865179
1790582888315 0 113390 955 4495491042 4487228885 26174 24062 4523885 4157330 1 55 2265102932 10541117 4204818432 470155264 3035136 14651519 14530023 6300397 7779176 21079786
1790582889334 0 124655 0 4495551350 4487279092 26174 24062 4523885 4157330 1 55 2265161328 10541117 4205174784 500097024 0 14768353 14646338 6358416 7885438 21326451
1790582890354 0 122976 0 4495613518 4487342820 26174 24062 4523885 4157330 1 55 2265207716 10541117 4204834816 492101632 0 14876698 14753652 6404601 7993591 21573844
1790582891378 0 36500 327 4495638989 4487454657 26174 24062 4523885 4157330 1 55 2265233531 10541117 4204949504 151572480 1818624 14930817 14806229 6431043 8067172 22005219
1790582892397 0 93948 0 4495713930 4487472407 26174 24062 4523885 4157330 1 55 2265312074 10541117 4205576192 382427136 0 15083020 14958415 6507456 8133830 22147167
1790582893417 0 102129 0 4495780789 4487531035 26174 24062 4523885 4157330 1 55 2265375918 10541117 4205875200 407642112 0 15214973 15088312 6572788 8315313 22527815
1790582894436 0 114932 0 4495844896 4487582428 26174 24062 4523885 4157330 1 55 2265437225 10541117 4206026752 462274560 0 15342435 15214204 6634078 8398413 22672911
1790582895456 0 106534 0 4495903868 4487649734 26174 24062 4523885 4157330 1 55 2265488204 10541117 4205064192 427044864 0 15454258 15322936 6684607 8436875 22800959
1790582896475 0 104644 51 4495980220 4487728061 26174 24062 4523885 4157330 1 55 2265562778 10541117 4205391872 418148352 0 15606269 15473382 6759722 8505516 22958623
1790582897499 0 91400 1024 4496029636 4487789648 26174 24062 4523885 4157330 1 55 2265608042 10541117 4205895680 374022144 10506240 15706231 15571285 6805935 8611402 23191398
1790582898524 0 114440 512 4496094378 4487831854 26174 24062 4523885 4157330 1 55 2265671616 10541117 4205338624 471699456 5283840 15835333 15698828 6869217 8666244 23339808
1790582899545 0 117727 5 4496146601 4487881155 26174 24062 4523885 4157330 1 55 2265726119 10541117 4206067712 472780800 0 15940675 15802623 6922916 8771045 23701857
1790582900564 0 116053 0 4496200883 4487937190 26174 24062 4523885 4157330 1 55 2265777374 10541117 4205748224 469250048 0 16046604 15906984 6972789 8877089 24083732
1790582901588 0 30824 0 4496235424 4488057084 26174 24062 4523885 4157330 1 55 2265821866 10541117 4206657536 121856000 0 16126164 15985512 7017204 8966610 24351651
1790582902614 0 100817 2 4496330252 4488081815 26174 24062 4523885 4157330 1 55 2265901553 10541117 4206370816 401338368 0 16300884 16159699 7098464 9024540 24496778
1790582903642 0 103865 965 4496386899 4488134746 26174 24062 4523885 4157330 1 55 2265956042 10541117 4205273088 432857088 3317760 16417370 16274115 7153617 9177602 24753335
1790582904668 0 105180 477 4496441928 4488188610 26174 24062 4523885 4157330 1 55 2266005680 10541117 4205625344 431013888 9207808 16526411 16379412 7203595 9287966 24988302
1790582905692 0 117326 43 4496500408 4488235371 26174 24062 4523885 4157330 1 55 2266063700 10541117 4205539328 475516928 0 16638087 16490566 7258297 9382717 25262512
1790582906714 0 114290 57 4496555981 4488293979 26174 24062 4523885 4157330 1 55 2266117795 10541117 4206100480 458145792 0 16750138 16600048 7313674 9455678 25517094
1790582907733 0 110732 5815 4496624624 4488360580 26174 24062 4523885 4157330 1 55 2266171589 10541117 4205326336 453705728 37695488 16880556 16726345 7369365 9529213 25688504
1790582908757 0 96893 15190 4496692527 4488432912 26174 24062 4523885 4157330 1 55 2266231772 10541117 4205019136 396824576 69652480 17011799 16854441 7429670 9571217 25832530
1790582909779 0 108067 29 4496747859 4488492116 26174 24062 4523885 4157330 1 55 2266278285 10541117 4205027328 431280128 0 17109436 16951551 7474969 9613105 25980906
1790582910799 0 126571 0 4496819729 4488545575 26174 24062 4523885 4157330 1 55 2266333316 10541117 4204441600 509984768 0 17237068 17078659 7529752 9665902 26159590
1790582911823 0 103668 433 4496863873 4488612296 26174 24062 4523885 4157330 1 55 2266384225 10541117 4205297664 426508288 9936896 17335587 17175636 7581643 9761385 26508827
1790582912854 0 87261 72 4496912725 4488677842 26174 24062 4523885 4157330 1 55 2266427918 10541118 4205625344 353009664 0 17425636 17265683 7623548 9881037 26860027
1790582913878 0 114447 2482 4496981060 4488716435 26174 24062 4523885 4157330 1 55 2266497570 10541118 4205805568 482746368 3465216 17567549 17405536 7694701 9942104 26982656
1790582914917 0 95944 74 4497024641 4488781012 26174 24062 4523885 4157330 1 55 2266546749 10541118 4206817280 390832128 14573568 17659238 17496195 7743540 9989750 27152737
1790582915963 0 111306 0 4497090296 4488831455 26174 24062 4523885 4157330 1 55 2266601761 10541118 4205944832 455970816 0 17779839 17615767 7796722 10040625 27340348
1790582916988 0 102648 585 4497148970 4488898232 26174 24062 4523885 4157330 1 55 2266641570 10541118 4204670976 420249600 8810496 17883942 17717301 7839463 10198100 27733566
1790582918007 0 108527 0 4497205706 4488949609 26174 24062 4523885 4157330 1 55 2266698363 10541118 4205027328 439160832 0 17995413 17828253 7895098 10291295 28018653
1790582919027 0 122044 404 4497269614 4488999669 26174 24062 4523885 4157330 1 55 2266751377 10541118 4205416448 503160832 2064384 18115298 17946086 7948900 10333056 28170918
1790582920054 0 120401 584 4497328586 4489060095 26174 24062 4523885 4157330 1 55 2266799463 10541118 4205334528 492048384 5861376 18221665 18050909 7996905 10406917 28424627
1790582921079 0 117841 70 4497381453 4489116114 26174 24062 4523885 4157330 1 55 2266850547 10541118 4205191168 473374720 0 18326232 18153894 8046866 10508181 28676024
1790582922117 0 90332 1247 4497424689 4489185767 26174 24062 4523885 4157330 1 55 2266897037 10541118 4205592576 369819648 20938752 18422397 18246486 8094930 10587506 29020969
1790582923145 0 34344 30 4497458084 4489275964 26174 24062 4523885 4157330 1 55 2266930531 10541118 4206374912 132378624 0 18486072 18310160 8127502 10633534 29222725
1790582924170 0 119824 862 4497556102 4489287825 26174 24062 4523885 4157330 1 55 2267008606 10541118 4204933120 498712576 2670592 18664770 18488330 8205799 10713192 29337938
1790582925191 0 117987 0 4497606939 4489341359 26174 24062 4523885 4157330 1 55 2267059568 10541118 4205486080 470724608 0 18763898 18586419 8256437 10758055 29542092
1790582926211 0 94307 53 4497676726 4489434818 26174 24062 4523885 4157330 1 55 2267110174 10541118 4204699648 382980096 2101248 18888433 18708384 8306266 10841178 29739633
1790582927235 0 112184 767 4497745011 4489484516 26174 24062 4523885 4157330 1 55 2267170986 10541118 4205080576 456237056 7352320 19020052 18837427 8368390 10933536 29946140
1790582928258 0 104320 912 4497800031 4489547247 26174 24062 4523885 4157330 1 55 2267217032 10541118 4205502464 432660480 3055616 19123437 18938757 8413969 11004696 30213266
1790582929277 0 122647 0 4497866690 4489596527 26174 24062 4523885 4157330 1 55 2267270701 10541118 4204605440 497995776 0 19243471 19058266 8467341 11077216 30442571
1790582930316 0 101416 9201 4497920438 4489662241 26174 24062 4523885 4157330 1 55 2267318967 10541118 4205195264 460701696 6303744 19348308 19159509 8516401 11156144 30605761
1790582931347 0 133680 0 4497993438 4489712123 26174 24062 4523885 4157330 1 55 2267371156 10541118 4204584960 536346624 0 19474534 19283155 8568079 11234989 30797224
1790582932371 0 92385 3082 4498038649 4489795686 26174 24062 4523885 4157330 1 55 2267408002 10541118 4204654592 378224640 18911232 19563520 19368004 8605749 11293778 31086298
1790582933410 0 72347 588 4498083872 4489863446 26174 24062 4523885 4157330 1 55 2267459800 10541118 4205281280 315338752 3809280 19659963 19462905 8656172 11385057 31371133
1790582934457 0 113075 1794 4498164423 4489901998 26174 24062 4523885 4157330 1 55 2267525208 10541118 4205776896 478138368 9789440 19808165 19609563 8722303 11458980 31493918
1790582935492 0 98784 0 4498218691 4489972290 26174 24062 4523885 4157330 1 55 2267574748 10541118 4205555712 387289088 0 19910879 19709696 8772685 11555076 31692685
1790582936520 0 97653 2427 4498282468 4490034905 26174 24062 4523885 4157330 1 55 2267638325 10541118 4205932544 439361536 929792 20043680 19839906 8835827 11675293 32005820
1790582937559 0 114944 0 4498353770 4490091297 26174 24062 4523885 4157330 1 55 2267710172 10541118 4206600192 466391040 0 20185527 19980710 8906534 11840572 32380862
1790582938580 0 102633 4300 4498409838 4490155403 26174 24062 4523885 4157330 1 55 2267751544 10541118 4205699072 420384768 25079808 20288183 20080797 8949437 11924739 32903218
1790582939599 0 24136 0 4498431914 4490260222 26174 24062 4523885 4157330 1 55 2267784569 10541118 4206018560 96354304 0 20340230 20132844 8980090 12047086 33500242
1790582940622 0 107842 185 4498524675 4490269031 26174 24062 4523885 4157330 1 55 2267874759 10541118 4206927872 445624320 4612096 20525717 20316778 9072345 12110398 33607218
1790582941647 0 106492 0 4498583302 4490328907 26174 24062 4523885 4157330 1 55 2267926875 10541118 4206374912 426553344 0 20634836 20424278 9123824 12195413 33840300
1790582942669 0 107750 0 4498650054 4490394775 26174 24062 4523885 4157330 1 55 2268002926 10541118 4206530560 430755840 0 20778843 20566245 9199108 12296529 34075202
1790582943688 0 112369 0 4498704070 4490444124 26174 24062 4523885 4157330 1 55 2268059531 10541118 4206944256 449667072 0 20891468 20677326 9256425 12404024 34428457
1790582944712 0 107069 1990 4498759374 4490502717 26174 24062 4523885 4157330 1 55 2268113781 10541118 4206366720 444071936 6242304 21003520 20788343 9311384 12474289 34688506
1790582945731 0 106058 0 4498813347 4490559761 26174 24062 4523885 4157330 1 55 2268168711 10541118 4206862336 420679680 0 21111935 20894699 9366101 12533949 34854041
1790582946768 0 91352 20 4498867846 4490628889 26174 24062 4523885 4157330 1 55 2268213888 10541118 4206297088 367718400 0 21212920 20994634 9410441 12611217 35073567
1790582947788 0 115777 51 4498932428 4490668952 26174 24062 4523885 4157330 1 55 2268276003 10541118 4205682688 464375808 0 21340771 21120928 9472972 12682228 35241628
1790582948815 0 97556 22 4498982367 4490737271 26174 24062 4523885 4157330 1 55 2268324002 10541118 4206292992 393338880 0 21441179 21218767 9520074 12799685 35506858
1790582949841 0 53778 474 4499025306 4490823515 26174 24062 4523885 4157330 1 55 2268358721 10541118 4206002176 217071616 10321920 21521049 21297602 9556358 12847013 35769395
1790582950870 0 104449 69 4499098306 4490846224 26174 24062 4523885 4157330 1 55 2268443311 10541118 4206800896 416657408 0 21678632 21452617 9640261 12908096 35879189
1790582951893 0 103257 274 4499154240 4490903287 26174 24062 4523885 4157330 1 55 2268502747 10541118 4207079424 422973440 8724480 21801094 21570969 9700712 12961712 36112639
1790582952914 0 102212 10623 4499209824 4490949524 26174 24062 4523885 4157330 1 55 2268560135 10541118 4207251456 469475328 0 21912975 21681306 9757066 13135845 36312168
1790582953946 0 113527 1892 4499266369 4491003337 26174 24062 4523885 4157330 1 55 2268609613 10541118 4206530560 470634496 2232320 22020620 21786380 9807233 13285471 36658282
1790582954965 0 116567 84 4499326583 4491062492 26174 24062 4523885 4157330 1 55 2268667874 10541118 4206264320 472780800 0 22139733 21905106 9864847 13348190 36806821
1790582955986 0 101250 1374 4499381473 4491131271 26174 24062 4523885 4157330 1 55 2268706622 10541118 4205006848 424452096 4202496 22237042 22000867 9904384 13407363 37043431
1790582957006 0 121030 1989 4499458506 4491188045 26174 24062 4523885 4157330 1 55 2268778671 10541118 4205449216 495431680 19861504 22387127 22149921 9976596 13449677 37152044
1790582958032 0 108248 2422 4499516034 4491257748 26174 24062 4523885 4157330 1 55 2268829395 10541118 4206174208 454819840 10227712 22494451 22256219 10027154 13506894 37384180
1790582959061 0 116329 60 4499574557 4491310629 26174 24062 4523885 4157330 1 55 2268881500 10541118 4205678592 469250048 0 22602278 22363527 10076885 13560719 37511253
1790582960086 0 99940 4722 4499630587 4491378596 26174 24062 4523885 4157330 1 55 2268933077 10541118 4206190592 430755840 1282048 22716383 22474002 10131068 13663055 37757641
1790582961105 0 103257 0 4499689345 4491438417 26174 24062 4523885 4157330 1 55 2268977693 10541118 4205477888 416047104 0 22817039 22574684 10174107 13780484 37961156
1790582962124 0 121192 0 4499749820 4491481090 26174 24062 4523885 4157330 1 55 2269042230 10541118 4205932544 491692032 0 22943367 22700496 10238983 13851921 38167070
1790582963150 0 106633 52 4499797028 4491542700 26174 24062 4523885 4157330 1 55 2269091855 10541118 4207161344 426876928 0 23039228 22794294 10288371 13906732 38293756
1790582964176 0 107680 562 4499855032 4491599207 26174 24062 4523885 4157330 1 55 2269143533 10541118 4206641152 444256256 4186112 23154447 22906941 10341462 14081143 38628916
1790582965196 0 100220 896 4499909665 4491661036 26174 24062 4523885 4157330 1 55 2269193916 10541118 4206317568 417243136 802816 23261089 23011526 10391590 14155850 38829192
1790582966231 0 109319 0 4499971242 4491714373 26174 24062 4523885 4157330 1 55 2269249491 10541118 4206186496 437059584 0 23375632 23125554 10446078 14239566 39043010
1790582967267 0 103153 2 4500025288 4491774535 26174 24062 4523885 4157330 1 55 2269302332 10541118 4206067712 418148352 0 23484930 23233822 10498913 14290262 39238229
1790582968297 0 98527 36 4500080502 4491834564 26174 24062 4523885 4157330 1 55 2269357687 10541118 4206886912 409870336 3268608 23596851 23343693 10555119 14330824 39414198
1790582969330 0 100015 415 4500139620 4491891700 26174 24062 4523885 4157330 1 55 2269411489 10541118 4206321664 419905536 2011136 23711705 23456491 10608271 14366777 39602655
1790582970352 0 105662 0 4500219296 4491966031 26174 24062 4523885 4157330 1 55 2269478526 10541118 4205821952 424452096 0 23858149 23600874 10674556 14467692 39867654
1790582971385 0 55006 0 4500254960 4492052266 26174 24062 4523885 4157330 1 55 2269508694 10541118 4205907968 218451968 0 23927802 23667676 10705487 14573193 40241449
1790582972414 0 107239 498 4500339393 4492084167 26174 24062 4523885 4157330 1 55 2269574555 10541118 4204937216 446173184 3493888 24080555 23819904 10771276 14645146 40388864
1790582973435 0 114330 33 4500397952 4492136030 26174 24062 4523885 4157330 1 55 2269624509 10541118 4204924928 454582272 0 24186143 23924452 10821443 14714216 40623498
1790582974468 0 102203 709 4500451902 4492201404 26174 24062 4523885 4157330 1 55 2269676171 10541118 4206112768 435974144 843776 24294072 24031334 10872698 14799325 40949400
1790582975504 0 123634 870 4500520187 4492248163 26174 24062 4523885 4157330 1 55 2269732704 10541118 4205502464 513650688 3436544 24421444 24157672 10930145 14914807 41312733
1790582976526 0 109278 2 4500570075 4492313231 26174 24062 4523885 4157330 1 55 2269785583 10541118 4206080000 443363328 0 24522076 24257789 10981668 14993896 41553361
1790582977548 0 98077 95 4500624054 4492378484 26174 24062 4523885 4157330 1 55 2269837556 10541118 4206514176 401338368 0 24633603 24366383 11035476 15027643 41698643
1790582978571 0 111115 429 4500688101 4492428977 26174 24062 4523885 4157330 1 55 2269903999 10541118 4206800896 456691712 2019328 24764803 24493613 11101216 15124481 41899737
1790582979603 0 104678 0 4500742612 4492490405 26174 24062 4523885 4157330 1 55 2269959052 10541118 4206501888 420249600 0 24874026 24601271 11155449 15213243 42136176
1790582980632 0 101519 1138 4500800303 4492550075 26174 24062 4523885 4157330 1 55 2270013639 10541118 4206641152 418906112 9330688 24991898 24716810 11211514 15421609 42580443
1790582981650 0 100635 460 4500857338 4492608672 26174 24062 4523885 4157330 1 55 2270062607 10541118 4205572096 410152960 2101248 25097190 24820555 11260007 15480297 42730991
1790582982669 0 96800 713 4500914705 4492669734 26174 24062 4523885 4157330 1 55 2270110213 10541118 4205436928 398581760 3330048 25203759 24925579 11307642 15575221 43016949
1790582983694 0 106501 23 4500978688 4492724661 26174 24062 4523885 4157330 1 55 2270158723 10541118 4204662784 422924288 0 25315186 25035973 11355774 15629323 43144840
1790582984728 0 101787 3390 4501033736 4492781087 26174 24062 4523885 4157330 1 55 2270221535 10541118 4206043136 432656384 4857856 25436197 25155428 11419136 15732221 43379569
1790582985752 0 84388 21257 4501090361 4492837150 26174 24062 4523885 4157330 1 55 2270275535 10541118 4206485504 397062144 43630592 25551274 25267096 11473456 15774677 43591111
1790582986771 0 110854 85 4501147869 4492889528 26174 24062 4523885 4157330 1 55 2270333833 10541118 4205916160 445460480 0 25665142 25379931 11530748 15861954 43896975
1790582987796 0 89313 495 4501195579 4492958203 26174 24062 4523885 4157330 1 55 2270377010 10541118 4206088192 362770432 9818112 25761070 25472267 11574903 15966522 44249716
1790582988823 0 122386 22 4501267848 4492997853 26174 24062 4523885 4157330 1 55 2270441340 10541118 4205445120 492359680 0 25895872 25606037 11637722 16035852 44360963
1790582989846 0 102764 103 4501321100 4493070693 26174 24062 4523885 4157330 1 55 2270487701 10541118 4205346816 416047104 0 25996124 25705257 11683566 16107249 44632163
1790582990866 0 99792 2287 4501381516 4493131907 26174 24062 4523885 4157330 1 55 2270543744 10541118 4205858816 408612864 17522688 26117210 25824801 11741675 16258079 44967738
1790582991892 0 97788 831 4501430894 4493184913 26174 24062 4523885 4157330 1 55 2270597224 10541118 4206477312 407171072 1650688 26221612 25926636 11794926 16332525 45200086
1790582992915 0 107971 1314 4501490888 4493233997 26174 24062 4523885 4157330 1 55 2270655806 10541118 4206600192 452431872 4202496 26341140 26044103 11853428 16404949 45416917
1790582993960 0 110095 425 4501550931 4493292995 26174 24062 4523885 4157330 1 55 2270716204 10541118 4206489600 455974912 1605632 26461591 26163520 11913134 16498913 45662411
1790582994990 0 53178 1160 4501577720 4493375827 26174 24062 4523885 4157330 1 55 2270753832 10541118 4207038464 227311616 1843200 26527075 26227964 11951725 16524473 45747246
1790582996009 0 64 0 4501577964 4493430336 26174 24062 4523885 4157330 1 55 2270821899 10541118 4205051904 0 0 26593391 26294248 12017551 16566965 45842475
1790582997029 0 88 0 4501577988 4493430336 26174 24062 4523885 4157330 1 55 2270960275 10541118 4212330496 0 0 26729680 26430563 12155616 16621889 45967392
1790582998052 0 96 0 4501577996 4493430336 26174 24062 4523885 4157330 1 55 2271094343 10541118 4213903360 0 0 26862985 26563834 12289271 16688128 46134819
1790582999073 0 140 0 4501578040 4493430336 26174 24062 4523885 4157330 1 55 2271268621 10541118 4213936128 0 0 27038230 26739006 12464451 16783641 46337293
1790583000093 0 163 0 4501578063 4493430337 26174 24062 4523885 4157330 1 55 2271400322 10541119 3299139584 4096 0 27172890 26873605 12598215 16843780 46451729
