1790582080039 0 63 0 4429161316 4421013641 26174 24062 4523885 4157330 1 55 2221902276 10419200 - - - - - - - -
1790582081306 0 2954 509 4429433451 4421282348 26174 24062 4523885 4157330 1 55 2221902297 10419318 1089138688 13598720 163840 0 0 21 0 55156
1790582082328 0 2980 5635 4429643037 4421486675 26174 24062 4523885 4157330 1 55 2221902297 10419319 1947201536 11669504 23076864 0 0 21 0 154559
1790582083349 0 3015 352 4429801224 4421650163 26174 24062 4523885 4157330 1 55 2221902297 10419320 2595409920 11669504 2097152 0 0 21 0 429591
1790582084369 0 3097 448 4429980448 4421829463 26174 24062 4523885 4157330 1 55 2221902297 10419320 3335966720 11767808 4096000 0 0 21 0 604156
1790582085391 0 2848 24 4430151126 4422000520 26174 24062 4523885 4157330 1 55 2221902297 10419324 4029083648 12435456 2097152 0 0 21 0 782961
1790582086415 0 633 0 4430318267 4422169950 26174 24062 4523885 4157330 1 55 2221907364 10419334 4159410176 1896448 2097152 259002 140581 5111 120726 849041
1790582087436 0 927 0 4430484369 4422335853 26174 24062 4523885 4157330 1 55 2221918011 10419347 4158246912 3321856 0 518469 316859 15693 188185 879692
1790582088456 0 1169 11 4430652114 4422503171 26174 24062 4523885 4157330 1 55 2221932675 10419369 4157829120 4284416 0 769407 499662 30397 262040 926551
1790582089477 0 1443 0 4430812066 4422663016 26174 24062 4523885 4157330 1 55 2221955012 10419403 4158242816 6643712 0 995421 681547 52220 383856 1008753
1790582090497 0 1699 0 4430941842 4422792510 26174 24062 4523885 4157330 1 55 2221980129 10419567 4159102976 5984256 2097152 1264772 836183 76816 498685 1111048
1790582091517 0 1724 0 4431060798 4422911518 26174 24062 4523885 4157330 1 55 2222015321 10419741 4161392640 7241728 0 1502720 989339 112047 653099 1256639
1790582092537 0 2224 119 4431179799 4423029811 26174 24062 4523885 4157330 1 55 2222055303 10419916 4164222976 7016448 2097152 1713555 1147275 153049 762594 1367047
1790582093557 0 2013 6 4431291073 4423141394 26174 24062 4523885 4157330 1 55 2222097372 10420083 4167090176 7467008 0 1928109 1299725 194037 846414 1458293
1790582094577 0 2129 29 4431413510 4423263874 26174 24062 4523885 4157330 1 55 2222144293 10420238 4170076160 7847936 2097152 2153869 1468874 240985 953089 1577427
1790582095597 0 575 21 4431527259 4423379006 26174 24062 4523885 4157330 1 55 2222189528 10420434 4172783616 1650688 0 2375922 1626596 286695 1045053 1659633
1790582096621 0 793 0 4431641678 4423493210 26174 24062 4523885 4157330 1 55 2222230515 10420632 4174442496 2695168 0 2607822 1781448 327736 1180582 1797374
1790582097642 0 1058 512 4431738183 4423589039 26174 24062 4523885 4157330 1 55 2222277251 10420801 4176658432 3432448 0 2821991 1923369 374421 1260483 1919548
1790582098662 0 1276 451 4431841817 4423692474 26174 24062 4523885 4157330 1 55 2222316730 10420954 4177104896 5443584 0 3021162 2066553 413942 1342566 2032805
1790582099682 0 1552 1 4431954884 4423805626 26174 24062 4523885 4157330 1 55 2222356260 10421115 4177002496 4841472 0 3250032 2219521 454010 1493413 2222516
1790582100702 0 1380 0 4432062327 4423913393 26174 24062 4523885 4157330 1 55 2222414778 10421278 4177522688 5136384 0 3492686 2384401 510938 1583343 2314312
1790582101721 0 1519 0 4432173088 4424024011 26174 24062 4523885 4157330 1 55 2222467840 10421452 4178022400 5656576 0 3725176 2548035 564072 1665449 2385671
1790582102741 0 1663 42 4432281923 4424132639 26174 24062 4523885 4157330 1 55 2222524206 10421623 4178669568 6828032 0 3959375 2713001 619924 1794557 2491557
1790582103761 0 1805 0 4432383903 4424234491 26174 24062 4523885 4157330 1 55 2222577569 10421771 4179312640 6545408 0 4197458 2867874 673717 1913069 2577848
1790582104781 0 2000 438 4432491493 4424341447 26174 24062 4523885 4157330 1 55 2222642685 10421950 4181417984 6959104 0 4453392 3040549 740375 2051285 2704834
1790582105803 0 2208 0 4432598634 4424448689 26174 24062 4523885 4157330 1 55 2222710378 10422117 4181921792 7524352 0 4711850 3214296 806689 2218625 2832590
1790582106822 0 2058 463 4432695634 4424545467 26174 24062 4523885 4157330 1 55 2222795338 10422299 4183932928 7827456 0 4990573 3395977 892049 2336766 2912073
1790582107842 0 2184 33 4432793540 4424643713 26174 24062 4523885 4157330 1 55 2222878444 10422489 4185989120 8253440 0 5253048 3576909 975627 2424826 2976781
1790582108861 0 2265 0 4432899607 4424749811 26174 24062 4523885 4157330 1 55 2222952441 10422638 4186275840 8454144 0 5529985 3755852 1047628 2549652 3045857
1790582109881 0 2393 0 4432997502 4424847576 26174 24062 4523885 4157330 1 55 2223034259 10422809 4186939392 10207232 638976 5807996 3934775 1129389 2666533 3114237
1790582110901 0 2275 10 4433098542 4424948662 26174 24062 4523885 4157330 1 55 2223119245 10422992 4187422720 8818688 0 6067645 4113823 1216377 2790684 3181041
1790582111921 0 2411 0 4433204389 4425054259 26174 24062 4523885 4157330 1 55 2223194752 10423133 4186824704 8990720 2097152 6325262 4282199 1291923 2908510 3264154
1790582112941 0 308 16 4433303229 4425155331 26174 24062 4523885 4157330 1 55 2223276268 10423307 4187033600 856064 2097152 6576564 4441532 1373983 3026298 3346264
1790582113961 0 569 61 4433398280 4425250069 26174 24062 4523885 4157330 1 55 2223350672 10423566 4186603520 3379200 0 6803086 4590681 1445888 3165662 3432756
1790582114981 0 883 55 4433497212 4425348813 26174 24062 4523885 4157330 1 55 2223442616 10423829 4186169344 4161536 0 7062524 4753531 1539824 3306914 3510927
1790582116001 0 1147 455 4433608245 4425459070 26174 24062 4523885 4157330 1 55 2223520677 10424072 4184748032 3792896 0 7305926 4910387 1616309 3405456 3596478
1790582117025 0 1319 74 4433723648 4425574679 26174 24062 4523885 4157330 1 55 2223590980 10424287 4181676032 6397952 172032 7552005 5063342 1688189 3599671 3735796
1790582118047 0 1334 0 4433845717 4425696736 26174 24062 4523885 4157330 1 55 2223656143 10424469 4178604032 5173248 0 7775592 5205428 1752286 3766088 3864991
1790582119068 0 1573 0 4433954971 4425805824 26174 24062 4523885 4157330 1 55 2223736177 10424674 4176646144 5734400 0 8023486 5359336 1831529 3882207 3941288
1790582120088 0 1720 0 4434069270 4425919939 26174 24062 4523885 4157330 1 55 2223808672 10424881 4175290368 6262784 0 8262764 5511747 1905329 3992269 4025573
1790582121107 0 1843 0 4434177499 4426027973 26174 24062 4523885 4157330 1 55 2223889172 10425063 4173697024 8224768 0 8528306 5669431 1985860 4188178 4144669
1790582122128 0 2133 292 4434293271 4426143274 26174 24062 4523885 4157330 1 55 2223959492 10425251 4171964416 7147520 0 8764979 5823578 2056150 4248971 4184798
1790582123147 0 1872 0 4434397388 4426247869 26174 24062 4523885 4157330 1 55 2224042784 10425431 4170526720 7557120 0 9016613 5984799 2136663 4419115 4295097
1790582124167 0 2082 0 4434510634 4426360978 26174 24062 4523885 4157330 1 55 2224117877 10425603 4169715712 7880704 2097152 9263306 6146855 2214599 4506109 4350811
1790582125188 0 2199 0 4434617823 4426468050 26174 24062 4523885 4157330 1 55 2224195521 10425780 4168966144 8224768 0 9508020 6304476 2292189 4694267 4481046
1790582126209 0 2293 0 4434730600 4426580733 26174 24062 4523885 4157330 1 55 2224267906 10425947 4167929856 9736192 0 9742063 6463843 2365017 4814949 4558121
1790582127230 0 2367 511 4434838114 4426687737 26174 24062 4523885 4157330 1 55 2224351956 10426128 4167397376 9433088 0 9997638 6634457 2448618 4985158 4660763
1790582128250 0 2757 146 4434945766 4426795182 26174 24062 4523885 4157330 1 55 2224426819 10426314 4166803456 8998912 0 10233702 6796319 2522989 5084747 4724539
1790582129270 0 2641 0 4435058375 4426908052 26174 24062 4523885 4157330 1 55 2224500705 10426481 4167053312 9256960 0 10487796 6963787 2597874 5184385 4792407
1790582130290 0 2511 366 4435176368 4427026316 26174 24062 4523885 4157330 1 55 2224573521 10426638 4167036928 9523200 0 10733863 7134392 2670710 5376036 4902665
1790582131310 0 2509 0 4435287103 4427136947 26174 24062 4523885 4157330 1 55 2224647697 10426813 4166844416 9711616 0 10970974 7304421 2743436 5467127 4963688
1790582132330 0 707 1 4435395435 4427247043 26174 24062 4523885 4157330 1 55 2224723530 10427025 4167430144 1171456 0 11206068 7467014 2819678 5663088 5084533
1790582133357 0 662 0 4435498202 4427349964 26174 24062 4523885 4157330 1 55 2224791281 10427251 4168232960 2260992 0 11432618 7618494 2888440 5788036 5169818
1790582134379 0 946 1 4435607039 4427458443 26174 24062 4523885 4157330 1 55 2224865275 10427474 4168527872 3141632 0 11679663 7785223 2961567 5892074 5225613
1790582135399 0 1220 359 4435716251 4427567026 26174 24062 4523885 4157330 1 55 2224939860 10427694 4169048064 3928064 663552 11916503 7951164 3037548 5992319 5294563
1790582136419 0 1555 354 4435821491 4427672045 26174 24062 4523885 4157330 1 55 2225004363 10427897 4168359936 4526080 0 12141264 8102879 3101566 6123153 5379501
1790582137439 0 1611 1 4435930643 4427781274 26174 24062 4523885 4157330 1 55 2225073620 10428106 4169076736 5136384 2097152 12386348 8268151 3170786 6226190 5442981
1790582138459 0 1577 511 4436033156 4427883642 26174 24062 4523885 4157330 1 55 2225158235 10428309 4170616832 5632000 0 12639224 8443008 3255928 6422583 5567829
1790582139479 0 1679 0 4436133244 4427983991 26174 24062 4523885 4157330 1 55 2225242354 10428514 4171833344 6103040 0 12883733 8614372 3339025 6587518 5666027
1790582140499 0 1746 0 4436235815 4428086422 26174 24062 4523885 4157330 1 55 2225317046 10428695 4172308480 7585792 0 13138127 8776429 3412899 6740538 5746890
1790582141519 0 2203 0 4436340793 4428190872 26174 24062 4523885 4157330 1 55 2225390081 10428865 4173205504 7000064 0 13394973 8942978 3486755 6848298 5821695
1790582142539 0 2154 0 4436442842 4428292897 26174 24062 4523885 4157330 1 55 2225469843 10429042 4172984320 7360512 0 13652334 9112362 3566503 7008875 5916123
1790582143560 0 1961 1 4436551573 4428401998 26174 24062 4523885 4157330 1 55 2225545448 10429218 4172984320 7659520 0 13903072 9285754 3641087 7113101 5986144
1790582144580 0 2329 0 4436657558 4428507438 26174 24062 4523885 4157330 1 55 2225623104 10429402 4173377536 7946240 0 14154929 9457565 3719304 7279816 6073552
1790582145600 0 2193 0 4436758678 4428608804 26174 24062 4523885 4157330 1 55 2225701568 10429581 4174446592 8232960 0 14400254 9625115 3796507 7365967 6124787
1790582146620 0 2444 0 4436864505 4428714306 26174 24062 4523885 4157330 1 55 2225777761 10429743 4175847424 8474624 0 14652549 9799969 3874944 7565537 6232363
1790582147640 0 2214 1 4436960059 4428810304 26174 24062 4523885 4157330 1 55 2225853617 10429906 4176560128 8732672 0 14906230 9966318 3949825 7704294 6328474
1790582148660 0 2347 0 4437063638 4428913717 26174 24062 4523885 4157330 1 55 2225939779 10430085 4177416192 8966144 0 15155768 10141808 4035935 7860334 6413293
1790582149680 0 2420 0 4437159898 4429009904 26174 24062 4523885 4157330 1 55 2226014030 10430254 4177846272 10047488 0 15375936 10296072 4110255 8034686 6554155
1790582150700 0 2478 512 4437257803 4429107239 26174 24062 4523885 4157330 1 55 2226095052 10430397 4178423808 9338880 0 15639200 10461688 4190724 8237440 6708111
1790582151721 0 219 72 4437349151 4429201420 26174 24062 4523885 4157330 1 55 2226171990 10430570 4179640320 2240512 479232 15871329 10618687 4268685 8328150 6784614
1790582152741 0 557 0 4437444714 4429296656 26174 24062 4523885 4157330 1 55 2226237594 10430782 4178018304 1773568 0 16090513 10768619 4334272 8505730 6949015
1790582153762 0 821 511 4437549470 4429400530 26174 24062 4523885 4157330 1 55 2226302645 10430986 4176617472 4718592 118784 16320400 10916411 4399828 8637071 7039155
1790582154781 0 359 511 4437644072 4429495594 26174 24062 4523885 4157330 1 55 2226369365 10431188 4176998400 1183744 2097152 16550710 11061614 4466027 8860026 7212308
1790582155802 0 692 0 4437740677 4429592411 26174 24062 4523885 4157330 1 55 2226442781 10431413 4176125952 2228224 0 16760911 11213552 4539957 8963917 7310960
1790582156822 0 1288 0 4437839232 4429690190 26174 24062 4523885 4157330 1 55 2226513585 10431650 4175507456 3051520 1265664 16975286 11360761 4609727 9123357 7436181
1790582157842 0 1087 0 4437943804 4429795143 26174 24062 4523885 4157330 1 55 2226577167 10431848 4174704640 3944448 0 17201003 11501918 4673353 9316850 7605000
1790582158862 0 1694 1 4438046401 4429897059 26174 24062 4523885 4157330 1 55 2226657484 10432087 4175036416 4349952 0 17441265 11662433 4754670 9499425 7710750
1790582159883 0 1287 0 4438153607 4430004709 26174 24062 4523885 4157330 1 55 2226734560 10432323 4173115392 5771264 0 17677679 11819893 4830582 9683819 7809923
1790582160904 0 1471 0 4438255708 4430106663 26174 24062 4523885 4157330 1 55 2226803672 10432544 4172013568 5468160 0 17917939 11970068 4899827 9846838 7964193
1790582161924 0 1580 511 4438356236 4430206428 26174 24062 4523885 4157330 1 55 2226886725 10432762 4172222464 5955584 0 18155665 12128843 4982934 9952811 8034081
1790582162944 0 1715 0 4438457146 4430307893 26174 24062 4523885 4157330 1 55 2226966748 10432974 4172238848 7835648 0 18379898 12283374 5063410 10145772 8192853
1790582163966 0 1860 1 4438571459 4430422058 26174 24062 4523885 4157330 1 55 2227038591 10433174 4169519104 7426048 0 18610188 12435246 5134758 10250478 8268380
1790582164987 0 1780 0 4438676070 4430526642 26174 24062 4523885 4157330 1 55 2227105661 10433368 4168839168 7184384 0 18850414 12585735 5201819 10383247 8367254
1790582166007 0 1994 511 4438781195 4430631300 26174 24062 4523885 4157330 1 55 2227171168 10433567 4168200192 7553024 2097152 19064400 12732263 5266812 10490224 8457179
1790582167026 0 2135 0 4438888023 4430738060 26174 24062 4523885 4157330 1 55 2227246231 10433766 4166447104 7888896 0 19294256 12892273 5342969 10624723 8542528
1790582168046 0 2359 0 4439002422 4430852308 26174 24062 4523885 4157330 1 55 2227314521 10433949 4165263360 8245248 839680 19531714 13050356 5410685 10824442 8671685
1790582169066 0 2280 0 4439115348 4430965493 26174 24062 4523885 4157330 1 55 2227384312 10434152 4164755456 8568832 0 19786906 13212905 5480986 10954546 8738905
1790582170086 0 2198 511 4439216824 4431066507 26174 24062 4523885 4157330 1 55 2227464309 10434362 4165324800 8790016 0 20018697 13374792 5560602 11055716 8817392
1790582171106 0 2296 0 4439328164 4431178112 26174 24062 4523885 4157330 1 55 2227541307 10434567 4164849664 9084928 0 20255124 13540312 5637456 11227810 8901932
1790582172127 0 2509 0 4439430345 4431280008 26174 24062 4523885 4157330 1 55 2227612118 10434763 4165558272 9244672 0 20482839 13697463 5709300 11386087 9042028
1790582173147 0 127 154 4439524397 4431376532 26174 24062 4523885 4157330 1 55 2227680336 10434938 4165492736 1888256 0 20695885 13843485 5776994 11499063 9143232
1790582174167 0 508 0 4439617947 4431469902 26174 24062 4523885 4157330 1 55 2227755217 10435189 4166647808 1421312 0 20917058 13994925 5852460 11576017 9194486
1790582175187 0 700 511 4439723143 4431574323 26174 24062 4523885 4157330 1 55 2227821463 10435417 4165672960 2392064 2097152 21146762 14150927 5916596 11674921 9246304
1790582176207 0 1253 0 4439827278 4431678307 26174 24062 4523885 4157330 1 55 2227898499 10435687 4166094848 4145152 0 21392141 14319719 5994658 11800798 9320270
1790582177227 0 1157 0 4439922724 4431773993 26174 24062 4523885 4157330 1 55 2227981906 10435956 4167278592 3907584 0 21615244 14476817 6078059 11913334 9406906
1790582178251 0 1536 97 4440014039 4431864759 26174 24062 4523885 4157330 1 55 2228035838 10436154 4166123520 4444160 0 21816777 14607805 6132498 12034537 9538796
1790582179272 0 1362 0 4440118779 4431969843 26174 24062 4523885 4157330 1 55 2228105648 10436396 4165697536 5017600 1495040 22056771 14765250 6202325 12140978 9605182
1790582180292 0 1506 511 4440212039 4432062523 26174 24062 4523885 4157330 1 55 2228172888 10436615 4165971968 5758976 0 22265149 14911817 6270063 12306169 9770907
1790582181312 0 2077 1 4440310476 4432160860 26174 24062 4523885 4157330 1 55 2228245753 10436856 4166180864 6746112 0 22493182 15070270 6343461 12422306 9883191
1790582182332 0 1753 1 4440401299 4432251896 26174 24062 4523885 4157330 1 55 2228324036 10437089 4168032256 6295552 0 22721065 15226952 6420420 12553833 9996577
1790582183352 0 1870 0 4440501250 4432351806 26174 24062 4523885 4157330 1 55 2228399908 10437325 4169359360 8486912 0 22967470 15390009 6496360 12657231 10077551
1790582184372 0 1869 1 4440595622 4432446212 26174 24062 4523885 4157330 1 55 2228469268 10437545 4169617408 7168000 0 23190787 15541231 6566657 12766572 10181321
1790582185392 0 2028 0 4440677686 4432528157 26174 24062 4523885 4157330 1 55 2228551274 10437763 4170821632 7344128 0 23419910 15696433 6647440 12853392 10248450
1790582186417 0 2509 0 4440773039 4432622849 26174 24062 4523885 4157330 1 55 2228621618 10437994 4171264000 7696384 0 23643816 15847538 6719318 12968752 10374792
1790582187441 0 2161 0 4440869805 4432720070 26174 24062 4523885 4157330 1 55 2228692947 10438196 4171075584 9883648 0 23882491 16001783 6790130 13080279 10484915
1790582188460 0 2236 1 4440957542 4432807656 26174 24062 4523885 4157330 1 55 2228755320 10438411 4171063296 8261632 0 24083642 16139442 6851998 13285297 10674747
1790582189480 0 2202 511 4441059523 4432909311 26174 24062 4523885 4157330 1 55 2228829187 10438638 4170584064 8474624 0 24321071 16299424 6925886 13361194 10729148
1790582190500 0 2292 0 4441169160 4433019294 26174 24062 4523885 4157330 1 55 2228902063 10438878 4169867264 8773632 0 24559287 16464098 6997757 13469573 10808761
1790582191519 0 2449 0 4441258048 4433107880 26174 24062 4523885 4157330 1 55 2228973961 10439100 4170743808 8962048 0 24774426 16611478 7070622 13619150 11005392
1790582192542 0 2387 0 4441359809 4433209775 26174 24062 4523885 4157330 1 55 2229044026 10439320 4170833920 9179136 0 25005340 16768528 7140174 13822930 11196105
1790582193564 0 2520 1 4441458238 4433308068 26174 24062 4523885 4157330 1 55 2229119703 10439540 4171051008 10440704 0 25228347 16920661 7216364 14027776 11365405
1790582194584 0 2459 0 4441547439 4433397406 26174 24062 4523885 4157330 1 55 2229190995 10439753 4171616256 9535488 0 25436019 17064761 7286141 14157104 11492501
1790582195604 0 2748 70 4441649238 4433498809 26174 24062 4523885 4157330 1 55 2229259502 10439937 4170448896 9699328 0 25668887 17218184 7356382 14349686 11664175
1790582196624 0 257 1 4441752554 4433604647 26174 24062 4523885 4157330 1 55 2229323091 10440163 4169924608 761856 0 25897215 17368163 7420266 14436560 11752491
1790582197646 0 585 1 4441847626 4433699391 26174 24062 4523885 4157330 1 55 2229390912 10440406 4169588736 1818624 2097152 26117101 17511807 7487063 14547367 11858594
1790582198666 0 815 1 4441948698 4433800343 26174 24062 4523885 4157330 1 55 2229454370 10440650 4169232384 3141632 0 26340049 17666054 7551550 14654608 11941024
1790582199686 0 1031 11 4442041576 4433893032 26174 24062 4523885 4157330 1 55 2229519618 10440924 4168544256 5013504 0 26559711 17808021 7615784 14789491 12056715
1790582200706 0 1200 0 4442143630 4433994865 26174 24062 4523885 4157330 1 55 2229586866 10441208 4168679424 4067328 0 26784184 17958292 7683580 14918636 12175174
1790582201726 0 1245 0 4442243916 4434094895 26174 24062 4523885 4157330 1 55 2229659795 10441481 4168765440 4665344 0 27017902 18115110 7755967 15005681 12230746
1790582202745 0 1442 511 4442359165 4434209622 26174 24062 4523885 4157330 1 55 2229726040 10441722 4168343552 5361664 0 27264296 18272674 7823209 15161870 12323632
1790582203770 0 1574 0 4442462231 4434312992 26174 24062 4523885 4157330 1 55 2229800478 10442001 4168028160 7061504 0 27482225 18422346 7896646 15324295 12425829
1790582204791 0 1718 511 4442569360 4434419542 26174 24062 4523885 4157330 1 55 2229875947 10442264 4167397376 6983680 1335296 27731083 18588205 7972108 15489813 12533245
1790582205811 0 2042 1 4442675262 4434525519 26174 24062 4523885 4157330 1 55 2229945691 10442497 4166684672 6602752 0 27967506 18737490 8042947 15577300 12600529
1790582206831 0 266 0 4442784772 4434636988 26174 24062 4523885 4157330 1 55 2230020825 10442774 4166504448 917504 0 28210240 18895340 8117368 15692614 12682754
1790582207851 0 622 0 4442879401 4434731222 26174 24062 4523885 4157330 1 55 2230090502 10443030 4165988352 2691072 0 28413795 19042737 8186699 15857495 12800056
1790582208872 0 860 365 4442982019 4434833277 26174 24062 4523885 4157330 1 55 2230158339 10443313 4165251072 2834432 0 28637468 19192246 8256028 16019687 12924183
1790582209892 0 1017 1 4443090191 4434941652 26174 24062 4523885 4157330 1 55 2230233184 10443571 4165230592 3567616 0 28883996 19354117 8329393 16139462 13004242
1790582210912 0 1321 439 4443185141 4435036117 26174 24062 4523885 4157330 1 55 2230308912 10443843 4165550080 4169728 0 29091169 19499854 8406146 16274783 13111011
1790582211931 0 1365 0 4443271506 4435122368 26174 24062 4523885 4157330 1 55 2230378773 10444102 4166205440 4644864 0 29297537 19641690 8474467 16384437 13222322
1790582212951 0 1387 0 4443363192 4435214251 26174 24062 4523885 4157330 1 55 2230446534 10444332 4166574080 5132288 0 29509295 19784533 8543211 16565552 13386237
1790582213971 0 1517 511 4443449304 4435299693 26174 24062 4523885 4157330 1 55 2230517111 10444578 4167458816 6381568 0 29726805 19922653 8614325 16771435 13585986
1790582214990 0 1655 511 4443538035 4435388293 26174 24062 4523885 4157330 1 55 2230586056 10444828 4166643712 5984256 0 29924704 20062768 8683058 16951940 13777896
1790582216010 0 1808 0 4443624664 4435475319 26174 24062 4523885 4157330 1 55 2230664359 10445071 4167098368 7598080 847872 30154206 20210974 8758657 17106879 13907329
1790582217030 0 1873 0 4443716949 4435567549 26174 24062 4523885 4157330 1 55 2230735950 10445297 4167696384 8626176 0 30369947 20355800 8831523 17300803 14098113
1790582218050 0 262 0 4443806420 4435658570 26174 24062 4523885 4157330 1 55 2230809213 10445534 4168507392 2129920 0 30605171 20506806 8905415 17438415 14218805
1790582219071 0 617 0 4443899404 4435751278 26174 24062 4523885 4157330 1 55 2230874672 10445791 4168011776 1916928 0 30818725 20649676 8970895 17651167 14417925
1790582220090 0 845 292 4443989235 4435840882 26174 24062 4523885 4157330 1 55 2230933313 10446034 4166819840 2686976 0 31013051 20781721 9029976 17869518 14630501
1790582221110 0 1322 0 4444084603 4435935631 26174 24062 4523885 4157330 1 55 2230997758 10446305 4166873088 3416064 2097152 31215656 20923936 9094935 17976808 14740865
1790582222133 0 1273 1 4444166470 4436017470 26174 24062 4523885 4157330 1 55 2231066542 10446564 4167565312 3960832 0 31435384 21063689 9163213 18142264 14893695
1790582223156 0 1240 63 4444260592 4436111819 26174 24062 4523885 4157330 1 55 2231138457 10446845 4168302592 4497408 0 31664015 21212806 9233191 18284117 15013004
1790582224177 0 1372 365 4444357517 4436208639 26174 24062 4523885 4157330 1 55 2231211353 10447102 4168200192 4988928 0 31899085 21369493 9309016 18386617 15084290
1790582225198 0 1467 46 4444457498 4436308513 26174 24062 4523885 4157330 1 55 2231279598 10447338 4167675904 6946816 630784 32123136 21518743 9375241 18486675 15171403
1790582226218 0 1661 0 4444557570 4436408403 26174 24062 4523885 4157330 1 55 2231344907 10447593 4167458816 6361088 1703936 32344725 21669478 9441494 18598961 15247197
1790582227238 0 1803 0 4444663194 4436513885 26174 24062 4523885 4157330 1 55 2231413048 10447846 4167000064 6455296 0 32570478 21827437 9508765 18784775 15402668
1790582228258 0 1770 511 4444753918 4436604097 26174 24062 4523885 4157330 1 55 2231484057 10448058 4167507968 6762496 0 32789452 21972862 9580624 18930316 15535626
1790582229278 0 1893 1 4444856972 4436707606 26174 24062 4523885 4157330 1 55 2231552163 10448271 4167987200 7155712 0 33023001 22132203 9648989 19131864 15714878
1790582230306 0 1993 0 4444947687 4436798188 26174 24062 4523885 4157330 1 55 2231620048 10448490 4167413760 7495680 0 33239879 22276431 9716318 19238746 15809004
1790582231328 0 2098 0 4445049654 4436900050 26174 24062 4523885 4157330 1 55 2231694335 10448725 4167450624 9023488 0 33472767 22434959 9790637 19437726 15970216
1790582232348 0 2110 511 4445148660 4436998426 26174 24062 4523885 4157330 1 55 2231771976 10448964 4168187904 8126464 0 33705941 22593361 9869144 19503329 16010172
1790582233368 0 2085 0 4445250719 4437101019 26174 24062 4523885 4157330 1 55 2231834070 10449185 4167553024 8257536 0 33916411 22737981 9930261 19614210 16092006
1790582234388 0 2217 511 4445352064 4437201905 26174 24062 4523885 4157330 1 55 2231897970 10449387 4167249920 9904128 0 34138758 22889290 9994657 19764621 16222585
1790582235407 0 2526 0 4445445232 4437295092 26174 24062 4523885 4157330 1 55 2231966120 10449602 4166979584 9736192 0 34358556 23036196 10062270 19889061 16340371
1790582236427 0 2379 0 4445534731 4437384628 26174 24062 4523885 4157330 1 55 2232029749 10449801 4166746112 9981952 0 34551754 23175135 10126936 19994117 16460722
1790582237447 0 2375 1 4445634993 4437485072 26174 24062 4523885 4157330 1 55 2232095948 10449999 4166184960 10924032 303104 34760505 23323072 10191585 20089459 16569037
1790582238466 0 2869 146 4445729231 4437578711 26174 24062 4523885 4157330 1 55 2232162960 10450214 4166488064 9797632 0 34994742 23474074 10260180 20196008 16683295
1790582239486 0 275 0 4445828973 4437681119 26174 24062 4523885 4157330 1 55 2232229199 10450452 4167282688 860160 188416 35205495 23622914 10323839 20309973 16799498
1790582240506 0 621 0 4445926496 4437778369 26174 24062 4523885 4157330 1 55 2232288286 10450696 4166402048 1912832 0 35421801 23762536 10385468 20440603 16933206
1790582241526 0 863 447 4446019982 4437871021 26174 24062 4523885 4157330 1 55 2232358102 10450949 4166873088 2785280 0 35630255 23906298 10455662 20644852 17146225
1790582242545 0 980 0 4446109259 4437960700 26174 24062 4523885 4157330 1 55 2232427368 10451214 4167770112 4648960 0 35841673 24051071 10524097 20830878 17319429
1790582243565 0 1145 0 4446203125 4438054401 26174 24062 4523885 4157330 1 55 2232492181 10451501 4168159232 4030464 0 36062905 24192164 10589350 21042565 17530254
1790582244586 0 1266 72 4446290914 4438142106 26174 24062 4523885 4157330 1 55 2232559367 10451746 4168294400 6148096 0 36265590 24324749 10655074 21251250 17761030
1790582245606 0 1371 0 4446383158 4438234281 26174 24062 4523885 4157330 1 55 2232626658 10451989 4169003008 6963200 0 36481707 24467123 10722830 21336300 17849757
1790582246625 0 1513 0 4446473461 4438324442 26174 24062 4523885 4157330 1 55 2232688822 10452219 4168757248 5455872 2097152 36686065 24602368 10786338 21447407 17958447
1790582247653 0 1639 292 4446563641 4438414278 26174 24062 4523885 4157330 1 55 2232755563 10452459 4168491008 6193152 0 36908237 24746173 10852733 21557115 18074126
1790582248674 0 1780 438 4446652955 4438503669 26174 24062 4523885 4157330 1 55 2232822905 10452711 4168593408 7254016 0 37119345 24887333 10919561 21700135 18223506
1790582249694 0 1766 1 4446745210 4438595971 26174 24062 4523885 4157330 1 55 2232888098 10452952 4168384512 6692864 1626112 37324093 25026555 10984762 21859386 18380648
1790582250713 0 1872 438 4446844115 4438694408 26174 24062 4523885 4157330 1 55 2232945980 10453178 4167110656 8130560 0 37546425 25168937 11042650 22038946 18580108
1790582251733 0 1945 0 4446934381 4438784857 26174 24062 4523885 4157330 1 55 2233011951 10453427 4167880704 7405568 0 37759551 25310189 11106572 22112633 18655555
1790582252753 0 2002 1 4447025611 4438876063 26174 24062 4523885 4157330 1 55 2233085920 10453672 4168720384 8953856 868352 37978304 25463453 11182778 22240399 18783846
1790582253773 0 2170 0 4447120390 4438970714 26174 24062 4523885 4157330 1 55 2233153093 10453876 4167622656 7999488 0 38184100 25604585 11248948 22357378 18915714
1790582254793 0 2049 0 4447205564 4439055939 26174 24062 4523885 4157330 1 55 2233227682 10454099 4168810496 8298496 0 38410280 25745183 11324351 22564416 19123583
1790582255813 0 2289 1 4447304494 4439154696 26174 24062 4523885 4157330 1 55 2233292322 10454315 4168781824 10301440 0 38628496 25890085 11388492 22703799 19270912
1790582256833 0 2659 0 4447391986 4439241750 26174 24062 4523885 4157330 1 55 2233364914 10454547 4167933952 8704000 0 38841213 26038733 11460604 22815503 19376495
1790582257853 0 2308 0 4447486426 4439336539 26174 24062 4523885 4157330 1 55 2233433717 10454764 4167663616 8941568 0 39057924 26187886 11530374 23027901 19588771
1790582258875 0 2445 1 4447587354 4439437436 26174 24062 4523885 4157330 1 55 2233494787 10454973 4167241728 9162752 1728512 39285262 26333503 11590943 23150175 19706310
1790582259896 0 2513 11 4447680974 4439530763 26174 24062 4523885 4157330 1 55 2233558526 10455189 4167069696 9375744 0 39485301 26467931 11655750 23329604 19916798
1790582260916 0 2476 0 4447775488 4439625506 26174 24062 4523885 4157330 1 55 2233626145 10455418 4167299072 10592256 0 39694084 26615694 11722456 23483378 20089977
1790582261936 0 148 438 4447868296 4439720172 26174 24062 4523885 4157330 1 55 2233696757 10455660 4167135232 479232 0 39906858 26761239 11793520 23589605 20191227
1790582262955 0 906 0 4447963960 4439815368 26174 24062 4523885 4157330 1 55 2233757445 10455887 4166823936 1638400 1376256 40126609 26898685 11853078 23777759 20365502
1790582263975 0 802 0 4448055301 4439906993 26174 24062 4523885 4157330 1 55 2233826773 10456165 4167639040 2523136 0 40354234 27044079 11922422 23903611 20482807
1790582264995 0 1051 511 4448141020 4439992063 26174 24062 4523885 4157330 1 55 2233896776 10456456 4167647232 3158016 0 40556458 27186080 11993312 24070696 20662620
1790582266015 0 1148 0 4448232455 4440083692 26174 24062 4523885 4157330 1 55 2233960312 10456714 4166893568 3751936 0 40760091 27320539 12056468 24174107 20773677
1790582267042 0 1156 0 4448325209 4440176401 26174 24062 4523885 4157330 1 55 2234019874 10456992 4166643712 4308992 0 40963227 27453339 12117069 24315174 20902172
1790582268063 0 1331 0 4448412392 4440263555 26174 24062 4523885 4157330 1 55 2234087124 10457254 4166197248 4808704 2097152 41166897 27591803 12184309 24432530 21016303
1790582269086 0 1557 0 4448503146 4440354156 26174 24062 4523885 4157330 1 55 2234150289 10457540 4166017024 6406144 1015808 41365682 27729727 12245945 24613373 21203380
1790582270109 0 1592 0 4448601630 4440452530 26174 24062 4523885 4157330 1 55 2234213990 10457800 4165091328 5816320 0 41571965 27875007 12310658 24732679 21322447
1790582271129 0 1757 0 4448696020 4440546757 26174 24062 4523885 4157330 1 55 2234277149 10458049 4165701632 7274496 0 41787000 28015522 12373810 24941765 21527324
1790582272149 0 415 0 4448784265 4440636337 26174 24062 4523885 4157330 1 55 2234344741 10458307 4166438912 479232 1077248 42007381 28157914 12440901 25150079 21757662
1790582273169 0 565 0 4448879888 4440731817 26174 24062 4523885 4157330 1 55 2234406369 10458564 4165640192 1638400 0 42221211 28299049 12503563 25292323 21910467
1790582274190 0 44 0 4448948715 4440801092 26174 24062 4523885 4157330 1 55 2234466257 10458810 4168101888 131072 0 42396111 28420267 12562437 25380923 22002208
1790582275211 0 105 0 4448948776 4440801092 26174 24062 4523885 4157330 1 55 2234610300 10459387 4192178176 131072 0 42540369 28557839 12705887 25429289 22071187
1790582276231 0 129 0 4448948800 4440801092 26174 24062 4523885 4157330 1 55 2234762663 10459939 4195127296 131072 0 42722651 28707484 12856252 25485579 22142009
1790582277252 0 158 0 4448948829 4440801092 26174 24062 4523885 4157330 1 55 2234904040 10460398 4198678528 131072 0 43095056 28849570 12999205 25616062 22239936
1790582278272 0 174 0 4448948845 4440801092 26174 24062 4523885 4157330 1 55 2235052787 10462015 4199534592 131072 0 43404630 28998107 13147951 25692539 22271636
1790582279291 0 15 0 4448948876 4440801260 26174 24062 4523885 4157330 1 55 2235092350 10462191 1049559040 28672 0 43460380 29040302 13190032 25742276 22293363
