1790581638068 0 1 0 4390187382 4382039659 26174 24062 4523885 4157330 1 55 2195971917 10332915 - - - - - - - -
1790581639103 0 114990 0 4390425255 4382162447 26174 24062 4523885 4157330 1 55 2195971925 10333034 940933120 449601536 0 0 0 8 0 1215
1790581640124 0 123857 8 4390658367 4382386682 26174 24062 4523885 4157330 1 55 2195971925 10333034 1896091648 488632320 0 0 0 8 0 8051
1790581641143 0 131195 2072 4390873641 4382592654 26174 24062 4523885 4157330 1 55 2195971925 10333035 2774896640 534704128 8339456 0 0 8 0 22269
1790581642165 0 143660 0 4391081563 4382790159 26174 24062 4523885 4157330 1 55 2195971925 10333037 3628515328 573292544 0 0 0 8 0 22269
1790581643185 0 112409 29 4391278779 4383018698 26174 24062 4523885 4157330 1 55 2195971925 10333041 4159741952 444710912 0 138974 66705 8 72068 22269
1790581644205 0 60390 0 4391419526 4383211360 26174 24062 4523885 4157330 1 55 2195983050 10333054 4158906368 235732992 0 383992 218068 10129 146322 58008
1790581645225 0 118028 0 4391597975 4383332192 26174 24062 4523885 4157330 1 55 2195994665 10333071 4158029824 473432064 0 642808 408780 22268 223140 114709
1790581646246 0 145634 0 4391752592 4383459168 26174 24062 4523885 4157330 1 55 2196011942 10333100 4157947904 584028160 0 872525 579589 39527 345221 237039
1790581647266 0 148591 0 4391888611 4383592288 26174 24062 4523885 4157330 1 55 2196028727 10333159 4158140416 597852160 0 1088055 732924 56783 429930 317853
1790581648286 0 114197 0 4391990466 4383728480 26174 24062 4523885 4157330 1 55 2196053337 10333310 4159270912 457416704 0 1303221 858355 80874 514674 367766
1790581649307 0 40627 0 4392078317 4383889897 26174 24062 4523885 4157330 1 55 2196078798 10333435 4161003520 155963392 0 1476452 970784 106396 598808 551555
1790581650327 0 106733 0 4392212991 4383958505 26174 24062 4523885 4157330 1 55 2196125998 10333637 4164214784 423940096 0 1721183 1150797 153547 748266 681675
1790581651346 0 110917 9248 4392330163 4384062540 26174 24062 4523885 4157330 1 55 2196171109 10333811 4167397376 456937472 39317504 1947450 1315443 199151 825372 776411
1790581652365 0 146144 0 4392455178 4384161257 26174 24062 4523885 4157330 1 55 2196215431 10333965 4170162176 585965568 0 2167955 1480433 243026 934073 840479
1790581653385 0 116357 0 4392557536 4384293353 26174 24062 4523885 4157330 1 55 2196259114 10334157 4172750848 465772544 0 2374842 1625946 286684 1074703 941424
1790581654405 0 58606 0 4392666636 4384460247 26174 24062 4523885 4157330 1 55 2196297064 10334346 4174770176 229593088 0 2594289 1772495 325172 1202624 1028612
1790581655425 0 123588 0 4392797086 4384525783 26174 24062 4523885 4157330 1 55 2196355667 10334561 4176556032 495439872 0 2875946 1959065 382120 1282594 1064457
1790581656445 0 105515 0 4392909109 4384655831 26174 24062 4523885 4157330 1 55 2196400752 10334741 4177317888 420126720 0 3094945 2116421 428313 1391053 1169974
1790581657465 0 102766 0 4393033362 4384782807 26174 24062 4523885 4157330 1 55 2196449329 10334914 4176715776 412241920 0 3341044 2288508 475546 1542784 1263616
1790581658489 0 117074 12392 4393148376 4384871408 26174 24062 4523885 4157330 1 55 2196517002 10335101 4178157568 504025088 74981376 3620899 2473888 545044 1687791 1364566
1790581659509 0 15023 0 4393237915 4385075163 26174 24062 4523885 4157330 1 55 2196559958 10335241 4178501632 50679808 0 3803968 2602101 586291 1770930 1458984
1790581660529 0 122944 4685 4393377146 4385101861 26174 24062 4523885 4157330 1 55 2196623018 10335450 4179390464 511750144 37543936 4105936 2807582 650668 1904923 1476470
1790581661548 0 136113 0 4393480928 4385197019 26174 24062 4523885 4157330 1 55 2196689380 10335645 4180983808 546181120 0 4360059 2973500 716178 1962591 1525460
1790581662568 0 85547 0 4393566727 4385333390 26174 24062 4523885 4157330 1 55 2196741410 10335795 4182188032 344178688 0 4564428 3111133 767486 2086778 1699626
1790581663588 0 128996 0 4393669535 4385392783 26174 24062 4523885 4157330 1 55 2196817807 10335988 4183506944 521494528 0 4827529 3290084 844352 2266296 1827245
1790581664626 0 81704 5958 4393755808 4385520381 26174 24062 4523885 4157330 1 55 2196881432 10336169 4184350720 400142336 62377984 5057472 3440516 909473 2390942 1944231
1790581665672 0 67907 0 4393832474 4385616817 26174 24062 4523885 4157330 1 55 2196959612 10336358 4186398720 273752064 0 5281657 3592676 984828 2500220 1999269
1790581666691 0 118929 0 4393940730 4385674161 26174 24062 4523885 4157330 1 55 2197031778 10336552 4186656768 478392320 0 5560746 3773147 1058350 2683990 2101954
1790581667711 0 49392 0 4393999483 4385802315 26174 24062 4523885 4157330 1 55 2197086391 10336682 4187394048 196104192 0 5736290 3886427 1112906 2867207 2324758
1790581668731 0 152728 0 4394116156 4385815686 26174 24062 4523885 4157330 1 55 2197184076 10336918 4187639808 623206400 0 6038519 4092287 1208741 3003634 2348916
1790581669754 0 133352 0 4394199147 4385918086 26174 24062 4523885 4157330 1 55 2197237872 10337046 4187447296 536129536 0 6236049 4220198 1263903 3081429 2469831
1790581670775 0 29286 0 4394245765 4386068650 26174 24062 4523885 4157330 1 55 2197274306 10337136 4187004928 111742976 0 6352097 4297169 1301344 3215817 2918899
1790581671794 0 91160 66 4394348622 4386109770 26174 24062 4523885 4157330 1 55 2197357624 10337349 4187156480 360521728 0 6614644 4461395 1385221 3462395 3071564
1790581672814 0 93357 0 4394432865 4386191787 26174 24062 4523885 4157330 1 55 2197425030 10337587 4186583040 378421248 0 6817156 4594616 1450250 3643308 3184970
1790581673834 0 82758 1752 4394510149 4386277949 26174 24062 4523885 4157330 1 55 2197495656 10337790 4186849280 356818944 3440640 7020113 4720961 1523724 3716519 3269144
1790581674854 0 90897 0 4394598754 4386360034 26174 24062 4523885 4157330 1 55 2197562082 10337995 4185649152 361615360 0 7226565 4852247 1588649 3861992 3557081
1790581675874 0 44299 73 4394674763 4386482878 26174 24062 4523885 4157330 1 55 2197608864 10338132 4184088576 168656896 0 7381935 4950522 1636395 3901569 3675756
1790581676894 0 80410 0 4394785912 4386557754 26174 24062 4523885 4157330 1 55 2197675083 10338337 4180824064 316956672 0 7610795 5091209 1701603 4022545 3795355
1790581677919 0 70633 1900 4394873948 4386653850 26174 24062 4523885 4157330 1 55 2197724835 10338486 4178862080 303206400 3813376 7784816 5201599 1752377 4100466 3981892
1790581678939 0 94834 13 4394970625 4386728083 26174 24062 4523885 4157330 1 55 2197789925 10338666 4177133568 376094720 0 7995192 5331293 1816438 4288549 4219275
1790581679958 0 76209 3881 4395058662 4386831200 26174 24062 4523885 4157330 1 55 2197850369 10338836 4175826944 349876224 0 8196030 5453029 1878145 4381507 4429133
1790581680977 0 46818 0 4395138444 4386943883 26174 24062 4523885 4157330 1 55 2197908355 10339001 4174999552 185397248 0 8370041 5563017 1934211 4473745 4641333
1790581681997 0 78321 72 4395237648 4387011609 26174 24062 4523885 4157330 1 55 2197974483 10339180 4173111296 310452224 0 8599852 5702586 2001655 4630512 4840259
1790581683018 0 73596 0 4395331325 4387109964 26174 24062 4523885 4157330 1 55 2198034657 10339359 4171870208 297025536 0 8800355 5829976 2060165 4780296 5120688
1790581684038 0 87660 3 4395422468 4387187047 26174 24062 4523885 4157330 1 55 2198101390 10339541 4170813440 348569600 0 9018083 5966043 2127896 4927765 5271840
1790581685074 0 98150 31 4395518150 4387272208 26174 24062 4523885 4157330 1 55 2198166992 10339728 4169916416 395931648 6705152 9226185 6102015 2193037 5022821 5408566
1790581686095 0 25281 0 4395575304 4387402342 26174 24062 4523885 4157330 1 55 2198208581 10339838 4169383936 99127296 0 9353581 6188216 2234578 5127076 5644575
1790581687115 0 82357 0 4395680758 4387450609 26174 24062 4523885 4157330 1 55 2198283237 10340043 4168527872 331202560 0 9602410 6342943 2309751 5244359 5736354
1790581688139 0 55112 18981 4395769251 4387547615 26174 24062 4523885 4157330 1 55 2198337786 10340190 4167794688 261115904 54779904 9788509 6467775 2365830 5342386 5932950
1790581689160 0 78825 0 4395858823 4387632202 26174 24062 4523885 4157330 1 55 2198398354 10340353 4167204864 316571648 0 9980092 6598144 2424416 5530602 6224496
1790581690181 0 93122 0 4395958314 4387717400 26174 24062 4523885 4157330 1 55 2198470432 10340558 4166856704 368177152 0 10204464 6747530 2497959 5724937 6488142
1790581691204 0 36544 1318 4396034394 4387849129 26174 24062 4523885 4157330 1 55 2198529938 10340715 4167434240 162267136 6393856 10388862 6873441 2556957 5815462 6663732
1790581692226 0 88803 0 4396141091 4387904440 26174 24062 4523885 4157330 1 55 2198603314 10340917 4167475200 356913152 0 10628360 7031791 2629322 5919265 6759144
1790581693246 0 89995 0 4396237518 4387999802 26174 24062 4523885 4157330 1 55 2198655118 10341064 4166807552 359940096 0 10825645 7163409 2681665 6027684 6968586
1790581694274 0 48747 3358 4396309120 4388109326 26174 24062 4523885 4157330 1 55 2198703434 10341241 4166533120 222679040 0 10980335 7272217 2729946 6136531 7165787
1790581695306 0 67945 0 4396399230 4388183496 26174 24062 4523885 4157330 1 55 2198774575 10341478 4167503872 269045760 0 11200553 7418609 2801589 6367427 7372093
1790581696327 0 39135 1 4396471852 4388284932 26174 24062 4523885 4157330 1 55 2198829497 10341663 4168130560 162185216 5885952 11365385 7532017 2857027 6482603 7631801
1790581697349 0 60006 16 4396576838 4388369109 26174 24062 4523885 4157330 1 55 2198886261 10341855 4167393280 245829632 10829824 11584743 7677209 2913490 6602759 7771927
1790581698369 0 80310 31 4396672039 4388443953 26174 24062 4523885 4157330 1 55 2198947554 10342044 4168208384 318414848 0 11799385 7816426 2974068 6812620 8040765
1790581699389 0 72906 0 4396756891 4388536343 26174 24062 4523885 4157330 1 55 2199008133 10342217 4168347648 289800192 0 11988682 7948039 3035161 6929056 8191114
1790581700422 0 84244 4453 4396853651 4388617315 26174 24062 4523885 4157330 1 55 2199068941 10342414 4168400896 340844544 46891008 12204074 8091356 3097028 7097210 8465313
1790581701447 0 59649 2 4396933414 4388726069 26174 24062 4523885 4157330 1 55 2199122833 10342577 4168343552 231813120 0 12380398 8213123 3149860 7308404 8794722
1790581702467 0 99926 0 4397036278 4388788671 26174 24062 4523885 4157330 1 55 2199193095 10342783 4168863744 407220224 0 12622934 8374926 3217599 7495345 8954394
1790581703503 0 90038 3651 4397124286 4388882874 26174 24062 4523885 4157330 1 55 2199267028 10342971 4170625024 400691200 5795840 12845463 8524151 3294561 7685239 9137130
1790581704538 0 85795 3552 4397210727 4388973704 26174 24062 4523885 4157330 1 55 2199333077 10343147 4171612160 349458432 41148416 13053713 8668794 3360606 7815581 9322023
1790581705558 0 100297 0 4397297169 4389049182 26174 24062 4523885 4157330 1 55 2199398701 10343322 4171747328 402165760 0 13281693 8804567 3425774 8014078 9548600
1790581706578 0 43236 0 4397365686 4389174700 26174 24062 4523885 4157330 1 55 2199446971 10343452 4172419072 168894464 0 13447263 8914125 3473991 8191718 9755528
1790581707598 0 78352 72 4397461400 4389235320 26174 24062 4523885 4157330 1 55 2199521587 10343652 4172472320 314552320 0 13685510 9071089 3547607 8300491 9861777
1790581708618 0 90387 71 4397558577 4389320457 26174 24062 4523885 4157330 1 55 2199579457 10343829 4171317248 362004480 0 13896173 9215152 3605893 8408336 10075048
1790581709639 0 97328 0 4397651668 4389406639 26174 24062 4523885 4157330 1 55 2199649841 10344026 4172087296 390348800 0 14128472 9368289 3676286 8484294 10130543
1790581710660 0 92482 0 4397742179 4389501962 26174 24062 4523885 4157330 1 55 2199717059 10344216 4173135872 368377856 0 14338055 9514666 3744093 8606144 10320286
1790581711680 0 46202 38 4397810759 4389616677 26174 24062 4523885 4157330 1 55 2199776702 10344381 4174151680 182956032 0 14524717 9634962 3802695 8657315 10419755
1790581712700 0 150017 0 4397931935 4389634217 26174 24062 4523885 4157330 1 55 2199870749 10344614 4175663104 608112640 0 14828061 9840843 3896806 8827977 10470188
1790581713720 0 64746 0 4397999463 4389786973 26174 24062 4523885 4157330 1 55 2199921042 10344745 4175478784 265117696 8253440 15007347 9957716 3948633 9027122 10795572
1790581714739 0 99016 7441 4398099713 4389845539 26174 24062 4523885 4157330 1 55 2200005990 10344976 4176719872 405278720 45326336 15252843 10129325 4034031 9180428 10961118
1790581715761 0 67293 0 4398174302 4389959301 26174 24062 4523885 4157330 1 55 2200066020 10345155 4177330176 264032256 0 15432107 10250362 4092531 9289113 11135854
1790581716782 0 55514 0 4398261344 4390058069 26174 24062 4523885 4157330 1 55 2200140441 10345355 4178366464 215109632 0 15652784 10398483 4168018 9440743 11278099
1790581717802 0 62539 4340 4398351424 4390136892 26174 24062 4523885 4157330 1 55 2200211843 10345569 4178944000 285503488 0 15883685 10545121 4237511 9546315 11400551
1790581718822 0 75612 38 4398443540 4390220208 26174 24062 4523885 4157330 1 55 2200282234 10345791 4179034112 299921408 0 16116131 10696758 4309192 9683123 11571226
1790581719842 0 95468 72 4398541340 4390298150 26174 24062 4523885 4157330 1 55 2200346334 10346002 4178333696 380227584 0 16340679 10843392 4373359 9835286 11793265
1790581720866 0 16993 28031 4398616941 4390424224 26174 24062 4523885 4157330 1 55 2200395070 10346153 4176883712 69595136 130711552 16523805 10952895 4423134 9953965 11947493
1790581721886 0 65911 72 4398707607 4390493898 26174 24062 4523885 4157330 1 55 2200461756 10346344 4176789504 263802880 0 16738493 11093860 4487779 10127414 12027953
1790581722906 0 107852 20586 4398822223 4390546127 26174 24062 4523885 4157330 1 55 2200542832 10346602 4175601664 543162368 0 16976764 11265110 4570427 10293886 12118248
1790581723926 0 109558 0 4398915308 4390658023 26174 24062 4523885 4157330 1 55 2200600287 10346786 4175073280 440287232 0 17172559 11395057 4626346 10424403 12342005
1790581724950 0 71877 439 4399001820 4390781729 26174 24062 4523885 4157330 1 55 2200663600 10346961 4175704064 305299456 9678848 17390376 11524702 4690617 10612227 12577070
1790581725971 0 77892 6423 4399093894 4390861916 26174 24062 4523885 4157330 1 55 2200732688 10347176 4175486976 352583680 0 17594398 11662476 4758737 10749624 12782521
1790581726992 0 70433 0 4399188618 4390970416 26174 24062 4523885 4157330 1 55 2200802396 10347388 4174102528 276951040 0 17805063 11803333 4829927 10935047 12933259
1790581728013 0 92841 72 4399288938 4391048323 26174 24062 4523885 4157330 1 55 2200869460 10347603 4172623872 369569792 0 18031200 11948862 4896511 11105833 13152328
1790581729039 0 59228 0 4399373246 4391166343 26174 24062 4523885 4157330 1 55 2200931090 10347798 4172582912 236462080 0 18230981 12074950 4956565 11299093 13488422
1790581730072 0 75958 0 4399470029 4391246324 26174 24062 4523885 4157330 1 55 2201010191 10348013 4172369920 304828416 0 18462484 12223530 5036042 11529511 13724575
1790581731092 0 71665 0 4399569467 4391349998 26174 24062 4523885 4157330 1 55 2201081621 10348231 4171485184 283058176 0 18676506 12367000 5108653 11714971 13955327
1790581732112 0 54742 0 4399659777 4391457176 26174 24062 4523885 4157330 1 55 2201138538 10348421 4169805824 213536768 0 18861479 12492541 5166132 11811342 14159144
1790581733132 0 92328 0 4399773168 4391533091 26174 24062 4523885 4157330 1 55 2201202254 10348644 4168642560 371568640 0 19104424 12645371 5228787 11955222 14307121
1790581734154 0 90573 3297 4399874514 4391632868 26174 24062 4523885 4157330 1 55 2201273645 10348876 4167372800 370991104 33218560 19328321 12797996 5301680 12133374 14558963
1790581735195 0 84365 5285 4399964021 4391726713 26174 24062 4523885 4157330 1 55 2201338575 10349076 4166631424 341131264 44281856 19530577 12934246 5366610 12273252 14716266
1790581736219 0 129132 0 4400064302 4391787489 26174 24062 4523885 4157330 1 55 2201395640 10349268 4165427200 522395648 0 19728337 13066765 5422578 12383968 14854796
1790581737241 0 45811 0 4400136373 4391942840 26174 24062 4523885 4157330 1 55 2201438790 10349418 4165341184 172343296 0 19883842 13166841 5466842 12478252 15106844
1790581738261 0 63033 19 4400239749 4392028992 26174 24062 4523885 4157330 1 55 2201507549 10349641 4164751360 249720832 0 20118636 13322784 5534612 12602274 15224690
1790581739281 0 100928 0 4400344304 4392095710 26174 24062 4523885 4157330 1 55 2201591752 10349891 4165296128 410460160 21217280 20364851 13490250 5619787 12752605 15335232
1790581740300 0 74357 0 4400431641 4392209460 26174 24062 4523885 4157330 1 55 2201652302 10350114 4165406720 298397696 0 20556047 13618869 5679333 12891570 15604161
1790581741321 0 100318 48 4400538644 4392290558 26174 24062 4523885 4157330 1 55 2201732422 10350397 4165885952 404623360 0 20806772 13783306 5758413 13071204 15767377
1790581742341 0 41789 0 4400617498 4392427967 26174 24062 4523885 4157330 1 55 2201790961 10350616 4165955584 164810752 0 20983747 13905315 5816982 13187106 15912036
1790581743361 0 77486 3314 4400723973 4392495451 26174 24062 4523885 4157330 1 55 2201871582 10350905 4166156288 318488576 39616512 21239930 14081051 5899616 13405933 16074082
1790581744388 0 95514 0 4400826328 4392582953 26174 24062 4523885 4157330 1 55 2201937573 10351144 4165550080 383434752 0 21461689 14229295 5963564 13526887 16227709
1790581745415 0 89059 0 4400913056 4392676234 26174 24062 4523885 4157330 1 55 2202006844 10351385 4166144000 359358464 0 21672019 14375214 6032841 13722966 16456270
1790581746435 0 88399 3018 4401008413 4392769310 26174 24062 4523885 4157330 1 55 2202087161 10351641 4167073792 362078208 34545664 21906149 14533088 6114685 13951009 16657332
1790581747458 0 38082 0 4401088228 4392902364 26174 24062 4523885 4157330 1 55 2202135420 10351830 4166148096 147849216 0 22076174 14644072 6161965 14150175 17006528
1790581748478 0 91747 70 4401199312 4392959814 26174 24062 4523885 4157330 1 55 2202207091 10352071 4165476352 371609600 9080832 22333823 14812079 6235126 14293412 17126447
1790581749502 0 74725 32 4401280630 4393058277 26174 24062 4523885 4157330 1 55 2202269182 10352298 4165660672 301465600 4775936 22520232 14940412 6295932 14383411 17318453
1790581750522 0 94207 0 4401382418 4393140426 26174 24062 4523885 4157330 1 55 2202342561 10352541 4166672384 379416576 0 22753636 15100121 6368587 14585551 17529255
1790581751542 0 100335 0 4401475667 4393227568 26174 24062 4523885 4157330 1 55 2202412360 10352779 4167565312 402489344 0 22983206 15251848 6438934 14685592 17649979
1790581752563 0 15807 0 4401541009 4393377480 26174 24062 4523885 4157330 1 55 2202466772 10352957 4168339456 60502016 0 23154371 15363371 6491780 14857483 18025777
1790581753582 0 90386 0 4401653649 4393415492 26174 24062 4523885 4157330 1 55 2202547624 10353235 4168790016 368193536 19222528 23430334 15544178 6575440 15057099 18123165
1790581754601 0 81992 65 4401735475 4393505735 26174 24062 4523885 4157330 1 55 2202627227 10353482 4170395648 326107136 0 23653544 15694957 6654218 15232829 18381319
1790581755621 0 73067 0 4401824975 4393604213 26174 24062 4523885 4157330 1 55 2202692078 10353716 4169682944 290529280 0 23866147 15835292 6718392 15333936 18529720
1790581756643 0 66159 0 4401917564 4393703643 26174 24062 4523885 4157330 1 55 2202761204 10353945 4170354688 258551808 0 24095297 15984358 6788735 15527190 18808158
1790581757663 0 30933 16 4401995298 4393816653 26174 24062 4523885 4157330 1 55 2202815467 10354191 4170579968 120373248 0 24275187 16104976 6842361 15701223 19169965
1790581758683 0 71018 2 4402103191 4393884358 26174 24062 4523885 4157330 1 55 2202895625 10354477 4170092544 283209728 0 24524665 16274996 6922693 15883803 19311794
1790581759714 0 63148 655 4402197396 4393986143 26174 24062 4523885 4157330 1 55 2202955239 10354715 4169408512 263454720 0 24725463 16411505 6980745 16110399 19583532
1790581760742 0 60076 0 4402288052 4394080303 26174 24062 4523885 4157330 1 55 2203023550 10354978 4169560064 239484928 0 24948722 16556299 7049847 16243727 19800496
1790581761762 0 81329 85 4402393447 4394164298 26174 24062 4523885 4157330 1 55 2203093663 10355256 4170035200 323190784 0 25186343 16717316 7120730 16345609 19923432
1790581762783 0 16008 0 4402463968 4394300243 26174 24062 4523885 4157330 1 55 2203147673 10355452 4170387456 52793344 0 25346194 16829369 7175676 16586297 20201554
1790581763803 0 85506 6127 4402577635 4394338446 26174 24062 4523885 4157330 1 55 2203235198 10355795 4171145216 383623168 0 25600503 17006307 7262220 16807443 20345751
1790581764823 0 71406 0 4402660975 4394441892 26174 24062 4523885 4157330 1 55 2203304422 10356043 4171157504 284098560 0 25813629 17141795 7331185 17034833 20633287
1790581765842 0 88143 41 4402757789 4394521969 26174 24062 4523885 4157330 1 55 2203358840 10356250 4170231808 356622336 5066752 26030140 17278927 7386727 17339431 20951642
1790581766862 0 56021 13213 4402844260 4394627266 26174 24062 4523885 4157330 1 55 2203424395 10356519 4169732096 229347328 73641984 26236321 17415887 7452436 17491368 21142696
1790581767882 0 46846 0 4402927095 4394732580 26174 24062 4523885 4157330 1 55 2203483161 10356756 4169895936 181174272 0 26422296 17539127 7510722 17583854 21360968
1790581768902 0 76910 0 4403037151 4394812629 26174 24062 4523885 4157330 1 55 2203544831 10357022 4168511488 304197632 0 26658587 17696821 7571862 17748795 21500407
1790581769923 0 80185 7373 4403129762 4394894464 26174 24062 4523885 4157330 1 55 2203617226 10357289 4168302592 362106880 0 26899460 17847338 7644036 17935200 21750327
1790581770944 0 96259 30 4403219794 4394975727 26174 24062 4523885 4157330 1 55 2203676318 10357530 4168192000 388403200 0 27088858 17977799 7702831 18146472 22049180
1790581771964 0 109408 0 4403321187 4395063977 26174 24062 4523885 4157330 1 55 2203747673 10357802 4168601600 437932032 0 27332060 18134494 7774684 18226375 22160976
1790581772984 0 65309 0 4403411263 4395198190 26174 24062 4523885 4157330 1 55 2203801405 10357996 4167999488 261144576 0 27523858 18260192 7828084 18396602 22446330
1790581774004 0 84381 16690 4403524909 4395276169 26174 24062 4523885 4157330 1 55 2203881686 10358293 4167979008 417132544 33292288 27777296 18426253 7909720 18548912 22564422
1790581775026 0 73588 1 4403609243 4395387978 26174 24062 4523885 4157330 1 55 2203943113 10358520 4168441856 290910208 0 27972711 18552581 7970277 18656691 22720283
1790581776047 0 78930 0 4403702830 4395476257 26174 24062 4523885 4157330 1 55 2204007813 10358748 4167045120 314122240 0 28189759 18693517 8034862 18725108 22806997
1790581777066 0 92164 0 4403810405 4395570652 26174 24062 4523885 4157330 1 55 2204077143 10359015 4166361088 372977664 0 28426118 18841439 8104683 18817552 22918557
1790581778087 0 52090 23 4403895567 4395695730 26174 24062 4523885 4157330 1 55 2204136205 10359229 4166520832 206721024 0 28616376 18969595 8162713 18944026 23098239
1790581779107 0 88692 12 4403995851 4395759404 26174 24062 4523885 4157330 1 55 2204208096 10359510 4166180864 348504064 0 28841945 19121916 8236153 19109914 23217245
1790581780128 0 105377 0 4404096591 4395843515 26174 24062 4523885 4157330 1 55 2204275179 10359744 4166041600 421064704 0 29064014 19265399 8301834 19287195 23402182
1790581781148 0 93792 73 4404182448 4395940997 26174 24062 4523885 4157330 1 55 2204329211 10359952 4165566464 369680384 0 29268602 19390546 8357293 19508828 23688456
1790581782168 0 112245 0 4404278908 4396018972 26174 24062 4523885 4157330 1 55 2204406522 10360232 4165771264 450588672 0 29476445 19539401 8433035 19723747 23930758
1790581783189 0 36503 0 4404343089 4396158912 26174 24062 4523885 4157330 1 55 2204464493 10360444 4167200768 137224192 0 29642799 19650782 8492066 19899115 24161605
1790581784211 0 60279 13 4404445987 4396237849 26174 24062 4523885 4157330 1 55 2204538411 10360715 4166250496 237178880 0 29874426 19807285 8565454 20042367 24312456
1790581785235 0 67914 0 4404535649 4396320029 26174 24062 4523885 4157330 1 55 2204610363 10360976 4167020544 267427840 0 30109641 19949806 8637086 20267915 24533376
1790581786256 0 70243 0 4404630292 4396412330 26174 24062 4523885 4157330 1 55 2204684982 10361254 4166959104 277442560 0 30329870 20097465 8712012 20409439 24717318
1790581787276 0 86946 0 4404720836 4396486245 26174 24062 4523885 4157330 1 55 2204770164 10361543 4167475200 349851648 0 30578362 20259367 8796762 20538731 24852442
1790581788297 0 38559 0 4404800124 4396613880 26174 24062 4523885 4157330 1 55 2204834232 10361795 4167557120 152276992 0 30774554 20382326 8859764 20653314 25032734
1790581789317 0 70668 0 4404902019 4396683720 26174 24062 4523885 4157330 1 55 2204907182 10362068 4168060928 283254784 0 31035093 20547357 8933431 20795347 25176463
1790581790341 0 67422 0 4404994103 4396779046 26174 24062 4523885 4157330 1 55 2204971641 10362341 4166881280 267202560 0 31242273 20685411 8998656 20853661 25254016
1790581791363 0 106670 0 4405105197 4396850905 26174 24062 4523885 4157330 1 55 2205046329 10362648 4166549504 426422272 0 31489226 20850422 9072880 21046565 25460508
1790581792384 0 60852 0 4405182511 4396974014 26174 24062 4523885 4157330 1 55 2205102325 10362864 4165971968 242974720 0 31672063 20969455 9129341 21116833 25614184
1790581793404 0 70461 0 4405275648 4397057495 26174 24062 4523885 4157330 1 55 2205177017 10363117 4167098368 279908352 0 31910279 21126445 9204275 21249105 25744305
1790581794425 0 86054 0 4405365153 4397131420 26174 24062 4523885 4157330 1 55 2205251081 10363392 4167946240 346214400 0 32133482 21273800 9277593 21341350 25848154
1790581795446 0 67424 0 4405448989 4397233986 26174 24062 4523885 4157330 1 55 2205304501 10363611 4167204864 271175680 0 32326281 21397852 9329985 21435497 26033995
1790581796467 0 63030 0 4405538089 4397327346 26174 24062 4523885 4157330 1 55 2205371118 10363840 4167340032 252043264 0 32536183 21536285 9397670 21540962 26168105
1790581797488 0 105902 0 4405642522 4397388914 26174 24062 4523885 4157330 1 55 2205438744 10364108 4167262208 423206912 0 32762905 21692473 9465827 21656327 26266815
1790581798523 0 38320 1074 4405711406 4397524655 26174 24062 4523885 4157330 1 55 2205487097 10364303 4166619136 182788096 2289664 32922418 21800431 9514621 21748780 26525539
1790581799551 0 91044 2 4405819398 4397580727 26174 24062 4523885 4157330 1 55 2205566331 10364580 4167192576 366739456 0 33173399 21968152 9592509 21899354 26574239
1790581800571 0 48214 0 4405899654 4397703789 26174 24062 4523885 4157330 1 55 2205619631 10364776 4167499776 189550592 0 33357419 22091605 9645931 22105990 26929377
1790581801592 0 93099 0 4406005141 4397764405 26174 24062 4523885 4157330 1 55 2205693887 10365073 4167360512 373788672 0 33610926 22257312 9720924 22322865 27118851
1790581802617 0 82705 0 4406088088 4397857789 26174 24062 4523885 4157330 1 55 2205757636 10365292 4167688192 333148160 0 33813690 22390602 9784139 22447931 27294203
1790581803639 0 18333 0 4406161155 4397995026 26174 24062 4523885 4157330 1 55 2205807940 10365500 4167884800 67514368 0 33973123 22502090 9834481 22595989 27617823
1790581804666 0 70925 17712 4406277395 4398041117 26174 24062 4523885 4157330 1 55 2205884483 10365801 4167135232 374853632 14622720 34230104 22672955 9912535 22723881 27740867
1790581805689 0 84056 0 4406366294 4398134542 26174 24062 4523885 4157330 1 55 2205938044 10366014 4166455296 334438400 0 34410202 22798428 9965684 22843193 27890677
1790581806710 0 104585 10 4406465754 4398213512 26174 24062 4523885 4157330 1 55 2206002345 10366264 4166352896 417140736 0 34629978 22945982 10029899 22946674 28037883
1790581807730 0 84406 3061 4406545891 4398310790 26174 24062 4523885 4157330 1 55 2206061453 10366503 4166430720 357470208 15810560 34822325 23076791 10089490 23068946 28158547
1790581808755 0 9324 1241 4406605743 4398447468 26174 24062 4523885 4157330 1 55 2206107514 10366664 4166070272 48599040 7196672 34953406 23170436 10135086 23291660 28546382
1790581809776 0 97733 72 4406723451 4398478065 26174 24062 4523885 4157330 1 55 2206187195 10366965 4165636096 393908224 0 35208693 23344943 10213136 23426117 28603417
1790581810800 0 85952 12669 4406814010 4398567773 26174 24062 4523885 4157330 1 55 2206245193 10367205 4165931008 351899648 66244608 35431570 23486337 10273228 23658477 28894736
1790581811818 0 101883 4044 4406904036 4398650516 26174 24062 4523885 4157330 1 55 2206309375 10367449 4166942720 417140736 31604736 35632525 23624981 10337410 23792609 29128979
1790581812837 0 88721 0 4406985363 4398748935 26174 24062 4523885 4157330 1 55 2206363779 10367678 4166299648 353169408 0 35817297 23743014 10390811 23908416 29337866
1790581813858 0 20117 15 4407050251 4398882419 26174 24062 4523885 4157330 1 55 2206410029 10367869 4166660096 74825728 0 35956628 23840052 10437055 24027710 29623751
1790581814878 0 79071 1 4407158644 4398931823 26174 24062 4523885 4157330 1 55 2206485968 10368148 4166995968 313434112 0 36200916 24003967 10512984 24206643 29774338
1790581815898 0 85776 0 4407249513 4399016029 26174 24062 4523885 4157330 1 55 2206551773 10368446 4167655424 340811776 0 36415030 24145589 10578796 24328703 29909435
1790581816925 0 78031 63 4407323837 4399098013 26174 24062 4523885 4157330 1 55 2206609814 10368671 4168003584 316620800 2043904 36591811 24259299 10635291 24514949 30229619
1790581817948 0 63738 95 4407403908 4399192534 26174 24062 4523885 4157330 1 55 2206663753 10368887 4168318976 261070848 16293888 36789060 24381213 10691788 24599883 30357531
1790581818971 0 10993 949 4407473530 4399314040 26174 24062 4523885 4157330 1 55 2206717110 10369070 4168536064 69451776 2699264 36945106 24488260 10744143 24759702 30689562
1790581820011 0 65822 55 4407580375 4399366826 26174 24062 4523885 4157330 1 55 2206791254 10369359 4168011776 261816320 0 37192002 24648476 10818266 24937961 30797285
1790581821032 0 95961 73 4407676184 4399432504 26174 24062 4523885 4157330 1 55 2206865720 10369653 4168704000 386793472 0 37434702 24802695 10891797 25091576 30940232
1790581822068 0 61925 13 4407757050 4399547431 26174 24062 4523885 4157330 1 55 2206919086 10369849 4167991296 273436672 22237184 37621462 24924750 10945104 25211050 31132149
1790581823113 0 124814 65 4407868140 4399595652 26174 24062 4523885 4157330 1 55 2206985361 10370134 4166909952 504381440 0 37861196 25080876 11011875 25427410 31325301
1790581824134 0 15962 0 4407920650 4399757049 26174 24062 4523885 4157330 1 55 2207022351 10370282 4167245824 75272192 0 37988258 25161181 11049374 25578272 31651517
1790581825154 0 62924 0 4408023185 4399812562 26174 24062 4523885 4157330 1 55 2207101471 10370610 4168040448 246272000 0 38244614 25324148 11128724 25802296 31857445
1790581826175 0 109737 0 4408125532 4399868036 26174 24062 4523885 4157330 1 55 2207180535 10370906 4168425472 439488512 0 38487823 25489813 11207773 26026662 32071226
1790581827195 0 97364 72 4408207274 4399962300 26174 24062 4523885 4157330 1 55 2207238495 10371114 4167503872 392331264 0 38668681 25611779 11264518 26167427 32366901
1790581828219 0 69917 0 4408283560 4400065957 26174 24062 4523885 4157330 1 55 2207303151 10371338 4168056832 284286976 1904640 38869207 25735612 11329651 26353397 32715075
1790581829239 0 12310 0 4408355102 4400195133 26174 24062 4523885 4157330 1 55 2207351879 10371521 4168482816 39895040 0 39027205 25839409 11378820 26535297 33114034
1790581830259 0 106398 0 4408471865 4400217815 26174 24062 4523885 4157330 1 55 2207441753 10371893 4167413760 424157184 0 39308218 26031223 11468794 26648649 33167495
1790581831289 0 83102 45 4408553118 4400322436 26174 24062 4523885 4157330 1 55 2207502328 10372109 4167675904 330498048 0 39497338 26159191 11528850 26731077 33372898
1790581832311 0 121315 0 4408656046 4400387086 26174 24062 4523885 4157330 1 55 2207562918 10372363 4167118848 486285312 0 39721992 26307252 11589965 26834343 33504623
1790581833333 0 69855 135 4408733796 4400516230 26174 24062 4523885 4157330 1 55 2207614844 10372585 4166549504 299692032 2883584 39900440 26421694 11642878 27005191 33867230
1790581834352 0 44226 0 4408813011 4400621134 26174 24062 4523885 4157330 1 55 2207676701 10372833 4167790592 172920832 0 40078647 26543684 11702705 27137231 34163864
1790581835376 0 80952 6716 4408916516 4400681281 26174 24062 4523885 4157330 1 55 2207752690 10373145 4167049216 371265536 0 40306724 26705789 11779728 27290273 34304267
1790581836400 0 84279 2527 4409002921 4400768498 26174 24062 4523885 4157330 1 55 2207806607 10373381 4167008256 367271936 1900544 40513556 26832301 11834645 27428601 34454156
1790581837424 0 61401 0 4409070351 4400861251 26174 24062 4523885 4157330 1 55 2207854395 10373585 4167294976 236879872 0 40665426 26931226 11882431 27564098 34706060
1790581838453 0 93351 0 4409146467 4400905471 26174 24062 4523885 4157330 1 55 2207916547 10373840 4167593984 379772928 0 40860294 27059158 11942028 27665175 34892952
1790581839491 0 28640 995 4409190293 4401013058 26174 24062 4523885 4157330 1 55 2207948515 10373965 4167634944 123445248 23748608 40957600 27129656 11976038 27747350 35170058
1790581840530 0 57123 0 4409269553 4401064738 26174 24062 4523885 4157330 1 55 2208005715 10374207 4166868992 227819520 0 41136587 27247738 12032022 27859048 35339324
1790581841552 0 41 6151 4409318009 4401164200 26174 24062 4523885 4157330 1 55 2208042488 10374347 4167188480 0 43614208 41255747 27325046 12070523 27908145 35419667
1790581842574 0 97 0 4409318119 4401170370 26174 24062 4523885 4157330 1 55 2208157305 10374776 4194238464 131072 0 41367006 27431351 12183432 27975655 35567892
1790581843595 0 125 0 4409318147 4401170370 26174 24062 4523885 4157330 1 55 2208331043 10375397 4196327424 131072 0 41565520 27602616 12355207 28040041 35609575
1790581844615 0 149 0 4409318171 4401170370 26174 24062 4523885 4157330 1 55 2208489162 10375917 4199829504 131072 0 41998423 27760695 12514141 28251663 35650808
1790581845635 0 174 0 4409318196 4401170370 26174 24062 4523885 4157330 1 55 2208647930 10377053 4199337984 131072 0 42289763 27919717 12673043 28370809 35677919
1790581846655 0 170 0 4409318214 4401170370 26174 24062 4523885 4157330 1 55 2208677782 10377194 344047616 12288 0 42334350 27952548 12705817 28393231 35691494
