1790580377474 0 0 0 4249651922 4241504159 26174 24062 4523885 4157330 1 55 2145293154 10148466 - - - - - - - -
1790580378584 0 3332 2054 4249980719 4241827605 26174 24062 4523885 4157330 1 55 2145293171 10148583 1302589440 13172736 4194304 0 0 17 0 49397
1790580379638 0 3349 303 4250183189 4242031933 26174 24062 4523885 4157330 1 55 2145293171 10148584 2138132480 11673600 14680064 0 0 17 0 402148
1790580380697 0 3331 245 4250385112 4242233767 26174 24062 4523885 4157330 1 55 2145293171 10148590 2957475840 12820480 180224 0 0 17 0 766461
1790580381743 0 3261 1400 4250619030 4242466659 26174 24062 4523885 4157330 1 55 2145293171 10148591 3927678976 11673600 5971968 0 0 17 0 1037842
1790580382778 0 1140 559 4250806890 4242657904 26174 24062 4523885 4157330 1 55 2145294731 10148595 4141006848 2887680 1384448 227059 136475 1535 31360 1196087
1790580383813 0 1247 4056 4251016161 4242863011 26174 24062 4523885 4157330 1 55 2145304323 10148605 4139696128 4702208 12587008 521118 357108 11185 76275 1305745
1790580384834 0 1891 482 4251197090 4243046917 26174 24062 4523885 4157330 1 55 2145321140 10148629 4139372544 5931008 1716224 757088 554808 27438 104738 1475433
1790580385857 0 2352 406 4251386710 4243236390 26174 24062 4523885 4157330 1 55 2145343931 10148661 4139520000 6791168 9408512 1003876 767914 50354 151971 1687827
1790580386880 0 2229 1022 4251582326 4243431368 26174 24062 4523885 4157330 1 55 2145369204 10148925 4139679744 6627328 2244608 1325066 985173 74564 194004 1857594
1790580387908 0 2166 1040 4251786372 4243635655 26174 24062 4523885 4157330 1 55 2145410379 10149162 4141850624 9019392 0 1642358 1230037 116689 253277 2203058
1790580388941 0 2357 0 4251983401 4243833306 26174 24062 4523885 4157330 1 55 2145451390 10149363 4143710208 8974336 1294336 1947006 1467396 157682 298916 2406308
1790580389975 0 2721 3 4252192494 4244042224 26174 24062 4523885 4157330 1 55 2145495054 10149554 4145696768 10264576 229376 2270528 1719434 201382 352860 2589022
1790580391000 0 1098 991 4252397239 4244247711 26174 24062 4523885 4157330 1 55 2145541325 10149818 4146524160 3076096 1634304 2593653 1970547 247175 440367 2778696
1790580392023 0 1056 2916 4252577020 4244425483 26174 24062 4523885 4157330 1 55 2145588139 10150051 4147474432 3670016 12247040 2898850 2201961 295008 498087 3072172
1790580393042 0 2067 0 4252798246 4244648621 26174 24062 4523885 4157330 1 55 2145646254 10150346 4147916800 7184384 4194304 3266223 2474042 351589 556716 3208726
1790580394070 0 2014 397 4253029440 4244879574 26174 24062 4523885 4157330 1 55 2145717057 10150630 4148473856 6328320 0 3660443 2774750 421934 615882 3361163
1790580395095 0 2584 0 4253265622 4245115601 26174 24062 4523885 4157330 1 55 2145781507 10150887 4148490240 9412608 77824 4062234 3078758 488277 668529 3474681
1790580396121 0 2607 53 4253483083 4245332855 26174 24062 4523885 4157330 1 55 2145867751 10151156 4149747712 10055680 0 4459028 3379901 574127 738829 3629713
1790580397149 0 2367 507 4253724520 4245574077 26174 24062 4523885 4157330 1 55 2145955516 10151415 4149858304 9928704 0 4866672 3694846 658309 805540 3752821
1790580398182 0 2511 960 4253981405 4245830589 26174 24062 4523885 4157330 1 55 2146050720 10151669 4148789248 8966144 4194304 5285015 3993183 756532 879561 3915693
1790580399208 0 2745 73 4254248077 4246097534 26174 24062 4523885 4157330 1 55 2146135418 10151894 4146520064 10416128 2097152 5656376 4262222 840248 948287 4073725
1790580400237 0 3015 72 4254526920 4246376144 26174 24062 4523885 4157330 1 55 2146207272 10152087 4142800896 10534912 4198400 6075239 4535139 913058 1004633 4187721
1790580401266 0 2843 365 4254791893 4246641034 26174 24062 4523885 4157330 1 55 2146288824 10152282 4138942464 11476992 0 6510616 4824566 994620 1057267 4255396
1790580402293 0 2853 511 4255068516 4246917465 26174 24062 4523885 4157330 1 55 2146364701 10152952 4135170048 10981376 2097152 6928819 5124333 1069468 1133038 4343357
1790580403322 0 657 226 4255337883 4247189529 26174 24062 4523885 4157330 1 55 2146446492 10153135 4133085184 2420736 0 7344190 5428080 1150741 1190765 4408722
1790580404353 0 1511 0 4255588480 4247439425 26174 24062 4523885 4157330 1 55 2146533607 10153474 4133502976 3993600 1306624 7755164 5727234 1239911 1301181 4534289
1790580405384 0 1683 0 4255843348 4247694013 26174 24062 4523885 4157330 1 55 2146617585 10153772 4133666816 5148672 2097152 8173006 6033067 1322855 1374907 4647036
1790580406415 0 1945 511 4256103110 4247953004 26174 24062 4523885 4157330 1 55 2146694601 10154059 4133281792 7168000 700416 8572239 6339751 1399322 1434932 4733470
1790580407442 0 2341 1 4256364262 4248214157 26174 24062 4523885 4157330 1 55 2146763886 10154298 4132347904 8069120 0 8973771 6643253 1469703 1492490 4808381
1790580408469 0 2352 410 4256633867 4248483563 26174 24062 4523885 4157330 1 55 2146837844 10154551 4132519936 9064448 0 9386593 6958647 1543122 1557487 4883376
1790580409495 0 2480 0 4256902839 4248752561 26174 24062 4523885 4157330 1 55 2146903810 10154771 4131688448 10043392 0 9787521 7265458 1610104 1613624 4945793
1790580410520 0 2656 511 4257168435 4249017652 26174 24062 4523885 4157330 1 55 2146978099 10155435 4132438016 9797632 4194304 10185505 7581557 1682366 1681902 5022534
1790580411548 0 2795 512 4257433994 4249282998 26174 24062 4523885 4157330 1 55 2147060287 10155641 4133855232 11202560 774144 10594163 7906735 1766525 1742585 5087466
1790580412571 0 2755 511 4257692669 4249541643 26174 24062 4523885 4157330 1 55 2147132546 10155817 4134776832 10338304 1843200 10993270 8215021 1838348 1815877 5170462
1790580413599 0 3346 0 4257956171 4249805099 26174 24062 4523885 4157330 1 55 2147204195 10155993 4134850560 11730944 0 11383803 8515492 1908640 1869970 5230991
1790580414627 0 774 511 4258219650 4250070751 26174 24062 4523885 4157330 1 55 2147271579 10156190 4134723584 3305472 2097152 11756000 8807938 1977389 1922071 5298041
1790580415651 0 1542 511 4258481703 4250331819 26174 24062 4523885 4157330 1 55 2147357001 10156447 4136181760 4001792 6291456 12149648 9108975 2063088 1999004 5413202
1790580416679 0 1677 1024 4258735035 4250584645 26174 24062 4523885 4157330 1 55 2147441441 10156713 4136534016 6807552 2097152 12533934 9390926 2146739 2058653 5516196
1790580417702 0 2123 1 4259000894 4250851152 26174 24062 4523885 4157330 1 55 2147514299 10156940 4134416384 8118272 0 12960445 9684452 2218060 2136471 5613709
1790580418729 0 2449 0 4259266926 4251116790 26174 24062 4523885 4157330 1 55 2147587119 10157190 4132106240 7438336 6291456 13358641 9968820 2293424 2214849 5707465
1790580419754 0 2476 511 4259531796 4251381234 26174 24062 4523885 4157330 1 55 2147664516 10157457 4129718272 9728000 2072576 13775338 10262769 2369414 2299405 5830870
1790580420780 0 2701 511 4259781191 4251630619 26174 24062 4523885 4157330 1 55 2147753351 10157738 4131024896 10665984 0 14167800 10562326 2458319 2360945 5914119
1790580421810 0 2596 513 4260040866 4251890216 26174 24062 4523885 4157330 1 55 2147838655 10158000 4131319808 11378688 0 14586702 10865607 2544588 2455904 6025613
1790580422836 0 2845 514 4260291219 4252140060 26174 24062 4523885 4157330 1 55 2147918876 10158279 4131078144 9756672 2097152 14976672 11162837 2622642 2536082 6159944
1790580423863 0 2899 73 4260545169 4252394472 26174 24062 4523885 4157330 1 55 2148003861 10158542 4131930112 11939840 454656 15378535 11470487 2709864 2591791 6242514
1790580424889 0 2664 511 4260785328 4252634283 26174 24062 4523885 4157330 1 55 2148090675 10158817 4133064704 10571776 2097152 15765192 11768118 2795293 2686466 6400635
1790580425917 0 3206 0 4261047340 4252896409 26174 24062 4523885 4157330 1 55 2148165905 10159087 4132327424 11132928 2097152 16163615 12072710 2872369 2759942 6502365
1790580426943 0 3090 292 4261293130 4253141988 26174 24062 4523885 4157330 1 55 2148250923 10159337 4132892672 11284480 2097152 16554323 12371433 2956742 2831095 6615289
1790580427969 0 3038 512 4261545056 4253393782 26174 24062 4523885 4157330 1 55 2148333748 10159621 4133232640 11960320 2097152 16948546 12680120 3039104 2896788 6717961
1790580428995 0 3371 0 4261800897 4253649691 26174 24062 4523885 4157330 1 55 2148413185 10160368 4132139008 11948032 0 17342601 12981642 3117244 2945797 6790560
1790580430022 0 2941 293 4262063387 4253912535 26174 24062 4523885 4157330 1 55 2148486134 10161093 4131844096 11767808 2097152 17736326 13283980 3189951 3019868 6868007
1790580431050 0 3084 512 4262322946 4254171660 26174 24062 4523885 4157330 1 55 2148562074 10161324 4132007936 13053952 1318912 18155941 13592232 3268921 3081049 6919994
1790580432079 0 1072 517 4262586859 4254438199 26174 24062 4523885 4157330 1 55 2148646032 10162120 4131983360 3358720 6291456 18538824 13892212 3350819 3162292 7025886
1790580433107 0 1563 0 4262844535 4254695174 26174 24062 4523885 4157330 1 55 2148722038 10162458 4132302848 3833856 2097152 18940802 14186134 3427185 3225020 7087496
1790580434133 0 1670 512 4263112841 4254963077 26174 24062 4523885 4157330 1 55 2148799689 10162796 4131127296 5713920 2097152 19329005 14478144 3503552 3310145 7171726
1790580435159 0 2234 1 4263382824 4255232899 26174 24062 4523885 4157330 1 55 2148870499 10163102 4128366592 7450624 1048576 19729585 14769687 3576285 3392651 7256606
1790580436185 0 2675 146 4263653064 4255502591 26174 24062 4523885 4157330 1 55 2148934142 10163388 4126072832 9064448 0 20151259 15063834 3640469 3467702 7318052
1790580437211 0 2461 294 4263918813 4255768293 26174 24062 4523885 4157330 1 55 2149015045 10163720 4125732864 8318976 3739648 20539190 15365774 3718566 3523700 7368909
1790580438239 0 2424 1606 4264176828 4256025261 26174 24062 4523885 4157330 1 55 2149095928 10164025 4126543872 9367552 2097152 20930688 15668905 3801480 3607432 7457275
1790580439265 0 2509 0 4264443171 4256292972 26174 24062 4523885 4157330 1 55 2149176619 10164350 4126736384 10850304 0 21342697 15972029 3879843 3659360 7506924
1790580440293 0 2708 511 4264714910 4256563931 26174 24062 4523885 4157330 1 55 2149251369 10164643 4125954048 10514432 2097152 21744381 16282397 3955825 3743607 7571704
1790580441320 0 2675 1534 4264985287 4256833247 26174 24062 4523885 4157330 1 55 2149328135 10164936 4125925376 11358208 864256 22153116 16595508 4034426 3807348 7615293
1790580442345 0 2926 547 4265265013 4257114066 26174 24062 4523885 4157330 1 55 2149397907 10165171 4124471296 11780096 4194304 22547930 16908129 4103059 3900702 7689182
1790580443373 0 3150 178 4265536322 4257385303 26174 24062 4523885 4157330 1 55 2149467224 10165935 4123885568 12075008 0 22944362 17216422 4173529 3973447 7752567
1790580444400 0 3002 511 4265802265 4257651065 26174 24062 4523885 4157330 1 55 2149544704 10166186 4125458432 12374016 0 23337211 17528704 4250730 4060260 7832370
1790580445428 0 466 1024 4266061033 4257912110 26174 24062 4523885 4157330 1 55 2149619610 10166425 4126289920 1908736 684032 23730687 17832223 4325576 4117629 7894177
1790580446457 0 1100 365 4266325396 4258176170 26174 24062 4523885 4157330 1 55 2149689488 10166747 4126191616 3166208 2097152 24107659 18118944 4393225 4191964 7972711
1790580447484 0 1679 0 4266587863 4258438423 26174 24062 4523885 4157330 1 55 2149772414 10167093 4126744576 5513216 1413120 24516284 18429495 4477181 4257617 8054958
1790580448511 0 1953 365 4266860370 4258710583 26174 24062 4523885 4157330 1 55 2149834524 10167431 4125339648 6230016 2097152 24893237 18714987 4539729 4330877 8145654
1790580449539 0 2558 0 4267130356 4258980112 26174 24062 4523885 4157330 1 55 2149903945 10167755 4125876224 8052736 1703936 25271898 19008305 4610256 4389950 8218253
1790580450567 0 2792 1 4267398284 4259247983 26174 24062 4523885 4157330 1 55 2149973734 10168068 4125073408 9265152 1179648 25660776 19300738 4678543 4458182 8296465
1790580451595 0 2490 365 4267666202 4259515587 26174 24062 4523885 4157330 1 55 2150052839 10168368 4126633984 10231808 0 26057181 19603451 4759104 4522878 8371054
1790580452622 0 2938 0 4267925706 4259774935 26174 24062 4523885 4157330 1 55 2150133417 10168681 4126588928 10784768 778240 26449290 19899668 4837203 4585734 8458706
1790580453648 0 2899 0 4268117213 4259966407 26174 24062 4523885 4157330 1 55 2150194950 10168929 4127645696 11051008 0 26757622 20126471 4900316 4638970 8656186
1790580454673 0 3012 220 4268312816 4260162076 26174 24062 4523885 4157330 1 55 2150256097 10169163 4127096832 10072064 688128 27053292 20347717 4961373 4719097 8875170
1790580455700 0 3280 146 4268580872 4260429795 26174 24062 4523885 4157330 1 55 2150335045 10169460 4125753344 11767808 2097152 27448313 20649781 5038621 4784008 8945741
1790580456727 0 2993 1 4268835419 4260684625 26174 24062 4523885 4157330 1 55 2150416504 10169767 4126339072 12292096 0 27844453 20946783 5121776 4846613 9020875
1790580457752 0 3061 0 4269093391 4260942605 26174 24062 4523885 4157330 1 55 2150495457 10170075 4125908992 11632640 1495040 28228138 21246537 5200299 4915414 9102305
1790580458781 0 3185 0 4269353148 4261202202 26174 24062 4523885 4157330 1 55 2150565339 10170358 4125380608 11419648 2097152 28609553 21541306 5272165 4986904 9203820
1790580459806 0 3051 511 4269605026 4261453997 26174 24062 4523885 4157330 1 55 2150650184 10171018 4125818880 12152832 1507328 29004955 21838589 5356034 5055515 9290200
1790580460832 0 1079 25 4269860616 4261711895 26174 24062 4523885 4157330 1 55 2150726627 10171357 4126253056 3420160 0 29385300 22131071 5430481 5125239 9379007
1790580461861 0 1542 511 4270127630 4261978364 26174 24062 4523885 4157330 1 55 2150798068 10171744 4126429184 5308416 0 29782605 22432529 5503497 5195598 9448280
1790580462888 0 1836 0 4270385409 4262235848 26174 24062 4523885 4157330 1 55 2150874724 10172150 4125863936 7401472 32768 30169329 22727071 5579276 5264147 9533141
1790580463914 0 1981 0 4270646002 4262496584 26174 24062 4523885 4157330 1 55 2150947338 10172524 4125773824 7081984 1720320 30556155 23021522 5652645 5316519 9602019
1790580464940 0 2113 514 4270901823 4262751538 26174 24062 4523885 4157330 1 55 2151026467 10172874 4126191616 7385088 1785856 30940591 23311220 5731743 5368115 9688422
1790580465966 0 2483 511 4271163535 4263012890 26174 24062 4523885 4157330 1 55 2151103352 10173245 4125921280 9609216 0 31337689 23611217 5808794 5449402 9813675
1790580466990 0 2686 60 4271427980 4263277506 26174 24062 4523885 4157330 1 55 2151177370 10173584 4125990912 9007104 6291456 31759550 23909010 5882274 5521902 9897528
1790580468017 0 2609 585 4271686703 4263536147 26174 24062 4523885 4157330 1 55 2151258384 10173903 4125446144 11382784 0 32148909 24200655 5962359 5607405 10007146
1790580469041 0 2682 0 4271941385 4263791012 26174 24062 4523885 4157330 1 55 2151335450 10174235 4124794880 10432512 1634304 32546758 24495857 6039450 5675680 10104979
1790580470069 0 3047 365 4272204344 4264053389 26174 24062 4523885 4157330 1 55 2151416609 10174540 4124512256 10924032 2097152 32955656 24795851 6122098 5762960 10218571
1790580471096 0 3038 0 4272465760 4264314996 26174 24062 4523885 4157330 1 55 2151496651 10174880 4124524544 11005952 0 33365614 25099218 6203498 5817731 10274359
1790580472121 0 2875 511 4272721194 4264570046 26174 24062 4523885 4157330 1 55 2151568907 10175681 4123045888 11350016 2097152 33749473 25386896 6274899 5900305 10376214
1790580473148 0 3179 219 4272981140 4264830091 26174 24062 4523885 4157330 1 55 2151651748 10175995 4122992640 12591104 331776 34149501 25690340 6355940 5960107 10441988
1790580474175 0 3187 657 4273242021 4265090346 26174 24062 4523885 4157330 1 55 2151727675 10176280 4122808320 12230656 970752 34551685 25992527 6432942 6046778 10549788
1790580475200 0 370 299 4273500902 4265352616 26174 24062 4523885 4157330 1 55 2151814279 10176596 4124340224 278528 2097152 34957830 26300423 6519695 6100720 10613738
1790580476230 0 1354 1 4273752188 4265603361 26174 24062 4523885 4157330 1 55 2151897641 10176944 4125515776 4718592 122880 35356064 26598243 6603433 6186226 10705275
1790580477258 0 1583 511 4274016828 4265867411 26174 24062 4523885 4157330 1 55 2151966569 10177334 4123631616 6172672 0 35743641 26891605 6670822 6250967 10762221
1790580478284 0 1941 511 4274275408 4266125742 26174 24062 4523885 4157330 1 55 2152038829 10177696 4122550272 7073792 1069056 36131113 27188983 6744169 6335037 10895303
1790580479311 0 2375 73 4274537337 4266387165 26174 24062 4523885 4157330 1 55 2152110801 10178034 4122058752 8626176 0 36520692 27483464 6815552 6394400 10978738
1790580480337 0 2308 439 4274782877 4266632404 26174 24062 4523885 4157330 1 55 2152199571 10178870 4124975104 9859072 0 36907355 27783845 6905348 6480493 11114193
1790580481366 0 2587 70 4275043877 4266893750 26174 24062 4523885 4157330 1 55 2152274342 10179196 4124962816 10276864 0 37313247 28087693 6979996 6555520 11221975
1790580482391 0 2805 0 4275295158 4267144665 26174 24062 4523885 4157330 1 55 2152352734 10179835 4124950528 9973760 0 37709208 28375626 7058539 6621372 11313693
1790580483416 0 2856 234 4275558066 4267407287 26174 24062 4523885 4157330 1 55 2152417036 10180151 4122251264 10420224 1454080 38081217 28656794 7122818 6683476 11412808
1790580484443 0 3055 1 4275821170 4267670460 26174 24062 4523885 4157330 1 55 2152488020 10180487 4122148864 11333632 0 38478108 28955967 7191630 6760903 11520908
1790580485471 0 2930 511 4276076599 4267925554 26174 24062 4523885 4157330 1 55 2152574880 10181354 4122611712 12115968 147456 38873305 29264062 7281188 6821642 11608412
1790580486498 0 2843 295 4276344075 4268193444 26174 24062 4523885 4157330 1 55 2152649403 10181681 4122365952 11329536 860160 39255299 29561435 7354670 6887773 11711081
1790580487524 0 2776 1025 4276598052 4268446506 26174 24062 4523885 4157330 1 55 2152719262 10182000 4122624000 11956224 872448 39641378 29852111 7424530 6943097 11789879
1790580488549 0 963 511 4276843119 4268693980 26174 24062 4523885 4157330 1 55 2152804577 10182370 4123652096 3268608 1540096 40026569 30141901 7510249 7024914 11927566
1790580489576 0 1323 438 4277087991 4268938895 26174 24062 4523885 4157330 1 55 2152884726 10182769 4123725824 5795840 0 40409201 30425820 7590040 7091726 12028763
1790580490604 0 2022 0 4277339511 4269190125 26174 24062 4523885 4157330 1 55 2152958933 10183150 4123643904 5943296 901120 40799643 30713669 7664237 7162618 12131797
1790580491630 0 1999 292 4277590979 4269441141 26174 24062 4523885 4157330 1 55 2153042290 10183552 4123791360 8511488 0 41204521 31017371 7746019 7232758 12229356
1790580492658 0 2544 1 4277854907 4269704741 26174 24062 4523885 4157330 1 55 2153116311 10183990 4123009024 8663040 0 41580062 31312201 7820884 7297289 12312757
1790580493686 0 2711 0 4278113747 4269963454 26174 24062 4523885 4157330 1 55 2153190365 10184357 4123844608 8609792 2097152 41968711 31613271 7896145 7351976 12383034
1790580494712 0 2347 538 4278363913 4270213301 26174 24062 4523885 4157330 1 55 2153275901 10184771 4125003776 9895936 1175552 42369713 31913430 7982233 7417811 12482269
1790580495741 0 2594 513 4278620223 4270469423 26174 24062 4523885 4157330 1 55 2153357605 10185163 4126068736 11022336 1355776 42771360 32214818 8062363 7469404 12563273
1790580496768 0 2944 293 4278876462 4270725968 26174 24062 4523885 4157330 1 55 2153431577 10185523 4125343744 10133504 2097152 43167081 32507289 8137380 7529119 12656290
1790580497794 0 2624 511 4279135866 4270985003 26174 24062 4523885 4157330 1 55 2153503611 10185892 4124569600 11001856 1986560 43547713 32797104 8207059 7589001 12742670
1790580498823 0 2732 511 4279392106 4271241063 26174 24062 4523885 4157330 1 55 2153577765 10186218 4124102656 12328960 0 43958107 33097310 8283608 7662190 12845111
1790580499847 0 2973 222 4279646195 4271495162 26174 24062 4523885 4157330 1 55 2153655027 10186528 4124495872 10629120 2097152 44351717 33394978 8360814 7725745 12936488
1790580500873 0 3028 461 4279903327 4271752218 26174 24062 4523885 4157330 1 55 2153729935 10186863 4123701248 12587008 0 44756607 33692111 8435791 7804370 13038353
1790580501901 0 3090 365 4280155190 4272004081 26174 24062 4523885 4157330 1 55 2153814400 10187214 4123664384 12357632 0 45143406 33985792 8519254 7891531 13140589
1790580502929 0 3087 511 4280405758 4272254541 26174 24062 4523885 4157330 1 55 2153886314 10187524 4123656192 12292096 1413120 45525077 34270295 8593187 7963879 13234451
1790580503955 0 1076 292 4280666248 4272517554 26174 24062 4523885 4157330 1 55 2153948031 10187840 4122451968 2527232 950272 45922911 34558037 8653867 8028599 13308670
1790580504978 0 1381 292 4280924927 4272775598 26174 24062 4523885 4157330 1 55 2154016443 10188226 4121739264 3760128 356352 46303719 34846757 8722154 8098538 13383734
1790580506003 0 1448 1022 4281182767 4273032681 26174 24062 4523885 4157330 1 55 2154091556 10188636 4122308608 5484544 1777664 46671191 35144752 8797830 8192323 13505965
1790580507028 0 1826 878 4281446331 4273296369 26174 24062 4523885 4157330 1 55 2154168832 10189073 4123021312 7467008 4194304 47076156 35450728 8874977 8264415 13598231
1790580508053 0 2164 512 4281701196 4273550827 26174 24062 4523885 4157330 1 55 2154245682 10189453 4123377664 9031680 430080 47471554 35743048 8951469 8352931 13717908
1790580509080 0 2126 513 4281954199 4273803938 26174 24062 4523885 4157330 1 55 2154328333 10189842 4123512832 8495104 2097152 47862804 36048416 9033702 8436449 13835519
1790580510104 0 2760 0 4282214979 4274064709 26174 24062 4523885 4157330 1 55 2154404191 10190232 4123951104 10334208 0 48263663 36346999 9109025 8500716 13906028
1790580511129 0 2617 511 4282479801 4274329164 26174 24062 4523885 4157330 1 55 2154469536 10190577 4123004928 11022336 0 48653232 36640232 9175830 8563365 13966814
1790580512150 0 2933 2 4282727124 4274576674 26174 24062 4523885 4157330 1 55 2154549140 10191424 4123365376 9805824 2097152 49041913 36934173 9254670 8657415 14079444
1790580513176 0 2869 397 4282988436 4274837735 26174 24062 4523885 4157330 1 55 2154625887 10191766 4123652096 10932224 2097152 49425569 37232380 9332218 8717906 14162159
1790580514203 0 3154 73 4283252944 4275102062 26174 24062 4523885 4157330 1 55 2154698018 10192627 4123955200 10829824 2101248 49829176 37530986 9404316 8796197 14253433
1790580515227 0 3219 0 4283508150 4275357203 26174 24062 4523885 4157330 1 55 2154774996 10193259 4122742784 12795904 0 50225144 37825128 9480297 8906980 14391950
1790580516254 0 2933 511 4283773642 4275622398 26174 24062 4523885 4157330 1 55 2154848033 10193630 4122062848 12771328 0 50626534 38125669 9553300 8977952 14469918
1790580517283 0 3209 1 4284032556 4275881615 26174 24062 4523885 4157330 1 55 2154934333 10193928 4123316224 11931648 2097152 51027852 38430226 9638606 9048590 14551577
1790580518307 0 643 211 4284292481 4276144044 26174 24062 4523885 4157330 1 55 2155008039 10194229 4123541504 512000 0 51419748 38726457 9713321 9116461 14623178
1790580519335 0 1264 292 4284543385 4276394538 26174 24062 4523885 4157330 1 55 2155085155 10194656 4123435008 4915200 249856 51814044 39017525 9790465 9179254 14694114
1790580520361 0 1760 147 4284796967 4276647403 26174 24062 4523885 4157330 1 55 2155174609 10195126 4123922432 5017600 2088960 52209200 39325299 9877831 9261718 14815970
1790580521387 0 1869 512 4285056605 4276906822 26174 24062 4523885 4157330 1 55 2155252269 10195557 4124401664 7856128 0 52621261 39628349 9957533 9322159 14889401
1790580522410 0 2438 0 4285307483 4277157390 26174 24062 4523885 4157330 1 55 2155333925 10195978 4124909568 9338880 0 53022004 39929558 10038692 9402143 14997098
1790580523435 0 2595 1 4285553915 4277403806 26174 24062 4523885 4157330 1 55 2155406896 10196394 4124389376 9175040 897024 53391648 40215546 10113207 9458420 15087707
1790580524462 0 2489 55 4285805877 4277655784 26174 24062 4523885 4157330 1 55 2155486006 10196787 4123492352 9605120 2097152 53766504 40501599 10192337 9524972 15182435
1790580525489 0 2780 438 4286062731 4277912150 26174 24062 4523885 4157330 1 55 2155564159 10197170 4124487680 9506816 2097152 54175190 40805711 10270449 9582195 15261769
1790580526514 0 2818 513 4286325433 4278174518 26174 24062 4523885 4157330 1 55 2155633068 10197557 4123754496 10563584 0 54579983 41101666 10339364 9655179 15366266
1790580527539 0 2887 0 4286576552 4278425936 26174 24062 4523885 4157330 1 55 2155714256 10197950 4123926528 11296768 2097152 54963588 41400883 10420031 9719130 15456068
1790580528563 0 2791 366 4286822670 4278672145 26174 24062 4523885 4157330 1 55 2155792107 10198316 4125282304 10305536 974848 55367575 41697023 10497946 9790580 15571493
1790580529586 0 3006 0 4287070267 4278919605 26174 24062 4523885 4157330 1 55 2155866304 10199195 4125417472 11272192 1781760 55746940 41986723 10570408 9852011 15670880
1790580530610 0 2900 511 4287276458 4279125573 26174 24062 4523885 4157330 1 55 2155929374 10199476 4125356032 11694080 0 56065057 42230654 10634641 9938133 15926560
1790580531636 0 2859 1533 4287504415 4279352409 26174 24062 4523885 4157330 1 55 2155990010 10199753 4124479488 12165120 1007616 56393442 42479864 10696301 9990481 16109847
1790580532661 0 3038 804 4287719091 4279567558 26174 24062 4523885 4157330 1 55 2156052602 10200052 4123447296 11640832 1781760 56715597 42719199 10758196 10071793 16409885
1790580533686 0 726 154 4287899573 4279751111 26174 24062 4523885 4157330 1 55 2156118852 10200321 4125323264 864256 6291456 57011780 42943672 10825115 10141503 16630574
1790580534708 0 92 0 4287963816 4279816030 26174 24062 4523885 4157330 1 55 2156204646 10200746 4152201216 131072 0 57165825 43075770 10910468 10185882 16757942
1790580535729 0 107 0 4287963831 4279816030 26174 24062 4523885 4157330 1 55 2156332913 10201426 4155424768 131072 0 57313164 43202197 11037682 10242488 16807330
1790580536750 0 124 0 4287963848 4279816030 26174 24062 4523885 4157330 1 55 2156476713 10201968 4161867776 131072 0 57490591 43344434 11181492 10357078 16844986
1790580537770 0 159 0 4287963883 4279816030 26174 24062 4523885 4157330 1 55 2156569947 10202224 3482800128 110592 0 57626788 43438408 11276751 10431398 16874535
