1790579855115 0 0 0 4183394479 4175246643 26174 24062 4523885 4157330 1 55 2125925243 10061855 - - - - - - - -
1790579856174 0 133434 0 4183624214 4175342806 26174 24062 4523885 4157330 1 55 2125925245 10061966 892960768 510550016 0 0 0 2 0 1139
1790579857210 0 114632 1938 4183853231 4175588693 26174 24062 4523885 4157330 1 55 2125925245 10061968 1825112064 486109184 7831552 0 0 2 0 4893
1790579858253 0 144757 8192 4184089326 4175788541 26174 24062 4523885 4157330 1 55 2125925245 10061968 2821357568 607186944 19390464 0 0 2 0 26129
1790579859282 0 95305 17014 4184300839 4176040659 26174 24062 4523885 4157330 1 55 2125925245 10061969 3671285760 445837312 13647872 0 0 2 0 48004
1790579860305 0 130080 0 4184490156 4176212182 26174 24062 4523885 4157330 1 55 2125926788 10061973 4141506560 507850752 0 136708 74319 1006 17754 56050
1790579861326 0 102309 2015 4184709913 4176457722 26174 24062 4523885 4157330 1 55 2125933902 10061984 4139982848 429383680 6705152 445792 303736 8617 70375 87426
1790579862354 0 123546 5926 4184910849 4176633499 26174 24062 4523885 4157330 1 55 2125949134 10062006 4139307008 480464896 52998144 710850 516743 23848 113951 113626
1790579863385 0 105986 10033 4185118091 4176854134 26174 24062 4523885 4157330 1 55 2125974577 10062045 4139536384 477634560 24367104 985974 751428 48779 160739 193773
1790579864414 0 135112 11020 4185325766 4177031846 26174 24062 4523885 4157330 1 55 2126003353 10062307 4139933696 582639616 36630528 1328414 987329 77211 219652 276910
1790579865443 0 107033 8167 4185489700 4177226712 26174 24062 4523885 4157330 1 55 2126035039 10062493 4141486080 474935296 21360640 1580286 1182402 109245 275615 435957
1790579866468 0 65827 0 4185666531 4177452732 26174 24062 4523885 4157330 1 55 2126071256 10062683 4143407104 243621888 0 1852492 1390466 145458 330343 610364
1790579867494 0 103670 51 4185872299 4177620647 26174 24062 4523885 4157330 1 55 2126113888 10062879 4145455104 400809984 0 2165000 1637292 187065 384424 751093
1790579868520 0 137453 0 4186076950 4177791785 26174 24062 4523885 4157330 1 55 2126165310 10063141 4147118080 536379392 0 2492841 1892391 239001 441351 820791
1790579869550 0 101095 20861 4186275019 4178005263 26174 24062 4523885 4157330 1 55 2126209030 10063390 4147695616 517881856 11132928 2813591 2135814 283232 510438 919299
1790579870583 0 83934 4920 4186453473 4178216750 26174 24062 4523885 4157330 1 55 2126257837 10063604 4148248576 377212928 47677440 3121672 2364469 331528 552570 1010131
1790579871624 0 95902 0 4186663487 4178419677 26174 24062 4523885 4157330 1 55 2126313247 10063854 4148379648 371535872 0 3462696 2624785 385988 622097 1121783
1790579872651 0 96423 146 4186844248 4178599935 26174 24062 4523885 4157330 1 55 2126367422 10064065 4148887552 370511872 0 3770197 2858430 440312 678862 1234336
1790579873681 0 104985 9136 4187017271 4178755874 26174 24062 4523885 4157330 1 55 2126417829 10064280 4148908032 467677184 28819456 4075163 3086037 492034 741940 1388971
1790579874712 0 127880 11604 4187176365 4178889077 26174 24062 4523885 4157330 1 55 2126475312 10064484 4149977088 523104256 47693824 4370686 3305048 550050 805448 1499917
1790579875735 0 98732 59 4187297091 4179050422 26174 24062 4523885 4157330 1 55 2126526640 10064640 4150759424 381546496 0 4581375 3467919 599817 874739 1644882
1790579876770 0 33451 669 4187412821 4179230859 26174 24062 4523885 4157330 1 55 2126566277 10064773 4150304768 153145344 17580032 4779772 3619411 639852 932576 1886992
1790579877816 0 63382 5 4187564059 4179352905 26174 24062 4523885 4157330 1 55 2126618160 10064960 4149727232 236777472 0 5027812 3801218 690020 1001282 2136131
1790579878853 0 88048 51 4187733327 4179497378 26174 24062 4523885 4157330 1 55 2126682044 10065171 4149227520 366227456 6369280 5302875 3999372 755748 1053340 2380340
1790579879884 0 100460 2110 4187896029 4179645791 26174 24062 4523885 4157330 1 55 2126737526 10065332 4147990528 423051264 9007104 5539723 4171494 811380 1113089 2734635
1790579880908 0 94817 2527 4188058994 4179813837 26174 24062 4523885 4157330 1 55 2126786712 10065497 4145725440 396541952 11677696 5770536 4332762 860408 1167341 3132043
1790579881927 0 65901 2 4188242379 4180028457 26174 24062 4523885 4157330 1 55 2126837058 10065650 4143611904 254816256 2482176 6061643 4512504 910164 1224189 3462009
1790579882957 0 99693 1218 4188414831 4180166218 26174 24062 4523885 4157330 1 55 2126889856 10065812 4141404160 416497664 32768 6343285 4696798 962010 1291842 3859853
1790579883982 0 98327 4031 4188592022 4180341646 26174 24062 4523885 4157330 1 55 2126940162 10065975 4138803200 394600448 15663104 6620222 4886618 1013850 1358446 4205684
1790579885003 0 94509 7449 4188761771 4180512073 26174 24062 4523885 4157330 1 55 2126982284 10066123 4135784448 387149824 44167168 6898195 5074156 1056998 1411643 4500494
1790579886021 0 138810 2227 4188940548 4180652124 26174 24062 4523885 4157330 1 55 2127035684 10066353 4134060032 574885888 2924544 7182766 5272883 1109455 1509514 4761836
1790579887047 0 70649 0 4189069150 4180850454 26174 24062 4523885 4157330 1 55 2127079645 10066522 4133867520 265101312 0 7373919 5419452 1151041 1642309 5161376
1790579888071 0 108963 10195 4189258217 4180991395 26174 24062 4523885 4157330 1 55 2127155346 10066789 4134449152 444125184 55500800 7707015 5663224 1230115 1721648 5411170
1790579889092 0 94366 204 4189432340 4181190076 26174 24062 4523885 4157330 1 55 2127200512 10066962 4133896192 378466304 10461184 7965277 5856569 1274789 1776734 5634974
1790579890117 0 112981 0 4189627989 4181366977 26174 24062 4523885 4157330 1 55 2127266276 10067200 4133916672 437452800 0 8296019 6091637 1338940 1852509 5912445
1790579891139 0 124357 7780 4189824650 4181544933 26174 24062 4523885 4157330 1 55 2127321730 10067426 4133421056 509657088 51781632 8594851 6328561 1395475 1925893 6168888
1790579892163 0 128002 0 4190025185 4181749213 26174 24062 4523885 4157330 1 55 2127377901 10067632 4131848192 495501312 0 8892198 6554431 1450928 1999502 6484952
1790579893194 0 95590 13100 4190215780 4181959355 26174 24062 4523885 4157330 1 55 2127436828 10067851 4133531648 440999936 13869056 9196453 6789336 1511540 2071311 6731176
1790579894225 0 89398 965 4190391322 4182153030 26174 24062 4523885 4157330 1 55 2127480793 10068017 4133261312 369147904 3436544 9461450 6987273 1553973 2146926 7050609
1790579895252 0 90805 6307 4190573444 4182328447 26174 24062 4523885 4157330 1 55 2127522797 10068209 4132261888 393461760 19177472 9721563 7191937 1596632 2232461 7311759
1790579896286 0 82185 4401 4190784701 4182550265 26174 24062 4523885 4157330 1 55 2127580464 10068416 4132851712 356904960 2043904 10048697 7442839 1653640 2287140 7481669
1790579897314 0 90298 1428 4190974958 4182735308 26174 24062 4523885 4157330 1 55 2127639520 10068620 4133896192 356671488 19619840 10340718 7676554 1713213 2357989 7734027
1790579898346 0 115257 503 4191186463 4182922906 26174 24062 4523885 4157330 1 55 2127697067 10068826 4134330368 481284096 4472832 10656383 7928697 1771260 2433184 8056974
1790579899368 0 84064 0 4191393028 4183161142 26174 24062 4523885 4157330 1 55 2127754848 10069018 4135387136 321851392 0 10979024 8172011 1828321 2491085 8261398
1790579900392 0 44387 30 4191582827 4183390622 26174 24062 4523885 4157330 1 55 2127801977 10069206 4135661568 172662784 22290432 11264055 8393547 1875526 2562684 8590283
1790579901421 0 72323 2256 4191792891 4183570486 26174 24062 4523885 4157330 1 55 2127862957 10069410 4135944192 295182336 27213824 11575881 8639639 1937668 2623196 8850958
1790579902443 0 118836 0 4191975626 4183708752 26174 24062 4523885 4157330 1 55 2127904031 10069545 4135714816 459411456 0 11826860 8834591 1977718 2674740 8994332
1790579903470 0 103123 3 4192166799 4183915702 26174 24062 4523885 4157330 1 55 2127963693 10069717 4136423424 395952128 0 12108285 9049066 2036958 2761283 9349950
1790579904497 0 122844 0 4192366869 4184096175 26174 24062 4523885 4157330 1 55 2128029274 10069924 4137652224 480268288 0 12400631 9270851 2103987 2827661 9595561
1790579905519 0 108803 18643 4192558352 4184283000 26174 24062 4523885 4157330 1 55 2128086773 10070116 4136517632 464777216 76480512 12712099 9488325 2160980 2910147 9858047
1790579906540 0 72347 3723 4192743337 4184519411 26174 24062 4523885 4157330 1 55 2128135383 10070327 4135907328 307466240 16904192 13006288 9686403 2209970 3011659 10128763
1790579907563 0 119251 0 4192947374 4184680316 26174 24062 4523885 4157330 1 55 2128198367 10070555 4134825984 463814656 0 13325375 9906835 2271045 3106535 10372925
1790579908587 0 92078 4265 4193153028 4184908824 26174 24062 4523885 4157330 1 55 2128249468 10070768 4131364864 394993664 7630848 13638357 10131048 2323164 3174382 10645446
1790579909624 0 83692 420 4193329205 4185097271 26174 24062 4523885 4157330 1 55 2128307475 10070997 4130930688 352817152 3342336 13908119 10328479 2379134 3247918 11047146
1790579910661 0 101592 2096 4193526461 4185275054 26174 24062 4523885 4157330 1 55 2128379849 10071278 4131713024 427876352 10330112 14226399 10573958 2453848 3338428 11323751
1790579911683 0 81795 1113 4193706976 4185476158 26174 24062 4523885 4157330 1 55 2128443220 10071536 4132974592 336564224 13664256 14517982 10790183 2516495 3430567 11651852
1790579912717 0 70675 0 4193890920 4185672175 26174 24062 4523885 4157330 1 55 2128496679 10071767 4132708352 264912896 0 14792603 10991233 2569929 3525821 12000991
1790579913746 0 83755 1679 4194071497 4185838217 26174 24062 4523885 4157330 1 55 2128550200 10072009 4132196352 349147136 3305472 15072904 11203644 2624399 3614721 12295605
1790579914770 0 95839 2556 4194269830 4186023633 26174 24062 4523885 4157330 1 55 2128614397 10072269 4132229120 408920064 3518464 15389528 11446942 2687579 3689154 12512352
1790579915792 0 88791 2077 4194436336 4186197611 26174 24062 4523885 4157330 1 55 2128671430 10072526 4133093376 366137344 14508032 15660183 11651876 2745650 3781937 12791135
1790579916819 0 93166 2193 4194614586 4186371447 26174 24062 4523885 4157330 1 55 2128727900 10072771 4133511168 398680064 5439488 15939895 11859918 2801717 3847791 12990758
1790579917846 0 21369 12 4194746278 4186577041 26174 24062 4523885 4157330 1 55 2128769222 10072965 4133515264 62414848 1126400 16141996 12014958 2841752 3924349 13408983
1790579918873 0 85070 3929 4194958572 4186721966 26174 24062 4523885 4157330 1 55 2128839951 10073258 4133265408 361689088 3440640 16477420 12271218 2913707 3984074 13572466
1790579919896 0 104912 806 4195118930 4186865401 26174 24062 4523885 4157330 1 55 2128897607 10073493 4133339136 422809600 5689344 16738482 12465118 2971410 4048059 13855314
1790579920922 0 71061 772 4195270619 4187051057 26174 24062 4523885 4157330 1 55 2128953501 10073750 4133695488 301727744 3084288 16990478 12655539 3026828 4120438 14173364
1790579921959 0 86183 0 4195459967 4187225859 26174 24062 4523885 4157330 1 55 2129010471 10074014 4133703680 331546624 0 17279533 12874486 3081680 4209966 14451055
1790579922990 0 33462 2143 4195618631 4187435201 26174 24062 4523885 4157330 1 55 2129054267 10074237 4132356096 141107200 16744448 17525660 13058626 3128979 4320482 14865947
1790579924011 0 79697 7872 4195812381 4187577032 26174 24062 4523885 4157330 1 55 2129110727 10074494 4132503552 317857792 54177792 17825479 13286688 3185470 4399855 15154975
1790579925032 0 87950 1038 4195997999 4187761275 26174 24062 4523885 4157330 1 55 2129162156 10074753 4131704832 370569216 6135808 18114963 13498522 3235369 4484492 15460921
1790579926053 0 73466 764 4196171742 4187949667 26174 24062 4523885 4157330 1 55 2129216685 10075048 4132028416 304209920 9977856 18391291 13700316 3291403 4610417 15830671
1790579927092 0 68801 1533 4196348359 4188130382 26174 24062 4523885 4157330 1 55 2129273161 10075308 4131749888 279736320 7438336 18641469 13893444 3346348 4669871 16146040
1790579928124 0 14905 15403 4196530107 4188351970 26174 24062 4523885 4157330 1 55 2129323652 10075558 4131405824 113287168 22487040 18921017 14098885 3397852 4756966 16475293
1790579929149 0 61419 900 4196734511 4188524302 26174 24062 4523885 4157330 1 55 2129382173 10076263 4131332096 259817472 5124096 19228611 14321200 3454332 4851834 16714472
1790579930170 0 85112 5993 4196935680 4188696839 26174 24062 4523885 4157330 1 55 2129439186 10076531 4130344960 348528640 42041344 19534488 14547046 3513960 4925181 16979019
1790579931193 0 110510 0 4197138283 4188879973 26174 24062 4523885 4157330 1 55 2129499280 10076780 4128276480 426967040 0 19842039 14766610 3572998 4984751 17194635
1790579932218 0 83381 10596 4197350044 4189108457 26174 24062 4523885 4157330 1 55 2129548086 10077015 4127150080 332931072 72667136 20167501 14997922 3622288 5049761 17461894
1790579933247 0 21363 1350 4197550196 4189380010 26174 24062 4523885 4157330 1 55 2129597901 10077247 4125106176 97837056 430080 20456497 15208884 3669325 5118624 17677077
1790579934273 0 78480 1167 4197745882 4189518389 26174 24062 4523885 4157330 1 55 2129672160 10077555 4126351360 332787712 2576384 20760631 15448157 3744435 5182084 17847481
1790579935300 0 77672 0 4197960250 4189734726 26174 24062 4523885 4157330 1 55 2129730973 10077836 4126011392 294711296 0 21077073 15685541 3803357 5247777 18066538
1790579936327 0 70658 8906 4198192173 4189964741 26174 24062 4523885 4157330 1 55 2129807524 10078687 4127166464 330985472 0 21446846 15961162 3880710 5323097 18253471
1790579937352 0 44817 42 4198379342 4190186554 26174 24062 4523885 4157330 1 55 2129864940 10078958 4127387648 160747520 8044544 21741392 16182910 3937744 5411904 18534270
1790579938378 0 72332 1177 4198601972 4190380614 26174 24062 4523885 4157330 1 55 2129920611 10079223 4125618176 297304064 3964928 22066888 16430706 3993787 5468270 18688193
1790579939402 0 90763 14260 4198816837 4190563925 26174 24062 4523885 4157330 1 55 2129983957 10079502 4125949952 436715520 6463488 22389437 16681121 4057648 5545446 18912540
1790579940426 0 65843 59 4199021373 4190807668 26174 24062 4523885 4157330 1 55 2130040990 10079783 4125396992 276611072 2744320 22689249 16917640 4114692 5615643 19171025
1790579941452 0 72272 2167 4199248044 4191025776 26174 24062 4523885 4157330 1 55 2130095475 10080070 4125040640 294932480 0 23020399 17171110 4168168 5681450 19318757
1790579942490 0 77230 2675 4199450181 4191222409 26174 24062 4523885 4157330 1 55 2130146673 10080356 4125061120 354283520 5742592 23312865 17402105 4220869 5751384 19613981
1790579943518 0 56990 1136 4199611111 4191405224 26174 24062 4523885 4157330 1 55 2130207743 10080614 4126674944 234700800 4272128 23563129 17601572 4280469 5854239 19990369
1790579944543 0 103296 1000 4199841570 4191589309 26174 24062 4523885 4157330 1 55 2130265908 10080935 4126572544 419491840 4022272 23896509 17856483 4340104 5923312 20164336
1790579945569 0 92817 1601 4200043141 4191801029 26174 24062 4523885 4157330 1 55 2130316805 10081197 4126298112 387723264 3166208 24200473 18079048 4391001 5999763 20426513
1790579946592 0 93229 11872 4200243705 4191990829 26174 24062 4523885 4157330 1 55 2130378220 10081497 4126564352 385310720 61132800 24510177 18312514 4451934 6047102 20613249
1790579947613 0 86421 105 4200434006 4192199653 26174 24062 4523885 4157330 1 55 2130429639 10081732 4125417472 348397568 2879488 24778342 18521305 4502816 6138929 20924219
1790579948635 0 57822 5362 4200631906 4192421058 26174 24062 4523885 4157330 1 55 2130479703 10082003 4125229056 257851392 5169152 25065394 18732866 4553647 6201291 21193514
1790579949661 0 83702 0 4200819464 4192587840 26174 24062 4523885 4157330 1 55 2130531641 10082253 4126105600 320282624 0 25332113 18935815 4604311 6274096 21523585
1790579950687 0 108470 18128 4201009589 4192735434 26174 24062 4523885 4157330 1 55 2130582843 10082505 4125196288 527400960 0 25608330 19142616 4656535 6341744 21731584
1790579951712 0 127263 0 4201205315 4192930274 26174 24062 4523885 4157330 1 55 2130631126 10082734 4124712960 493834240 0 25876963 19349045 4704838 6427818 22089762
1790579952738 0 117578 49 4201380189 4193114668 26174 24062 4523885 4157330 1 55 2130686569 10082988 4124839936 458756096 0 26145243 19547550 4760309 6472664 22308742
1790579953764 0 83856 5529 4201565488 4193328155 26174 24062 4523885 4157330 1 55 2130740984 10083232 4125696000 350314496 25849856 26430344 19755598 4814236 6553474 22614904
1790579954788 0 127314 0 4201770102 4193494878 26174 24062 4523885 4157330 1 55 2130805527 10083523 4126412800 500572160 0 26745801 19991365 4876720 6634839 22847589
1790579955814 0 135734 4088 4201971525 4193683847 26174 24062 4523885 4157330 1 55 2130866681 10083830 4126547968 566976512 11079680 27076449 20231080 4941490 6723082 23161381
1790579956835 0 76668 56 4202131399 4193906805 26174 24062 4523885 4157330 1 55 2130911234 10084066 4126150656 307462144 1744896 27303862 20402527 4985398 6783276 23422902
1790579957860 0 91734 1460 4202342225 4194101245 26174 24062 4523885 4157330 1 55 2130972336 10084381 4125102080 385490944 5771264 27626275 20642053 5046567 6845688 23606055
1790579958891 0 81658 627 4202520012 4194289791 26174 24062 4523885 4157330 1 55 2131029379 10084666 4125679616 349683712 749568 27891197 20843699 5103535 6902515 23826259
1790579959933 0 82139 9703 4202710181 4194470300 26174 24062 4523885 4157330 1 55 2131085263 10084963 4125663232 376745984 0 28179924 21062562 5160156 6992391 24124143
1790579960962 0 66345 7484 4202895959 4194674316 26174 24062 4523885 4157330 1 55 2131138373 10085248 4124852224 298012672 16527360 28454753 21269843 5212618 7119143 24455632
1790579961988 0 110909 1032 4203098783 4194839014 26174 24062 4523885 4157330 1 55 2131197767 10085539 4124618752 457179136 2265088 28758546 21499583 5271453 7185711 24708102
1790579963011 0 85514 12050 4203286475 4195041141 26174 24062 4523885 4157330 1 55 2131252270 10085845 4124758016 358125568 54353920 29052920 21724932 5326477 7245232 24948855
1790579964035 0 82780 11043 4203470246 4195228435 26174 24062 4523885 4157330 1 55 2131305718 10086135 4125069312 383049728 0 29329629 21930604 5379443 7332730 25221405
1790579965056 0 71273 92 4203666963 4195447758 26174 24062 4523885 4157330 1 55 2131362145 10086449 4124844032 282152960 9719808 29618613 22153101 5433967 7409702 25421812
1790579966084 0 113495 16738 4203870042 4195592024 26174 24062 4523885 4157330 1 55 2131421453 10086773 4125274112 507801600 29442048 29921359 22383827 5495672 7481996 25667915
1790579967111 0 113552 1 4204024929 4195763485 26174 24062 4523885 4157330 1 55 2131466685 10087014 4125880320 440287232 0 30151779 22562433 5539877 7572813 26023659
1790579968140 0 96680 15257 4204220115 4195960503 26174 24062 4523885 4157330 1 55 2131520938 10087325 4125483008 470482944 1986560 30446577 22786214 5594922 7665309 26335645
1790579969170 0 30917 10293 4204380502 4196191221 26174 24062 4523885 4157330 1 55 2131571316 10087602 4126564352 155095040 16588800 30699732 22972684 5645057 7736923 26684913
1790579970192 0 55985 7132 4204601652 4196390793 26174 24062 4523885 4157330 1 55 2131627053 10087934 4126060544 227246080 50163712 31017131 23217489 5701620 7824444 26990605
1790579971212 0 119048 0 4204804293 4196537306 26174 24062 4523885 4157330 1 55 2131688051 10088227 4126003200 464191488 0 31317430 23441642 5760724 7868884 27151411
1790579972243 0 101138 17198 4205008699 4196742640 26174 24062 4523885 4157330 1 55 2131749245 10088547 4125757440 506384384 1511424 31636072 23682853 5822929 7930322 27361271
1790579973271 0 134603 362 4205201396 4196918660 26174 24062 4523885 4157330 1 55 2131801178 10088843 4125827072 558604288 0 31928425 23897712 5875379 8008621 27608396
1790579974295 0 72629 723 4205384410 4197163723 26174 24062 4523885 4157330 1 55 2131855420 10089132 4125294592 306774016 2650112 32203856 24101125 5928089 8070970 27903169
1790579975318 0 107168 670 4205591350 4197335832 26174 24062 4523885 4157330 1 55 2131924980 10089463 4126195712 435732480 7364608 32522951 24344530 5998681 8119457 28051186
1790579976343 0 88181 1599 4205766900 4197529321 26174 24062 4523885 4157330 1 55 2131982614 10089746 4125982720 366166016 3854336 32795856 24551268 6056238 8173622 28330024
1790579977366 0 99298 1025 4205980131 4197731943 26174 24062 4523885 4157330 1 55 2132047224 10090043 4126367744 417722368 2940928 33146847 24799864 6120915 8227297 28504375
1790579978394 0 56927 0 4206153460 4197948572 26174 24062 4523885 4157330 1 55 2132098689 10090343 4126257152 209125376 0 33402105 24994570 6171395 8313527 28839493
1790579979420 0 79152 1909 4206369270 4198140579 26174 24062 4523885 4157330 1 55 2132158052 10090638 4125171712 340676608 3764224 33736695 25239586 6231231 8372945 29020027
1790579980444 0 75131 0 4206578496 4198355454 26174 24062 4523885 4157330 1 55 2132218954 10090949 4125028352 283480064 0 34048930 25473934 6292142 8462254 29276206
1790579981470 0 85606 0 4206771271 4198537816 26174 24062 4523885 4157330 1 55 2132278309 10091261 4124946432 327651328 0 34341433 25696428 6352016 8547710 29585965
1790579982496 0 72213 3461 4206956567 4198733001 26174 24062 4523885 4157330 1 55 2132330801 10091552 4124999680 324849664 0 34627728 25909895 6404580 8637965 29820533
1790579983519 0 101017 460 4207144472 4198895227 26174 24062 4523885 4157330 1 55 2132391915 10091844 4125904896 417865728 2248704 34923251 26129835 6466141 8741278 30091417
1790579984543 0 101931 6635 4207329256 4199072897 26174 24062 4523885 4157330 1 55 2132450915 10092160 4126547968 437690368 19292160 35220163 26352808 6524129 8832189 30378913
1790579985571 0 76539 0 4207532848 4199308587 26174 24062 4523885 4157330 1 55 2132514557 10092492 4126486528 290361344 0 35531700 26589112 6585828 8932981 30701858
1790579986596 0 106854 0 4207729476 4199474643 26174 24062 4523885 4157330 1 55 2132576374 10092825 4126535680 414584832 0 35836514 26822726 6650592 8991923 30884089
1790579987622 0 145147 1168 4207919234 4199625190 26174 24062 4523885 4157330 1 55 2132625182 10093105 4125798400 613105664 2097152 36127922 27038728 6699462 9084090 31211959
1790579988650 0 125152 0 4208109527 4199836411 26174 24062 4523885 4157330 1 55 2132682848 10093438 4125814784 486297600 0 36423750 27261936 6757078 9165501 31550554
1790579989686 0 95598 9708 4208311034 4200057922 26174 24062 4523885 4157330 1 55 2132733789 10093720 4124643328 447119360 23953408 36722010 27485950 6808010 9235970 31803196
1790579990713 0 63489 7012 4208511497 4200293281 26174 24062 4523885 4157330 1 55 2132796499 10094034 4125077504 297885696 0 37034731 27720325 6869688 9323001 32138077
1790579991737 0 97306 10561 4208699716 4200443901 26174 24062 4523885 4157330 1 55 2132849875 10094328 4125941760 434552832 14647296 37333869 27943117 6924433 9394023 32385051
1790579992766 0 64421 31 4208870569 4200658113 26174 24062 4523885 4157330 1 55 2132901397 10094602 4125233152 248578048 12410880 37589624 28138538 6975607 9487303 32668335
1790579993799 0 79744 12552 4209056886 4200816782 26174 24062 4523885 4157330 1 55 2132957431 10094879 4124823552 386154496 14004224 37871452 28351435 7032152 9565704 32938936
1790579994822 0 106170 863 4209262267 4201007462 26174 24062 4523885 4157330 1 55 2133012412 10095171 4123996160 425349120 1138688 38169185 28569072 7085121 9633569 33161551
1790579995849 0 58675 0 4209436777 4201230074 26174 24062 4523885 4157330 1 55 2133061049 10095429 4123222016 215474176 0 38425724 28762200 7134406 9707744 33501242
1790579996872 0 96882 537 4209654282 4201408860 26174 24062 4523885 4157330 1 55 2133107305 10095727 4121976832 399949824 10883072 38746541 29003830 7181562 9772584 33696978
1790579997897 0 97428 879 4209847026 4201600902 26174 24062 4523885 4157330 1 55 2133167566 10096047 4121698304 401543168 3788800 39036001 29217712 7240801 9870342 34039314
1790579998927 0 72847 11526 4210025481 4201793490 26174 24062 4523885 4157330 1 55 2133230021 10096328 4123017216 356081664 24207360 39320445 29441456 7303181 9967177 34397343
1790579999967 0 89503 143 4210230930 4201993550 26174 24062 4523885 4157330 1 55 2133286392 10096614 4122828800 356159488 12165120 39631483 29668998 7360656 10054934 34689755
1790580000994 0 47602 3796 4210390781 4202191650 26174 24062 4523885 4157330 1 55 2133328674 10096877 4123045888 202625024 0 39863766 29843249 7401295 10161587 34992808
1790580002022 0 135043 0 4210594185 4202311321 26174 24062 4523885 4157330 1 55 2133401311 10097194 4124123136 525238272 0 40186397 30085857 7473979 10229311 35166076
1790580003051 0 118198 996 4210771897 4202504726 26174 24062 4523885 4157330 1 55 2133455713 10097485 4124209152 489918464 1253376 40460550 30290241 7529504 10322589 35529499
1790580004076 0 82559 13248 4210939365 4202695780 26174 24062 4523885 4157330 1 55 2133502303 10097766 4123463680 409591808 24576 40714060 30481360 7576532 10429691 35805258
1790580005098 0 102026 945 4211127327 4202876694 26174 24062 4523885 4157330 1 55 2133555285 10098069 4122697728 418291712 13336576 41014778 30692687 7629030 10501323 36036975
1790580006130 0 47648 0 4211298968 4203103460 26174 24062 4523885 4157330 1 55 2133610223 10098341 4123615232 195878912 1642496 41280299 30895818 7681431 10607051 36430939
1790580007160 0 111870 10666 4211521242 4203250765 26174 24062 4523885 4157330 1 55 2133666410 10098697 4122009600 502882304 11063296 41603502 31140600 7740608 10678787 36586965
1790580008191 0 112626 2766 4211678210 4203415011 26174 24062 4523885 4157330 1 55 2133723459 10098998 4123492352 447180800 45895680 41850814 31335137 7797661 10798757 36942449
1790580009230 0 113532 16715 4211882011 4203604029 26174 24062 4523885 4157330 1 55 2133774380 10099329 4123082752 555708416 5877760 42144203 31557918 7848617 10900124 37252566
1790580010262 0 93831 2024 4212060518 4203816684 26174 24062 4523885 4157330 1 55 2133829350 10099611 4123791360 376377344 33480704 42427246 31772941 7903624 10989399 37528299
1790580011286 0 24014 61 4212220184 4204048409 26174 24062 4523885 4157330 1 55 2133886961 10099909 4124020736 80293888 20770816 42664393 31958611 7961161 11072085 37828105
1790580012310 0 123577 2483 4212455301 4204181522 26174 24062 4523885 4157330 1 55 2133955900 10100325 4124536832 520974336 14426112 43017459 32233393 8030098 11160075 38056039
1790580013336 0 95979 2678 4212637752 4204391405 26174 24062 4523885 4157330 1 55 2134010418 10100636 4124962816 381992960 32636928 43307266 32442666 8085129 11242888 38360254
1790580014360 0 111918 9260 4212833620 4204564743 26174 24062 4523885 4157330 1 55 2134075694 10100969 4125405184 455487488 50765824 43599864 32666483 8149893 11302902 38569284
1790580015381 0 70274 1619 4213012810 4204793042 26174 24062 4523885 4157330 1 55 2134130856 10101270 4124930048 290316288 6934528 43871186 32871634 8203383 11374043 38849712
1790580016404 0 34569 1462 4213194136 4205010160 26174 24062 4523885 4157330 1 55 2134179575 10101574 4124295168 155783168 1634304 44171532 33081046 8252327 11431034 39071220
1790580017428 0 99019 61 4213392985 4205145959 26174 24062 4523885 4157330 1 55 2134251988 10101924 4126609408 378908672 0 44500071 33319148 8325512 11480992 39242996
1790580018466 0 77997 60 4213572895 4205346867 26174 24062 4523885 4157330 1 55 2134297821 10102205 4124639232 297533440 0 44754827 33514018 8369971 11541723 39506537
1790580019504 0 72203 13 4213754579 4205534478 26174 24062 4523885 4157330 1 55 2134358994 10102540 4125392896 278769664 0 45051155 33732986 8432581 11622903 39833577
1790580020525 0 95212 7806 4213954831 4205704049 26174 24062 4523885 4157330 1 55 2134412514 10102886 4124696576 390299648 45600768 45373405 33961955 8486362 11702879 40047053
1790580021548 0 52220 416 4214096302 4205895733 26174 24062 4523885 4157330 1 55 2134453419 10103121 4124852224 225030144 2256896 45591844 34121841 8526305 11766136 40341809
1790580022572 0 35 0 4214167788 4206019985 26174 24062 4523885 4157330 1 55 2134511972 10103378 4152483840 131072 0 45743969 34238220 8584182 11796498 40405234
1790580023593 0 98 0 4214167851 4206019985 26174 24062 4523885 4157330 1 55 2134658609 10104014 4157067264 131072 0 45907175 34384728 8731809 11882357 40443435
1790580024614 0 123 0 4214167876 4206019985 26174 24062 4523885 4157330 1 55 2134801439 10104645 4163129344 131072 0 46090094 34525559 8874120 11942060 40468201
1790580025634 0 143 0 4214167896 4206019985 26174 24062 4523885 4157330 1 55 2134910589 10104948 3991945216 126976 0 46232952 34635191 8985301 12034341 40506820
