1790580618506 0 75 0 4287964452 4279816615 26174 24062 4523885 4157330 1 55 2156570672 10202253 - - - - - - - -
1790580619649 0 112639 5948 4288235537 4279969149 26174 24062 4523885 4157330 1 55 2156570672 10202357 1071448064 517853184 14155776 0 0 17 0 1868
1790580620717 0 152842 8137 4288425075 4280116297 26174 24062 4523885 4157330 1 55 2156570689 10202357 1870876672 654848000 10481664 0 0 17 0 25971
1790580621745 0 131317 2406 4288629126 4280347747 26174 24062 4523885 4157330 1 55 2156570689 10202358 2671480832 521633792 8388608 0 0 17 0 37661
1790580622771 0 153992 1986 4288926855 4280623138 26174 24062 4523885 4157330 1 55 2156570689 10202360 3898302464 613515264 16564224 0 0 17 0 41725
1790580623795 0 152559 2079 4289111223 4280808772 26174 24062 4523885 4157330 1 55 2156572738 10202364 4141203456 627208192 8388608 216841 131039 2024 28721 65052
1790580624816 0 157021 1851 4289298743 4280992033 26174 24062 4523885 4157330 1 55 2156579330 10202374 4139642880 640200704 8388608 469331 321625 8616 74103 121152
1790580625837 0 166680 3985 4289479817 4281161425 26174 24062 4523885 4157330 1 55 2156595764 10202397 4139520000 699715584 7303168 718356 522944 24612 124964 258553
1790580626857 0 156054 4042 4289641101 4281333280 26174 24062 4523885 4157330 1 55 2156612617 10202422 4139569152 632295424 15675392 924676 697239 41896 163910 356031
1790580627896 0 88152 6048 4289756099 4281514070 26174 24062 4523885 4157330 1 55 2156627446 10202506 4139757568 388108288 14585856 1103153 828169 56731 215081 519248
1790580628946 0 108742 12729 4289913072 4281644035 26174 24062 4523885 4157330 1 55 2156651153 10202720 4140191744 457195520 58716160 1356151 1009855 80439 277916 771339
1790580630009 0 124184 8595 4290072735 4281792190 26174 24062 4523885 4157330 1 55 2156681941 10202901 4141342720 557473792 68694016 1596946 1196389 110218 313955 922475
1790580631061 0 140929 9042 4290225810 4281927952 26174 24062 4523885 4157330 1 55 2156714028 10203069 4143017984 599920640 16752640 1846119 1382964 143313 370342 1205509
1790580632083 0 122911 43 4290351839 4282081192 26174 24062 4523885 4157330 1 55 2156737069 10203181 4144209920 479690752 0 2025990 1526654 165874 412091 1405351
1790580633111 0 104533 0 4290489026 4282236826 26174 24062 4523885 4157330 1 55 2156771983 10203312 4145987584 401297408 0 2236247 1696732 200245 474804 1711395
1790580634139 0 69204 50 4290607449 4282390444 26174 24062 4523885 4157330 1 55 2156800771 10203489 4147175424 258809856 0 2430603 1844736 230067 589498 2010465
1790580635162 0 84685 4022 4290771380 4282534820 26174 24062 4523885 4157330 1 55 2156833328 10203669 4147105792 349814784 7249920 2688545 2042624 262203 644657 2211700
1790580636185 0 107237 5395 4290939551 4282679291 26174 24062 4523885 4157330 1 55 2156874579 10203884 4147310592 454242304 9482240 2968202 2252060 303354 695930 2365415
1790580637210 0 115675 0 4291075929 4282812474 26174 24062 4523885 4157330 1 55 2156912532 10204062 4148051968 450596864 0 3198124 2423115 341307 766258 2561210
1790580638236 0 150985 1606 4291264308 4282964026 26174 24062 4523885 4157330 1 55 2156969018 10204298 4148498432 602386432 0 3516908 2663250 393493 816653 2715342
1790580639268 0 151227 0 4291414650 4283115710 26174 24062 4523885 4157330 1 55 2157009091 10204467 4148797440 596635648 0 3767934 2856410 436984 880152 2806674
1790580640294 0 19677 9421 4291522418 4283345585 26174 24062 4523885 4157330 1 55 2157040944 10204600 4148744192 123441152 24535040 3960573 2999087 469714 925654 2955341
1790580641321 0 113215 0 4291714920 4283453848 26174 24062 4523885 4157330 1 55 2157104608 10204833 4149489664 439140352 0 4295827 3251290 533477 1003025 3006274
1790580642348 0 133965 0 4291887188 4283605400 26174 24062 4523885 4157330 1 55 2157169496 10205048 4149346304 525537280 0 4599621 3482973 596028 1043306 3044490
1790580643375 0 140255 9036 4292077607 4283780573 26174 24062 4523885 4157330 1 55 2157219835 10205230 4148117504 613789696 11890688 4898783 3709782 649121 1094400 3156616
1790580644399 0 97222 0 4292243033 4283997962 26174 24062 4523885 4157330 1 55 2157254732 10205362 4145479680 366559232 0 5127693 3873824 684031 1144633 3278217
1790580645424 0 88415 0 4292447936 4284211681 26174 24062 4523885 4157330 1 55 2157278415 10205501 4140802048 326750208 0 5369415 4054231 707705 1185918 3375057
1790580646452 0 50807 22194 4292652459 4284431633 26174 24062 4523885 4157330 1 55 2157286159 10205572 4134875136 206082048 90873856 5579559 4213373 715450 1219010 3463473
1790580647474 0 70984 84 4292858709 4284639921 26174 24062 4523885 4157330 1 55 2157291346 10205652 4129427456 291434496 4448256 5783588 4376467 720121 1259411 3530981
1790580648505 0 148132 1 4293088714 4284792689 26174 24062 4523885 4157330 1 55 2157300711 10205731 4122898432 578822144 0 6032473 4568258 729485 1309894 3608533
1790580649531 0 115236 0 4293267886 4285004860 26174 24062 4523885 4157330 1 55 2157307327 10205798 4118781952 446144512 0 6244819 4728814 736674 1352771 3714783
1790580650555 0 110864 0 4293457270 4285198603 26174 24062 4523885 4157330 1 55 2157326361 10205885 4116414464 427294720 0 6464645 4912156 755137 1407884 3878324
1790580651579 0 37881 1 4293607657 4285421942 26174 24062 4523885 4157330 1 55 2157336635 10205957 4115091456 131678208 0 6642712 5057915 765408 1438507 3945497
1790580652602 0 145419 0 4293842245 4285549008 26174 24062 4523885 4157330 1 55 2157361998 10206063 4115619840 573956096 0 6944517 5302772 790557 1486969 3998529
1790580653630 0 81787 19053 4294032688 4285784277 26174 24062 4523885 4157330 1 55 2157385623 10206166 4117090304 441774080 20107264 7194692 5509758 814919 1526597 4083445
1790580654651 0 67638 9682 4294210489 4285985539 26174 24062 4523885 4157330 1 55 2157421285 10206314 4119961600 312602624 40615936 7426809 5715698 850591 1583488 4215192
1790580655673 0 132704 0 4294421642 4286141108 26174 24062 4523885 4157330 1 55 2157453147 10206502 4122521600 522797056 0 7703319 5945398 881935 1635272 4293790
1790580656697 0 118824 0 4294590138 4286323380 26174 24062 4523885 4157330 1 55 2157488814 10206654 4125220864 464023552 0 7937919 6144243 917626 1688797 4439306
1790580657722 0 84558 0 4294763792 4286531333 26174 24062 4523885 4157330 1 55 2157533572 10206833 4128075776 322936832 0 8194339 6356389 961837 1724902 4497764
1790580658746 0 38183 41 4294922176 4286736123 26174 24062 4523885 4157330 1 55 2157571318 10206997 4130607104 143581184 6467584 8425225 6548123 998556 1775209 4628174
1790580659769 0 124259 0 4295140484 4286868381 26174 24062 4523885 4157330 1 55 2157625217 10207193 4133380096 487596032 0 8755831 6813580 1053479 1830468 4697867
1790580660794 0 8124 21 4295286447 4287130428 26174 24062 4523885 4157330 1 55 2157668312 10207344 4136407040 19050496 6057984 8990278 7001615 1097125 1878399 4818505
1790580661818 0 80095 0 4295491363 4287263517 26174 24062 4523885 4157330 1 55 2157727284 10207549 4139020288 313446400 0 9306108 7258641 1155105 1938667 4879771
1790580662843 0 115407 5630 4295690836 4287422155 26174 24062 4523885 4157330 1 55 2157774075 10207746 4139876352 470339584 63635456 9627250 7504881 1203400 1995687 4969980
1790580663862 0 70694 564 4295848591 4287629508 26174 24062 4523885 4157330 1 55 2157814604 10207910 4140896256 317870080 475136 9865668 7693193 1243989 2042305 5084974
1790580664885 0 88521 29 4296027748 4287791239 26174 24062 4523885 4157330 1 55 2157869365 10208096 4142489600 339312640 0 10141876 7911668 1296868 2103933 5187083
1790580665908 0 24238 995 4296209742 4288036705 26174 24062 4523885 4157330 1 55 2157906086 10208234 4141907968 121151488 1839104 10398877 8115094 1334868 2162599 5309937
1790580666946 0 243 7080 4296388132 4288233128 26174 24062 4523885 4157330 1 55 2157946912 10208368 4141592576 103747584 6569984 10660607 8314697 1376218 2216217 5372698
1790580668008 0 72993 542 4296604737 4288383700 26174 24062 4523885 4157330 1 55 2157972123 10208479 4139274240 337297408 36810752 10913246 8513449 1401413 2265359 5465185
1790580669046 0 117855 25 4296800182 4288534551 26174 24062 4523885 4157330 1 55 2157989116 10208584 4134596608 455901184 0 11105890 8665800 1417886 2310137 5634726
1790580670070 0 134866 0 4296950550 4288667818 26174 24062 4523885 4157330 1 55 2157993685 10208645 4129689600 528646144 0 11252505 8778874 1422523 2343344 5731367
1790580671094 0 34772 28 4297112422 4288929884 26174 24062 4523885 4157330 1 55 2157999001 10208707 4125970432 108462080 0 11415868 8909475 1428314 2388632 5855909
1790580672124 0 33658 538 4297307200 4289125469 26174 24062 4523885 4157330 1 55 2158006275 10208787 4121206784 178470912 8671232 11634125 9073167 1435563 2431362 5954873
1790580673156 0 76323 59 4297538136 4289313985 26174 24062 4523885 4157330 1 55 2158016495 10208880 4116680704 296960000 14622720 11870808 9267752 1445341 2475016 6052713
1790580674185 0 85034 0 4297744476 4289511694 26174 24062 4523885 4157330 1 55 2158036033 10208992 4115283968 322142208 0 12113259 9465612 1464294 2519533 6142492
1790580675218 0 128741 1100 4297951973 4289674445 26174 24062 4523885 4157330 1 55 2158057768 10209089 4114255872 554098688 4509696 12368013 9671479 1487051 2570737 6227973
1790580676244 0 102912 2200 4298141059 4289887973 26174 24062 4523885 4157330 1 55 2158079862 10209213 4114214912 452218880 2711552 12601712 9865088 1508639 2606095 6325065
1790580677275 0 74038 11 4298319853 4290098154 26174 24062 4523885 4157330 1 55 2158107644 10209332 4115349504 307908608 14614528 12821933 10052806 1536416 2652814 6450646
1790580678305 0 117949 712 4298494995 4290228514 26174 24062 4523885 4157330 1 55 2158140466 10209460 4117540864 502521856 8011776 13065608 10249970 1569751 2699606 6558281
1790580679330 0 133042 0 4298652448 4290371584 26174 24062 4523885 4157330 1 55 2158165647 10209580 4119109632 526495744 0 13271278 10422234 1594931 2744481 6663516
1790580680361 0 109591 0 4298811472 4290554019 26174 24062 4523885 4157330 1 55 2158204125 10209723 4121214976 430653440 0 13487697 10607305 1630338 2797520 6769487
1790580681386 0 115823 0 4298999983 4290736291 26174 24062 4523885 4157330 1 55 2158256244 10209960 4124889088 450494464 0 13763784 10837394 1684520 2859340 6854052
1790580682411 0 143568 0 4299192630 4290901353 26174 24062 4523885 4157330 1 55 2158313947 10210201 4128452608 567562240 0 14058577 11076287 1739986 2910314 6915449
1790580683435 0 143807 0 4299373207 4291081577 26174 24062 4523885 4157330 1 55 2158360763 10210426 4131102720 565440512 0 14338830 11298721 1790064 2978170 7052951
1790580684457 0 134044 5183 4299563062 4291276189 26174 24062 4523885 4157330 1 55 2158413197 10210672 4133511168 589451264 19861504 14635734 11536106 1842500 3025708 7136255
1790580685479 0 90949 1 4299723025 4291484200 26174 24062 4523885 4157330 1 55 2158462522 10210903 4134842368 369094656 37040128 14876031 11731042 1891845 3083557 7297995
1790580686500 0 79168 11705 4299916861 4291678222 26174 24062 4523885 4157330 1 55 2158519870 10211158 4136497152 321990656 71577600 15175345 11968156 1948641 3131509 7407292
1790580687525 0 33112 0 4300061088 4291880087 26174 24062 4523885 4157330 1 55 2158559411 10211335 4137922560 119349248 0 15386478 12135257 1987691 3193460 7562614
1790580688549 0 72725 10 4300190684 4291970208 26174 24062 4523885 4157330 1 55 2158600056 10211538 4139343872 295305216 22179840 15589674 12299489 2028828 3258672 7742723
1790580689574 0 85049 0 4300380119 4292147359 26174 24062 4523885 4157330 1 55 2158648338 10211750 4139229184 353517568 4067328 15873986 12516233 2077139 3316664 7867332
1790580690594 0 45239 10072 4300563546 4292360531 26174 24062 4523885 4157330 1 55 2158687345 10211942 4137938944 223870976 31272960 16128887 12709142 2116694 3370046 8036141
1790580691612 0 124555 8540 4300775799 4292494935 26174 24062 4523885 4157330 1 55 2158724929 10212142 4135665664 508043264 62783488 16412562 12933469 2154234 3422204 8125423
1790580692634 0 47597 32 4300940019 4292744636 26174 24062 4523885 4157330 1 55 2158751173 10212300 4133773312 172036096 0 16605046 13087883 2178922 3460283 8289306
1790580693655 0 50507 57 4301142646 4292944382 26174 24062 4523885 4157330 1 55 2158779448 10212449 4131848192 224419840 8642560 16858177 13291823 2208734 3500705 8388943
1790580694677 0 72753 18979 4301367189 4293127490 26174 24062 4523885 4157330 1 55 2158793692 10212591 4126502912 401891328 3842048 17101436 13484747 2223054 3543264 8457274
1790580695699 0 133942 0 4301582749 4293300935 26174 24062 4523885 4157330 1 55 2158812291 10212728 4123717632 522747904 0 17342726 13672303 2241575 3584937 8530967
1790580696724 0 103453 65 4301773399 4293522230 26174 24062 4523885 4157330 1 55 2158829720 10212830 4120412160 404541440 0 17549297 13841740 2259006 3638434 8672225
1790580697755 0 59411 43 4301975365 4293768006 26174 24062 4523885 4157330 1 55 2158848180 10212934 4117303296 217497600 0 17765482 14019858 2277470 3680090 8753865
1790580698777 0 93869 7750 4302196084 4293946756 26174 24062 4523885 4157330 1 55 2158876875 10213072 4116180992 430333952 12734464 18049471 14240203 2306159 3736830 8831541
1790580699797 0 44931 29 4302382965 4294190125 26174 24062 4523885 4157330 1 55 2158901987 10213175 4116033536 186204160 9334784 18272022 14428075 2330765 3780972 8977365
1790580700819 0 64264 5255 4302590571 4294373356 26174 24062 4523885 4157330 1 55 2158939743 10213336 4116451328 284528640 39555072 18544023 14648448 2369026 3829791 9072614
1790580701845 0 75235 19193 4302797051 4294554966 26174 24062 4523885 4157330 1 55 2158976702 10213490 4118056960 416583680 1667072 18814537 14872443 2405990 3871890 9146843
1790580702869 0 57226 73 4302982579 4294777611 26174 24062 4523885 4157330 1 55 2159011347 10213633 4119609344 211005440 0 19057723 15073561 2439608 3926480 9283458
1790580703892 0 66398 823 4303180807 4294966276 26174 24062 4523885 4157330 1 55 2159048808 10213802 4121280512 281628672 6856704 19334167 15304571 2477605 3976242 9372072
1790580704927 0 66338 26 4303376801 4295162681 26174 24062 4523885 4157330 1 55 2159101475 10214019 4124385280 298532864 2478080 19615216 15535839 2529734 4039218 9478914
1790580705956 0 78470 81 4303581507 4295355130 26174 24062 4523885 4157330 1 55 2159134290 10214204 4124143616 297947136 0 19869788 15752923 2563117 4099909 9579414
1790580706978 0 85660 62 4303781194 4295547855 26174 24062 4523885 4157330 1 55 2159181038 10214429 4125683712 328716288 0 20161405 15986467 2607882 4150054 9692444
1790580708006 0 122864 2 4303983838 4295713123 26174 24062 4523885 4157330 1 55 2159238293 10214693 4128899072 479813632 0 20456090 16238478 2665978 4208786 9825229
1790580709035 0 101572 0 4304155030 4295905638 26174 24062 4523885 4157330 1 55 2159287369 10214914 4130254848 393973760 0 20716674 16452544 2714985 4252435 9935823
1790580710058 0 112202 0 4304358049 4296098150 26174 24062 4523885 4157330 1 55 2159339820 10215143 4131962880 433901568 0 21013963 16685351 2767082 4305671 10075255
1790580711085 0 63197 0 4304544782 4296333840 26174 24062 4523885 4157330 1 55 2159384996 10215331 4132454400 237113344 0 21273204 16889742 2812799 4361064 10207971
1790580712113 0 58636 2633 4304751202 4296542227 26174 24062 4523885 4157330 1 55 2159417989 10215518 4130316288 262533120 4272128 21528903 17095397 2846632 4408922 10297651
1790580713138 0 89347 0 4304970129 4296733005 26174 24062 4523885 4157330 1 55 2159460546 10215726 4128817152 343392256 0 21833953 17327726 2888973 4467426 10383880
1790580714170 0 111014 6789 4305179361 4296913908 26174 24062 4523885 4157330 1 55 2159488416 10215893 4126601216 538959872 2187264 22094064 17531602 2917187 4515976 10472204
1790580715196 0 126216 0 4305393314 4297119266 26174 24062 4523885 4157330 1 55 2159507997 10216043 4123451392 492920832 0 22331538 17725197 2937279 4574968 10590651
1790580716228 0 25186 12229 4305532754 4297347883 26174 24062 4523885 4157330 1 55 2159521349 10216144 4121407488 197746688 2514944 22494069 17857688 2950633 4616273 10691534
1790580717258 0 149618 1022 4305778977 4297480588 26174 24062 4523885 4157330 1 55 2159546552 10216317 4117843968 594374656 0 22759948 18078870 2975320 4669570 10766001
1790580718282 0 37398 0 4305939595 4297754469 26174 24062 4523885 4157330 1 55 2159570549 10216452 4117270528 134733824 0 22957803 18242695 2999324 4720258 10924449
1790580719304 0 75873 19038 4306151304 4297908873 26174 24062 4523885 4157330 1 55 2159591876 10216585 4116062208 395288576 25763840 23210939 18443699 3021162 4778154 11035693
1790580720328 0 147643 0 4306369297 4298074023 26174 24062 4523885 4157330 1 55 2159609879 10216707 4114198528 581197824 0 23451579 18646027 3039166 4815517 11088905
1790580721351 0 126191 0 4306561956 4298288122 26174 24062 4523885 4157330 1 55 2159637087 10217061 4114259968 494428160 0 23700689 18845464 3065347 4901972 11233214
1790580722375 0 119799 0 4306750456 4298482682 26174 24062 4523885 4157330 1 55 2159660177 10217195 4114309120 466726912 0 23941157 19038316 3088968 4939511 11301531
1790580723415 0 22248 0 4306915233 4298745280 26174 24062 4523885 4157330 1 55 2159686882 10217337 4114186240 74784768 0 24147055 19211676 3115300 4979411 11422349
1790580724438 0 96277 2042 4307061997 4298815957 26174 24062 4523885 4157330 1 55 2159711543 10217490 4114923520 421863424 5443584 24351044 19373598 3140831 5026638 11525099
1790580725477 0 76260 8176 4307246743 4299014898 26174 24062 4523885 4157330 1 55 2159746485 10217676 4116955136 387293184 17477632 24594636 19581061 3175264 5081020 11649042
1790580726516 0 72686 17160 4307435571 4299198068 26174 24062 4523885 4157330 1 55 2159787556 10217860 4119584768 397176832 1953792 24868481 19801411 3216842 5128059 11738606
1790580727537 0 90388 2236 4307628160 4299388064 26174 24062 4523885 4157330 1 55 2159824049 10218052 4121440256 401432576 5324800 25128871 20017639 3253345 5198323 11846636
1790580728556 0 44746 4595 4307812645 4299615537 26174 24062 4523885 4157330 1 55 2159859504 10218250 4122255360 200830976 15896576 25365666 20223346 3288789 5244469 11954490
1790580729580 0 105231 0 4308021876 4299768897 26174 24062 4523885 4157330 1 55 2159909084 10218524 4124524544 408047616 0 25660704 20461941 3337337 5303294 12051627
1790580730608 0 115688 0 4308218841 4299955265 26174 24062 4523885 4157330 1 55 2159953857 10218776 4126978048 450117632 0 25928578 20687816 3382629 5367196 12222406
1790580731633 0 111840 67 4308419809 4300160134 26174 24062 4523885 4157330 1 55 2160001108 10219031 4127571968 434159616 0 26205210 20914700 3428351 5423777 12345574
1790580732657 0 69554 3161 4308606990 4300386598 26174 24062 4523885 4157330 1 55 2160036077 10219226 4127383552 300449792 21344256 26465491 21119129 3465380 5457121 12415646
1790580733683 0 115746 15 4308767964 4300504304 26174 24062 4523885 4157330 1 55 2160068965 10219401 4127264768 451321856 0 26675021 21288833 3497249 5510744 12551725
1790580734708 0 123861 0 4308967257 4300695603 26174 24062 4523885 4157330 1 55 2160103434 10219597 4125896704 482508800 0 26930109 21494996 3532719 5557747 12651003
1790580735751 0 76546 13 4309146463 4300922010 26174 24062 4523885 4157330 1 55 2160141043 10219780 4126048256 288772096 0 27184227 21693524 3569690 5603097 12746684
1790580736800 0 93595 0 4309325343 4301083927 26174 24062 4523885 4157330 1 55 2160169197 10219972 4125270016 359723008 0 27414936 21879012 3597981 5659472 12863390
1790580737826 0 82173 0 4309525045 4301294941 26174 24062 4523885 4157330 1 55 2160190780 10220109 4122775552 317894656 0 27643310 22059528 3620075 5717156 12965394
1790580738851 0 69058 16521 4309731022 4301497597 26174 24062 4523885 4157330 1 55 2160216535 10220274 4121341952 382410752 3739648 27891814 22261359 3645843 5762170 13069663
1790580739875 0 90176 0 4309928908 4301690961 26174 24062 4523885 4157330 1 55 2160237173 10220427 4119121920 344158208 0 28122852 22449832 3665952 5803753 13149207
1790580740901 0 49980 16644 4310134951 4301920591 26174 24062 4523885 4157330 1 55 2160266716 10220590 4117528576 295575552 7200768 28375048 22655346 3696030 5847301 13243605
1790580741942 0 112571 2860 4310368753 4302105527 26174 24062 4523885 4157330 1 55 2160300913 10220790 4116574208 526065664 22605824 28657741 22887547 3729180 5905279 13352025
1790580742977 0 149995 0 4310572616 4302274911 26174 24062 4523885 4157330 1 55 2160324882 10220923 4115185664 596189184 0 28896008 23081535 3754291 5959415 13464603
1790580744006 0 130069 1045 4310776020 4302497307 26174 24062 4523885 4157330 1 55 2160349133 10221039 4114427904 562491392 2113536 29149857 23281008 3777349 6001105 13535437
1790580745028 0 83993 681 4310967347 4302734864 26174 24062 4523885 4157330 1 55 2160381023 10221210 4114972672 342908928 28884992 29393855 23483265 3810307 6052598 13654319
1790580746049 0 74270 0 4311167007 4302944947 26174 24062 4523885 4157330 1 55 2160416871 10221383 4115288064 281899008 0 29646034 23694762 3845190 6101982 13752234
1790580747074 0 89528 18 4311372706 4303135412 26174 24062 4523885 4157330 1 55 2160461895 10221562 4116860928 340582400 0 29924502 23924904 3888498 6149918 13861355
1790580748103 0 116691 0 4311590278 4303325875 26174 24062 4523885 4157330 1 55 2160507362 10221775 4119814144 454664192 0 30228178 24176712 3935698 6212242 13956904
1790580749126 0 106093 0 4311770245 4303516339 26174 24062 4523885 4157330 1 55 2160544911 10221956 4120739840 410742784 0 30478018 24381401 3974234 6268983 14091864
1790580750151 0 118158 0 4311971026 4303705192 26174 24062 4523885 4157330 1 55 2160587965 10222153 4121935872 457793536 0 30755019 24608734 4017273 6328461 14218966
1790580751174 0 95580 645 4312129160 4303885421 26174 24062 4523885 4157330 1 55 2160624917 10222323 4122533888 400801792 1347584 30969240 24791598 4052717 6405698 14423098
1790580752198 0 124181 0 4312309084 4304037093 26174 24062 4523885 4157330 1 55 2160679171 10222532 4124676096 484450304 0 31252243 25009919 4108542 6455411 14542805
1790580753221 0 73076 0 4312473090 4304252205 26174 24062 4523885 4157330 1 55 2160721286 10222717 4126924800 277299200 0 31493223 25205584 4149548 6501942 14680648
1790580754244 0 123705 0 4312666152 4304394654 26174 24062 4523885 4157330 1 55 2160765951 10222911 4127236096 484622336 0 31767400 25423540 4194733 6548330 14789075
1790580755289 0 119147 522 4312876174 4304608920 26174 24062 4523885 4157330 1 55 2160804519 10223097 4126498816 505896960 74743808 32038549 25641210 4232779 6607126 14918495
1790580756338 0 94163 34 4313036136 4304794172 26174 24062 4523885 4157330 1 55 2160832796 10223255 4125753344 361353216 0 32250002 25806001 4262093 6674444 15047982
1790580757360 0 31348 6856 4313224780 4305038753 26174 24062 4523885 4157330 1 55 2160861068 10223408 4124602368 151207936 26927104 32500906 26004551 4290345 6728406 15197463
1790580758386 0 83848 9553 4313452733 4305211663 26174 24062 4523885 4157330 1 55 2160892534 10223592 4122304512 423583744 1384448 32777310 26222638 4321822 6795834 15300221
1790580759411 0 96024 0 4313653680 4305409830 26174 24062 4523885 4157330 1 55 2160925677 10223763 4121165824 371417088 0 33017992 26420941 4354441 6865518 15454355
1790580760443 0 120511 635 4313873799 4305605181 26174 24062 4523885 4157330 1 55 2160960343 10223966 4120109056 544055296 2498560 33301963 26648395 4389623 6916430 15562965
1790580761467 0 121013 0 4314084518 4305815642 26174 24062 4523885 4157330 1 55 2160989121 10224140 4119130112 471441408 0 33572269 26853245 4417892 6967467 15668082
1790580762493 0 131104 0 4314281932 4306003034 26174 24062 4523885 4157330 1 55 2161021981 10224334 4118700032 513097728 0 33824374 27058098 4449770 7025506 15818094
1790580763515 0 67909 9271 4314453743 4306228876 26174 24062 4523885 4157330 1 55 2161048774 10224492 4118286336 328196096 16617472 34052566 27239393 4478051 7076101 15937924
1790580764535 0 104812 11972 4314673143 4306408600 26174 24062 4523885 4157330 1 55 2161076522 10224668 4117450752 498913280 13103104 34332099 27460810 4505801 7123141 16006411
1790580765556 0 54648 0 4314856835 4306654395 26174 24062 4523885 4157330 1 55 2161112960 10224832 4118163456 202334208 0 34571003 27653742 4540714 7180543 16152712
1790580766586 0 138200 8979 4315071671 4306777118 26174 24062 4523885 4157330 1 55 2161150483 10225056 4118065152 609447936 0 34848319 27885193 4579256 7226507 16246742
1790580767626 0 120680 1821 4315269171 4306999045 26174 24062 4523885 4157330 1 55 2161178768 10225216 4117639168 556187648 1802240 35097055 28085024 4607979 7279106 16375549
1790580768657 0 128668 0 4315471812 4307195272 26174 24062 4523885 4157330 1 55 2161215710 10225410 4118851584 501407744 0 35357101 28302780 4644516 7332817 16473746
1790580769681 0 124969 0 4315658681 4307385737 26174 24062 4523885 4157330 1 55 2161250001 10225589 4118765568 489738240 0 35599062 28502421 4678131 7376743 16576309
1790580770706 0 48669 0 4315776248 4307579889 26174 24062 4523885 4157330 1 55 2161267109 10225682 4118196224 172539904 0 35741016 28618492 4695882 7410513 16797531
1790580771730 0 76278 0 4315924989 4307700782 26174 24062 4523885 4157330 1 55 2161297937 10225829 4119334912 287715328 0 35941723 28787299 4727222 7450346 16905391
1790580772753 0 82150 5446 4316100031 4307864558 26174 24062 4523885 4157330 1 55 2161340602 10226040 4120403968 334106624 51302400 36195658 28991318 4769881 7488975 17009406
1790580773776 0 91864 0 4316255871 4308016302 26174 24062 4523885 4157330 1 55 2161379406 10226221 4121710592 352530432 0 36410263 29167367 4808400 7539523 17127715
1790580774799 0 92752 58 4316435934 4308195449 26174 24062 4523885 4157330 1 55 2161420374 10226404 4123017216 357027840 0 36666696 29370182 4849212 7576905 17202619
1790580775831 0 7263 333 4316606561 4308451239 26174 24062 4523885 4157330 1 55 2161456506 10226597 4123914240 52396032 2097152 36895755 29559944 4885269 7626050 17356063
1790580776862 0 67058 47 4316783491 4308568812 26174 24062 4523885 4157330 1 55 2161494017 10226796 4123336704 260386816 0 37132566 29753162 4921786 7679773 17446911
1790580777886 0 73968 7739 4316964389 4308735162 26174 24062 4523885 4157330 1 55 2161538213 10226989 4124606464 343498752 21880832 37392307 29962910 4967001 7720304 17521686
1790580778905 0 105411 6351 4317170064 4308910747 26174 24062 4523885 4157330 1 55 2161569501 10227188 4123549696 429404160 58740736 37647445 30172046 4998779 7755464 17626073
1790580779927 0 131195 13359 4317365109 4309072799 26174 24062 4523885 4157330 1 55 2161610064 10227405 4123086848 618033152 0 37904939 30377663 5038358 7797332 17694666
1790580780949 0 133097 362 4317570150 4309289007 26174 24062 4523885 4157330 1 55 2161642972 10227583 4121640960 572690432 6258688 38157128 30577309 5072285 7849299 17812894
1790580781973 0 122559 5496 4317775739 4309499850 26174 24062 4523885 4157330 1 55 2161672263 10227750 4119158784 498311168 49184768 38407604 30782738 5101569 7890828 17900050
1790580782994 0 81738 6 4317954329 4309724768 26174 24062 4523885 4157330 1 55 2161695821 10227903 4116987904 325652480 4112384 38616192 30952617 5124077 7936336 18024726
1790580784032 0 107475 5838 4318175561 4309914425 26174 24062 4523885 4157330 1 55 2161720026 10228067 4114837504 511455232 11177984 38884495 31160620 5147251 7973878 18125892
1790580785060 0 135170 0 4318350825 4310067984 26174 24062 4523885 4157330 1 55 2161750837 10228213 4114763776 532082688 0 39104679 31339457 5178594 8021570 18251605
1790580786083 0 122207 0 4318539873 4310269830 26174 24062 4523885 4157330 1 55 2161788315 10228385 4115488768 478822400 0 39357298 31545682 5216845 8074356 18380964
1790580787109 0 85484 1707 4318725246 4310490405 26174 24062 4523885 4157330 1 55 2161819646 10228540 4115513344 405073920 3002368 39601681 31748356 5248923 8124085 18486638
1790580788137 0 63 0 4318725354 4310577565 26174 24062 4523885 4157330 1 55 2161889069 10228757 4140007424 131072 0 39668479 31810827 5317374 8174323 18532089
1790580789159 0 112 0 4318725413 4310577575 26174 24062 4523885 4157330 1 55 2161987177 10229094 4145356800 131072 0 39780123 31907657 5415510 8233146 18549916
1790580790179 0 133 0 4318725442 4310577575 26174 24062 4523885 4157330 1 55 2162051204 10229228 3292758016 110592 0 39873992 31971509 5480481 8269497 18566688
