1790582280936 0 94 0 4448948965 4440801260 26174 24062 4523885 4157330 1 55 2235093088 10462221 - - - - - - - -
1790582282082 0 147490 2051 4449228720 4440931522 26174 24062 4523885 4157330 1 55 2235093104 10462324 1111707648 599470080 8388608 0 0 16 0 25436
1790582283105 0 152408 2099 4449457649 4441155345 26174 24062 4523885 4157330 1 55 2235093104 10462324 2054701056 611000320 15265792 0 0 16 0 142224
1790582284124 0 120984 2028 4449608085 4441337239 26174 24062 4523885 4157330 1 55 2235093104 10462324 2663739392 491040768 8237056 0 0 16 0 261184
1790582285159 0 130233 2014 4449760849 4441480949 26174 24062 4523885 4157330 1 55 2235093104 10462324 3286040576 520990720 16654336 0 0 16 0 403266
1790582286186 0 146420 1318 4449887534 4441592251 26174 24062 4523885 4157330 1 55 2235093104 10462324 3821891584 601894912 8388608 0 0 16 0 694408
1790582287217 0 149448 3551 4450003267 4441702626 26174 24062 4523885 4157330 1 55 2235093146 10462327 4160135168 604811264 16674816 75859 29973 16 27079 816792
1790582288238 0 149190 2623 4450103799 4441804437 26174 24062 4523885 4157330 1 55 2235098177 10462335 4159270912 606076928 19116032 255043 137187 4609 64068 935198
1790582289257 0 152922 2010 4450207590 4441904992 26174 24062 4523885 4157330 1 55 2235104764 10462340 4158894080 617558016 16384000 425368 246874 11634 127616 1051886
1790582290276 0 153968 950 4450307079 4442004534 26174 24062 4523885 4157330 1 55 2235110838 10462349 4158156800 621068288 10469376 565278 351678 17708 181679 1227770
1790582291295 0 157580 1537 4450408488 4442101685 26174 24062 4523885 4157330 1 55 2235120491 10462365 4157788160 644104192 8388608 717963 463434 27361 244290 1484822
1790582292317 0 153968 959 4450507352 4442204635 26174 24062 4523885 4157330 1 55 2235132665 10462384 4157976576 624308224 4079616 863153 572339 39535 341322 1877658
1790582293347 0 138626 3925 4450599993 4442309749 26174 24062 4523885 4157330 1 55 2235145343 10462403 4158128128 566845440 16011264 992061 678189 51717 409927 2171356
1790582294378 0 83932 1561 4450643115 4442410018 26174 24062 4523885 4157330 1 55 2235149400 10462436 4158238720 337104896 6393856 1074372 726424 56270 463620 2491811
1790582295415 0 110698 2048 4450732483 4442472133 26174 24062 4523885 4157330 1 55 2235169847 10462569 4159127552 460578816 16764928 1262684 834609 76271 534474 2692477
1790582296464 0 47231 1018 4450770610 4442574788 26174 24062 4523885 4157330 1 55 2235177074 10462619 4159426560 191696896 9265152 1338165 881125 83945 582480 2907487
1790582297483 0 106025 0 4450857934 4442604264 26174 24062 4523885 4157330 1 55 2235208107 10462754 4161519616 422948864 0 1510170 996265 114083 650882 3071365
1790582298515 0 82077 2120 4450915073 4442683518 26174 24062 4523885 4157330 1 55 2235228206 10462841 4162846720 344920064 8388608 1618562 1075606 134353 752019 3598367
1790582299553 0 100486 9963 4450997679 4442740011 26174 24062 4523885 4157330 1 55 2235253869 10462960 4164542464 414490624 43499520 1767366 1184022 160739 868985 4013794
1790582300605 0 130876 2502 4451085521 4442804568 26174 24062 4523885 4157330 1 55 2235289210 10463093 4167188480 543862784 14299136 1935973 1305522 195568 976987 4235400
1790582301638 0 36815 1985 4451104047 4442917559 26174 24062 4523885 4157330 1 55 2235296390 10463119 4167811072 157818880 8192 1969450 1330710 203258 1018040 4736110
1790582302663 0 94565 0 4451206370 4442964167 26174 24062 4523885 4157330 1 55 2235335567 10463248 4170326016 376877056 0 2153689 1468177 240977 1083761 4803451
1790582303701 0 92672 1902 4451281448 4443039797 26174 24062 4523885 4157330 1 55 2235363905 10463384 4171657216 397668352 3174400 2295312 1573284 270135 1233748 5008476
1790582304759 0 97889 4067 4451365156 4443115523 26174 24062 4523885 4157330 1 55 2235393699 10463525 4173352960 422326272 17829888 2464187 1685253 300569 1347416 5225017
1790582305819 0 96715 1800 4451440657 4443194494 26174 24062 4523885 4157330 1 55 2235423941 10463656 4174888960 410148864 6692864 2621418 1791412 330296 1450967 5530024
1790582306848 0 105611 1381 4451516200 4443261543 26174 24062 4523885 4157330 1 55 2235462419 10463800 4176605184 430411776 6946816 2793620 1904238 369293 1521553 5699144
1790582307871 0 11915 2521 4451553761 4443391736 26174 24062 4523885 4157330 1 55 2235475254 10463849 4176588800 46419968 17813504 2871385 1955985 382124 1613873 6197876
1790582308892 0 151921 12 4451697161 4443397606 26174 24062 4523885 4157330 1 55 2235529451 10464072 4176879616 611561472 0 3149194 2150123 435516 1700969 6230384
1790582309911 0 145313 5889 4451776663 4443477839 26174 24062 4523885 4157330 1 55 2235563492 10464182 4177092608 618000384 8388608 3308808 2266073 469912 1802254 6478636
1790582310930 0 152384 0 4451853210 4443553230 26174 24062 4523885 4157330 1 55 2235604977 10464296 4177350656 618074112 0 3487545 2380688 509393 1935163 6758255
1790582311950 0 143216 0 4451921958 4443631054 26174 24062 4523885 4157330 1 55 2235642719 10464410 4178165760 574377984 0 3637565 2487183 549126 2005785 6947171
1790582312974 0 26952 5524 4451952422 4443772286 26174 24062 4523885 4157330 1 55 2235654005 10464462 4178046976 127356928 14073856 3706382 2532307 560936 2038196 7103732
1790582313994 0 99770 0 4452063053 4443815653 26174 24062 4523885 4157330 1 55 2235708407 10464633 4178513920 399941632 0 3934784 2692551 613254 2192142 7225223
1790582315014 0 97464 73 4452140587 4443895411 26174 24062 4523885 4157330 1 55 2235744303 10464748 4179308544 390615040 0 4105872 2806636 650158 2240284 7341832
1790582316034 0 89544 0 4452210483 4443973349 26174 24062 4523885 4157330 1 55 2235794532 10464891 4180504576 359800832 0 4292141 2925653 699371 2350465 7558784
1790582317054 0 94884 4 4452293680 4444051196 26174 24062 4523885 4157330 1 55 2235839146 10465035 4181331968 383881216 0 4479204 3053544 744000 2486358 7817212
1790582318074 0 74413 2051 4452363594 4444139583 26174 24062 4523885 4157330 1 55 2235882227 10465152 4182282240 318218240 10547200 4653936 3168593 788617 2560813 7974323
1790582319097 0 56138 0 4452428503 4444224719 26174 24062 4523885 4157330 1 55 2235934002 10465278 4183064576 225452032 0 4816419 3281620 838344 2637463 8205637
1790582320121 0 115972 7529 4452526554 4444255469 26174 24062 4523885 4157330 1 55 2236010415 10465488 4184559616 474513408 30830592 5088329 3459026 917285 2838465 8421530
1790582321140 0 119016 6193 4452600533 4444327775 26174 24062 4523885 4157330 1 55 2236082945 10465660 4186660864 509083648 7835648 5306587 3602724 989812 2943111 8598063
1790582322162 0 102852 4 4452663899 4444413412 26174 24062 4523885 4157330 1 55 2236121370 10465763 4186652672 412803072 0 5461368 3702901 1027004 3029320 8730697
1790582323188 0 46995 9045 4452724012 4444520268 26174 24062 4523885 4157330 1 55 2236166626 10465894 4186746880 212897792 16060416 5621966 3811262 1073494 3114126 8894194
1790582324207 0 78780 0 4452808346 4444581969 26174 24062 4523885 4157330 1 55 2236238511 10466052 4187328512 313753600 0 5859724 3961671 1144112 3183053 8963006
1790582325240 0 88404 0 4452893784 4444657745 26174 24062 4523885 4157330 1 55 2236306395 10466226 4187373568 350793728 5128192 6054823 4100567 1211732 3330968 9151371
1790582326266 0 79120 0 4452982078 4444755250 26174 24062 4523885 4157330 1 55 2236347432 10466329 4185890816 320094208 0 6237119 4218671 1251754 3411665 9336876
1790582327286 0 94337 5106 4453082255 4444835231 26174 24062 4523885 4157330 1 55 2236399501 10466478 4183330816 415707136 0 6437061 4352773 1306399 3541861 9474681
1790582328308 0 7216 33 4453148311 4444993322 26174 24062 4523885 4157330 1 55 2236423233 10466564 4182106112 14794752 0 6560116 4428417 1329538 3723670 9834662
1790582329330 0 84563 31 4453274809 4445042638 26174 24062 4523885 4157330 1 55 2236474117 10466769 4179202048 335331328 0 6775310 4577836 1379973 3817570 10039799
1790582330353 0 89414 59 4453405766 4445168803 26174 24062 4523885 4157330 1 55 2236515774 10466939 4175208448 362053632 999424 6978470 4713085 1420595 3901464 10154108
1790582331374 0 98884 14887 4453553837 4445292690 26174 24062 4523885 4157330 1 55 2236542932 10467054 4169666560 413388800 68894720 7181246 4858274 1449798 4022924 10341988
1790582332393 0 73660 0 4453645368 4445424057 26174 24062 4523885 4157330 1 55 2236555028 10467126 4166246400 297918464 8261632 7300211 4938800 1461894 4080369 10548534
1790582333415 0 91295 3263 4453805113 4445562952 26174 24062 4523885 4157330 1 55 2236572474 10467229 4160630784 394887168 19144704 7485569 5075839 1478832 4179945 10670674
1790582334437 0 84060 69 4453928906 4445697158 26174 24062 4523885 4157330 1 55 2236588146 10467304 4157009920 331042816 0 7631999 5181490 1495021 4227977 10802602
1790582335463 0 65290 0 4454033993 4445821113 26174 24062 4523885 4157330 1 55 2236601522 10467372 4153667584 254980096 0 7759066 5277139 1507360 4291451 11008601
1790582336485 0 139979 0 4454185632 4445898063 26174 24062 4523885 4157330 1 55 2236618675 10467460 4149424128 561664000 0 7943442 5415617 1525095 4436533 11271253
1790582337505 0 84073 22046 4454317100 4446063548 26174 24062 4523885 4157330 1 55 2236632595 10467531 4147396608 342011904 112070656 8105117 5541545 1539462 4549630 11521685
1790582338524 0 62897 26051 4454438980 4446202406 26174 24062 4523885 4157330 1 55 2236653638 10467632 4145684480 291561472 96321536 8254341 5657726 1560514 4664640 11720694
1790582339544 0 137235 0 4454593696 4446308857 26174 24062 4523885 4157330 1 55 2236678984 10467729 4145582080 547147776 0 8460367 5818264 1585877 4778254 11914758
1790582340565 0 100538 8 4454683083 4446434950 26174 24062 4523885 4157330 1 55 2236698520 10467793 4145577984 401571840 0 8574266 5914550 1604365 4894544 12255521
1790582341591 0 104415 10716 4454795647 4446532973 26174 24062 4523885 4157330 1 55 2236723156 10467883 4145315840 481828864 11386880 8731495 6036510 1629510 4988067 12555824
1790582342614 0 148885 0 4454920006 4446623410 26174 24062 4523885 4157330 1 55 2236750724 10467980 4146425856 597274624 0 8907119 6176071 1657200 5079715 12728216
1790582343639 0 127224 877 4455039658 4446764012 26174 24062 4523885 4157330 1 55 2236784717 10468101 4148285440 518078464 9572352 9086911 6322490 1691071 5204874 12986125
1790582344658 0 93779 0 4455155607 4446914145 26174 24062 4523885 4157330 1 55 2236822925 10468211 4150329344 372555776 0 9256479 6463213 1729323 5284656 13174824
1790582345678 0 125239 0 4455273139 4447000262 26174 24062 4523885 4157330 1 55 2236857793 10468316 4151816192 500199424 0 9432183 6606965 1763783 5358784 13325360
1790582346698 0 105035 0 4455367596 4447114950 26174 24062 4523885 4157330 1 55 2236894816 10468401 4153745408 421662720 0 9593613 6735405 1801050 5431948 13538594
1790582347722 0 99164 15408 4455465719 4447203586 26174 24062 4523885 4157330 1 55 2236934363 10468521 4155895808 406224896 78168064 9765470 6869271 1840718 5537659 13749786
1790582348741 0 88791 0 4455556372 4447319913 26174 24062 4523885 4157330 1 55 2236959990 10468623 4156559360 354971648 0 9909493 6979793 1865347 5665356 13983700
1790582349762 0 95762 0 4455678321 4447434850 26174 24062 4523885 4157330 1 55 2237003640 10468766 4158222336 382345216 0 10103757 7140014 1909995 5827857 14209173
1790582350782 0 119542 1 4455796267 4447529126 26174 24062 4523885 4157330 1 55 2237062468 10468918 4161122304 481099776 0 10318756 7308458 1968358 5908634 14296268
1790582351802 0 103481 3 4455910376 4447659270 26174 24062 4523885 4157330 1 55 2237108280 10469057 4164059136 413220864 0 10518658 7465624 2014638 6074004 14558514
1790582352823 0 128406 0 4456031729 4447755695 26174 24062 4523885 4157330 1 55 2237160113 10469220 4165464064 514736128 0 10748588 7634228 2066482 6164845 14675532
1790582353856 0 72427 0 4456121234 4447901210 26174 24062 4523885 4157330 1 55 2237210324 10469354 4167831552 283668480 0 10926694 7771626 2116755 6269679 14927899
1790582354879 0 25450 0 4456205204 4448032060 26174 24062 4523885 4157330 1 55 2237254511 10469480 4168728576 99672064 0 11093956 7898989 2159339 6353012 15167072
1790582355900 0 129944 4198 4456328314 4448046577 26174 24062 4523885 4157330 1 55 2237333443 10469679 4172652544 557907968 4648960 11364835 8101949 2240369 6482184 15229592
1790582356921 0 70552 0 4456418464 4448200207 26174 24062 4523885 4157330 1 55 2237386125 10469815 4175130624 282734592 0 11554646 8240013 2290966 6620370 15457867
1790582357941 0 100145 4294 4456526856 4448274823 26174 24062 4523885 4157330 1 55 2237450817 10470023 4177940480 462303232 0 11793747 8414596 2357170 6762133 15610321
1790582358961 0 81449 33 4456627190 4448398093 26174 24062 4523885 4157330 1 55 2237500145 10470215 4178776064 327340032 0 11994942 8561003 2405470 6926273 15940352
1790582359980 0 43 13 4456710501 4448562793 26174 24062 4523885 4157330 1 55 2237565984 10470426 4181209088 10653696 6782976 12205749 8711259 2471830 7092521 16220850
1790582361001 0 125887 0 4456836421 4448562847 26174 24062 4523885 4157330 1 55 2237648954 10470696 4183568384 507183104 0 12494368 8915546 2555342 7205964 16261433
1790582362026 0 53456 6049 4456911404 4448704397 26174 24062 4523885 4157330 1 55 2237688500 10470808 4183162880 252669952 0 12649826 9018719 2594352 7313871 16477124
1790582363047 0 144454 0 4457041511 4448749422 26174 24062 4523885 4157330 1 55 2237757807 10471023 4183048192 577454080 0 12910325 9200102 2664673 7490093 16578302
1790582364067 0 75552 0 4457142743 4448919551 26174 24062 4523885 4157330 1 55 2237805003 10471172 4181172224 299044864 0 13110545 9335979 2710550 7590035 16777484
1790582365086 0 134558 0 4457266343 4448984109 26174 24062 4523885 4157330 1 55 2237862652 10471348 4179992576 546127872 0 13348136 9501303 2768011 7685535 16902545
1790582366106 0 74408 0 4457356217 4449134163 26174 24062 4523885 4157330 1 55 2237899537 10471468 4179320832 294551552 0 13514796 9616385 2805985 7763902 17146526
1790582367126 0 79151 44 4457453927 4449227001 26174 24062 4523885 4157330 1 55 2237937473 10471576 4177907712 311595008 0 13684408 9737506 2843365 7811026 17170365
1790582368150 0 102559 1 4457591071 4449340921 26174 24062 4523885 4157330 1 55 2237979191 10471724 4174999552 405508096 0 13888871 9884738 2885971 7888081 17330380
1790582369171 0 106142 56 4457730981 4449477323 26174 24062 4523885 4157330 1 55 2238014990 10471835 4171595776 421916672 0 14090847 10030989 2921376 7950962 17422670
1790582370194 0 50448 21600 4457846225 4449626626 26174 24062 4523885 4157330 1 55 2238033726 10471904 4168753152 241770496 73084928 14230824 10140187 2940592 8050996 17735290
1790582371216 0 134163 0 4457998046 4449716129 26174 24062 4523885 4157330 1 55 2238054789 10472016 4164505600 537497600 0 14417434 10278179 2961162 8188486 18013417
1790582372236 0 137371 3673 4458139202 4449850819 26174 24062 4523885 4157330 1 55 2238075839 10472119 4161179648 606515200 14454784 14585303 10411928 2982711 8340019 18259296
1790582373256 0 97538 0 4458273830 4450028594 26174 24062 4523885 4157330 1 55 2238098920 10472220 4157882368 384860160 0 14743319 10538158 3005276 8443723 18564015
1790582374276 0 81677 26 4458387021 4450157623 26174 24062 4523885 4157330 1 55 2238128164 10472335 4157186048 325812224 0 14895650 10665946 3034009 8500798 18726512
1790582375297 0 145391 0 4458523457 4450230436 26174 24062 4523885 4157330 1 55 2238159916 10472454 4156846080 587128832 0 15088264 10816472 3065771 8625315 18946931
1790582376320 0 82780 3 4458635053 4450404639 26174 24062 4523885 4157330 1 55 2238188485 10472567 4156821504 329457664 0 15240817 10944044 3094330 8730584 19119740
1790582377339 0 105161 0 4458741481 4450488716 26174 24062 4523885 4157330 1 55 2238215606 10472683 4156669952 424280064 0 15384685 11067312 3122034 8859367 19480567
1790582378358 0 86263 18661 4458841697 4450589474 26174 24062 4523885 4157330 1 55 2238243832 10472797 4157075456 389816320 53411840 15530099 11188024 3150698 8941636 19707178
1790582379377 0 112998 21 4458979891 4450719283 26174 24062 4523885 4157330 1 55 2238284554 10472974 4157923328 450822144 0 15716655 11342685 3191502 9007992 19857921
1790582380396 0 45224 876 4459095627 4450901995 26174 24062 4523885 4157330 1 55 2238314893 10473065 4158226432 199643136 9486336 15881805 11477180 3221256 9137571 20147581
1790582381425 0 122055 1971 4459254446 4450982921 26174 24062 4523885 4157330 1 55 2238353153 10473244 4158083072 544280576 1757184 16101640 11659688 3260019 9275440 20247211
1790582382448 0 106314 72 4459356676 4451102785 26174 24062 4523885 4157330 1 55 2238381910 10473376 4157480960 424951808 0 16237703 11777892 3287829 9459253 20606550
1790582383470 0 116910 0 4459467674 4451203174 26174 24062 4523885 4157330 1 55 2238408648 10473517 4157710336 466497536 0 16402499 11909036 3315517 9572242 20816027
1790582384489 0 104941 0 4459590997 4451338424 26174 24062 4523885 4157330 1 55 2238449887 10473691 4159238144 421113856 0 16590138 12066524 3355792 9675177 20972473
1790582385509 0 151912 0 4459712727 4451413229 26174 24062 4523885 4157330 1 55 2238494640 10473888 4160798720 610471936 0 16782115 12228395 3400999 9890953 21197546
1790582386529 0 81246 1829 4459819771 4451589593 26174 24062 4523885 4157330 1 55 2238531631 10474041 4161912832 355819520 2703360 16959439 12370858 3437990 9978168 21363425
1790582387548 0 124137 0 4459941569 4451669794 26174 24062 4523885 4157330 1 55 2238577068 10474243 4163665920 497831936 0 17154534 12528017 3483459 10098816 21563908
1790582388573 0 80618 11169 4460039832 4451800396 26174 24062 4523885 4157330 1 55 2238636658 10474467 4166672384 373760000 21893120 17350215 12683603 3543524 10206338 21705391
1790582389591 0 74576 22203 4460147737 4451903413 26174 24062 4523885 4157330 1 55 2238688076 10474707 4168704000 305246208 109010944 17546967 12838975 3594942 10350365 21932684
1790582390624 0 3765 20541 4460237755 4452065784 26174 24062 4523885 4157330 1 55 2238728637 10474880 4169416704 135806976 7790592 17719687 12965382 3634991 10432165 22125271
1790582391646 0 131670 0 4460369476 4452090145 26174 24062 4523885 4157330 1 55 2238790714 10475146 4171010048 528236544 0 17966856 13152582 3697136 10643294 22248668
1790582392666 0 49384 0 4460457257 4452260303 26174 24062 4523885 4157330 1 55 2238842766 10475374 4172918784 195526656 0 18148312 13291514 3748095 10741158 22384202
1790582393694 0 91647 0 4460530278 4452291068 26174 24062 4523885 4157330 1 55 2238894050 10475570 4175269888 371015680 0 18314618 13415144 3799957 10873703 22645387
1790582394721 0 61609 72 4460584299 4452375074 26174 24062 4523885 4157330 1 55 2238925409 10475687 4176613376 243757056 0 18429291 13498344 3830745 10946154 22888993
1790582395742 0 16427 16790 4460686063 4452505205 26174 24062 4523885 4157330 1 55 2238978688 10475900 4177850368 67190784 88629248 18657316 13656286 3885556 11071188 23076688
1790582396761 0 95275 0 4460802950 4452560075 26174 24062 4523885 4157330 1 55 2239050271 10476176 4179976192 374476800 0 18907995 13838348 3957171 11255809 23223260
1790582397782 0 87354 17 4460903791 4452668700 26174 24062 4523885 4157330 1 55 2239112379 10476387 4181270528 347103232 0 19121038 13991028 4018385 11406031 23398633
1790582398802 0 107628 2 4461024538 4452769263 26174 24062 4523885 4157330 1 55 2239162244 10476593 4180381696 434532352 0 19325213 14139733 4068598 11572550 23660563
1790582399822 0 73098 0 4461129519 4452908678 26174 24062 4523885 4157330 1 55 2239204846 10476760 4179341312 289144832 0 19512736 14269123 4110713 11751573 23969268
1790582400842 0 121751 0 4461252869 4452983488 26174 24062 4523885 4157330 1 55 2239270504 10477008 4179730432 487792640 0 19758927 14449852 4177406 11906250 24040379
1790582401863 0 61339 51 4461357274 4453148264 26174 24062 4523885 4157330 1 55 2239318347 10477165 4178395136 244850688 0 19943279 14584435 4223106 12055770 24344068
1790582402883 0 90376 72 4461459010 4453221072 26174 24062 4523885 4157330 1 55 2239376229 10477356 4178505728 361295872 0 20159406 14736075 4281592 12231216 24575401
1790582403905 0 69568 72 4461549153 4453331906 26174 24062 4523885 4157330 1 55 2239422210 10477536 4178452480 272273408 0 20338326 14863688 4328316 12360744 24792181
1790582404926 0 83741 52 4461646468 4453415001 26174 24062 4523885 4157330 1 55 2239475267 10477732 4177858560 331300864 0 20537146 15002380 4380613 12575275 25070206
1790582405947 0 61384 2043 4461749349 4453538665 26174 24062 4523885 4157330 1 55 2239510712 10477869 4176629760 267026432 5869568 20714691 15128424 4417071 12756430 25393070
1790582406969 0 105876 1 4461892322 4453638841 26174 24062 4523885 4157330 1 55 2239537419 10477989 4171677696 422490112 0 20893633 15255957 4443770 12859841 25563571
1790582407989 0 103278 0 4462014826 4453763882 26174 24062 4523885 4157330 1 55 2239573282 10478123 4169097216 412151808 0 21071123 15389877 4479692 12984856 25798732
1790582409020 0 66684 49 4462123736 4453909421 26174 24062 4523885 4157330 1 55 2239599984 10478240 4165898240 263901184 0 21213947 15506748 4504806 13111724 26162440
1790582410040 0 100862 16 4462259444 4454010967 26174 24062 4523885 4157330 1 55 2239628483 10478379 4162342912 401731584 0 21400078 15647110 4534337 13276715 26381297
1790582411061 0 94146 1915 4462396087 4454152836 26174 24062 4523885 4157330 1 55 2239658238 10478496 4160356352 385585152 43884544 21575298 15788613 4565120 13352868 26490879
1790582412086 0 74589 0 4462509865 4454287555 26174 24062 4523885 4157330 1 55 2239678918 10478578 4158803968 301232128 0 21716911 15900703 4585790 13428886 26665391
1790582413112 0 69783 1825 4462601206 4454382069 26174 24062 4523885 4157330 1 55 2239697145 10478646 4157075456 309243904 5771264 21823111 15990269 4604010 13498842 26970856
1790582414136 0 79320 38 4462732875 4454505892 26174 24062 4523885 4157330 1 55 2239721275 10478754 4154548224 316669952 0 21992286 16125042 4628141 13647776 27236917
1790582415156 0 115655 10858 4462871139 4454596985 26174 24062 4523885 4157330 1 55 2239749466 10478885 4152770560 473968640 67907584 22177680 16270929 4655891 13695523 27307398
1790582416175 0 116562 0 4462995559 4454731359 26174 24062 4523885 4157330 1 55 2239790523 10479015 4153516032 468865024 0 22361364 16421774 4696367 13858729 27534309
1790582417195 0 71996 0 4463114820 4454895113 26174 24062 4523885 4157330 1 55 2239832536 10479160 4155080704 284291072 0 22546710 16570125 4737868 14008244 27799887
1790582418215 0 75223 0 4463218543 4454995612 26174 24062 4523885 4157330 1 55 2239862299 10479273 4154974208 296140800 0 22699294 16693062 4768658 14106706 28020836
1790582419235 0 138298 0 4463365643 4455079677 26174 24062 4523885 4157330 1 55 2239917243 10479488 4156706816 550625280 0 22931430 16881452 4824117 14265223 28152985
1790582420254 0 109224 1651 4463468799 4455210468 26174 24062 4523885 4157330 1 55 2239953718 10479631 4156489728 442900480 30375936 23089322 17011390 4860584 14358834 28310256
1790582421285 0 85400 9 4463564865 4455331735 26174 24062 4523885 4157330 1 55 2239978362 10479758 4155953152 340230144 0 23230673 17119093 4883696 14418824 28472295
1790582422306 0 44758 0 4463685480 4455493075 26174 24062 4523885 4157330 1 55 2240009983 10479934 4156153856 172183552 0 23415568 17262748 4916842 14509049 28634424
1790582423326 0 107998 0 4463823526 4455567922 26174 24062 4523885 4157330 1 55 2240054653 10480133 4156690432 431796224 0 23633313 17433253 4961036 14680551 28842499
1790582424346 0 105303 0 4463950969 4455698029 26174 24062 4523885 4157330 1 55 2240089317 10480304 4156006400 416616448 0 23825170 17585297 4996200 14774856 28978759
1790582425384 0 107620 0 4464039399 4455784155 26174 24062 4523885 4157330 1 55 2240122434 10480448 4157243392 430231552 0 23973036 17703608 5029315 14950835 29321761
1790582426418 0 108333 0 4464126307 4455870270 26174 24062 4523885 4157330 1 55 2240157884 10480617 4158599168 431316992 0 24115909 17818572 5063729 15143831 29670661
1790582427437 0 38948 3766 4464227037 4456037082 26174 24062 4523885 4157330 1 55 2240206162 10480810 4160749568 192798720 10129408 24300393 17965632 5113029 15249723 29827588
1790582428457 0 117356 0 4464356815 4456091797 26174 24062 4523885 4157330 1 55 2240254916 10481015 4162453504 470544384 0 24520892 18136616 5161297 15433541 30005211
1790582429478 0 69995 0 4464454839 4456237378 26174 24062 4523885 4157330 1 55 2240307764 10481217 4164771840 282050560 0 24718507 18282769 5213047 15607964 30309698
1790582430503 0 100329 11519 4464558196 4456298848 26174 24062 4523885 4157330 1 55 2240367797 10481413 4167450624 463384576 3772416 24928894 18444098 5274663 15698965 30420676
1790582431523 0 70400 16 4464631851 4456413784 26174 24062 4523885 4157330 1 55 2240410918 10481562 4168691712 275910656 0 25080856 18555022 5317279 15773474 30579121
1790582432547 0 42390 1494 4464694206 4456502710 26174 24062 4523885 4157330 1 55 2240437640 10481688 4168613888 173457408 7016448 25201012 18640120 5344506 15978701 31094461
1790582433567 0 78697 0 4464788844 4456562528 26174 24062 4523885 4157330 1 55 2240480234 10481848 4168855552 318058496 0 25377626 18765074 5385055 16243666 31361036
1790582434591 0 73351 53 4464906552 4456685548 26174 24062 4523885 4157330 1 55 2240532591 10482056 4168802304 300625920 14331904 25597190 18921873 5438953 16328211 31472158
1790582435611 0 60174 11967 4465025915 4456806388 26174 24062 4523885 4157330 1 55 2240577951 10482250 4168347648 292683776 42721280 25812280 19077655 5484862 16486297 31641073
1790582436632 0 82807 6 4465145716 4456915250 26174 24062 4523885 4157330 1 55 2240631849 10482465 4168957952 326754304 0 26033251 19239702 5538746 16612049 31819171
1790582437653 0 20021 802 4465239931 4457071566 26174 24062 4523885 4157330 1 55 2240680412 10482625 4170022912 86376448 17129472 26212313 19372428 5587278 16805031 32132314
1790582438674 0 109579 0 4465364302 4457107099 26174 24062 4523885 4157330 1 55 2240725580 10482810 4170010624 446214144 0 26411957 19521932 5630832 16926600 32296224
1790582439699 0 78549 0 4465460407 4457234268 26174 24062 4523885 4157330 1 55 2240766108 10482971 4170694656 311136256 0 26584268 19649403 5672983 17056073 32567707
1790582440719 0 93135 1 4465562200 4457321418 26174 24062 4523885 4157330 1 55 2240809717 10483157 4170543104 371093504 0 26768251 19786940 5715289 17173211 32770381
1790582441739 0 67900 0 4465677357 4457461853 26174 24062 4523885 4157330 1 55 2240854379 10483317 4169908224 269746176 0 26960034 19933894 5760223 17303778 32981937
1790582442759 0 118803 11388 4465797754 4457519967 26174 24062 4523885 4157330 1 55 2240919977 10483551 4171476992 537526272 0 27206643 20110266 5826915 17376300 33055305
1790582443778 0 30936 0 4465860078 4457681414 26174 24062 4523885 4157330 1 55 2240953231 10483677 4172050432 122621952 0 27330262 20200367 5857263 17506941 33340504
1790582444802 0 101372 374 4465983759 4457734586 26174 24062 4523885 4157330 1 55 2241007149 10483890 4171161600 422592512 2170880 27563881 20363852 5913509 17570093 33391254
1790582445821 0 66999 1605 4466080626 4457864447 26174 24062 4523885 4157330 1 55 2241049200 10484030 4170981376 272109568 28004352 27733286 20488806 5956066 17720715 33693801
1790582446841 0 102214 0 4466199839 4457950029 26174 24062 4523885 4157330 1 55 2241093308 10484203 4169105408 412004352 0 27916947 20624968 5998132 17842133 33984549
1790582447866 0 61393 1021 4466296456 4458086536 26174 24062 4523885 4157330 1 55 2241119517 10484319 4166852608 254963712 28405760 28060675 20729510 6026383 18018025 34347218
1790582448895 0 76170 0 4466413292 4458189469 26174 24062 4523885 4157330 1 55 2241152372 10484465 4163932160 301498368 0 28234027 20857158 6058491 18117603 34501912
1790582449915 0 87889 0 4466525579 4458289955 26174 24062 4523885 4157330 1 55 2241186777 10484617 4162707456 346980352 0 28400650 20984161 6093136 18282130 34844726
1790582450935 0 114252 0 4466651343 4458389460 26174 24062 4523885 4157330 1 55 2241221840 10484741 4160352256 459599872 0 28574954 21113967 6127216 18456760 35171658
1790582451955 0 63535 43 4466740066 4458528790 26174 24062 4523885 4157330 1 55 2241247268 10484824 4159008768 247201792 0 28709406 21213462 6153632 18616108 35592521
1790582452975 0 132396 0 4466877666 4458597611 26174 24062 4523885 4157330 1 55 2241280092 10484976 4157612032 531668992 0 28906026 21362203 6186289 18742392 35777036
1790582453995 0 23568 0 4466939932 4458768611 26174 24062 4523885 4157330 1 55 2241298822 10485049 4156665856 84619264 0 28998134 21434634 6205196 18846438 36236372
1790582455015 0 114109 72 4467079612 4458817883 26174 24062 4523885 4157330 1 55 2241332677 10485222 4154949632 453115904 0 29190096 21589669 6239056 18956139 36360498
1790582456035 0 61275 34 4467186588 4458977615 26174 24062 4523885 4157330 1 55 2241359899 10485361 4154195968 236240896 0 29340724 21711738 6266766 19103672 36725787
1790582457055 0 139599 0 4467336603 4459049328 26174 24062 4523885 4157330 1 55 2241404264 10485568 4154204160 556843008 0 29561555 21890275 6311188 19274185 36888361
1790582458075 0 136836 0 4467452754 4459168253 26174 24062 4523885 4157330 1 55 2241440266 10485736 4154081280 556179456 0 29736546 22030178 6344594 19460325 37135877
1790582459095 0 89995 0 4467554540 4459316948 26174 24062 4523885 4157330 1 55 2241480316 10485885 4155666432 356356096 0 29903279 22164642 6386160 19570459 37357919
1790582460115 0 132786 0 4467669143 4459388704 26174 24062 4523885 4157330 1 55 2241529036 10486074 4157616128 536424448 0 30099591 22320020 6434379 19736509 37589407
1790582461138 0 73588 1 4467746284 4459525048 26174 24062 4523885 4157330 1 55 2241565177 10486240 4158865408 290893824 0 30242975 22429796 6472058 19835056 37814286
1790582462158 0 125597 1406 4467864891 4459590677 26174 24062 4523885 4157330 1 55 2241617053 10486459 4160544768 514703360 0 30453742 22593401 6522897 20009182 38046774
1790582463178 0 94353 0 4467979063 4459737106 26174 24062 4523885 4157330 1 55 2241655810 10486643 4160819200 377884672 0 30645759 22738842 6561415 20175171 38303494
1790582464199 0 17440 3 4468064906 4459899824 26174 24062 4523885 4157330 1 55 2241686217 10486795 4160749568 58998784 0 30785435 22845482 6592789 20265025 38606848
1790582465223 0 114424 8551 4468212411 4459941797 26174 24062 4523885 4157330 1 55 2241741929 10487033 4161118208 513024000 26132480 31021051 23032456 6647773 20403668 38666125
1790582466254 0 64897 0 4468313108 4460100641 26174 24062 4523885 4157330 1 55 2241771230 10487186 4160450560 260476928 0 31176731 23150246 6677585 20462381 38829119
1790582467274 0 80570 0 4468430338 4460202144 26174 24062 4523885 4157330 1 55 2241809438 10487386 4160352256 321568768 0 31353988 23291645 6715845 20623871 39122864
1790582468294 0 117883 3896 4468556667 4460287219 26174 24062 4523885 4157330 1 55 2241857250 10487602 4160708608 501325824 18505728 31574814 23457560 6764116 20678980 39187504
1790582469313 0 63282 0 4468648308 4460437422 26174 24062 4523885 4157330 1 55 2241902295 10487783 4162490368 252760064 0 31743492 23585726 6807739 20835065 39516480
1790582470337 0 89792 69 4468755864 4460518333 26174 24062 4523885 4157330 1 55 2241947562 10487940 4162998272 357240832 0 31930320 23726607 6853918 20922155 39695393
1790582471360 0 66373 525 4468845181 4460630709 26174 24062 4523885 4157330 1 55 2241972245 10488080 4162777088 286826496 1093632 32074997 23833646 6879112 21129062 40065066
1790582472379 0 118937 0 4468952021 4460685453 26174 24062 4523885 4157330 1 55 2242018326 10488270 4163641344 480645120 0 32266918 23974846 6922741 21222283 40239767
1790582473399 0 81295 0 4469051768 4460822802 26174 24062 4523885 4157330 1 55 2242069228 10488473 4165181440 321847296 0 32450520 24118299 6975097 21422257 40531616
1790582474420 0 12468 0 4469145737 4460985569 26174 24062 4523885 4157330 1 55 2242111852 10488651 4166070272 39153664 0 32624867 24246380 7018251 21522435 40713114
1790582475440 0 118539 0 4469282705 4461016443 26174 24062 4523885 4157330 1 55 2242165123 10488861 4166414336 475422720 0 32859269 24418831 7071534 21669513 40824801
1790582476460 0 92844 0 4469366647 4461126151 26174 24062 4523885 4157330 1 55 2242198020 10489008 4166692864 369643520 0 33005626 24528929 7103907 21744121 41031102
1790582477479 0 91512 0 4469452482 4461213321 26174 24062 4523885 4157330 1 55 2242238070 10489178 4167557120 366546944 0 33159308 24646594 7144486 21819650 41241709
1790582478500 0 125682 0 4469562421 4461289149 26174 24062 4523885 4157330 1 55 2242288921 10489375 4167671808 502046720 0 33348868 24795154 7195297 21881142 41337624
1790582479520 0 49048 0 4469655819 4461459071 26174 24062 4523885 4157330 1 55 2242329936 10489544 4168503296 189640704 0 33527427 24921558 7235915 22029459 41632889
1790582480550 0 51794 18671 4469762924 4461544883 26174 24062 4523885 4157330 1 55 2242373692 10489751 4168896512 303468544 6164480 33723243 25066441 7280557 22186789 41944731
1790582481569 0 83812 0 4469851392 4461619976 26174 24062 4523885 4157330 1 55 2242424496 10489942 4169789440 330960896 0 33901313 25195503 7330364 22307992 42166114
1790582482589 0 128097 9 4469947027 4461671276 26174 24062 4523885 4157330 1 55 2242484477 10490161 4171132928 514166784 0 34111782 25348753 7390893 22377348 42282471
1790582483609 0 88984 0 4470045185 4461808644 26174 24062 4523885 4157330 1 55 2242533319 10490345 4172029952 353964032 0 34317416 25485872 7438648 22485803 42456417
1790582484629 0 43232 0 4470122467 4461931645 26174 24062 4523885 4157330 1 55 2242574376 10490504 4172115968 165515264 0 34481073 25598868 7481248 22602941 42695077
1790582485651 0 66059 0 4470245732 4462031997 26174 24062 4523885 4157330 1 55 2242623020 10490714 4169863168 291573760 13369344 34695024 25756090 7529533 22719027 42832727
1790582486677 0 53198 6909 4470357920 4462150114 26174 24062 4523885 4157330 1 55 2242666785 10490890 4168187904 217878528 47349760 34885183 25893339 7573651 22868800 43094890
1790582487699 0 90 0 4470358045 4462210344 26174 24062 4523885 4157330 1 55 2242735794 10491077 4192055296 131072 0 34950510 25954405 7640544 22919394 43181336
1790582488720 0 106 0 4470358061 4462210344 26174 24062 4523885 4157330 1 55 2242860158 10491424 4195946496 131072 0 35097075 26078978 7766067 22981663 43224542
1790582489740 0 141 0 4470358096 4462210344 26174 24062 4523885 4157330 1 55 2242988201 10491754 4201537536 131072 0 35289490 26205043 7893485 23092915 43250354
1790582490759 0 162 0 4470358117 4462210407 26174 24062 4523885 4157330 1 55 2243061159 10492460 3146158080 94208 0 35587373 26278943 7968025 23244239 43287239
