1790580884627 0 0 0 4318725913 4310578155 26174 24062 4523885 4157330 1 55 2162051214 10229241 - - - - - - - -
1790580885668 0 119755 0 4318925651 4310658160 26174 24062 4523885 4157330 1 55 2162051222 10229341 795107328 467124224 0 0 0 8 0 6487
1790580886694 0 146822 1973 4319143114 4310846577 26174 24062 4523885 4157330 1 55 2162051222 10229341 1688281088 608849920 4890624 0 0 8 0 6487
1790580887734 0 105027 4 4319338024 4311085204 26174 24062 4523885 4157330 1 55 2162051222 10229341 2487459840 448483328 15695872 0 0 8 0 6487
1790580888766 0 126276 2068 4319519899 4311243827 26174 24062 4523885 4157330 1 55 2162051222 10229341 3229728768 494575616 41676800 0 0 8 0 6487
1790580889790 0 140726 73 4319727287 4311438778 26174 24062 4523885 4157330 1 55 2162051222 10229341 4079591424 555683840 0 0 0 8 0 6487
1790580890812 0 105049 0 4319883175 4311630294 26174 24062 4523885 4157330 1 55 2162052937 10229348 4139274240 414507008 0 237132 144119 1681 44491 47583
1790580891832 0 117634 4075 4320042081 4311772566 26174 24062 4523885 4157330 1 55 2162060367 10229363 4138229760 495554560 8388608 454645 311660 8970 96308 172297
1790580892857 0 114683 5986 4320176225 4311907796 26174 24062 4523885 4157330 1 55 2162072602 10229387 4138143744 462794752 40161280 640853 459429 21484 134016 409725
1790580893876 0 129454 20440 4320287315 4311989724 26174 24062 4523885 4157330 1 55 2162083753 10229405 4137975808 529649664 83886080 790408 583173 32497 173393 518632
1790580894911 0 114304 20671 4320352283 4312069520 26174 24062 4523885 4157330 1 55 2162088729 10229416 4137607168 467865600 83886080 869209 653027 37473 207148 570021
1790580895950 0 113876 3074 4320496273 4312231540 26174 24062 4523885 4157330 1 55 2162108617 10229451 4138086400 490901504 8388608 1079161 813438 57252 237819 760340
1790580897009 0 68004 55 4320579478 4312363611 26174 24062 4523885 4157330 1 55 2162124435 10229476 4138594304 260087808 0 1219300 910175 72207 280277 1097290
1790580898064 0 88478 2562 4320705912 4312467021 26174 24062 4523885 4157330 1 55 2162144215 10229512 4139159552 373919744 8232960 1415004 1056780 91854 324141 1345655
1790580899100 0 139809 2053 4320818085 4312528461 26174 24062 4523885 4157330 1 55 2162168372 10229554 4140425216 579821568 6860800 1592236 1196771 116693 380521 1521324
1790580900121 0 108059 12288 4320917706 4312649601 26174 24062 4523885 4157330 1 55 2162190886 10229591 4141588480 442597376 50331648 1755493 1319416 139630 417041 2009770
1790580901154 0 100224 16384 4321038892 4312774533 26174 24062 4523885 4157330 1 55 2162217231 10229637 4142800896 477257728 25489408 1944042 1464656 165975 457777 2141131
1790580902175 0 47214 0 4321119114 4312924039 26174 24062 4523885 4157330 1 55 2162234672 10229668 4143497216 177254400 0 2063953 1559526 182842 509572 2420887
1790580903215 0 128493 0 4321259640 4312983431 26174 24062 4523885 4157330 1 55 2162269888 10229728 4144963584 506957824 0 2283867 1732556 216344 562074 2472332
1790580904258 0 137989 0 4321385941 4313100168 26174 24062 4523885 4157330 1 55 2162301757 10229784 4145991680 549408768 0 2492885 1892036 248975 615749 2790542
1790580905280 0 146780 0 4321511436 4313216905 26174 24062 4523885 4157330 1 55 2162332547 10229840 4146515968 585322496 0 2698066 2048890 280469 669409 3030680
1790580906305 0 138975 0 4321620512 4313333806 26174 24062 4523885 4157330 1 55 2162366155 10229896 4146982912 551919616 0 2885327 2191310 314406 707917 3174384
1790580907332 0 35802 0 4321707928 4313524293 26174 24062 4523885 4157330 1 55 2162386000 10229930 4146921472 130277376 0 3027729 2297742 333357 752767 3444130
1790580908355 0 145088 4878 4321883528 4313585887 26174 24062 4523885 4157330 1 55 2162440288 10230026 4147707904 613265408 0 3336402 2528377 387978 806131 3574546
1790580909377 0 135146 0 4321982462 4313699399 26174 24062 4523885 4157330 1 55 2162474971 10230084 4147867648 537993216 0 3510610 2661504 422815 864137 3784330
1790580910398 0 69687 0 4322092028 4313874604 26174 24062 4523885 4157330 1 55 2162509059 10230147 4148563968 269037568 0 3702172 2804372 456415 903768 4000171
1790580911434 0 67193 14332 4322247583 4314018238 26174 24062 4523885 4157330 1 55 2162556838 10230231 4148633600 353820672 32727040 3967398 3009361 505401 955812 4173975
1790580912466 0 77362 15704 4322359420 4314118664 26174 24062 4523885 4157330 1 55 2162600893 10230309 4149125120 394067968 22478848 4180175 3166892 549433 1005178 4247389
1790580913498 0 147271 0 4322517576 4314222449 26174 24062 4523885 4157330 1 55 2162666136 10230422 4149420032 586641408 0 4468766 3387701 614880 1051701 4402481
1790580914538 0 101203 8299 4322648274 4314391110 26174 24062 4523885 4157330 1 55 2162717974 10230512 4149567488 500989952 33554432 4706040 3570696 666487 1101242 4484598
1790580915579 0 147167 0 4322814364 4314519412 26174 24062 4523885 4157330 1 55 2162795331 10230640 4150226944 587259904 0 5033046 3809382 739727 1160864 4649650
1790580916600 0 98802 18432 4322943182 4314678104 26174 24062 4523885 4157330 1 55 2162846700 10230761 4150243328 402489344 75497472 5289365 3996414 795324 1212727 4739800
1790580917627 0 701 2 4323069778 4314921158 26174 24062 4523885 4157330 1 55 2162920966 10231090 4152061952 39116800 3870720 5548134 4188546 869582 1286491 5074848
1790580918651 0 123308 0 4323274512 4315003264 26174 24062 4523885 4157330 1 55 2163027946 10231618 4153389056 489349120 0 5957279 4484215 973802 1340195 5178685
1790580919674 0 127699 0 4323435526 4315160055 26174 24062 4523885 4157330 1 55 2163107849 10232039 4154036224 507441152 0 6295666 4718024 1055322 1401133 5353777
1790580920696 0 49161 0 4323573155 4315376219 26174 24062 4523885 4157330 1 55 2163175320 10232386 4153413632 196243456 4685824 6572555 4915970 1121936 1465032 5580291
1790580921721 0 54517 27708 4323726528 4315496592 26174 24062 4523885 4157330 1 55 2163255243 10232793 4152229888 356823040 5046272 6898537 5145345 1203826 1550452 5802504
1790580922745 0 26386 0 4323829685 4315655421 26174 24062 4523885 4157330 1 55 2163295135 10233045 4151242752 89137152 0 7076155 5277784 1243166 1606419 5988008
1790580923770 0 135639 0 4324010678 4315727152 26174 24062 4523885 4157330 1 55 2163391532 10233528 4150996992 538701824 0 7445558 5545689 1339522 1671732 6141760
1790580924792 0 118037 0 4324136466 4315870513 26174 24062 4523885 4157330 1 55 2163460452 10233865 4151406592 466964480 0 7691009 5732432 1407792 1723844 6315083
1790580925821 0 103080 5459 4324268535 4316012174 26174 24062 4523885 4157330 1 55 2163532765 10234226 4151492608 459087872 15851520 7962595 5933117 1481217 1769082 6491503
1790580926851 0 85904 0 4324394430 4316160592 26174 24062 4523885 4157330 1 55 2163594237 10234554 4150661120 336097280 0 8221051 6109973 1541675 1855751 6781169
1790580927876 0 137790 2069 4324551119 4316263428 26174 24062 4523885 4157330 1 55 2163669239 10234972 4149932032 590102528 3588096 8540350 6336785 1617709 1909753 6929986
1790580928898 0 107639 41 4324669960 4316414484 26174 24062 4523885 4157330 1 55 2163727976 10235283 4149186560 424431616 0 8770287 6503184 1674908 1962630 7285802
1790580929919 0 107787 0 4324810359 4316554758 26174 24062 4523885 4157330 1 55 2163784044 10235635 4147691520 424517632 0 9022561 6692456 1731484 2043722 7459707
1790580930945 0 108129 7 4324949978 4316694050 26174 24062 4523885 4157330 1 55 2163854615 10236009 4146429952 425197568 0 9293970 6893871 1800984 2106509 7664790
1790580931975 0 71356 488 4325068452 4316848810 26174 24062 4523885 4157330 1 55 2163911295 10236321 4145983488 313077760 3821568 9536893 7067601 1859327 2154366 7817282
1790580933002 0 107762 2512 4325226414 4316968346 26174 24062 4523885 4157330 1 55 2163985220 10236729 4145913856 439902208 35450880 9842795 7291957 1933987 2241769 7962067
1790580934022 0 129075 0 4325372407 4317095593 26174 24062 4523885 4157330 1 55 2164049523 10237109 4145041408 511729664 0 10104397 7488751 1996517 2300698 8197881
1790580935043 0 105143 0 4325506291 4317253354 26174 24062 4523885 4157330 1 55 2164099085 10237440 4143685632 412176384 0 10348776 7665060 2046433 2358298 8403540
1790580936088 0 55929 3 4325633422 4317429609 26174 24062 4523885 4157330 1 55 2164163696 10237792 4143570944 212795392 0 10596414 7848126 2109001 2422794 8659739
1790580937119 0 145782 840 4325812195 4317517883 26174 24062 4523885 4157330 1 55 2164240337 10238254 4142628864 613625856 5365760 10921673 8099372 2188721 2487883 8768290
1790580938140 0 108755 1554 4325933240 4317675232 26174 24062 4523885 4157330 1 55 2164299412 10238589 4142284800 464404480 7360512 11152228 8272813 2247782 2562601 8988493
1790580939163 0 128858 0 4326086435 4317809771 26174 24062 4523885 4157330 1 55 2164378987 10239018 4142993408 511729664 0 11455413 8493003 2325986 2624278 9227104
1790580940184 0 140952 0 4326237739 4317949036 26174 24062 4523885 4157330 1 55 2164445230 10239409 4143656960 559423488 0 11736300 8702739 2392873 2695037 9415388
1790580941213 0 97067 1874 4326366232 4318119633 26174 24062 4523885 4157330 1 55 2164500368 10239725 4142759936 432816128 6496256 11979267 8883974 2448890 2770864 9627657
1790580942240 0 78555 0 4326501367 4318274887 26174 24062 4523885 4157330 1 55 2164574193 10240091 4143931392 305078272 0 12242116 9080985 2520641 2822946 9868923
1790580943264 0 115712 0 4326642924 4318379432 26174 24062 4523885 4157330 1 55 2164641918 10240474 4145090560 456228864 0 12516492 9283276 2588818 2889792 10015803
1790580944292 0 70617 0 4326774447 4318556079 26174 24062 4523885 4157330 1 55 2164708386 10240820 4145459200 270569472 0 12782573 9474989 2655956 2949047 10243925
1790580945317 0 55236 0 4326916879 4318713892 26174 24062 4523885 4157330 1 55 2164780923 10241216 4145385472 208982016 0 13063683 9680986 2726394 3017080 10489805
1790580946363 0 75084 0 4327063956 4318840989 26174 24062 4523885 4157330 1 55 2164854960 10241598 4144750592 285413376 0 13342277 9894027 2800802 3081571 10647873
1790580947414 0 33056 0 4327174976 4318994101 26174 24062 4523885 4157330 1 55 2164910528 10241902 4145315840 118439936 0 13559299 10055611 2856392 3127410 10700982
1790580948441 0 142729 0 4327354200 4319063736 26174 24062 4523885 4157330 1 55 2164994242 10242362 4145053696 567934976 0 13914223 10309850 2940409 3180688 10773564
1790580949463 0 74420 0 4327469757 4319247574 26174 24062 4523885 4157330 1 55 2165059156 10242685 4146376704 288964608 0 14161604 10484983 3006242 3257724 11076673
1790580950486 0 144201 1200 4327641485 4319348684 26174 24062 4523885 4157330 1 55 2165149932 10243162 4147175424 605192192 3362816 14513169 10741957 3098279 3334449 11226393
1790580951517 0 49964 0 4327750723 4319552991 26174 24062 4523885 4157330 1 55 2165214487 10243468 4146806784 184143872 0 14740507 10905335 3161042 3416694 11519748
1790580952566 0 121969 0 4327906719 4319637006 26174 24062 4523885 4157330 1 55 2165281903 10243874 4145733632 479551488 0 15032165 11122040 3229391 3510928 11628242
1790580953602 0 62050 1111 4328028869 4319818104 26174 24062 4523885 4157330 1 55 2165357275 10244238 4147068928 278597632 4206592 15300745 11316261 3305269 3558425 11840232
1790580954633 0 108355 511 4328194104 4319937445 26174 24062 4523885 4157330 1 55 2165430178 10244675 4146196480 456630272 19365888 15609699 11548061 3378891 3636633 12024613
1790580955662 0 46361 58 4328306474 4320112260 26174 24062 4523885 4157330 1 55 2165483109 10244968 4145221632 180432896 2564096 15833677 11703970 3430730 3687518 12209101
1790580956686 0 101336 0 4328444653 4320195346 26174 24062 4523885 4157330 1 55 2165550835 10245342 4144992256 399560704 0 16093533 11900721 3496445 3779867 12316764
1790580957707 0 83300 0 4328567965 4320336852 26174 24062 4523885 4157330 1 55 2165626337 10245709 4146987008 323616768 0 16365170 12094930 3574539 3852458 12542405
1790580958729 0 97541 3276 4328710354 4320461682 26174 24062 4523885 4157330 1 55 2165708449 10246113 4147933184 397688832 36405248 16657668 12316229 3657210 3935410 12743387
1790580959754 0 109638 0 4328845752 4320588314 26174 24062 4523885 4157330 1 55 2165773906 10246484 4147097600 432029696 0 16925175 12504577 3720408 4020162 12985939
1790580960777 0 111933 0 4328984291 4320724507 26174 24062 4523885 4157330 1 55 2165856738 10246888 4148891648 443064320 0 17227227 12718127 3801966 4088134 13163263
1790580961801 0 86383 0 4329111427 4320877216 26174 24062 4523885 4157330 1 55 2165925437 10247224 4148400128 335020032 0 17489117 12907964 3871917 4160926 13405613
1790580962826 0 101768 3399 4329249326 4320996470 26174 24062 4523885 4157330 1 55 2166000030 10247598 4148150272 415862784 36663296 17783877 13119939 3948678 4248339 13579832
1790580963855 0 139461 0 4329366315 4321078945 26174 24062 4523885 4157330 1 55 2166052361 10247907 4147527680 552116224 0 17996813 13277857 3999678 4336462 13790141
1790580964879 0 77900 0 4329486032 4321260396 26174 24062 4523885 4157330 1 55 2166118327 10248248 4148056064 303673344 0 18253546 13457475 4064627 4404704 14041654
1790580965901 0 132421 1976 4329649888 4321367888 26174 24062 4523885 4157330 1 55 2166220727 10248717 4148830208 566079488 1310720 18602458 13720743 4168817 4486329 14222608
1790580966921 0 137836 71 4329782623 4321497100 26174 24062 4523885 4157330 1 55 2166290229 10249075 4148105216 547745792 0 18860618 13911200 4236131 4556155 14461482
1790580967945 0 112364 0 4329910006 4321649723 26174 24062 4523885 4157330 1 55 2166354289 10249412 4147908608 444833792 0 19126067 14097024 4300318 4610790 14649752
1790580968969 0 120201 0 4330050782 4321782844 26174 24062 4523885 4157330 1 55 2166419062 10249782 4148105216 473104384 0 19397245 14297771 4367751 4669887 14810813
1790580969998 0 52794 0 4330167703 4321967161 26174 24062 4523885 4157330 1 55 2166470904 10250092 4146716672 200572928 0 19626207 14459868 4417344 4719366 14959001
1790580971028 0 69799 0 4330317882 4322100282 26174 24062 4523885 4157330 1 55 2166535067 10250477 4145307648 265342976 0 19910634 14668478 4483222 4774260 15170038
1790580972080 0 92056 11736 4330473187 4322221704 26174 24062 4523885 4157330 1 55 2166620693 10250906 4146561024 461074432 3084288 20229555 14904393 4568596 4859872 15373774
1790580973111 0 87768 420 4330610300 4322374215 26174 24062 4523885 4157330 1 55 2166690795 10251275 4147482624 378097664 3133440 20493762 15104221 4638369 4934355 15589156
1790580974139 0 144013 0 4330775432 4322483518 26174 24062 4523885 4157330 1 55 2166776333 10251723 4147761152 575823872 0 20822059 15344650 4722694 4991498 15711247
1790580975160 0 82384 0 4330896141 4322665993 26174 24062 4523885 4157330 1 55 2166836169 10252040 4148281344 320425984 0 21059280 15520166 4783797 5081325 15927895
1790580976186 0 69907 9187 4331038379 4322811550 26174 24062 4523885 4157330 1 55 2166900733 10252408 4148064256 349450240 9383936 21325392 15724570 4848924 5129232 16162086
1790580977217 0 96391 2679 4331165393 4322918527 26174 24062 4523885 4157330 1 55 2166956771 10252739 4147044352 395010048 30334976 21580126 15902787 4905611 5190979 16340147
1790580978239 0 97576 1646 4331263516 4323016470 26174 24062 4523885 4157330 1 55 2166996915 10252986 4146749440 417370112 8273920 21756401 16034066 4945209 5252464 16489809
1790580979267 0 95545 0 4331381771 4323138332 26174 24062 4523885 4157330 1 55 2167045081 10253278 4145676288 380583936 0 21968428 16192938 4991774 5363327 16734155
1790580980292 0 42582 0 4331505949 4323315583 26174 24062 4523885 4157330 1 55 2167099130 10253605 4144926720 158478336 0 22195714 16362869 5044709 5405412 16984841
1790580981313 0 124024 16989 4331682217 4323393555 26174 24062 4523885 4157330 1 55 2167187065 10254086 4145303552 559927296 43622400 22533263 16625312 5135806 5456127 17123840
1790580982337 0 67680 3334 4331799522 4323580804 26174 24062 4523885 4157330 1 55 2167248605 10254410 4146470912 312578048 5586944 22764095 16798060 5197224 5511430 17282827
1790580983360 0 150618 0 4331972627 4323674157 26174 24062 4523885 4157330 1 55 2167334881 10254884 4148109312 600014848 0 23110345 17045013 5282917 5596506 17491781
1790580984384 0 110433 0 4332094398 4323836077 26174 24062 4523885 4157330 1 55 2167397484 10255205 4148703232 436494336 0 23352754 17222479 5344429 5672291 17762120
1790580985412 0 104345 3154 4332226562 4323971237 26174 24062 4523885 4157330 1 55 2167468754 10255577 4148789248 462155776 8318976 23624966 17423831 5417258 5728650 17979881
1790580986445 0 127074 0 4332379298 4324104480 26174 24062 4523885 4157330 1 55 2167540608 10255982 4148690944 502185984 0 23920738 17638400 5489290 5801924 18197097
1790580987466 0 135444 0 4332520812 4324237601 26174 24062 4523885 4157330 1 55 2167603689 10256344 4146958336 539201536 0 24185974 17836002 5550664 5903397 18472370
1790580988488 0 124804 0 4332659810 4324387235 26174 24062 4523885 4157330 1 55 2167663146 10256700 4146954240 494051328 0 24443537 18028026 5610637 5995156 18748878
1790580989516 0 95740 52 4332765993 4324522381 26174 24062 4523885 4157330 1 55 2167704856 10256965 4145917952 387854336 13213696 24631926 18172333 5651307 6053740 18954107
1790580990551 0 100119 657 4332908665 4324660250 26174 24062 4523885 4157330 1 55 2167767447 10257329 4145655808 429568000 1437696 24894227 18371921 5715394 6106223 19132960
1790580991580 0 134962 0 4333063156 4324780408 26174 24062 4523885 4157330 1 55 2167837345 10257734 4145061888 536854528 0 25174229 18586948 5783762 6178732 19358107
1790580992604 0 120640 0 4333203495 4324935159 26174 24062 4523885 4157330 1 55 2167905061 10258105 4146159616 476815360 0 25441805 18789873 5852524 6235001 19548648
1790580993627 0 121756 0 4333339781 4325070333 26174 24062 4523885 4157330 1 55 2167972832 10258475 4146647040 482164736 0 25708278 18986892 5919353 6304787 19772866
1790580994654 0 113210 51 4333466496 4325205486 26174 24062 4523885 4157330 1 55 2168046613 10258840 4148264960 446603264 0 25964214 19180641 5992347 6353727 19931829
1790580995690 0 16429 1392 4333566962 4325401319 26174 24062 4523885 4157330 1 55 2168095199 10259107 4148654080 104722432 2150400 26168957 19329114 6043781 6416903 20324189
1790580996721 0 94863 0 4333727260 4325484632 26174 24062 4523885 4157330 1 55 2168166974 10259530 4147716096 379994112 19845120 26480564 19553306 6114848 6486684 20431890
1790580997754 0 103687 1948 4333859665 4325606595 26174 24062 4523885 4157330 1 55 2168222908 10259862 4147109888 460185600 1245184 26730781 19737160 6171273 6573472 20622834
1790580998787 0 123768 0 4333976422 4325704916 26174 24062 4523885 4157330 1 55 2168266361 10260139 4145668096 488505344 0 26934156 19888232 6213247 6642071 20845288
1790580999815 0 135511 0 4334121444 4325838037 26174 24062 4523885 4157330 1 55 2168345159 10260559 4146192384 537931776 0 27213231 20105238 6291574 6708629 21012714
1790581000836 0 126256 5183 4334272907 4325993650 26174 24062 4523885 4157330 1 55 2168401273 10260936 4145188864 514863104 46125056 27487771 20311920 6350086 6748209 21141372
1790581001858 0 127093 0 4334412693 4326137822 26174 24062 4523885 4157330 1 55 2168461652 10261295 4145631232 504152064 0 27746370 20500602 6408513 6795213 21394053
1790581002894 0 117443 0 4334536280 4326270943 26174 24062 4523885 4157330 1 55 2168521069 10261614 4146851840 459440128 0 27981654 20676714 6467980 6861974 21589236
1790581003940 0 101546 1110 4334673295 4326422795 26174 24062 4523885 4157330 1 55 2168578522 10261967 4146827264 445693952 4415488 28234358 20870633 6527024 6937530 21756510
1790581004968 0 95166 0 4334807910 4326564987 26174 24062 4523885 4157330 1 55 2168630456 10262305 4144963584 372711424 0 28468366 21047923 6578101 6978776 21902945
1790581005997 0 69061 4904 4334930714 4326708964 26174 24062 4523885 4157330 1 55 2168690602 10262643 4145737728 282906624 43171840 28710679 21230418 6639367 7033484 22105460
1790581007024 0 36683 1374 4335050522 4326864624 26174 24062 4523885 4157330 1 55 2168751450 10262973 4147011584 174313472 4341760 28936842 21402901 6699198 7094551 22349814
1790581008050 0 129862 3404 4335210899 4326929818 26174 24062 4523885 4157330 1 55 2168828939 10263398 4147474432 559824896 4534272 29251560 21635457 6777758 7152239 22419903
1790581009073 0 112586 254 4335354267 4327093564 26174 24062 4523885 4157330 1 55 2168893637 10263769 4147634176 480964608 7618560 29530668 21835544 6842148 7230888 22706940
1790581010100 0 82125 2057 4335484643 4327253015 26174 24062 4523885 4157330 1 55 2168962085 10264128 4148224000 366587904 2379776 29790034 22029150 6910260 7289981 23053005
1790581011124 0 151059 0 4335645543 4327346748 26174 24062 4523885 4157330 1 55 2169041568 10264566 4148617216 601853952 0 30103161 22258099 6988700 7350343 23211712
1790581012149 0 46854 656 4335738975 4327543709 26174 24062 4523885 4157330 1 55 2169086061 10264816 4148277248 211177472 5406720 30285262 22394618 7034113 7421333 23568850
1790581013191 0 72580 808 4335890866 4327669950 26174 24062 4523885 4157330 1 55 2169162345 10265229 4148817920 326402048 3997696 30586426 22616113 7110642 7497243 23789389
1790581014221 0 115686 0 4336041300 4327777979 26174 24062 4523885 4157330 1 55 2169229625 10265635 4148527104 458985472 0 30867306 22825732 7177373 7562910 23926235
1790581015254 0 95998 0 4336177434 4327933684 26174 24062 4523885 4157330 1 55 2169289822 10265988 4148092928 374034432 0 31128881 23013155 7235598 7606685 24153955
1790581016297 0 101477 4133 4336305642 4328052319 26174 24062 4523885 4157330 1 55 2169351350 10266353 4147347456 413011968 37826560 31376868 23204541 7300094 7665746 24344368
1790581017323 0 14482 4389 4336401664 4328235044 26174 24062 4523885 4157330 1 55 2169393187 10266599 4147208192 90828800 13492224 31555348 23337120 7341499 7743455 24700485
1790581018364 0 128635 943 4336571794 4328294562 26174 24062 4523885 4157330 1 55 2169473858 10267058 4146589696 525496320 27893760 31889236 23582228 7422550 7804503 24803393
1790581019384 0 124631 3869 4336705886 4328429884 26174 24062 4523885 4157330 1 55 2169540147 10267410 4147359744 526569472 34533376 32148728 23776727 7488915 7863583 25016579
1790581020417 0 113854 0 4336832081 4328570503 26174 24062 4523885 4157330 1 55 2169597827 10267739 4147671040 449269760 0 32390058 23950435 7545679 7923518 25258845
1790581021439 0 123894 4 4336975527 4328703581 26174 24062 4523885 4157330 1 55 2169666979 10268124 4147261440 491495424 0 32658416 24155551 7613309 7989443 25481066
1790581022463 0 74900 1022 4337082910 4328859455 26174 24062 4523885 4157330 1 55 2169718680 10268409 4147093504 328192000 2895872 32869233 24313507 7666315 8053150 25711739
1790581023490 0 114478 373 4337243382 4328980917 26174 24062 4523885 4157330 1 55 2169797064 10268843 4147429376 482381824 974848 33175397 24545326 7745328 8124270 25902969
1790581024514 0 116444 0 4337367095 4329102720 26174 24062 4523885 4157330 1 55 2169853777 10269176 4147093504 458485760 0 33416601 24717010 7800500 8195594 26032183
1790581025542 0 119792 36 4337501454 4329233828 26174 24062 4523885 4157330 1 55 2169923083 10269545 4148260864 473583616 0 33680171 24915927 7870723 8270353 26235225
1790581026582 0 80129 0 4337612381 4329384477 26174 24062 4523885 4157330 1 55 2169978801 10269850 4147924992 306851840 0 33894286 25075156 7924742 8338841 26514296
1790581027619 0 145541 0 4337762820 4329469503 26174 24062 4523885 4157330 1 55 2170058578 10270272 4148424704 575193088 0 34204330 25297915 8003246 8424574 26705248
1790581028654 0 72452 0 4337876723 4329656449 26174 24062 4523885 4157330 1 55 2170111168 10270566 4147093504 281833472 0 34416502 25462488 8057678 8510713 27000600
1790581029683 0 116567 2434 4338031178 4329764647 26174 24062 4523885 4157330 1 55 2170183817 10270983 4147179520 512688128 2310144 34717124 25686133 8131793 8579792 27146588
1790581030713 0 42368 5952 4338143642 4329947536 26174 24062 4523885 4157330 1 55 2170241798 10271287 4147019776 171397120 53731328 34948667 25854064 8190396 8646057 27407841
1790581031748 0 73183 1853 4338280138 4330057396 26174 24062 4523885 4157330 1 55 2170306641 10271665 4147494912 329551872 6877184 35207047 26047262 8254908 8722657 27548511
1790581032789 0 124861 19 4338423845 4330151165 26174 24062 4523885 4157330 1 55 2170369790 10272041 4147150848 494313472 0 35472527 26245377 8316903 8781766 27694452
1790581033815 0 39916 0 4338520484 4330332704 26174 24062 4523885 4157330 1 55 2170432464 10272330 4148420608 145846272 0 35684010 26398756 8378660 8870006 27968614
1790581034841 0 140547 0 4338687480 4330399264 26174 24062 4523885 4157330 1 55 2170520333 10272787 4148658176 556519424 0 36020742 26647218 8467447 8926409 28093252
1790581035885 0 92872 1339 4338799887 4330558108 26174 24062 4523885 4157330 1 55 2170587545 10273122 4149526528 423149568 1421312 36266027 26824538 8535300 9000256 28329915
1790581036920 0 113328 0 4338940112 4330678895 26174 24062 4523885 4157330 1 55 2170636150 10273464 4147806208 444321792 0 36515879 27004495 8582880 9063412 28447538
1790581037953 0 95732 0 4339070010 4330826466 26174 24062 4523885 4157330 1 55 2170695611 10273805 4148035584 377057280 0 36778150 27188494 8641491 9108402 28614226
1790581038975 0 43785 0 4339190305 4330998795 26174 24062 4523885 4157330 1 55 2170763219 10274166 4147638272 162238464 0 37021954 27372040 8710219 9189351 28877675
1790581040000 0 143515 3650 4339365495 4331070670 26174 24062 4523885 4157330 1 55 2170854175 10274658 4148490240 619982848 0 37365838 27634687 8802705 9241729 28974409
1790581041020 0 114140 0 4339457396 4331195421 26174 24062 4523885 4157330 1 55 2170890569 10274888 4147138560 449716224 0 37546922 27756728 8838560 9302550 29143315
1790581042042 0 110045 3389 4339581938 4331320964 26174 24062 4523885 4157330 1 55 2170950623 10275231 4147617792 481898496 5394432 37797571 27940498 8899333 9371484 29242631
1790581043063 0 101948 3504 4339708735 4331455758 26174 24062 4523885 4157330 1 55 2171009045 10275567 4147802112 414904320 33284096 38045461 28120844 8957853 9462499 29483839
1790581044084 0 17492 2 4339808496 4331643175 26174 24062 4523885 4157330 1 55 2171054947 10275834 4147490816 53878784 0 38231990 28256819 9001906 9535118 29773820
1790581045107 0 144870 0 4340000316 4331707656 26174 24062 4523885 4157330 1 55 2171149712 10276351 4147929088 576262144 0 38607546 28535641 9096833 9597052 29884869
1790581046140 0 127820 56 4340112245 4331836694 26174 24062 4523885 4157330 1 55 2171197093 10276638 4147642368 502124544 0 38805947 28689133 9144054 9646877 30072934
1790581047194 0 99347 578 4340234731 4331987053 26174 24062 4523885 4157330 1 55 2171263851 10276994 4148637696 404414464 60940288 39069502 28878802 9212321 9712161 30436792
1790581048235 0 137907 1767 4340363560 4332076257 26174 24062 4523885 4157330 1 55 2171326372 10277338 4149264384 576999424 4206592 39314842 29063361 9274880 9780937 30578796
1790581049258 0 9521 305 4340456085 4332298588 26174 24062 4523885 4157330 1 55 2171366671 10277587 4148695040 64815104 4157440 39500881 29192629 9314778 9850779 30969407
1790581050290 0 85367 1302 4340631418 4332397106 26174 24062 4523885 4157330 1 55 2171440498 10278038 4147728384 373465088 4194304 39822623 29434783 9389274 9908698 31063648
1790581051320 0 97490 0 4340761085 4332515776 26174 24062 4523885 4157330 1 55 2171509547 10278393 4148133888 384184320 0 40079418 29625574 9457130 9971888 31285196
1790581052341 0 115659 0 4340908236 4332644801 26174 24062 4523885 4157330 1 55 2171579684 10278792 4147834880 456978432 0 40350908 29834903 9525700 10016765 31420238
1790581053370 0 95242 0 4341034395 4332791334 26174 24062 4523885 4157330 1 55 2171634189 10279127 4147478528 372961280 0 40591028 30011959 9581900 10078341 31648134
1790581054394 0 61533 514 4341165834 4332956060 26174 24062 4523885 4157330 1 55 2171697907 10279496 4147851264 269422592 2105344 40857685 30203554 9645901 10156812 31891002
1790581055439 0 137088 512 4341338119 4333052932 26174 24062 4523885 4157330 1 55 2171796805 10279997 4149796864 589189120 3473408 41216607 30468557 9745485 10220008 32055061
1790581056458 0 135553 1850 4341473570 4333188361 26174 24062 4523885 4157330 1 55 2171863935 10280359 4149690368 572809216 2920448 41479987 30665045 9812443 10293605 32285169
1790581057480 0 147274 1606 4341614872 4333318359 26174 24062 4523885 4157330 1 55 2171930561 10280735 4149272576 609910784 0 41758645 30865196 9878184 10363970 32526884
1790581058509 0 80533 19256 4341733840 4333486293 26174 24062 4523885 4157330 1 55 2171993353 10281067 4150018048 429371392 8507392 42006144 31044964 9942061 10419683 32747159
1790581059539 0 43421 47 4341854472 4333663333 26174 24062 4523885 4157330 1 55 2172046600 10281383 4149063680 201129984 1712128 42227962 31212108 9994852 10499144 32989082
1790581060568 0 121778 995 4342033626 4333763100 26174 24062 4523885 4157330 1 55 2172121314 10281847 4147535872 522391552 1658880 42562928 31458252 10069047 10573638 33136156
1790581061601 0 131263 0 4342150747 4333871543 26174 24062 4523885 4157330 1 55 2172177678 10282168 4147396608 516853760 0 42785415 31624156 10125508 10656066 33307066
1790581062650 0 83788 0 4342269001 4334037508 26174 24062 4523885 4157330 1 55 2172226292 10282469 4147236864 324534272 0 42991506 31784736 10172149 10710969 33490210
1790581063676 0 129108 2928 4342405735 4334125912 26174 24062 4523885 4157330 1 55 2172294508 10282850 4147036160 528855040 31543296 43267941 31991166 10243359 10768363 33611743
1790581064696 0 64195 0 4342513694 4334301750 26174 24062 4523885 4157330 1 55 2172349813 10283142 4147884032 246439936 0 43470617 32142474 10295196 10808222 33859336
1790581065738 0 31883 1538 4342630033 4334448785 26174 24062 4523885 4157330 1 55 2172402069 10283462 4148359168 125685760 7413760 43703532 32312263 10350858 10859987 34133086
1790581066804 0 118390 4372 4342807258 4334536866 26174 24062 4523885 4157330 1 55 2172486047 10283935 4148051968 554090496 1900544 44033853 32564496 10434050 10917830 34260702
1790581067838 0 39 0 4342853815 4334706018 26174 24062 4523885 4157330 1 55 2172525322 10284100 4174958592 4096 0 44133960 32641540 10471305 10961124 34358472
1790581068858 0 74 0 4342853853 4334706021 26174 24062 4523885 4157330 1 55 2172676642 10284406 4179988480 4096 0 44296818 32792791 10623784 11075222 34587490
1790581069879 0 101 0 4342853880 4334706021 26174 24062 4523885 4157330 1 55 2172827611 10284694 4187656192 4096 0 44468565 32941063 10773929 11136685 34698315
1790581070899 0 106 0 4342853885 4334706021 26174 24062 4523885 4157330 1 55 2172971942 10284963 4195733504 4096 0 44647652 33082914 10917751 11252911 34912317
1790581071921 0 140 0 4342853919 4334706021 26174 24062 4523885 4157330 1 55 2173074301 10285144 4199522304 4096 0 45062288 33187283 11023045 11442919 35050119
