1790582522147 0 1 0 4470358528 4462210947 26174 24062 4523885 4157330 1 55 2243061177 10492475 - - - - - - - -
1790582523206 0 112006 0 4470606962 4462347280 26174 24062 4523885 4157330 1 55 2243061210 10492575 999002112 440381440 0 0 0 0 0 26938
1790582524226 0 146167 4088 4470844781 4462546972 26174 24062 4523885 4157330 1 55 2243061210 10492577 1984778240 608313344 15978496 0 0 0 0 37991
1790582525245 0 109245 2348 4471043719 4462784520 26174 24062 4523885 4157330 1 55 2243061210 10492577 2795634688 454516736 8380416 0 0 0 0 58714
1790582526266 0 91491 4093 4471253059 4463010061 26174 24062 4523885 4157330 1 55 2243061210 10492577 3646357504 379629568 11272192 0 0 0 0 77513
1790582527286 0 118805 1844 4471439118 4463171190 26174 24062 4523885 4157330 1 55 2243061252 10492581 4158541824 486957056 12763136 131960 63310 0 65709 95199
1790582528312 0 57345 1537 4471540258 4463333731 26174 24062 4523885 4157330 1 55 2243069383 10492596 4158115840 253468672 8388608 308206 171244 8213 169151 361017
1790582529345 0 114996 0 4471668384 4463405810 26174 24062 4523885 4157330 1 55 2243078077 10492612 4157329408 458305536 0 503867 308214 16828 212024 471337
1790582530365 0 80723 0 4471754974 4463526643 26174 24062 4523885 4157330 1 55 2243085345 10492625 4157095936 319332352 0 629672 402434 24093 309012 830023
1790582531385 0 74532 3909 4471854726 4463628732 26174 24062 4523885 4157330 1 55 2243094289 10492642 4156727296 320880640 16625664 783059 513799 32964 342653 942165
1790582532411 0 96271 2591 4471961224 4463714709 26174 24062 4523885 4157330 1 55 2243110623 10492671 4157149184 403619840 33312768 938606 636232 49307 431799 1205956
1790582533456 0 135181 4096 4472075477 4463788620 26174 24062 4523885 4157330 1 55 2243128147 10492703 4157669376 569991168 16777216 1144977 768031 66831 505179 1346223
1790582534482 0 20176 0 4472101177 4463933421 26174 24062 4523885 4157330 1 55 2243137854 10492718 4158128128 73678848 0 1200368 800612 75948 564039 1886364
1790582535504 0 125890 6109 4472234120 4463954539 26174 24062 4523885 4157330 1 55 2243174671 10492780 4160335872 539996160 8224768 1472841 972420 113346 663968 1928407
1790582536529 0 81947 16384 4472302889 4464056978 26174 24062 4523885 4157330 1 55 2243198219 10492821 4161875968 334888960 67108864 1593336 1064344 136903 747263 2407226
1790582537563 0 128231 18396 4472408643 4464114436 26174 24062 4523885 4157330 1 55 2243238673 10492890 4164923392 524521472 75497472 1795606 1209801 177421 795703 2485615
1790582538586 0 91954 1960 4472464626 4464223132 26174 24062 4523885 4157330 1 55 2243266976 10492939 4166926336 383041536 12886016 1909658 1292910 205628 851372 2870737
1790582539609 0 126033 10153 4472566241 4464282470 26174 24062 4523885 4157330 1 55 2243310247 10493004 4170072064 565673984 16777216 2098760 1437469 248849 930922 2997030
1790582540643 0 34271 0 4472608191 4464426278 26174 24062 4523885 4157330 1 55 2243325884 10493031 4170825728 132595712 0 2175353 1491999 263547 1004819 3304420
1790582541667 0 114047 9855 4472731075 4464460068 26174 24062 4523885 4157330 1 55 2243377802 10493119 4173672448 497274880 15749120 2429186 1667559 316550 1152460 3468007
1790582542687 0 153165 0 4472827365 4464526631 26174 24062 4523885 4157330 1 55 2243418336 10493184 4175671296 617848832 0 2627391 1802017 355966 1260725 3703532
1790582543706 0 127779 0 4472898463 4464623051 26174 24062 4523885 4157330 1 55 2243459716 10493253 4177330176 514715648 0 2797846 1914156 397437 1343572 3908488
1790582544726 0 116080 0 4472981055 4464717263 26174 24062 4523885 4157330 1 55 2243490379 10493305 4177518592 467165184 0 2963782 2028202 428948 1432966 4109151
1790582545755 0 1317 33 4473028504 4464879565 26174 24062 4523885 4157330 1 55 2243510316 10493341 4177674240 163840 19869696 3052774 2096071 448617 1620976 4626344
1790582546805 0 134978 0 4473162244 4464879542 26174 24062 4523885 4157330 1 55 2243569689 10493440 4177584128 550969344 0 3329285 2287592 505702 1709591 4670860
1790582547824 0 115861 0 4473237261 4464973834 26174 24062 4523885 4157330 1 55 2243610101 10493512 4177883136 467709952 0 3507967 2403159 547468 1745871 4769342
1790582548844 0 98994 10 4473312768 4465066151 26174 24062 4523885 4157330 1 55 2243659647 10493597 4179087360 399134720 0 3694176 2527687 596877 1841799 5031953
1790582549863 0 90089 38 4473393935 4465156232 26174 24062 4523885 4157330 1 55 2243698553 10493663 4179202048 362065920 0 3869262 2648028 636192 1939988 5153385
1790582550902 0 940 2862 4473464625 4465313284 26174 24062 4523885 4157330 1 55 2243736212 10493733 4179881984 68726784 10756096 4018227 2757250 674783 2053704 5501453
1790582551945 0 112367 0 4473576270 4465316247 26174 24062 4523885 4157330 1 55 2243802086 10493845 4180701184 453259264 0 4291027 2933904 740312 2134428 5551483
1790582552965 0 105056 23 4473659076 4465406357 26174 24062 4523885 4157330 1 55 2243857014 10493932 4182024192 420139008 0 4493245 3071038 795768 2261364 5772481
1790582553985 0 99976 56 4473744309 4465496644 26174 24062 4523885 4157330 1 55 2243916243 10494037 4183040000 403767296 0 4710462 3214615 853468 2311203 5857013
1790582555004 0 87578 26 4473819934 4465584720 26174 24062 4523885 4157330 1 55 2243977793 10494150 4183900160 351289344 0 4903797 3351732 915546 2381897 6035845
1790582556027 0 54367 4096 4473890310 4465684267 26174 24062 4523885 4157330 1 55 2244047580 10494273 4185116672 233721856 13664256 5123186 3494271 986246 2469529 6183980
1790582557046 0 80775 0 4473974083 4465745695 26174 24062 4523885 4157330 1 55 2244122291 10494404 4187045888 326148096 0 5346057 3649795 1059643 2558534 6358870
1790582558066 0 69672 38 4474051087 4465833859 26174 24062 4523885 4157330 1 55 2244189917 10494520 4188217344 284934144 16187392 5571708 3796347 1128501 2722113 6574611
1790582559086 0 82025 20480 4474135237 4465885180 26174 24062 4523885 4157330 1 55 2244259641 10494642 4188151808 335392768 83886080 5797199 3950444 1198447 2842708 6707874
1790582560111 0 114395 30723 4474223028 4465930393 26174 24062 4523885 4157330 1 55 2244338890 10494773 4187799552 468250624 125829120 6056150 4117413 1277606 3027119 6889822
1790582561130 0 144373 0 4474300071 4466008085 26174 24062 4523885 4157330 1 55 2244419060 10494919 4188418048 583737344 0 6280209 4271108 1356302 3238340 7154505
1790582562150 0 48915 4 4474363764 4466167242 26174 24062 4523885 4157330 1 55 2244471848 10495016 4187820032 191561728 0 6460871 4388637 1410352 3313808 7357462
1790582563170 0 141748 0 4474456645 4466167283 26174 24062 4523885 4157330 1 55 2244575045 10495195 4188610560 576299008 0 6761678 4584151 1512144 3507615 7483289
1790582564190 0 129058 0 4474529952 4466253300 26174 24062 4523885 4157330 1 55 2244646020 10495320 4188753920 521924608 0 6969932 4727787 1583094 3660614 7789283
1790582565210 0 112488 0 4474597531 4466337430 26174 24062 4523885 4157330 1 55 2244733785 10495530 4188946432 457494528 0 7211546 4881943 1670416 3755940 7919005
1790582566230 0 110805 0 4474677728 4466419351 26174 24062 4523885 4157330 1 55 2244824596 10495824 4189954048 443871232 0 7471064 5048464 1762224 3869992 8079326
1790582567249 0 28825 0 4474748284 4466571798 26174 24062 4523885 4157330 1 55 2244898530 10496072 4189933568 107606016 0 7690724 5189588 1836623 3981324 8405455
1790582568269 0 98743 0 4474844896 4466598542 26174 24062 4523885 4157330 1 55 2244991745 10496386 4188577792 400195584 0 7977467 5375401 1928504 4055175 8478754
1790582569288 0 118371 0 4474926061 4466660111 26174 24062 4523885 4157330 1 55 2245081472 10496676 4188155904 480555008 0 8229142 5542359 2018202 4225266 8723585
1790582570322 0 77617 109 4474998966 4466773895 26174 24062 4523885 4157330 1 55 2245165630 10496954 4188827648 327487488 4272128 8460222 5696900 2103575 4316809 8928201
1790582571351 0 53084 4548 4475069933 4466864803 26174 24062 4523885 4157330 1 55 2245243592 10497225 4188356608 241430528 0 8681571 5841583 2181158 4443327 9124420
1790582572370 0 44154 0 4475139473 4466947640 26174 24062 4523885 4157330 1 55 2245328770 10497483 4189052928 172843008 0 8909378 5991169 2265748 4565545 9289774
1790582573390 0 120915 0 4475224348 4466955895 26174 24062 4523885 4157330 1 55 2245435331 10497814 4189433856 490422272 0 9198708 6179166 2372313 4666699 9379988
1790582574409 0 80608 0 4475286612 4467058424 26174 24062 4523885 4157330 1 55 2245519076 10498056 4189908992 330051584 0 9427833 6322588 2455639 4881176 9725624
1790582575429 0 67991 590 4475360142 4467144104 26174 24062 4523885 4157330 1 55 2245599553 10498323 4189700096 303063040 6254592 9680367 6474871 2538269 5065292 10060037
1790582576460 0 36384 0 4475423971 4467239966 26174 24062 4523885 4157330 1 55 2245669179 10498550 4188532736 147009536 0 9874622 6601532 2604547 5210256 10363669
1790582577484 0 30537 0 4475487529 4467309394 26174 24062 4523885 4157330 1 55 2245765500 10498827 4189495296 116006912 0 10108947 6758462 2703013 5321412 10576169
1790582578503 0 107929 0 4475579363 4467323834 26174 24062 4523885 4157330 1 55 2245870414 10499159 4189634560 434831360 0 10402589 6950947 2808070 5530995 10776800
1790582579526 0 69611 32 4475638459 4467421309 26174 24062 4523885 4157330 1 55 2245940349 10499387 4189270016 281128960 0 10608367 7076072 2876299 5612658 10929849
1790582580550 0 57992 0 4475706972 4467501360 26174 24062 4523885 4157330 1 55 2246010213 10499634 4188254208 235548672 0 10827740 7211495 2946102 5766438 11157507
1790582581570 0 63392 0 4475770917 4467559899 26174 24062 4523885 4157330 1 55 2246086397 10499879 4188168192 257654784 0 11020057 7348793 3022908 5855783 11268908
1790582582602 0 59176 34383 4475843871 4467602756 26174 24062 4523885 4157330 1 55 2246186289 10500182 4188696576 387272704 25325568 11282282 7520355 3125028 5908890 11377703
1790582583627 0 47918 0 4475899030 4467703508 26174 24062 4523885 4157330 1 55 2246243496 10500382 4188385280 194011136 0 11453416 7627190 3180100 6080930 11837769
1790582584647 0 81957 0 4475978170 4467748627 26174 24062 4523885 4157330 1 55 2246323146 10500656 4188397568 325992448 0 11693972 7781165 3260702 6193282 12074373
1790582585666 0 94309 57 4476052147 4467810159 26174 24062 4523885 4157330 1 55 2246398967 10500905 4187324416 379703296 0 11920354 7927770 3336388 6397908 12398988
1790582586695 0 77528 2180 4476108259 4467880930 26174 24062 4523885 4157330 1 55 2246475020 10501137 4187291648 342728704 0 12117653 8057059 3412056 6522103 12659743
1790582587739 0 2124 59 4476146957 4467997282 26174 24062 4523885 4157330 1 55 2246511234 10501269 4186587136 2560000 0 12225132 8130017 3448727 6643334 13276329
1790582588759 0 94085 0 4476238903 4467997253 26174 24062 4523885 4157330 1 55 2246618635 10501626 4187246592 378933248 0 12534507 8324751 3556292 6860399 13440177
1790582589791 0 99870 966 4476296029 4468047638 26174 24062 4523885 4157330 1 55 2246677167 10501824 4186939392 428961792 2453504 12708985 8439261 3615157 7002066 13867114
1790582590811 0 119985 8 4476361179 4468093666 26174 24062 4523885 4157330 1 55 2246761042 10502080 4187455488 484585472 0 12920104 8582177 3697831 7091446 14043684
1790582591830 0 125265 0 4476429216 4468156281 26174 24062 4523885 4157330 1 55 2246830833 10502328 4187070464 508563456 0 13132974 8717828 3768470 7170699 14207653
1790582592850 0 9645 16 4476465202 4468307902 26174 24062 4523885 4157330 1 55 2246867109 10502456 4186894336 31195136 0 13238484 8787312 3804681 7266751 14627961
1790582593870 0 98053 0 4476561802 4468316157 26174 24062 4523885 4157330 1 55 2246967742 10502809 4185804800 397402112 0 13530558 8980477 3904731 7382139 14730084
1790582594895 0 73605 2628 4476617367 4468393687 26174 24062 4523885 4157330 1 55 2247048794 10503052 4186865664 334970880 5607424 13734011 9116447 3987291 7495246 14894418
1790582595924 0 78159 458 4476681706 4468455438 26174 24062 4523885 4157330 1 55 2247118864 10503295 4186439680 318701568 17866752 13927734 9247458 4057660 7621597 15123828
1790582596954 0 53957 1 4476740467 4468538987 26174 24062 4523885 4157330 1 55 2247181284 10503525 4184813568 218513408 0 14116896 9362397 4116715 7749612 15361719
1790582597981 0 22692 0 4476795077 4468624839 26174 24062 4523885 4157330 1 55 2247255905 10503753 4186640384 86532096 0 14313534 9489135 4193167 7829064 15549783
1790582599001 0 118246 0 4476890648 4468624839 26174 24062 4523885 4157330 1 55 2247357047 10504100 4185698304 481677312 0 14599978 9681489 4293477 7992345 15671119
1790582600024 0 53269 72 4476941622 4468740717 26174 24062 4523885 4157330 1 55 2247413530 10504292 4185137152 242548736 749568 14770281 9789219 4352095 8073470 15904012
1790582601048 0 64033 7 4477018231 4468806530 26174 24062 4523885 4157330 1 55 2247483974 10504553 4184543232 261357568 0 14984408 9930864 4421497 8236392 16184756
1790582602071 0 96784 0 4477092024 4468847562 26174 24062 4523885 4157330 1 55 2247564053 10504836 4184043520 396247040 17129472 15218737 10082760 4502677 8313111 16282618
1790582603094 0 2088 2 4477132169 4468982506 26174 24062 4523885 4157330 1 55 2247622668 10505013 4184735744 8192 0 15350296 10175741 4559674 8417485 16721338
1790582604114 0 73583 0 4477217164 4468995904 26174 24062 4523885 4157330 1 55 2247726517 10505351 4185382912 297095168 0 15627952 10362296 4664692 8502207 16813745
1790582605135 0 68207 1701 4477287079 4469069507 26174 24062 4523885 4157330 1 55 2247802831 10505610 4185505792 291647488 0 15851734 10504637 4740452 8712732 17153744
1790582606155 0 53008 72 4477346324 4469145678 26174 24062 4523885 4157330 1 55 2247878678 10505850 4186349568 207327232 0 16062293 10635739 4816223 8897658 17529382
1790582607175 0 110222 0 4477428210 4469170379 26174 24062 4523885 4157330 1 55 2247974139 10506158 4185952256 444854272 0 16326485 10809957 4911437 9023331 17659436
1790582608194 0 13916 0 4477464263 4469302734 26174 24062 4523885 4157330 1 55 2248027825 10506317 4186173440 55758848 0 16467998 10898093 4964166 9084477 17924884
1790582609214 0 91012 0 4477548551 4469309980 26174 24062 4523885 4157330 1 55 2248137920 10506653 4187054080 368488448 0 16760745 11088497 5075044 9313177 18111612
1790582610234 0 30692 6205 4477597902 4469413501 26174 24062 4523885 4157330 1 55 2248206929 10506867 4187508736 167616512 0 16954238 11205878 5144355 9360637 18248873
1790582611254 0 67261 0 4477668537 4469453683 26174 24062 4523885 4157330 1 55 2248298816 10507138 4188061696 271417344 0 17200836 11362765 5235380 9448662 18392317
1790582612273 0 91086 0 4477743634 4469504982 26174 24062 4523885 4157330 1 55 2248381495 10507414 4186812416 364544000 0 17433801 11517342 5318949 9570475 18604689
1790582613293 0 24199 0 4477794672 4469622867 26174 24062 4523885 4157330 1 55 2248436272 10507602 4186066944 92536832 0 17595403 11622132 5374460 9638872 18827300
1790582614313 0 90506 2 4477877489 4469639381 26174 24062 4523885 4157330 1 55 2248533529 10507913 4186021888 366575616 0 17875122 11798252 5470728 9743970 18907611
1790582615332 0 59981 219 4477935066 4469727599 26174 24062 4523885 4157330 1 55 2248605102 10508143 4186865664 246566912 15126528 18074538 11927375 5543974 9822800 19082667
1790582616351 0 76498 3318 4478009161 4469782044 26174 24062 4523885 4157330 1 55 2248687585 10508412 4186865664 346943488 0 18306738 12080080 5625988 9923375 19232482
1790582617370 0 83948 46 4478079146 4469847648 26174 24062 4523885 4157330 1 55 2248761015 10508660 4186578944 336015360 0 18521223 12217384 5698351 10203897 19600444
1790582618390 0 16143 0 4478131517 4469967649 26174 24062 4523885 4157330 1 55 2248819215 10508855 4186341376 65482752 0 18679469 12326559 5755969 10236069 19729578
1790582619410 0 105360 71 4478229880 4469976900 26174 24062 4523885 4157330 1 55 2248914034 10509201 4185153536 423174144 0 18957845 12514707 5851641 10346991 19817608
1790582620429 0 61434 29 4478284457 4470075365 26174 24062 4523885 4157330 1 55 2248980515 10509417 4185661440 249602048 0 19134707 12633531 5917147 10464720 20138257
1790582621448 0 69004 0 4478352670 4470135995 26174 24062 4523885 4157330 1 55 2249055213 10509674 4185489408 279416832 0 19334562 12773017 5991840 10690097 20462134
1790582622468 0 112038 28224 4478449075 4470161261 26174 24062 4523885 4157330 1 55 2249148172 10510005 4185169920 541810688 48672768 19621128 12960858 6086921 10814605 20592267
1790582623487 0 25240 0 4478485750 4470312936 26174 24062 4523885 4157330 1 55 2249190218 10510145 4185931776 99168256 0 19738570 13035343 6127145 11042557 21184071
1790582624507 0 90750 0 4478566815 4470328417 26174 24062 4523885 4157330 1 55 2249300332 10510483 4187258880 364376064 0 20026359 13222307 6237912 11225319 21358206
1790582625527 0 46117 584 4478618466 4470424330 26174 24062 4523885 4157330 1 55 2249376173 10510707 4188319744 210264064 3588096 20216185 13349958 6314842 11493318 21769746
1790582626546 0 61135 0 4478692002 4470483341 26174 24062 4523885 4157330 1 55 2249448620 10510957 4187176960 237740032 0 20429808 13489446 6386841 11595293 21912584
1790582627571 0 70644 15 4478767262 4470549005 26174 24062 4523885 4157330 1 55 2249525337 10511223 4186435584 284983296 0 20668721 13638249 6461949 11654307 22004119
1790582628590 0 49393 0 4478828543 4470631483 26174 24062 4523885 4157330 1 55 2249593537 10511455 4186345472 196653056 0 20864988 13764898 6530577 11754825 22087580
1790582629614 0 40323 1511 4478899429 4470710160 26174 24062 4523885 4157330 1 55 2249665589 10511710 4185931776 183922688 3133440 21076162 13907799 6604214 11875975 22245420
1790582630633 0 79738 0 4478979616 4470752325 26174 24062 4523885 4157330 1 55 2249754758 10512009 4185972736 322183168 0 21321196 14071307 6691881 12011579 22429957
1790582631655 0 111526 1028 4479059806 4470799601 26174 24062 4523885 4157330 1 55 2249842535 10512306 4186324992 473886720 3440640 21576983 14237684 6781210 12214902 22693805
1790582632675 0 62005 16 4479109793 4470900127 26174 24062 4523885 4157330 1 55 2249901213 10512497 4186456064 248393728 0 21733743 14341774 6838796 12314501 22939967
1790582633695 0 103868 0 4479183513 4470931955 26174 24062 4523885 4157330 1 55 2249992912 10512786 4187115520 420716544 0 21984611 14503418 6929647 12451753 23114186
1790582634716 0 4058 0 4479224074 4471072452 26174 24062 4523885 4157330 1 55 2250039939 10512945 4187828224 9506816 0 22115718 14589294 6977441 12561162 23539948
1790582635736 0 93604 0 4479313629 4471072452 26174 24062 4523885 4157330 1 55 2250152508 10513304 4188409856 381034496 0 22422916 14787841 7089258 12649585 23613456
1790582636755 0 72202 0 4479374357 4471154513 26174 24062 4523885 4157330 1 55 2250230418 10513555 4187869184 293548032 0 22636206 14923135 7166478 12826980 23856357
1790582637775 0 51386 0 4479435611 4471236555 26174 24062 4523885 4157330 1 55 2250295019 10513787 4187889664 203935744 0 22830964 15046420 7232108 12913998 23998089
1790582638794 0 75620 836 4479511765 4471287650 26174 24062 4523885 4157330 1 55 2250381086 10514072 4187308032 318210048 10174464 23080797 15208193 7319827 13011532 24163564
1790582639820 0 2098 19 4479560390 4471410521 26174 24062 4523885 4157330 1 55 2250435483 10514257 4187283456 2220032 0 23231633 15305689 7372498 13125941 24409542
1790582640848 0 84847 6 4479652257 4471419824 26174 24062 4523885 4157330 1 55 2250536623 10514584 4187435008 342650880 0 23520238 15494982 7473644 13325386 24597257
1790582641875 0 61422 2194 4479713997 4471502767 26174 24062 4523885 4157330 1 55 2250614225 10514829 4187529216 280956928 6918144 23724688 15633622 7552027 13404874 24769020
1790582642908 0 69933 0 4479781963 4471564482 26174 24062 4523885 4157330 1 55 2250686623 10515090 4187516928 282517504 0 23927056 15769102 7623506 13508838 24902440
1790582643927 0 75226 0 4479851915 4471629115 26174 24062 4523885 4157330 1 55 2250761933 10515348 4187193344 303783936 0 24151834 15911212 7698630 13679571 25238322
1790582644948 0 28190 0 4479905490 4471729618 26174 24062 4523885 4157330 1 55 2250828756 10515562 4188037120 109703168 0 24337341 16028879 7765736 13828348 25592136
1790582645968 0 126442 0 4480003646 4471729618 26174 24062 4523885 4157330 1 55 2250927463 10515903 4187471872 511389696 0 24626691 16222791 7865487 13953661 25684192
1790582646991 0 45774 73 4480047977 4471854641 26174 24062 4523885 4157330 1 55 2250975757 10516067 4186976256 202960896 5402624 24784277 16315457 7914264 14167034 26140998
1790582648013 0 63268 0 4480112819 4471901976 26174 24062 4523885 4157330 1 55 2251065585 10516340 4188536832 255004672 0 24998900 16464048 8002233 14411206 26473874
1790582649032 0 75954 71 4480186136 4471962491 26174 24062 4523885 4157330 1 55 2251145981 10516609 4188078080 308154368 0 25221290 16614962 8082696 14593808 26792456
1790582650051 0 14442 2 4480239006 4472077009 26174 24062 4523885 4157330 1 55 2251209986 10516812 4188041216 52768768 0 25397602 16729146 8147119 14670198 27008656
1790582651071 0 93232 0 4480325096 4472084219 26174 24062 4523885 4157330 1 55 2251314487 10517147 4188962816 379011072 0 25693257 16916469 8251481 14827209 27123254
1790582652101 0 52429 0 4480374479 4472174503 26174 24062 4523885 4157330 1 55 2251385518 10517363 4189151232 213762048 0 25885131 17034677 8322005 14994797 27399319
1790582653128 0 68396 0 4480447983 4472231980 26174 24062 4523885 4157330 1 55 2251461900 10517620 4188692480 271605760 0 26112675 17180469 8399285 15234887 27703093
1790582654150 0 83172 0 4480520271 4472289468 26174 24062 4523885 4157330 1 55 2251542213 10517894 4187754496 332124160 0 26337162 17330176 8479699 15350495 27932829
1790582655171 0 36593 0 4480577717 4472393504 26174 24062 4523885 4157330 1 55 2251606132 10518111 4187111424 143757312 0 26517319 17449438 8543396 15426211 28156849
1790582656190 0 93134 0 4480657966 4472417252 26174 24062 4523885 4157330 1 55 2251704036 10518425 4188352512 377085952 0 26781966 17623862 8640749 15529146 28273055
1790582657210 0 56423 876 4480716597 4472511829 26174 24062 4523885 4157330 1 55 2251768742 10518636 4187828224 232902656 3248128 26972854 17746553 8706687 15665065 28651068
1790582658229 0 94614 2117 4480798948 4472554730 26174 24062 4523885 4157330 1 55 2251845690 10518919 4186501120 404631552 12087296 27213732 17903956 8784419 15789486 28817980
1790582659247 0 89082 0 4480866406 4472629717 26174 24062 4523885 4157330 1 55 2251921340 10519174 4186247168 362811392 577536 27421050 18042742 8859064 15909014 29009606
1790582660267 0 47095 0 4480930068 4472735271 26174 24062 4523885 4157330 1 55 2251978818 10519383 4186607616 184782848 0 27596361 18159502 8916423 15975435 29315141
1790582661286 0 115244 0 4481014552 4472751729 26174 24062 4523885 4157330 1 55 2252082652 10519720 4186849280 461533184 0 27872356 18344202 9020698 16201589 29525183
1790582662310 0 41662 40 4481058887 4472869658 26174 24062 4523885 4157330 1 55 2252138401 10519901 4186849280 181424128 6975488 28026638 18445308 9076980 16313268 29774207
1790582663329 0 87055 0 4481134113 4472899444 26174 24062 4523885 4157330 1 55 2252233008 10520209 4188643328 350052352 0 28276255 18608600 9170210 16430879 29948979
1790582664349 0 102556 47 4481202011 4472951861 26174 24062 4523885 4157330 1 55 2252317938 10520478 4188737536 409542656 0 28500437 18758452 9255890 16554503 30105195
1790582665369 0 42229 0 4481259204 4473069402 26174 24062 4523885 4157330 1 55 2252370022 10520667 4188856320 160206848 0 28670905 18865375 9308698 16642043 30299037
1790582666388 0 133590 0 4481350577 4473069402 26174 24062 4523885 4157330 1 55 2252476382 10521036 4188119040 545005568 0 28966852 19060152 9412971 16866473 30473358
1790582667408 0 41451 0 4481393804 4473204720 26174 24062 4523885 4157330 1 55 2252525512 10521209 4187684864 163672064 0 29101505 19149988 9462263 17098306 30939081
1790582668428 0 78718 0 4481472248 4473245874 26174 24062 4523885 4157330 1 55 2252605324 10521490 4187357184 315953152 0 29329919 19304899 9542459 17256887 31141758
1790582669452 0 69576 3436 4481536380 4473316019 26174 24062 4523885 4157330 1 55 2252685760 10521750 4187717632 304001024 483328 29552969 19448239 9623819 17376654 31397903
1790582670472 0 44284 0 4481593112 4473401262 26174 24062 4523885 4157330 1 55 2252755321 10521974 4188782592 177090560 0 29749935 19570866 9692386 17463220 31612614
1790582671498 0 84484 0 4481676398 4473444308 26174 24062 4523885 4157330 1 55 2252843921 10522269 4188360704 341536768 0 30012808 19738764 9780311 17546835 31718894
1790582672525 0 46667 1752 4481733999 4473537994 26174 24062 4523885 4157330 1 55 2252905313 10522489 4187344896 216342528 0 30201392 19858002 9843214 17678669 31940526
1790582673544 0 102214 0 4481818333 4473568552 26174 24062 4523885 4157330 1 55 2252982477 10522777 4186492928 414420992 0 30443578 20014226 9919516 17790980 32100450
1790582674568 0 86022 38 4481874995 4473641342 26174 24062 4523885 4157330 1 55 2253043291 10522989 4186591232 350269440 3403776 30615616 20130600 9981309 18200944 32575362
1790582675587 0 48411 0 4481933239 4473737228 26174 24062 4523885 4157330 1 55 2253104933 10523214 4186849280 188768256 0 30791458 20246282 10042985 18372537 33002394
1790582676610 0 90749 2779 4482006908 4473766034 26174 24062 4523885 4157330 1 55 2253189009 10523492 4186779648 392208384 5292032 31027275 20403625 10127803 18563211 33333093
1790582677638 0 73240 27 4482058671 4473837750 26174 24062 4523885 4157330 1 55 2253240523 10523682 4186968064 300003328 5500928 31178772 20503937 10178249 18641237 33529043
1790582678660 0 83743 0 4482118401 4473887106 26174 24062 4523885 4157330 1 55 2253297183 10523887 4187406336 334598144 0 31353445 20616117 10235222 18757836 33701737
1790582679684 0 71137 14 4482173547 4473954826 26174 24062 4523885 4157330 1 55 2253355891 10524097 4186648576 302604288 4935680 31523459 20730127 10294411 18823805 33934502
1790582680703 0 42227 0 4482232199 4474042406 26174 24062 4523885 4157330 1 55 2253427724 10524337 4187471872 168636416 0 31712474 20855442 10364678 18956448 34305664
1790582681722 0 111576 0 4482311902 4474052726 26174 24062 4523885 4157330 1 55 2253517774 10524635 4187881472 450592768 0 31954625 21021832 10455184 19161248 34572905
1790582682746 0 51307 31 4482344922 4474146070 26174 24062 4523885 4157330 1 55 2253565668 10524780 4188684288 209846272 5160960 32082775 21103495 10503978 19241671 34850019
1790582683766 0 75934 0 4482407624 4474184131 26174 24062 4523885 4157330 1 55 2253637228 10525018 4188258304 302694400 0 32284227 21232724 10575061 19333085 35020545
1790582684793 0 65257 657 4482466838 4474253393 26174 24062 4523885 4157330 1 55 2253717732 10525275 4189220864 284639232 0 32495280 21370955 10655788 19479159 35216336
1790582685814 0 59704 0 4482532778 4474325528 26174 24062 4523885 4157330 1 55 2253790556 10525522 4188835840 238071808 0 32693700 21506275 10728456 19586500 35448936
1790582686834 0 129838 0 4482611275 4474333788 26174 24062 4523885 4157330 1 55 2253882441 10525823 4188270592 524320768 0 32951217 21672472 10819463 19698328 35576743
1790582687854 0 27288 2 4482648092 4474473215 26174 24062 4523885 4157330 1 55 2253925340 10525962 4188532736 111603712 8503296 33088171 21753482 10863691 19845374 36104911
1790582688880 0 78670 0 4482718071 4474491754 26174 24062 4523885 4157330 1 55 2254015103 10526258 4189216768 313847808 0 33317941 21907272 10952597 19990241 36285537
1790582689921 0 74517 2042 4482771553 4474547560 26174 24062 4523885 4157330 1 55 2254090980 10526480 4189503488 330293248 1708032 33505660 22036261 11029664 20080007 36521175
1790582690941 0 43787 0 4482817931 4474626564 26174 24062 4523885 4157330 1 55 2254149371 10526671 4189196288 173268992 0 33659259 22137163 11086451 20187181 36986520
1790582691961 0 115638 1 4482897103 4474633803 26174 24062 4523885 4157330 1 55 2254244094 10526985 4189323264 469438464 0 33936741 22307950 11180870 20303220 37117980
1790582692980 0 38464 1 4482941907 4474755873 26174 24062 4523885 4157330 1 55 2254293260 10527145 4189126656 151355392 0 34084864 22400223 11230596 20452436 37492056
1790582693999 0 95114 4527 4483025346 4474778175 26174 24062 4523885 4157330 1 55 2254380845 10527439 4188573696 420929536 0 34341354 22569940 11319370 20546550 37610028
1790582695032 0 32703 24488 4483078349 4474873577 26174 24062 4523885 4157330 1 55 2254445426 10527652 4188205056 256708608 13074432 34526187 22686025 11384074 20667881 37957349
1790582696057 0 71480 0 4483149925 4474930778 26174 24062 4523885 4157330 1 55 2254516066 10527903 4187697152 284729344 0 34725390 22822257 11453630 20755009 38158214
1790582697096 0 88500 438 4483207902 4474971417 26174 24062 4523885 4157330 1 55 2254602697 10528161 4188438528 383148032 5001216 34954430 22967383 11541318 20860863 38329363
1790582698119 0 29862 768 4483254940 4475076792 26174 24062 4523885 4157330 1 55 2254660430 10528350 4189298688 141000704 0 35114133 23068692 11598505 20989896 38598452
1790582699138 0 78209 0 4483321818 4475096029 26174 24062 4523885 4157330 1 55 2254748529 10528630 4190150656 313856000 0 35345812 23219065 11686044 21178296 38923788
1790582700177 0 34273 4007 4483364478 4475178705 26174 24062 4523885 4157330 1 55 2254806449 10528799 4190011392 186368000 5636096 35505466 23320551 11744941 21277078 39246508
1790582701223 0 57725 0 4483427926 4475222594 26174 24062 4523885 4157330 1 55 2254877544 10529030 4189335552 234213376 0 35713761 23450030 11814162 21441292 39585260
1790582702243 0 134546 0 4483512062 4475229813 26174 24062 4523885 4157330 1 55 2254965392 10529329 4188221440 547643392 0 35965223 23618340 11901924 21522881 39688804
1790582703262 0 42130 0 4483555985 4475366221 26174 24062 4523885 4157330 1 55 2255016191 10529499 4188737536 168435712 0 36113243 23711740 11953436 21642395 39940317
1790582704282 0 83417 0 4483621878 4475390929 26174 24062 4523885 4157330 1 55 2255099731 10529759 4188782592 337309696 0 36334142 23858482 12036975 21739671 40096659
1790582705301 0 99094 0 4483686903 4475440178 26174 24062 4523885 4157330 1 55 2255167239 10529994 4188454912 392560640 0 36522686 23987411 12105842 21833612 40253875
1790582706321 0 46829 0 4483743912 4475549422 26174 24062 4523885 4157330 1 55 2255226043 10530201 4187549696 185483264 0 36699723 24101626 12163615 21972965 40607884
1790582707343 0 108543 0 4483822037 4475565880 26174 24062 4523885 4157330 1 55 2255305425 10530475 4187734016 442306560 0 36932167 24255865 12242020 22088478 40765667
1790582708363 0 45006 3410 4483871405 4475675620 26174 24062 4523885 4157330 1 55 2255367249 10530666 4187439104 212197376 0 37100257 24365040 12304752 22282077 41185539
1790582709385 0 59630 0 4483926062 4475718805 26174 24062 4523885 4157330 1 55 2255440517 10530894 4188020736 240205824 0 37295721 24490100 12377325 22385143 41335210
1790582710405 0 104440 0 4483993499 4475741466 26174 24062 4523885 4157330 1 55 2255524067 10531166 4189102080 421576704 0 37517176 24638152 12461538 22550720 41573102
1790582711428 0 3060 4 4484016152 4475865442 26174 24062 4523885 4157330 1 55 2255552774 10531256 4189278208 6418432 0 37589186 24688567 12490364 22631068 41903902
1790582712455 0 91572 0 4484104673 4475865487 26174 24062 4523885 4157330 1 55 2255645979 10531580 4188426240 366481408 0 37858847 24866242 12583592 22717768 42008427
1790582713477 0 94204 1944 4484168910 4475925168 26174 24062 4523885 4157330 1 55 2255730748 10531852 4188864512 413462528 1761280 38091346 25015798 12669419 22838359 42210233
1790582714496 0 49951 0 4484222134 4476024514 26174 24062 4523885 4157330 1 55 2255786466 10532045 4188753920 196026368 0 38255852 25119796 12724544 22938369 42394741
1790582715515 0 125405 0 4484305825 4476032834 26174 24062 4523885 4157330 1 55 2255875277 10532355 4188028928 507289600 0 38513727 25288303 12812025 23038176 42521208
1790582716535 0 24739 0 4484348120 4476175793 26174 24062 4523885 4157330 1 55 2255922035 10532512 4187283456 94961664 0 38644255 25375973 12859043 23207908 42873576
1790582717554 0 109605 0 4484437163 4476179949 26174 24062 4523885 4157330 1 55 2256012989 10532831 4186783744 444186624 0 38911839 25552812 12950077 23328434 43008542
1790582718577 0 92455 1682 4484490533 4476248843 26174 24062 4523885 4157330 1 55 2256079345 10533043 4187553792 404021248 13582336 39099618 25672797 13017933 23427191 43269385
1790582719608 0 62197 0 4484545762 4476335958 26174 24062 4523885 4157330 1 55 2256131052 10533231 4187205632 248487936 0 39256306 25774698 13068429 23523266 43471221
1790582720633 0 81326 72 4484611039 4476382151 26174 24062 4523885 4157330 1 55 2256214702 10533487 4188405760 326832128 0 39476745 25920648 13152101 23691319 43656795
1790582721652 0 13362 0 4484667647 4476506657 26174 24062 4523885 4157330 1 55 2256271721 10533689 4187926528 52813824 0 39652313 26032240 13208214 23773261 43896230
1790582722672 0 86825 0 4484746327 4476511842 26174 24062 4523885 4157330 1 55 2256378745 10534020 4188868608 349589504 0 39919668 26214192 13316055 23855489 43986935
1790582723702 0 93214 2045 4484807063 4476564310 26174 24062 4523885 4157330 1 55 2256447245 10534253 4188815360 381612032 39448576 40111099 26343726 13385951 23945028 44260843
1790582724744 0 53906 0 4484852917 4476651451 26174 24062 4523885 4157330 1 55 2256511890 10534448 4189876224 212373504 0 40289335 26449338 13449843 24081303 44528158
1790582725763 0 88651 0 4484920721 4476684410 26174 24062 4523885 4157330 1 55 2256582195 10534691 4189401088 362299392 0 40509546 26584769 13518658 24260582 44861827
1790582726787 0 14172 368 4484949830 4476787810 26174 24062 4523885 4157330 1 55 2256629919 10534819 4190179328 65138688 3231744 40638903 26662610 13568582 24378715 45290043
1790582727806 0 67038 2960 4485028140 4476810847 26174 24062 4523885 4157330 1 55 2256703485 10535086 4188450816 297684992 0 40858910 26810808 13641882 24572501 45518600
1790582728825 0 97373 0 4485096464 4476851536 26174 24062 4523885 4157330 1 55 2256765301 10535311 4187553792 389922816 0 41056883 26937271 13704014 24742256 45877209
1790582729845 0 87296 0 4485156258 4476921326 26174 24062 4523885 4157330 1 55 2256842984 10535562 4188012544 347963392 0 41261780 27071864 13781579 24837916 46046586
1790582730865 0 73259 0 4485203908 4476982937 26174 24062 4523885 4157330 1 55 2256904056 10535764 4188991488 295411712 0 41422104 27177991 13841217 24951623 46306644
1790582731885 0 30568 0 4485256232 4477078063 26174 24062 4523885 4157330 1 55 2256968996 10535974 4189253632 117694464 0 41590522 27292202 13906129 25014527 46425997
1790582732909 0 90243 72 4485335414 4477097648 26174 24062 4523885 4157330 1 55 2257051595 10536266 4189065216 361279488 0 41836860 27451569 13989744 25175047 46677951
1790582733929 0 67933 504 4485389011 4477173265 26174 24062 4523885 4157330 1 55 2257108526 10536457 4188282880 299094016 2105344 42019030 27562249 14047009 25245850 46840693
1790582734949 0 71663 0 4485451388 4477232105 26174 24062 4523885 4157330 1 55 2257180280 10536697 4188573696 289243136 0 42214797 27692272 14118340 25439911 47174093
1790582735969 0 99022 0 4485510628 4477263998 26174 24062 4523885 4157330 1 55 2257261519 10536957 4189908992 401395712 0 42420431 27828448 14198039 25594778 47507350
1790582736988 0 703 5 4485536089 4477387719 26174 24062 4523885 4157330 1 55 2257293498 10537058 4189696000 4096 0 42510259 27886377 14231248 25674965 47924363
1790582738007 0 76417 22 4485616997 4477392937 26174 24062 4523885 4157330 1 55 2257386551 10537369 4189380608 307556352 0 42763383 28055735 14323580 25790884 48066958
1790582739026 0 86444 34 4485680311 4477446273 26174 24062 4523885 4157330 1 55 2257466530 10537630 4189519872 350158848 0 42985466 28196345 14402998 25899825 48317773
1790582740046 0 54483 0 4485730373 4477528370 26174 24062 4523885 4157330 1 55 2257527078 10537826 4189736960 218447872 0 43162525 28305558 14464543 26005968 48526875
1790582741065 0 92403 20022 4485812676 4477552606 26174 24062 4523885 4157330 1 55 2257604722 10538113 4188356608 450891776 19312640 43404456 28464049 14543438 26235050 48832620
1790582742084 0 6595 59 4485841083 4477686812 26174 24062 4523885 4157330 1 55 2257654107 10538255 4188995584 21925888 0 43524339 28537432 14590789 26400596 49246816
1790582743103 0 95173 0 4485929530 4477686801 26174 24062 4523885 4157330 1 55 2257753981 10538598 4189597696 383176704 0 43801081 28722987 14691789 26572362 49444209
1790582744122 0 71133 12 4485989598 4477770854 26174 24062 4523885 4157330 1 55 2257817994 10538826 4188618752 291459072 9834496 43991999 28847055 14756600 26639177 49605732
1790582745141 0 59641 0 4486048943 4477841712 26174 24062 4523885 4157330 1 55 2257869560 10539030 4187635712 235741184 0 44159203 28952636 14807073 26754692 49818742
1790582746165 0 86868 9939 4486117811 4477873421 26174 24062 4523885 4157330 1 55 2257946931 10539286 4188381184 355872768 52535296 44377384 29099137 14885738 26895521 50090898
1790582747184 0 38805 659 4486153846 4477966858 26174 24062 4523885 4157330 1 55 2257986852 10539426 4188217344 160837632 10362880 44491801 29173584 14925568 26957399 50334580
1790582748207 0 1 12878 4486204370 4478044207 26174 24062 4523885 4157330 1 55 2258031596 10539596 4187430912 0 67239936 44629657 29266969 14970344 27046825 50535589
1790582749240 0 70 0 4486204449 4478056816 26174 24062 4523885 4157330 1 55 2258136777 10539793 4215967744 4096 0 44729330 29362854 15073196 27119115 50832837
1790582750259 0 97 0 4486204476 4478056816 26174 24062 4523885 4157330 1 55 2258293624 10540073 4218949632 4096 0 44901945 29518686 15229756 27207429 51052996
1790582751279 0 123 0 4486204502 4478056816 26174 24062 4523885 4157330 1 55 2258456403 10540357 4223352832 4096 0 45143215 29682027 15394172 27276721 51164578
1790582752300 0 142 0 4486204521 4478056816 26174 24062 4523885 4157330 1 55 2258602959 10540621 4222021632 4096 0 45616098 29828260 15540080 27478953 51307609
1790582753320 0 169 0 4486204548 4478056816 26174 24062 4523885 4157330 1 55 2258762691 10540903 4220215296 4096 0 45838419 29987982 15699361 27611304 51435257
1790582754339 0 190 0 4486204577 4478056824 26174 24062 4523885 4157330 1 55 2258802063 10540977 900800512 8192 0 45904405 30029522 15740811 27640867 51468516
