1790581402065 0 0 0 4370346851 4362199092 26174 24062 4523885 4157330 1 55 2182781643 10285300 - - - - - - - -
1790581403169 0 124021 2008 4370576782 4362302865 26174 24062 4523885 4157330 1 55 2182781656 10285421 915148800 509468672 8388608 0 0 13 0 32117
1790581404197 0 149717 3431 4370795267 4362494854 26174 24062 4523885 4157330 1 55 2182781656 10285421 1808474112 597995520 25100288 0 0 13 0 153173
1790581405219 0 149113 3098 4371019615 4362719578 26174 24062 4523885 4157330 1 55 2182781656 10285421 2725621760 613326848 12562432 0 0 13 0 197677
1790581406240 0 143993 2014 4371247639 4362953914 26174 24062 4523885 4157330 1 55 2182781656 10285421 3653660672 588439552 8318976 0 0 13 0 212149
1790581407260 0 140292 3366 4371446990 4363155617 26174 24062 4523885 4157330 1 55 2182781698 10285424 4159479808 578842624 16777216 157746 76841 13 80858 259383
1790581408280 0 140971 4097 4371576516 4363283716 26174 24062 4523885 4157330 1 55 2182792316 10285436 4158967808 586809344 14684160 385208 219178 10631 193627 414484
1790581409299 0 127161 0 4371734710 4363459743 26174 24062 4523885 4157330 1 55 2182801872 10285449 4158046208 505335808 0 606835 382643 19743 271085 488968
1790581410319 0 143383 0 4371878950 4363587743 26174 24062 4523885 4157330 1 55 2182817081 10285471 4157825024 574119936 0 821893 541999 34651 388334 617925
1790581411339 0 131788 0 4371998510 4363718815 26174 24062 4523885 4157330 1 55 2182833850 10285497 4158152704 525561856 0 991805 677845 51714 465913 739947
1790581412360 0 99247 2022 4372093740 4363844712 26174 24062 4523885 4157330 1 55 2182851302 10285611 4158771200 413310976 8388608 1193611 793336 69104 610109 963515
1790581413380 0 143414 2482 4372219598 4363925933 26174 24062 4523885 4157330 1 55 2182881976 10285782 4160356352 587141120 18526208 1446557 949082 99786 693415 1062544
1790581414398 0 50956 0 4372282416 4364083628 26174 24062 4523885 4157330 1 55 2182902919 10285883 4161921024 199835648 0 1554876 1029492 120227 780477 1432661
1790581415418 0 116319 0 4372414318 4364150188 26174 24062 4523885 4157330 1 55 2182949573 10286079 4164943872 468037632 0 1798181 1206077 165883 938497 1605739
1790581416442 0 108807 22832 4372518076 4364238723 26174 24062 4523885 4157330 1 55 2182993156 10286235 4168261632 445190144 93360128 2003889 1356337 211473 1071752 1769026
1790581417472 0 52584 1143 4372603913 4364402559 26174 24062 4523885 4157330 1 55 2183023686 10286336 4170391552 233422848 9756672 2155034 1469810 241489 1152501 1913169
1790581418501 0 103480 0 4372723185 4364471886 26174 24062 4523885 4157330 1 55 2183069906 10286546 4172873728 410980352 0 2384591 1633208 288233 1284546 2001052
1790581419521 0 7317 0 4372799781 4364644641 26174 24062 4523885 4157330 1 55 2183092421 10286669 4173729792 21131264 0 2538348 1731365 309281 1368793 2167767
1790581420545 0 130072 18603 4372946136 4364649690 26174 24062 4523885 4157330 1 55 2183162781 10286931 4176666624 532074496 76394496 2859537 1950443 381096 1474616 2195318
1790581421564 0 133222 0 4373047501 4364766497 26174 24062 4523885 4157330 1 55 2183200720 10287076 4176994304 536035328 0 3048036 2086140 418042 1551165 2305294
1790581422584 0 107238 49 4373139307 4364884308 26174 24062 4523885 4157330 1 55 2183234648 10287213 4176850944 432132096 0 3239328 2211689 451434 1670312 2493989
1790581423604 0 132328 4756 4373245163 4364960771 26174 24062 4523885 4157330 1 55 2183288507 10287367 4177518592 563683328 8388608 3476350 2373464 506310 1791351 2611475
1790581424628 0 22851 12108 4373306323 4365123587 26174 24062 4523885 4157330 1 55 2183325194 10287481 4178055168 146755584 31825920 3618569 2471057 543507 1908030 2811189
1790581425647 0 130029 0 4373437354 4365159525 26174 24062 4523885 4157330 1 55 2183385080 10287683 4178350080 522510336 0 3886466 2657959 601913 2087592 2907597
1790581426667 0 113555 0 4373531515 4365270117 26174 24062 4523885 4157330 1 55 2183428901 10287825 4179279872 459612160 0 4088459 2796470 645684 2191194 3028431
1790581427692 0 82380 10564 4373624377 4365383708 26174 24062 4523885 4157330 1 55 2183489907 10288005 4180783104 391913472 74334208 4332712 2951524 708223 2277642 3143947
1790581428712 0 65472 0 4373714092 4365500734 26174 24062 4523885 4157330 1 55 2183539656 10288158 4181426176 260960256 0 4533921 3088620 756966 2379704 3345526
1790581429738 0 49217 15026 4373808301 4365596299 26174 24062 4523885 4157330 1 55 2183604805 10288325 4182450176 217739264 42934272 4765319 3249251 822609 2495621 3427203
1790581430761 0 99789 0 4373910611 4365663042 26174 24062 4523885 4157330 1 55 2183686242 10288548 4184154112 398041088 0 5042787 3429687 903572 2664855 3488821
1790581431781 0 142052 31 4374006137 4365716260 26174 24062 4523885 4157330 1 55 2183778309 10288767 4186796032 570892288 0 5319330 3616313 995639 2810391 3604760
1790581432800 0 94205 60 4374096742 4365854716 26174 24062 4523885 4157330 1 55 2183837921 10288933 4186509312 380657664 0 5552884 3766433 1054189 2926959 3740171
1790581433821 0 88837 0 4374193709 4365957153 26174 24062 4523885 4157330 1 55 2183918583 10289129 4187480064 357314560 0 5828025 3943719 1135802 3028822 3799199
1790581434841 0 11898 105 4374275566 4366115916 26174 24062 4523885 4157330 1 55 2183992256 10289311 4187582464 46469120 0 6039385 4090917 1207247 3154067 3933104
1790581435861 0 121448 3697 4374408520 4366135589 26174 24062 4523885 4157330 1 55 2184083793 10289532 4186710016 533356544 8388608 6361698 4302278 1302175 3261272 3950522
1790581436885 0 61711 0 4374497535 4366288113 26174 24062 4523885 4157330 1 55 2184156720 10289729 4187009024 242298880 6352896 6587021 4441627 1374522 3446743 4199493
1790581437907 0 109185 0 4374597397 4366340507 26174 24062 4523885 4157330 1 55 2184236250 10289996 4186415104 440750080 0 6828848 4600182 1452565 3571150 4335024
1790581438927 0 80784 7433 4374698211 4366462233 26174 24062 4523885 4157330 1 55 2184324589 10290257 4185501696 370253824 0 7086037 4760473 1541884 3774442 4492959
1790581439947 0 6711 0 4374790261 4366635790 26174 24062 4523885 4157330 1 55 2184391283 10290457 4184367104 23281664 0 7293519 4893097 1607069 3953522 4775874
1790581440967 0 101433 73 4374923945 4366674814 26174 24062 4523885 4157330 1 55 2184475512 10290708 4181508096 404733952 0 7580108 5071139 1692298 4174114 4887213
1790581441987 0 97087 6084 4375031513 4366780510 26174 24062 4523885 4157330 1 55 2184530405 10290880 4178722816 439689216 0 7777398 5194219 1748205 4361650 5141360
1790581443010 0 78989 0 4375125124 4366898444 26174 24062 4523885 4157330 1 55 2184595250 10291056 4177080320 315142144 0 7986842 5323414 1812536 4516233 5402398
1790581444030 0 108531 0 4375239875 4366983573 26174 24062 4523885 4157330 1 55 2184674807 10291287 4175187968 436084736 0 8243522 5481253 1891632 4650527 5594297
1790581445057 0 32174 389 4375324831 4367144508 26174 24062 4523885 4157330 1 55 2184736428 10291449 4174458880 155897856 2367488 8439396 5604407 1953713 4799108 5909154
1790581446080 0 90614 1 4375446890 4367208459 26174 24062 4523885 4157330 1 55 2184812780 10291661 4172435456 360517632 0 8701457 5765746 2030099 4920573 5985832
1790581447099 0 37120 6769 4375532703 4367341266 26174 24062 4523885 4157330 1 55 2184871304 10291828 4171157504 185528320 19681280 8904713 5891104 2089121 5009571 6136546
1790581448119 0 84545 0 4375644882 4367412594 26174 24062 4523885 4157330 1 55 2184951717 10292046 4169818112 337240064 0 9152368 6051609 2168131 5069265 6185371
1790581449143 0 66034 0 4375736020 4367522219 26174 24062 4523885 4157330 1 55 2185019208 10292229 4169289728 264204288 0 9357685 6188503 2236530 5165863 6366373
1790581450174 0 3117 0 4375815432 4367664495 26174 24062 4523885 4157330 1 55 2185076997 10292385 4169089024 3493888 0 9541637 6304382 2293775 5262640 6546895
1790581451197 0 71195 1 4375938796 4367719954 26174 24062 4523885 4157330 1 55 2185160091 10292601 4168237056 287105024 0 9810005 6485131 2377406 5439913 6657358
1790581452216 0 57615 2 4376025808 4367820476 26174 24062 4523885 4157330 1 55 2185222848 10292774 4167434240 233811968 0 10003093 6613438 2436938 5502224 6790551
1790581453236 0 79955 3813 4376133367 4367901860 26174 24062 4523885 4157330 1 55 2185298153 10292995 4167200768 373637120 0 10245139 6778737 2515673 5731265 6990422
1790581454258 0 68476 0 4376227524 4368011303 26174 24062 4523885 4157330 1 55 2185361784 10293176 4167458816 274157568 0 10446919 6915763 2578056 5867224 7194565
1790581455283 0 1110 45 4376314060 4368165235 26174 24062 4523885 4157330 1 55 2185420435 10293330 4167540736 20189184 2277376 10649718 7049652 2638745 5947164 7360669
1790581456304 0 66537 2263 4376436985 4368220467 26174 24062 4523885 4157330 1 55 2185493330 10293555 4167012352 299413504 10498048 10912175 7226998 2711640 6165667 7514707
1790581457323 0 118033 0 4376542941 4368277121 26174 24062 4523885 4157330 1 55 2185574178 10293823 4167671808 471449600 0 11154152 7394335 2792004 6286329 7610284
1790581458343 0 68702 67 4376627884 4368411417 26174 24062 4523885 4157330 1 55 2185637346 10294035 4168589312 281309184 16613376 11343332 7525280 2855145 6418794 7825032
1790581459361 0 69489 10240 4376734385 4368507006 26174 24062 4523885 4157330 1 55 2185693822 10294238 4167528448 284803072 59310080 11564134 7672098 2912133 6631825 8092485
1790581460380 0 8259 0 4376815300 4368659235 26174 24062 4523885 4157330 1 55 2185753546 10294417 4168884224 25395200 0 11758464 7797344 2969631 6782991 8418405
1790581461400 0 73644 0 4376934072 4368712636 26174 24062 4523885 4157330 1 55 2185830872 10294645 4168982528 291328000 0 12010683 7972614 3047672 6919915 8509330
1790581462422 0 59237 8541 4377035402 4368819946 26174 24062 4523885 4157330 1 55 2185894681 10294842 4168654848 261443584 39526400 12238431 8125397 3112992 7024652 8686017
1790581463442 0 96374 62 4377147616 4368903463 26174 24062 4523885 4157330 1 55 2185969225 10295062 4169031680 392654848 14856192 12498000 8298128 3187390 7130785 8806316
1790581464462 0 85662 0 4377240582 4369007011 26174 24062 4523885 4157330 1 55 2186041405 10295250 4170047488 345612288 0 12714776 8446487 3257680 7292921 9056655
1790581465482 0 15008 0 4377318557 4369155761 26174 24062 4523885 4157330 1 55 2186103955 10295417 4171198464 52686848 0 12902955 8578332 3321803 7492440 9372589
1790581466512 0 97768 0 4377432098 4369186585 26174 24062 4523885 4157330 1 55 2186193697 10295646 4172034048 390008832 0 13190345 8764735 3411061 7658323 9429530
1790581467536 0 76599 0 4377523676 4369299371 26174 24062 4523885 4157330 1 55 2186255818 10295821 4172410880 307613696 0 13422294 8908667 3472627 7841454 9689770
1790581468557 0 100998 0 4377626085 4369377393 26174 24062 4523885 4157330 1 55 2186338259 10296048 4172288000 407109632 0 13685953 9079238 3554161 8038420 9898877
1790581469581 0 59499 22067 4377734151 4369504804 26174 24062 4523885 4157330 1 55 2186398476 10296231 4171689984 365404160 6303744 13920064 9239811 3616276 8235783 10152378
1790581470604 0 7200 1 4377809802 4369654809 26174 24062 4523885 4157330 1 55 2186456491 10296395 4171812864 21168128 0 14102361 9361301 3672779 8356485 10385795
1790581471624 0 75202 1570 4377925067 4369700545 26174 24062 4523885 4157330 1 55 2186546833 10296651 4173496320 308027392 29962240 14379469 9554606 3765144 8547938 10501529
1790581472642 0 60135 6953 4378013576 4369798755 26174 24062 4523885 4157330 1 55 2186617237 10296837 4174376960 246317056 48971776 14612965 9705678 3835548 8715355 10727354
1790581473661 0 70154 0 4378106782 4369888719 26174 24062 4523885 4157330 1 55 2186687848 10297022 4175589376 281333760 0 14848152 9862078 3905152 8826960 10889771
1790581474683 0 99686 0 4378208044 4369960620 26174 24062 4523885 4157330 1 55 2186763386 10297237 4176248832 395636736 0 15104867 10029932 3980569 9000166 11037630
1790581475703 0 25256 0 4378285309 4370112294 26174 24062 4523885 4157330 1 55 2186831993 10297419 4176916480 95600640 0 15295884 10163722 4048831 9080990 11213607
1790581476723 0 82385 35 4378388688 4370158502 26174 24062 4523885 4157330 1 55 2186913409 10297658 4177829888 329396224 0 15543372 10333741 4130628 9213698 11321389
1790581477744 0 58590 0 4378483894 4370277519 26174 24062 4523885 4157330 1 55 2186988815 10297838 4178149376 236023808 0 15790957 10487942 4204599 9320101 11459589
1790581478766 0 58109 15763 4378586815 4370365169 26174 24062 4523885 4157330 1 55 2187070411 10298103 4178264064 291500032 41123840 16047282 10662183 4288773 9491896 11604371
1790581479787 0 92635 0 4378693279 4370452825 26174 24062 4523885 4157330 1 55 2187142808 10298333 4177731584 373006336 0 16284862 10824108 4359960 9713890 11812133
1790581480811 0 91434 5840 4378776048 4370531087 26174 24062 4523885 4157330 1 55 2187193566 10298491 4176535552 374345728 27770880 16480370 10941413 4411969 9868902 11973346
1790581481831 0 64281 0 4378847689 4370635609 26174 24062 4523885 4157330 1 55 2187245416 10298641 4176961536 252841984 0 16650039 11050453 4462245 9958165 12000485
1790581482863 0 92775 1 4378924329 4370683838 26174 24062 4523885 4157330 1 55 2187301410 10298823 4176261120 369246208 0 16815286 11168523 4518731 10084273 12199614
1790581483897 0 79743 21245 4379025667 4370776876 26174 24062 4523885 4157330 1 55 2187374225 10299039 4175552512 378290176 58568704 17031541 11322330 4592536 10215568 12391857
1790581484946 0 66715 2146 4379129094 4370912433 26174 24062 4523885 4157330 1 55 2187437274 10299251 4174790656 306851840 0 17258503 11460854 4655126 10341064 12619280
1790581485966 0 84439 7 4379238078 4371005868 26174 24062 4523885 4157330 1 55 2187517385 10299495 4174651392 345952256 19652608 17508419 11625938 4735190 10539066 12806487
1790581486985 0 69917 0 4379333792 4371116128 26174 24062 4523885 4157330 1 55 2187594452 10299727 4173713408 276922368 0 17729773 11773116 4811277 10656494 12966176
1790581488005 0 90843 2553 4379447987 4371206927 26174 24062 4523885 4157330 1 55 2187670051 10299968 4172255232 417800192 0 17989865 11940916 4887849 10756238 13055200
1790581489024 0 105410 0 4379553968 4371300732 26174 24062 4523885 4157330 1 55 2187755730 10300218 4172607488 425463808 0 18241815 12104314 4971507 10890773 13152966
1790581490044 0 63443 45 4379650331 4371439078 26174 24062 4523885 4157330 1 55 2187828476 10300430 4172128256 251453440 0 18458180 12247514 5045320 10980192 13288810
1790581491064 0 120959 0 4379768384 4371499673 26174 24062 4523885 4157330 1 55 2187907026 10300663 4169842688 486948864 0 18704062 12410834 5124867 11095356 13389813
1790581492085 0 67387 0 4379861091 4371645951 26174 24062 4523885 4157330 1 55 2187965567 10300856 4169375744 263512064 0 18913696 12543343 5182861 11209809 13540260
1790581493105 0 68260 1 4379972793 4371756680 26174 24062 4523885 4157330 1 55 2188029707 10301095 4167532544 264978432 0 19138647 12692439 5247572 11369261 13755170
1790581494125 0 84028 0 4380075672 4371843917 26174 24062 4523885 4157330 1 55 2188103652 10301333 4166819840 337604608 0 19371472 12849427 5320453 11565971 13962601
1790581495145 0 84241 0 4380182619 4371950607 26174 24062 4523885 4157330 1 55 2188177549 10301562 4166389760 337801216 0 19603626 13006355 5394359 11745283 14197895
1790581496165 0 89422 0 4380289323 4372052124 26174 24062 4523885 4157330 1 55 2188239665 10301776 4165308416 359313408 0 19830769 13152682 5457008 11929893 14416012
1790581497185 0 75025 0 4380393085 4372170241 26174 24062 4523885 4157330 1 55 2188307415 10301988 4164521984 299118592 0 20064061 13307393 5524542 12107490 14637672
1790581498205 0 88204 9 4380493386 4372257450 26174 24062 4523885 4157330 1 55 2188389425 10302244 4165337088 354992128 0 20297365 13469758 5607224 12204772 14699305
1790581499224 0 95007 0 4380590504 4372347668 26174 24062 4523885 4157330 1 55 2188455117 10302484 4165074944 383447040 0 20507408 13611792 5671394 12347344 14912055
1790581500244 0 77590 0 4380688831 4372463516 26174 24062 4523885 4157330 1 55 2188525723 10302714 4165734400 311320576 0 20734022 13763666 5742765 12454193 15032623
1790581501264 0 93875 2555 4380792769 4372548461 26174 24062 4523885 4157330 1 55 2188609426 10303032 4166270976 390324224 0 20982242 13931450 5826746 12593796 15165373
1790581502284 0 57633 0 4380885295 4372679930 26174 24062 4523885 4157330 1 55 2188672227 10303273 4165869568 227737600 0 21189095 14074716 5890061 12732367 15333737
1790581503304 0 70239 3383 4380994865 4372773507 26174 24062 4523885 4157330 1 55 2188741075 10303521 4165087232 287698944 43139072 21437855 14237389 5959386 12828141 15441899
1790581504324 0 93170 0 4381093057 4372852155 26174 24062 4523885 4157330 1 55 2188822147 10303795 4166356992 373014528 0 21675085 14400903 6039775 12916537 15516849
1790581505344 0 86722 0 4381191197 4372956757 26174 24062 4523885 4157330 1 55 2188895636 10304042 4166070272 349134848 0 21892225 14552705 6112685 13112542 15741629
1790581506365 0 75296 0 4381286503 4373063448 26174 24062 4523885 4157330 1 55 2188967662 10304304 4165636096 334483456 10420224 22122436 14702511 6185606 13234242 15894503
1790581507383 0 43316 0 4381385334 4373194259 26174 24062 4523885 4157330 1 55 2189021201 10304500 4164628480 177885184 6905856 22328028 14839077 6237978 13278201 15993295
1790581508403 0 87684 0 4381489269 4373253777 26174 24062 4523885 4157330 1 55 2189105467 10304787 4165984256 356777984 21508096 22588464 15013096 6323266 13394699 16076046
1790581509422 0 94847 0 4381587804 4373345096 26174 24062 4523885 4157330 1 55 2189181882 10305041 4167417856 381841408 0 22819614 15172799 6398178 13553500 16302030
1790581510446 0 58478 0 4381677338 4373471092 26174 24062 4523885 4157330 1 55 2189248594 10305268 4168192000 232808448 6078464 23039099 15318488 6466437 13698300 16560448
1790581511474 0 34249 0 4381773127 4373591133 26174 24062 4523885 4157330 1 55 2189323217 10305511 4169048064 129769472 0 23289450 15474473 6540216 13790518 16698018
1790581512499 0 33494 0 4381862703 4373681498 26174 24062 4523885 4157330 1 55 2189404760 10305782 4169920512 135143424 0 23524551 15635471 6620551 14010159 16898762
1790581513520 0 86184 0 4381969814 4373735873 26174 24062 4523885 4157330 1 55 2189483768 10306045 4170182656 342061056 0 23776561 15807027 6701569 14169528 17013504
1790581514540 0 94050 0 4382061910 4373820014 26174 24062 4523885 4157330 1 55 2189554073 10306285 4170928128 370630656 0 24010226 15957042 6771918 14287163 17166537
1790581515560 0 102089 1 4382161142 4373911291 26174 24062 4523885 4157330 1 55 2189624438 10306567 4171063296 409968640 0 24243245 16112942 6841776 14548491 17394996
1790581516596 0 74675 68 4382250743 4374028203 26174 24062 4523885 4157330 1 55 2189691486 10306804 4170522624 298913792 9302016 24451918 16254707 6908775 14653742 17599552
1790581517616 0 49520 3 4382344609 4374147211 26174 24062 4523885 4157330 1 55 2189752111 10307054 4170379264 193953792 0 24655592 16394172 6969405 14826646 17812163
1790581518637 0 78342 1459 4382453349 4374225926 26174 24062 4523885 4157330 1 55 2189830146 10307350 4170145792 319102976 0 24914287 16562871 7048479 15024926 17982390
1790581519657 0 96677 0 4382561955 4374317492 26174 24062 4523885 4157330 1 55 2189904288 10307634 4170461184 387616768 0 25156857 16730685 7120654 15132293 18089119
1790581520678 0 81642 0 4382660594 4374431293 26174 24062 4523885 4157330 1 55 2189979031 10307912 4170260480 330166272 0 25375104 16881192 7195371 15301537 18297486
1790581521701 0 77294 0 4382753786 4374528728 26174 24062 4523885 4157330 1 55 2190054823 10308199 4171661312 306290688 0 25598019 17032638 7271928 15401943 18445001
1790581522729 0 64324 1 4382855780 4374643684 26174 24062 4523885 4157330 1 55 2190130316 10308477 4171005952 257200128 0 25839394 17187809 7345564 15580050 18664204
1790581523761 0 112367 0 4382976596 4374716527 26174 24062 4523885 4157330 1 55 2190205258 10308776 4170174464 451567616 0 26120566 17365809 7422591 15793005 18816495
1790581524786 0 65516 0 4383066181 4374852863 26174 24062 4523885 4157330 1 55 2190268986 10309027 4170067968 259862528 0 26329852 17501726 7485772 15920893 18993486
1790581525806 0 89427 0 4383171073 4374933924 26174 24062 4523885 4157330 1 55 2190334477 10309318 4169424896 355586048 0 26557294 17661559 7552298 16125633 19187876
1790581526826 0 83069 0 4383266349 4375035465 26174 24062 4523885 4157330 1 55 2190401784 10309593 4168413184 332738560 0 26785656 17807157 7618582 16232873 19383794
1790581527846 0 57001 730 4383359480 4375153826 26174 24062 4523885 4157330 1 55 2190464435 10309845 4168654848 232124416 0 26989841 17942636 7680180 16300053 19485878
1790581528867 0 140491 0 4383479853 4375191549 26174 24062 4523885 4157330 1 55 2190549195 10310169 4169011200 564920320 0 27277767 18129144 7766479 16449011 19555432
1790581529897 0 68007 4887 4383543700 4375323029 26174 24062 4523885 4157330 1 55 2190586683 10310316 4168351744 278556672 21512192 27413864 18218983 7804994 16685307 20060360
1790581530917 0 61605 0 4383627598 4375418222 26174 24062 4523885 4157330 1 55 2190643624 10310523 4168351744 243924992 0 27599838 18337868 7860954 16910207 20392859
1790581531937 0 75075 9782 4383732054 4375499399 26174 24062 4523885 4157330 1 55 2190717157 10310795 4168400896 362774528 0 27825182 18490132 7934447 17069552 20557741
1790581532956 0 75101 1 4383815372 4375592576 26174 24062 4523885 4157330 1 55 2190775138 10311012 4167643136 294559744 0 28015189 18616322 7992993 17178600 20781274
1790581533976 0 75428 62 4383904930 4375681813 26174 24062 4523885 4157330 1 55 2190837757 10311241 4167139328 302366720 0 28225735 18746181 8053586 17303927 20922120
1790581534996 0 87476 54 4384013498 4375778242 26174 24062 4523885 4157330 1 55 2190913292 10311509 4166778880 370331648 21401600 28470706 18907925 8131602 17419447 21031845
1790581536019 0 65811 42 4384109767 4375896203 26174 24062 4523885 4157330 1 55 2190984129 10311768 4166221824 261238784 0 28680455 19053787 8200915 17507634 21180518
1790581537038 0 51311 4161 4384212636 4376009725 26174 24062 4523885 4157330 1 55 2191048331 10312015 4165697536 206200832 34988032 28911252 19201971 8266665 17660193 21327589
1790581538058 0 66408 0 4384316649 4376102491 26174 24062 4523885 4157330 1 55 2191117570 10312264 4165697536 263729152 0 29140236 19351057 8334401 17765511 21450856
1790581539077 0 83652 337 4384414942 4376183520 26174 24062 4523885 4157330 1 55 2191196960 10312562 4165795840 342638592 26624000 29372249 19507617 8415270 17935428 21582630
1790581540095 0 116206 0 4384493624 4376229709 26174 24062 4523885 4157330 1 55 2191261629 10312810 4166680576 470724608 0 29565964 19636375 8478924 18146967 21926772
1790581541115 0 111601 1 4384591764 4376332309 26174 24062 4523885 4157330 1 55 2191334503 10313073 4166496256 447565824 0 29793277 19787787 8551315 18302182 22097181
1790581542140 0 17238 17652 4384669673 4376487104 26174 24062 4523885 4157330 1 55 2191399500 10313314 4166594560 162267136 12492800 29995275 19917690 8617291 18479253 22449852
1790581543162 0 81817 0 4384778733 4376549220 26174 24062 4523885 4157330 1 55 2191483649 10313624 4167098368 326840320 0 30249199 20083100 8699927 18616145 22590179
1790581544182 0 84678 28 4384872915 4376640445 26174 24062 4523885 4157330 1 55 2191568792 10313919 4167864320 336023552 0 30498990 20245308 8785650 18730137 22717398
1790581545204 0 91489 0 4384960806 4376721597 26174 24062 4523885 4157330 1 55 2191644706 10314204 4168032256 371163136 0 30724817 20388757 8859956 18922998 23009396
1790581546224 0 67831 0 4385048969 4376833394 26174 24062 4523885 4157330 1 55 2191703217 10314420 4168159232 273723392 0 30944357 20526049 8918984 18999106 23094802
1790581547250 0 53696 19137 4385150796 4376930239 26174 24062 4523885 4157330 1 55 2191775406 10314717 4167290880 331591680 1859584 31180784 20683318 8993205 19105910 23221062
1790581548275 0 80759 0 4385251071 4377022662 26174 24062 4523885 4157330 1 55 2191842663 10314986 4167032832 324481024 0 31397710 20831037 9058941 19163674 23304431
1790581549296 0 87163 0 4385350917 4377115977 26174 24062 4523885 4157330 1 55 2191916286 10315280 4166520832 344686592 0 31639854 20986210 9134661 19281687 23424366
1790581550315 0 108558 1460 4385448135 4377190467 26174 24062 4523885 4157330 1 55 2191997990 10315575 4167782400 444436480 29290496 31889592 21153083 9215869 19362037 23500774
1790581551336 0 70888 0 4385532570 4377313972 26174 24062 4523885 4157330 1 55 2192063187 10315821 4168167424 279912448 0 32087739 21287195 9281002 19549887 23783923
1790581552358 0 67633 12994 4385637520 4377409285 26174 24062 4523885 4157330 1 55 2192133584 10316106 4167962624 336912384 26943488 32337993 21450246 9351896 19758974 23997349
1790581553378 0 76985 4819 4385736775 4377507382 26174 24062 4523885 4157330 1 55 2192202317 10316336 4167827456 337297408 0 32566299 21596896 9420146 19871514 24145131
1790581554398 0 120694 0 4385847014 4377578632 26174 24062 4523885 4157330 1 55 2192276286 10316632 4167204864 483106816 0 32804384 21763594 9494143 20043557 24305925
1790581555418 0 120344 0 4385945113 4377677146 26174 24062 4523885 4157330 1 55 2192341923 10316869 4166664192 479338496 0 33027778 21910722 9559266 20145891 24447804
1790581556438 0 93498 0 4386038311 4377797061 26174 24062 4523885 4157330 1 55 2192411843 10317137 4167188480 374054912 0 33260520 22059683 9628615 20318172 24725207
1790581557458 0 68124 0 4386124703 4377908876 26174 24062 4523885 4157330 1 55 2192469864 10317376 4167290880 272859136 0 33455756 22193542 9686657 20489512 24984485
1790581558478 0 72530 0 4386224113 4378003859 26174 24062 4523885 4157330 1 55 2192547648 10317633 4167790592 290873344 0 33700184 22354660 9763463 20653721 25148996
1790581559500 0 89253 0 4386320791 4378083869 26174 24062 4523885 4157330 1 55 2192613446 10317902 4167880704 357093376 0 33919427 22501234 9830232 20809956 25289308
1790581560521 0 133757 0 4386433125 4378151627 26174 24062 4523885 4157330 1 55 2192686848 10318190 4167045120 532516864 0 34166102 22662396 9905213 21019828 25451935
1790581561542 0 64743 20 4386515721 4378303334 26174 24062 4523885 4157330 1 55 2192736723 10318397 4166557696 260919296 8765440 34340992 22784496 9955034 21069876 25581525
1790581562564 0 106292 0 4386630251 4378376196 26174 24062 4523885 4157330 1 55 2192809913 10318689 4166033408 426041344 0 34595749 22950440 10027205 21301627 25791178
1790581563584 0 72925 0 4386715350 4378494684 26174 24062 4523885 4157330 1 55 2192878695 10318953 4167430144 286531584 0 34805496 23092109 10096540 21396148 25945435
1790581564604 0 104614 0 4386825980 4378573629 26174 24062 4523885 4157330 1 55 2192952129 10319217 4165726208 421396480 0 35036192 23254742 10168421 21627242 26153878
1790581565625 0 81863 0 4386915099 4378685396 26174 24062 4523885 4157330 1 55 2193012197 10319458 4165771264 329007104 0 35240840 23390303 10229545 21747712 26283558
1790581566644 0 69439 14600 4387016851 4378785157 26174 24062 4523885 4157330 1 55 2193075940 10319721 4166111232 316510208 46727168 35479575 23542957 10293746 21914381 26508121
1790581567665 0 63884 6065 4387112483 4378894882 26174 24062 4523885 4157330 1 55 2193142686 10319986 4166524928 293511168 32190464 35700082 23688391 10360995 22089889 26784412
1790581568694 0 79700 0 4387208718 4378981287 26174 24062 4523885 4157330 1 55 2193211287 10320271 4166479872 319684608 0 35912271 23832894 10428299 22209937 26891817
1790581569714 0 100455 2 4387310472 4379062338 26174 24062 4523885 4157330 1 55 2193281801 10320528 4166463488 411529216 18456576 36145995 23989286 10499657 22319423 26983880
1790581570732 0 54678 23 4387387724 4379185349 26174 24062 4523885 4157330 1 55 2193344556 10320798 4167581696 221712384 11493376 36334021 24114654 10562359 22444193 27266135
1790581571752 0 78016 0 4387491248 4379265457 26174 24062 4523885 4157330 1 55 2193418469 10321098 4167831552 313319424 0 36573537 24268866 10634775 22590669 27475753
1790581572772 0 73723 0 4387585391 4379363843 26174 24062 4523885 4157330 1 55 2193487798 10321368 4168167424 292208640 0 36800008 24411949 10705134 22824648 27741344
1790581573791 0 46104 72 4387678363 4379484587 26174 24062 4523885 4157330 1 55 2193549400 10321601 4168282112 187854848 8957952 37012362 24550125 10766743 23019801 27999808
1790581574811 0 97610 0 4387784375 4379538935 26174 24062 4523885 4157330 1 55 2193628010 10321910 4167651328 394743808 0 37273754 24715306 10844799 23223140 28180960
1790581575832 0 61355 0 4387866941 4379657931 26174 24062 4523885 4157330 1 55 2193692691 10322163 4168175616 251285504 13209600 37482533 24850532 10910019 23313101 28337655
1790581576851 0 101617 0 4387971929 4379722623 26174 24062 4523885 4157330 1 55 2193762135 10322440 4167442432 409907200 0 37714655 25002366 10978772 23525731 28528191
1790581577871 0 69639 2846 4388060968 4379841185 26174 24062 4523885 4157330 1 55 2193816918 10322667 4166770688 307941376 8499200 37925671 25135266 11035268 23630950 28673661
1790581578890 0 45392 0 4388146997 4379953928 26174 24062 4523885 4157330 1 55 2193872170 10322895 4166860800 177299456 0 38119862 25258533 11088960 23834237 28986080
1790581579910 0 71770 67 4388244229 4380024705 26174 24062 4523885 4157330 1 55 2193956585 10323202 4168089600 287092736 0 38364823 25421850 11172895 23948613 29114895
1790581580930 0 92528 13832 4388349091 4380094997 26174 24062 4523885 4157330 1 55 2194029520 10323466 4167086080 390565888 62869504 38598839 25582615 11247831 24150200 29314933
1790581581949 0 91014 4964 4388439693 4380195826 26174 24062 4523885 4157330 1 55 2194103748 10323737 4167716864 399171584 0 38829788 25724235 11320573 24230725 29409685
1790581582974 0 68106 0 4388534790 4380319066 26174 24062 4523885 4157330 1 55 2194165898 10323983 4167811072 270512128 0 39038256 25863670 11382992 24348090 29597606
1790581583993 0 48828 31 4388619754 4380423185 26174 24062 4523885 4157330 1 55 2194237785 10324266 4167245824 198127616 3850240 39260934 26011349 11455293 24444510 29745725
1790581585012 0 116264 0 4388733313 4380469374 26174 24062 4523885 4157330 1 55 2194321116 10324585 4167323648 470118400 0 39516409 26187105 11537423 24612404 29841357
1790581586032 0 91999 0 4388821817 4380582117 26174 24062 4523885 4157330 1 55 2194374009 10324804 4166823936 370565120 0 39719555 26315870 11590862 24810817 30135225
1790581587055 0 69839 4294 4388914495 4380693016 26174 24062 4523885 4157330 1 55 2194435747 10325070 4166496256 313016320 0 39921044 26448725 11654064 24952411 30328741
1790581588076 0 80834 2483 4389007683 4380776786 26174 24062 4523885 4157330 1 55 2194504822 10325355 4166602752 336576512 22585344 40130415 26596068 11723132 25121775 30559376
1790581589094 0 53034 69 4389073686 4380872930 26174 24062 4523885 4157330 1 55 2194549984 10325563 4166651904 204779520 0 40271546 26690977 11767293 25258519 30884473
1790581590114 0 121474 3 4389190343 4380921228 26174 24062 4523885 4157330 1 55 2194626417 10325887 4166144000 489484288 0 40539952 26862743 11842715 25474390 31008835
1790581591134 0 94564 21 4389273216 4381030968 26174 24062 4523885 4157330 1 55 2194693183 10326143 4167483392 376836096 0 40756000 26999157 11911020 25614101 31231824
1790581592154 0 76940 7081 4389359688 4381127900 26174 24062 4523885 4157330 1 55 2194760455 10326422 4166889472 315404288 49938432 40954917 27142318 11978822 25728188 31352440
1790581593173 0 67492 1 4389447206 4381232040 26174 24062 4523885 4157330 1 55 2194822627 10326668 4166557696 272191488 0 41160503 27271036 12038383 25900034 31615099
1790581594193 0 41706 0 4389534225 4381344789 26174 24062 4523885 4157330 1 55 2194886937 10326953 4166746112 160284672 0 41360438 27402851 12104757 26126247 31886251
1790581595213 0 100265 0 4389648251 4381400260 26174 24062 4523885 4157330 1 55 2194966472 10327289 4166094848 400306176 0 41611403 27571960 12183800 26254309 31980877
1790581596232 0 70238 9636 4389742085 4381514572 26174 24062 4523885 4157330 1 55 2195031236 10327592 4165791744 337092608 4915200 41825271 27717480 12248525 26467357 32250143
1790581597251 0 74393 0 4389838878 4381616721 26174 24062 4523885 4157330 1 55 2195093894 10327871 4165185536 298582016 0 42025096 27859393 12311501 26605257 32432808
1790581598272 0 92155 0 4389944789 4381704958 26174 24062 4523885 4157330 1 55 2195167822 10328184 4165308416 369999872 0 42278956 28020729 12385165 26737486 32531263
1790581599292 0 31939 0 4390002538 4381822862 26174 24062 4523885 4157330 1 55 2195207318 10328358 4165820416 126492672 0 42413499 28110761 12425364 26843909 32823294
1790581600313 0 84329 0 4390100191 4381868117 26174 24062 4523885 4157330 1 55 2195282508 10328658 4165869568 341684224 0 42646542 28263866 12499177 26938000 32916884
1790581601335 0 20923 4757 4390186772 4382013504 26174 24062 4523885 4157330 1 55 2195340599 10328915 4165115904 85700608 42983424 42849595 28400033 12558910 27054892 33045662
1790581602357 0 91 0 4390186877 4382039096 26174 24062 4523885 4157330 1 55 2195463905 10329403 4192051200 131072 0 42971356 28514216 12679660 27103057 33084936
1790581603378 0 127 0 4390186913 4382039096 26174 24062 4523885 4157330 1 55 2195638357 10330074 4194791424 131072 0 43174616 28686996 12853109 27208872 33130541
1790581604398 0 147 0 4390186933 4382039096 26174 24062 4523885 4157330 1 55 2195793741 10331086 4199563264 131072 0 43631577 28842785 13010063 27436089 33175834
1790581605419 0 174 0 4390186960 4382039096 26174 24062 4523885 4157330 1 55 2195953771 10332817 4199243776 131072 0 43879236 29002458 13169658 27584025 33215329
1790581606438 0 185 0 4390186985 4382039096 26174 24062 4523885 4157330 1 55 2195971884 10332901 484061184 12288 0 43905652 29022987 13190195 27597278 33225630
