1790579588877 0 0 0 4154734986 4146587114 26174 24062 4523885 4157330 1 55 2117551845 10023217 - - - - - - - -
1790579589993 0 112001 0 4154943148 4146683270 26174 24062 4523885 4157330 1 55 2117551845 10023329 805412864 422432768 0 0 0 0 0 4076
1790579591021 0 161132 956 4155155551 4146845640 26174 24062 4523885 4157330 1 55 2117551845 10023329 1685872640 649953280 6283264 0 0 0 0 39485
1790579592051 0 150556 6097 4155333550 4147029025 26174 24062 4523885 4157330 1 55 2117551845 10023330 2418606080 623165440 16633856 0 0 0 0 137370
1790579593098 0 150603 1702 4155519579 4147219380 26174 24062 4523885 4157330 1 55 2117551845 10023331 3164413952 624959488 8105984 0 0 0 0 182675
1790579594156 0 141865 1624 4155688199 4147396836 26174 24062 4523885 4157330 1 55 2117551845 10023332 3849273344 575930368 8130560 0 0 0 0 190343
1790579595197 0 143981 7367 4155880142 4147580945 26174 24062 4523885 4157330 1 55 2117553916 10023338 4141084672 589733888 29999104 217511 130939 2029 37866 227615
1790579596216 0 146748 4360 4156079840 4147781062 26174 24062 4523885 4157330 1 55 2117561035 10023347 4139565056 607588352 25165824 492835 337128 9148 76356 292688
1790579597238 0 145530 6130 4156286556 4147986968 26174 24062 4523885 4157330 1 55 2117578817 10023371 4139409408 606638080 13664256 758295 555273 26930 124684 372742
1790579598263 0 131800 0 4156446167 4148166336 26174 24062 4523885 4157330 1 55 2117598693 10023400 4139433984 514772992 0 964795 733253 45775 165769 445116
1790579599289 0 146649 5344 4156612678 4148312834 26174 24062 4523885 4157330 1 55 2117618616 10023583 4139683840 602755072 0 1236903 920643 66786 218451 591834
1790579600310 0 135660 15684 4156763666 4148464437 26174 24062 4523885 4157330 1 55 2117644872 10023765 4140642304 555237376 64512000 1472861 1102243 92476 265034 713711
1790579601329 0 142790 8249 4156915322 4148616439 26174 24062 4523885 4157330 1 55 2117676704 10023936 4142133248 584478720 33554432 1713945 1284911 124301 302274 803539
1790579602369 0 120288 3358 4157071901 4148800343 26174 24062 4523885 4157330 1 55 2117712157 10024105 4144074752 538537984 53325824 1960068 1473857 159997 347422 928217
1790579603402 0 142136 9490 4157262095 4148962553 26174 24062 4523885 4157330 1 55 2117753748 10024278 4146032640 612159488 0 2243522 1700607 200725 400359 1020691
1790579604443 0 118987 6983 4157422182 4149148338 26174 24062 4523885 4157330 1 55 2117789739 10024493 4146835456 548315136 64483328 2502753 1898984 237869 463594 1103752
1790579605483 0 113156 8000 4157577829 4149308808 26174 24062 4523885 4157330 1 55 2117825249 10024692 4147441664 463024128 33042432 2759735 2093063 273360 525633 1224455
1790579606515 0 114694 6789 4157767360 4149497994 26174 24062 4523885 4157330 1 55 2117871520 10024919 4147810304 513085440 12505088 3058105 2323171 318094 566819 1313907
1790579607547 0 141558 8178 4157964803 4149666998 26174 24062 4523885 4157330 1 55 2117921260 10025149 4147691520 609529856 0 3391011 2569293 368937 625995 1464088
1790579608571 0 147333 0 4158150658 4149855424 26174 24062 4523885 4157330 1 55 2117982554 10025391 4148895744 577728512 0 3714865 2814205 430029 692316 1536556
1790579609606 0 96677 9218 4158331765 4150078010 26174 24062 4523885 4157330 1 55 2118035058 10025596 4148854784 457707520 47742976 4022013 3048413 481623 747449 1695535
1790579610629 0 101497 60 4158514650 4150265213 26174 24062 4523885 4157330 1 55 2118102626 10025848 4149669888 394100736 0 4358808 3296399 548702 794554 1774183
1790579611654 0 133775 0 4158713826 4150432094 26174 24062 4523885 4157330 1 55 2118171857 10026077 4149583872 524402688 0 4697426 3560412 618132 860338 1864943
1790579612699 0 112728 1356 4158902586 4150640705 26174 24062 4523885 4157330 1 55 2118237879 10026309 4149288960 453685248 66732032 5017968 3797665 684982 917340 1992667
1790579613744 0 82117 7334 4159077960 4150840853 26174 24062 4523885 4157330 1 55 2118305638 10026526 4148850688 323596288 60604416 5298725 3998312 753229 974670 2191040
1790579614769 0 91960 0 4159256192 4151016336 26174 24062 4523885 4157330 1 55 2118367214 10026716 4147904512 349003776 0 5557211 4180562 814303 1021063 2322960
1790579615797 0 110984 47 4159437129 4151178238 26174 24062 4523885 4157330 1 55 2118414979 10026881 4144828416 430747648 0 5807000 4353668 862934 1066320 2493447
1790579616828 0 72281 0 4159593145 4151373006 26174 24062 4523885 4157330 1 55 2118456532 10027001 4142981120 274776064 0 6055433 4509219 903114 1127924 2689095
1790579617860 0 6691 14 4159737175 4151582602 26174 24062 4523885 4157330 1 55 2118502998 10027152 4141400064 4689920 0 6296016 4664809 949565 1178317 2882544
1790579618886 0 128757 14 4159946477 4151669854 26174 24062 4523885 4157330 1 55 2118566609 10027345 4138283008 497217536 0 6626550 4892144 1013683 1242974 2963847
1790579619915 0 51658 0 4160077642 4151877846 26174 24062 4523885 4157330 1 55 2118600937 10027458 4136022016 189747200 0 6832539 5033747 1047579 1293331 3131809
1790579620945 0 27460 1444 4160243800 4152067076 26174 24062 4523885 4157330 1 55 2118643084 10027592 4134080512 150380544 2732032 7108066 5220096 1091186 1337709 3224237
1790579621972 0 105416 0 4160441859 4152188430 26174 24062 4523885 4157330 1 55 2118711808 10027854 4133777408 408272896 0 7407592 5445023 1158975 1403296 3325527
1790579622996 0 3113 19802 4160564170 4152393426 26174 24062 4523885 4157330 1 55 2118761904 10028035 4134129664 37154816 74518528 7623644 5605703 1210069 1462130 3514886
1790579624023 0 23820 61 4160728994 4152557232 26174 24062 4523885 4157330 1 55 2118806751 10028223 4132982784 73064448 0 7876480 5785134 1254776 1506539 3636104
1790579625046 0 91099 0 4160915149 4152676123 26174 24062 4523885 4157330 1 55 2118870556 10028457 4133974016 350781440 0 8187490 6013219 1317660 1569875 3752225
1790579626071 0 131740 2 4161097333 4152817537 26174 24062 4523885 4157330 1 55 2118921928 10028657 4132503552 517189632 0 8459125 6223725 1369019 1620329 3846187
1790579627099 0 59374 0 4161237914 4153030669 26174 24062 4523885 4157330 1 55 2118962230 10028813 4132323328 223051776 0 8673304 6392980 1408316 1664818 4002198
1790579628139 0 5553 0 4161401116 4153247634 26174 24062 4523885 4157330 1 55 2119012523 10028984 4131540992 315392 3567616 8934903 6583245 1458654 1714972 4126886
1790579629168 0 68877 16 4161601640 4153384900 26174 24062 4523885 4157330 1 55 2119064979 10029176 4132184064 259571712 0 9225682 6814940 1512577 1772598 4243665
1790579630191 0 118097 0 4161786180 4153520259 26174 24062 4523885 4157330 1 55 2119108152 10029354 4131430400 461230080 0 9509055 7026190 1555229 1814308 4304496
1790579631217 0 74478 0 4161944468 4153722134 26174 24062 4523885 4157330 1 55 2119142587 10029505 4130639872 303779840 22118400 9736457 7204429 1590181 1860114 4438171
1790579632245 0 93857 0 4162130003 4153888190 26174 24062 4523885 4157330 1 55 2119194975 10029707 4131606528 361316352 0 10025646 7426450 1643079 1899071 4535813
1790579633269 0 89631 4992 4162293018 4154050423 26174 24062 4523885 4157330 1 55 2119246714 10029883 4132511744 405000192 4521984 10280625 7629670 1694816 1964252 4682529
1790579634294 0 120015 0 4162472425 4154204511 26174 24062 4523885 4157330 1 55 2119298586 10030056 4133163008 470482944 0 10550062 7840578 1743614 2016796 4766752
1790579635338 0 56460 717 4162632625 4154427434 26174 24062 4523885 4157330 1 55 2119350932 10030217 4134141952 262852608 20193280 10803257 8034523 1796470 2062298 4897655
1790579636382 0 89705 8210 4162770064 4154524173 26174 24062 4523885 4157330 1 55 2119387379 10030343 4135116800 367120384 54095872 11018770 8204372 1835489 2112094 4972905
1790579637414 0 118760 6864 4162953944 4154680349 26174 24062 4523885 4157330 1 55 2119429030 10030502 4134551552 519548928 36143104 11277991 8405394 1877146 2159241 5072124
1790579638434 0 64221 3560 4163102143 4154886497 26174 24062 4523885 4157330 1 55 2119476615 10030657 4134682624 260964352 46018560 11506267 8582940 1924719 2204771 5187144
1790579639458 0 128982 0 4163306134 4155029255 26174 24062 4523885 4157330 1 55 2119527456 10030828 4134547456 506433536 0 11788117 8805996 1972655 2260203 5288896
1790579640483 0 67528 7831 4163453165 4155230012 26174 24062 4523885 4157330 1 55 2119573667 10030962 4136161280 313622528 20529152 12021062 8980879 2021769 2302284 5398800
1790579641516 0 97380 0 4163608727 4155363374 26174 24062 4523885 4157330 1 55 2119619884 10031112 4136243200 379056128 0 12235931 9142439 2066662 2363210 5516554
1790579642558 0 70684 71 4163755400 4155536713 26174 24062 4523885 4157330 1 55 2119666704 10031273 4136599552 264421376 0 12443292 9296514 2113127 2414578 5663376
1790579643602 0 676 444 4163894234 4155745006 26174 24062 4523885 4157330 1 55 2119707088 10031408 4135874560 5226496 32399360 12667464 9457807 2155196 2465741 5837577
1790579644631 0 68765 5986 4164092953 4155870650 26174 24062 4523885 4157330 1 55 2119763997 10031606 4135591936 304812032 0 12983508 9675484 2211590 2523049 5910828
1790579645653 0 82557 11420 4164266704 4156025012 26174 24062 4523885 4157330 1 55 2119817396 10031823 4134203392 334172160 70479872 13269740 9867439 2265501 2588990 6037323
1790579646677 0 91003 1196 4164445515 4156205465 26174 24062 4523885 4157330 1 55 2119873311 10032032 4132507648 391573504 2031616 13535363 10061233 2319925 2656261 6149602
1790579647706 0 93910 0 4164611519 4156369742 26174 24062 4523885 4157330 1 55 2119925079 10032250 4131598336 359038976 0 13795310 10246788 2372235 2740991 6316787
1790579648735 0 65639 5869 4164768821 4156549442 26174 24062 4523885 4157330 1 55 2119980182 10032465 4131897344 297566208 19034112 14048962 10438585 2426751 2785737 6442431
1790579649755 0 59162 16768 4164941585 4156717779 26174 24062 4523885 4157330 1 55 2120042282 10032720 4132700160 242495488 93343744 14327776 10648981 2490427 2875841 6646222
1790579650774 0 98762 4954 4165113288 4156861676 26174 24062 4523885 4157330 1 55 2120101619 10032961 4133081088 418836480 22241280 14606344 10851511 2548733 2922206 6762033
1790579651800 0 49002 68 4165261705 4157064711 26174 24062 4523885 4157330 1 55 2120134817 10033131 4131323904 193875968 11980800 14816150 11007462 2582934 2981930 6949451
1790579652821 0 92020 5117 4165443992 4157198898 26174 24062 4523885 4157330 1 55 2120196658 10033416 4131663872 374525952 37908480 15108821 11231496 2644768 3054837 7080976
1790579653839 0 16176 1690 4165565721 4157399977 26174 24062 4523885 4157330 1 55 2120237269 10033603 4131500032 61890560 29958144 15302441 11378113 2685373 3117208 7302616
1790579654859 0 55159 13225 4165743742 4157527313 26174 24062 4523885 4157330 1 55 2120294033 10033861 4132147200 223707136 74817536 15586730 11593944 2742150 3176621 7411692
1790579655880 0 100553 1 4165915552 4157666887 26174 24062 4523885 4157330 1 55 2120356161 10034117 4133621760 388820992 0 15864180 11804318 2803261 3251880 7576246
1790579656911 0 83183 0 4166066248 4157834996 26174 24062 4523885 4157330 1 55 2120405949 10034331 4132589568 321536000 0 16088008 11977870 2849585 3306446 7716503
1790579657941 0 88548 0 4166222159 4157985594 26174 24062 4523885 4157330 1 55 2120460221 10034565 4133650432 335360000 0 16350582 12172947 2906887 3364752 7844513
1790579658965 0 2499 5402 4166348641 4158193000 26174 24062 4523885 4157330 1 55 2120497630 10034740 4132630528 5468160 46628864 16550082 12327268 2945750 3415271 8071282
1790579659989 0 121343 0 4166513157 4158243883 26174 24062 4523885 4157330 1 55 2120558192 10035006 4133347328 475365376 0 16816311 12524675 3004316 3475248 8168295
1790579661016 0 104833 69 4166664987 4158412096 26174 24062 4523885 4157330 1 55 2120611903 10035295 4133834752 404803584 0 17063171 12713052 3057444 3531185 8315674
1790579662059 0 29296 19105 4166803871 4158607346 26174 24062 4523885 4157330 1 55 2120651107 10035495 4133576704 227164160 6803456 17277681 12877783 3098748 3577907 8437919
1790579663088 0 72902 0 4166975130 4158754362 26174 24062 4523885 4157330 1 55 2120706510 10035760 4133109760 274698240 0 17542239 13076619 3153149 3625479 8552361
1790579664114 0 55633 17978 4167131867 4158910401 26174 24062 4523885 4157330 1 55 2120748469 10035946 4133089280 324190208 0 17792204 13261094 3196066 3683224 8717199
1790579665137 0 104195 0 4167315538 4159063409 26174 24062 4523885 4157330 1 55 2120798309 10036205 4132110336 406134784 0 18067792 13468239 3243356 3764784 8872774
1790579666165 0 84624 0 4167470294 4159237677 26174 24062 4523885 4157330 1 55 2120848689 10036448 4131479552 323334144 0 18323822 13651032 3295260 3843846 9039195
1790579667192 0 117714 0 4167658100 4159392460 26174 24062 4523885 4157330 1 55 2120899831 10036710 4131258368 460873728 0 18592382 13858039 3346446 3907403 9207151
1790579668219 0 135160 0 4167835550 4159552382 26174 24062 4523885 4157330 1 55 2120952713 10036955 4131045376 530751488 0 18872270 14061069 3398841 3951549 9334668
1790579669246 0 146045 0 4168010362 4159716356 26174 24062 4523885 4157330 1 55 2121003407 10037202 4130557952 577167360 0 19131795 14255632 3448446 4011114 9477119
1790579670273 0 85771 0 4168163687 4159929880 26174 24062 4523885 4157330 1 55 2121049475 10037397 4130791424 325500928 0 19361593 14426112 3496557 4057437 9628164
1790579671295 0 86129 5037 4168360600 4160121635 26174 24062 4523885 4157330 1 55 2121103951 10037637 4128595968 359198720 33886208 19652775 14646892 3551542 4122980 9808066
1790579672318 0 85692 47 4168543522 4160310023 26174 24062 4523885 4157330 1 55 2121149160 10037856 4127608832 327241728 0 19932693 14839853 3595471 4171290 9941103
1790579673343 0 95684 0 4168742358 4160498700 26174 24062 4523885 4157330 1 55 2121197411 10038048 4126285824 367374336 0 20222079 15054080 3645001 4221837 10037503
1790579674370 0 73811 1093 4168928654 4160706230 26174 24062 4523885 4157330 1 55 2121246782 10038292 4125868032 319279104 14970880 20510049 15268181 3694373 4268780 10143606
1790579675396 0 76942 0 4169123583 4160898721 26174 24062 4523885 4157330 1 55 2121315412 10038579 4126113792 294690816 0 20801377 15490540 3761993 4336626 10334851
1790579676419 0 77984 8653 4169297740 4161063338 26174 24062 4523885 4157330 1 55 2121362707 10038810 4125806592 355450880 20512768 21072304 15693874 3810818 4389410 10451622
1790579677440 0 53624 0 4169467085 4161265548 26174 24062 4523885 4157330 1 55 2121419129 10039076 4127064064 220020736 12120064 21352161 15894920 3866797 4443351 10589012
1790579678467 0 82764 7901 4169661264 4161422782 26174 24062 4523885 4157330 1 55 2121484732 10039364 4127866880 380510208 21053440 21659119 16124498 3932323 4494373 10705632
1790579679488 0 150280 0 4169873397 4161575153 26174 24062 4523885 4157330 1 55 2121529473 10039614 4124913664 593199104 0 21950524 16346539 3977078 4559315 10807857
1790579680530 0 69466 2582 4170003169 4161783238 26174 24062 4523885 4157330 1 55 2121566997 10039784 4125061120 319430656 39120896 22164884 16503802 4014089 4608509 10967165
1790579681576 0 80179 429 4170194296 4161965735 26174 24062 4523885 4157330 1 55 2121621988 10040015 4125503488 322850816 35790848 22451998 16730114 4069579 4677492 11113975
1790579682608 0 108575 6059 4170393717 4162131246 26174 24062 4523885 4157330 1 55 2121673954 10040285 4124164096 492425216 36642816 22732152 16952817 4121543 4732656 11217682
1790579683646 0 41392 17468 4170560890 4162354190 26174 24062 4523885 4157330 1 55 2121713528 10040478 4124114944 246579200 17702912 22973625 17142345 4161116 4801238 11398812
1790579684666 0 26535 17296 4170740694 4162549081 26174 24062 4523885 4157330 1 55 2121757230 10040713 4124168192 201396224 6934528 23234930 17345485 4205347 4852954 11500003
1790579685689 0 67651 0 4170937407 4162721925 26174 24062 4523885 4157330 1 55 2121820964 10040994 4125241344 258629632 0 23523801 17576299 4267026 4935248 11663953
1790579686716 0 37003 5256 4171099059 4162908918 26174 24062 4523885 4157330 1 55 2121876969 10041230 4126494720 170622976 0 23780301 17772751 4325086 4984297 11793613
1790579687741 0 94884 13279 4171311837 4163055873 26174 24062 4523885 4157330 1 55 2121921734 10041505 4125908992 416059392 56295424 24095817 18004405 4369860 5045629 11895833
1790579688764 0 76605 5333 4171485664 4163255835 26174 24062 4523885 4157330 1 55 2121973640 10041751 4126466048 311930880 47431680 24371279 18206115 4421249 5101643 12007296
1790579689795 0 18662 1264 4171649230 4163481402 26174 24062 4523885 4157330 1 55 2122020481 10041975 4126060544 113881088 2392064 24606724 18386044 4468026 5145790 12203687
1790579690821 0 45329 0 4171838085 4163644719 26174 24062 4523885 4157330 1 55 2122069713 10042202 4124848128 159186944 0 24857316 18585592 4517328 5191576 12317798
1790579691845 0 62748 0 4172009346 4163798484 26174 24062 4523885 4157330 1 55 2122115437 10042416 4124901376 235053056 0 25107380 18770001 4561523 5254526 12475864
1790579692874 0 91601 0 4172198900 4163959453 26174 24062 4523885 4157330 1 55 2122165816 10042670 4126003200 351739904 0 25388162 18982788 4613409 5299236 12588909
1790579693904 0 87932 0 4172372613 4164136784 26174 24062 4523885 4157330 1 55 2122207448 10042883 4125270016 335671296 0 25637329 19168524 4655047 5371870 12750872
1790579694931 0 37366 3460 4172537134 4164348376 26174 24062 4523885 4157330 1 55 2122247535 10043089 4123615232 175759360 9003008 25869361 19346554 4695656 5421731 12868275
1790579695955 0 90341 13505 4172740829 4164489071 26174 24062 4523885 4157330 1 55 2122307697 10043381 4124557312 442073088 0 26172803 19575064 4754269 5478262 12997402
1790579696978 0 91090 72 4172907846 4164668602 26174 24062 4523885 4157330 1 55 2122358222 10043621 4124917760 351141888 0 26419626 19756363 4803857 5524541 13157813
1790579698005 0 105565 0 4173088121 4164834694 26174 24062 4523885 4157330 1 55 2122411745 10043892 4125511680 408403968 0 26692915 19961234 4856796 5584143 13282864
1790579699034 0 81200 372 4173263110 4165033655 26174 24062 4523885 4157330 1 55 2122459998 10044131 4125315072 367316992 1880064 26968001 20159060 4907084 5628199 13381771
1790579700063 0 685 937 4173410251 4165260831 26174 24062 4523885 4157330 1 55 2122511073 10044348 4126076928 27914240 3895296 27207398 20334018 4958659 5697484 13616086
1790579701090 0 63634 50 4173612406 4165400769 26174 24062 4523885 4157330 1 55 2122570634 10044662 4125691904 237764608 0 27512500 20556976 5017780 5764531 13746908
1790579702117 0 110836 48 4173813216 4165554542 26174 24062 4523885 4157330 1 55 2122630780 10044977 4125134848 431996928 0 27815226 20784239 5076175 5845196 13919205
1790579703143 0 71643 10269 4173990159 4165760484 26174 24062 4523885 4157330 1 55 2122683166 10045244 4124966912 353538048 0 28096782 20992688 5129848 5903221 14059170
1790579704170 0 76508 0 4174171616 4165947094 26174 24062 4523885 4157330 1 55 2122737084 10045521 4124237824 291229696 0 28361688 21193167 5184152 5960193 14224622
1790579705195 0 111364 1752 4174362956 4166102026 26174 24062 4523885 4157330 1 55 2122791045 10045813 4123869184 443314176 0 28633889 21407530 5238116 6026979 14353696
1790579706218 0 92037 0 4174529080 4166289114 26174 24062 4523885 4157330 1 55 2122833209 10046053 4123725824 352882688 0 28877034 21596157 5280797 6097088 14492771
1790579707245 0 120249 0 4174713192 4166444912 26174 24062 4523885 4157330 1 55 2122891766 10046350 4124131328 471801856 0 29164177 21811833 5337826 6166866 14655220
1790579708271 0 109412 0 4174887773 4166630433 26174 24062 4523885 4157330 1 55 2122938253 10046645 4123807744 424984576 0 29415886 22004014 5385324 6247848 14863628
1790579709307 0 60149 0 4175057913 4166849788 26174 24062 4523885 4157330 1 55 2122996196 10046923 4124721152 215572480 0 29681947 22203562 5442302 6309690 15030251
1790579710341 0 102932 9052 4175258160 4166998317 26174 24062 4523885 4157330 1 55 2123046160 10047244 4124557312 469438464 0 29971378 22427902 5493747 6355197 15125472
1790579711364 0 73695 16 4175435652 4167213983 26174 24062 4523885 4157330 1 55 2123099161 10047505 4125118464 281014272 0 30244766 22633138 5545739 6415912 15287330
1790579712391 0 89664 2191 4175614585 4167374907 26174 24062 4523885 4157330 1 55 2123155511 10047791 4124979200 360284160 39763968 30520378 22845390 5603614 6471279 15395933
1790579713411 0 59766 38 4175767175 4167559394 26174 24062 4523885 4157330 1 55 2123191789 10048018 4124725248 228728832 0 30731852 23005398 5638867 6534862 15648274
1790579714438 0 70417 0 4175955110 4167736741 26174 24062 4523885 4157330 1 55 2123244140 10048292 4125245440 265154560 0 30996989 23211816 5689759 6576471 15754721
1790579715464 0 59722 10741 4176127562 4167909315 26174 24062 4523885 4157330 1 55 2123299203 10048551 4126035968 260902912 54685696 31267732 23415850 5747304 6645616 15919109
1790579716488 0 39596 12 4176297949 4168110389 26174 24062 4523885 4157330 1 55 2123352162 10048815 4126318592 165126144 2306048 31530816 23612560 5799240 6705017 16082907
1790579717515 0 94403 0 4176500222 4168257924 26174 24062 4523885 4157330 1 55 2123412072 10049138 4126326784 363888640 0 31854027 23842398 5859163 6767488 16228479
1790579718545 0 40903 1691 4176670288 4168479740 26174 24062 4523885 4157330 1 55 2123462685 10049417 4126294016 205271040 0 32124863 24040191 5910070 6814110 16367114
1790579719576 0 94650 9667 4176878696 4168626539 26174 24062 4523885 4157330 1 55 2123532152 10049756 4125589504 447782912 10686464 32448468 24280193 5980253 6883125 16528234
1790579720601 0 91928 5589 4177055242 4168810017 26174 24062 4523885 4157330 1 55 2123592263 10050061 4126195712 408805376 26087424 32728810 24486564 6039340 6933622 16706048
1790579721645 0 101995 0 4177247928 4168998000 26174 24062 4523885 4157330 1 55 2123652277 10050341 4126928896 392491008 0 33043694 24712126 6099884 7012393 16874170
1790579722670 0 89131 1 4177417519 4169180446 26174 24062 4523885 4157330 1 55 2123708319 10050622 4126969856 340008960 0 33304671 24908872 6153422 7064404 17062005
1790579723694 0 75845 0 4177553709 4169330116 26174 24062 4523885 4157330 1 55 2123745991 10050834 4126461952 300195840 13688832 33516742 25064347 6193070 7133032 17258344
1790579724723 0 76255 14 4177700870 4169476682 26174 24062 4523885 4157330 1 55 2123785546 10051041 4125175808 290271232 0 33731546 25221093 6230089 7177775 17434599
1790579725765 0 16834 11990 4177857151 4169680466 26174 24062 4523885 4157330 1 55 2123833897 10051279 4125118464 138756096 13115392 33977259 25407372 6280977 7231547 17591419
1790579726814 0 73070 73 4178040903 4169819890 26174 24062 4523885 4157330 1 55 2123887761 10051563 4124688384 275746816 0 34247340 25612975 6334432 7306202 17725877
1790579727847 0 68181 3876 4178186950 4169966878 26174 24062 4523885 4157330 1 55 2123926926 10051784 4123389952 275263488 37593088 34472947 25780430 6374235 7368986 17859225
1790579728868 0 81083 11 4178353573 4170124505 26174 24062 4523885 4157330 1 55 2123975271 10052045 4124573696 319307776 3665920 34731347 25970019 6421338 7416689 17983826
1790579729891 0 81904 24 4178532737 4170302793 26174 24062 4523885 4157330 1 55 2124025152 10052323 4124479488 310296576 0 35005810 26173704 6471223 7474051 18106459
1790579730919 0 69951 1984 4178691807 4170471914 26174 24062 4523885 4157330 1 55 2124081110 10052594 4125663232 293634048 3551232 35270071 26368528 6528718 7523079 18261817
1790579731945 0 114279 0 4178837526 4170575437 26174 24062 4523885 4157330 1 55 2124134015 10052821 4126470144 446103552 0 35500369 26545028 6580110 7571058 18538417
1790579732971 0 108533 24 4179013521 4170756888 26174 24062 4523885 4157330 1 55 2124193121 10053129 4126576640 420954112 0 35778014 26754038 6639217 7640922 18717103
1790579733995 0 63751 511 4179185787 4170973649 26174 24062 4523885 4157330 1 55 2124241396 10053376 4125519872 274522112 5951488 36043283 26950753 6688549 7699958 18905592
1790579735020 0 38917 6710 4179352474 4171158922 26174 24062 4523885 4157330 1 55 2124289249 10053627 4125384704 157368320 56320000 36307378 27148230 6736873 7757705 19057722
1790579736039 0 7288 31 4179528793 4171373480 26174 24062 4523885 4157330 1 55 2124328952 10053879 4124483584 21278720 0 36555671 27341130 6776542 7817653 19201763
1790579737064 0 54682 59 4179727912 4171525243 26174 24062 4523885 4157330 1 55 2124384956 10054170 4124262400 199278592 0 36844808 27559844 6831550 7866863 19310670
1790579738101 0 83762 2148 4179921080 4171687292 26174 24062 4523885 4157330 1 55 2124448199 10054490 4124917760 382627840 2150400 37143867 27789266 6895804 7920038 19431206
1790579739129 0 126054 0 4180102649 4171828766 26174 24062 4523885 4157330 1 55 2124502202 10054772 4125433856 492449792 0 37427018 28004585 6949291 7978523 19563533
1790579740151 0 118141 10399 4180291172 4172014513 26174 24062 4523885 4157330 1 55 2124563343 10055067 4126126080 546148352 1007616 37735065 28227238 7011475 8059798 19801855
1790579741174 0 50902 9403 4180433536 4172225386 26174 24062 4523885 4157330 1 55 2124605491 10055260 4126130176 204292096 57872384 37950090 28389102 7053592 8107429 19963133
1790579742198 0 131151 0 4180623244 4172344269 26174 24062 4523885 4157330 1 55 2124655876 10055538 4124688384 521953280 0 38211627 28588145 7102443 8170415 20090812
1790579743222 0 96786 0 4180789920 4172545203 26174 24062 4523885 4157330 1 55 2124699193 10055773 4123504640 375431168 0 38462795 28771881 7145643 8216106 20196911
1790579744253 0 104678 0 4180964838 4172712251 26174 24062 4523885 4157330 1 55 2124743337 10056025 4122710016 400486400 0 38730565 28967726 7189904 8270554 20349315
1790579745282 0 62454 2140 4181114200 4172901735 26174 24062 4523885 4157330 1 55 2124796109 10056289 4123201536 251686912 36061184 38972316 29155349 7243964 8339315 20622614
1790579746303 0 19690 1280 4181290487 4173121812 26174 24062 4523885 4157330 1 55 2124848564 10056562 4124012544 102322176 1191936 39239165 29359898 7296167 8397577 20750634
1790579747329 0 76110 32 4181481624 4173257622 26174 24062 4523885 4157330 1 55 2124901814 10056858 4123348992 306647040 18960384 39531991 29576466 7348892 8461605 20847498
1790579748362 0 78124 0 4181654721 4173428711 26174 24062 4523885 4157330 1 55 2124947698 10057148 4123168768 291127296 0 39779035 29763291 7393682 8515477 20981747
1790579749398 0 106702 0 4181832004 4173577376 26174 24062 4523885 4157330 1 55 2125002016 10057449 4123123712 411295744 0 40042950 29968958 7449136 8580930 21181077
1790579750428 0 79788 9856 4182013363 4173775795 26174 24062 4523885 4157330 1 55 2125065842 10057772 4123312128 410091520 2744320 40327863 30182063 7513461 8632236 21285702
1790579751470 0 79250 14436 4182190291 4173948911 26174 24062 4523885 4157330 1 55 2125122448 10058089 4124090368 415010816 8015872 40601259 30388391 7569009 8697234 21474815
1790579752505 0 77068 25 4182356816 4174131944 26174 24062 4523885 4157330 1 55 2125174314 10058382 4124049408 303009792 16560128 40873851 30583129 7621980 8747404 21561471
1790579753532 0 91898 29 4182536663 4174296981 26174 24062 4523885 4157330 1 55 2125227332 10058670 4124282880 358174720 0 41153305 30790093 7675462 8816225 21693283
1790579754554 0 94369 4560 4182714506 4174467599 26174 24062 4523885 4157330 1 55 2125285929 10058975 4124196864 381382656 40398848 41446491 31005828 7733551 8882819 21842033
1790579755576 0 75743 6570 4182887406 4174657287 26174 24062 4523885 4157330 1 55 2125326617 10059244 4122787840 336551936 19644416 41695895 31196757 7774221 8942715 22006136
1790579756609 0 88241 13432 4183072395 4174822885 26174 24062 4523885 4157330 1 55 2125384217 10059580 4123426816 461570048 1781760 41974070 31411503 7831805 9006677 22167628
1790579757639 0 69100 1 4183199487 4174982529 26174 24062 4523885 4157330 1 55 2125422526 10059781 4123922432 258772992 0 42160892 31556689 7869601 9058897 22386263
1790579758664 0 87705 294 4183368657 4175132899 26174 24062 4523885 4157330 1 55 2125472411 10060078 4124082176 350380032 38674432 42430589 31759924 7920051 9101477 22502294
1790579759691 0 81 0 4183393934 4175246045 26174 24062 4523885 4157330 1 55 2125555373 10060493 4152377344 131072 0 42537825 31857976 8001946 9138341 22601163
1790579760712 0 108 0 4183393961 4175246049 26174 24062 4523885 4157330 1 55 2125699421 10061161 4156473344 131072 0 42696844 32000572 8145556 9193772 22625845
1790579761734 0 117 0 4183393970 4175246049 26174 24062 4523885 4157330 1 55 2125837767 10061574 4164100096 131072 0 42868681 32137005 8283832 9304758 22656076
1790579762754 0 151 0 4183394004 4175246049 26174 24062 4523885 4157330 1 55 2125925224 10061840 3725754368 118784 0 42998458 32225239 8373326 9382455 22676101
