1790580121371 0 0 0 4214168313 4206020513 26174 24062 4523885 4157330 1 55 2134910600 10104963 - - - - - - - -
1790580122604 0 3257 0 4214427987 4206276951 26174 24062 4523885 4157330 1 55 2134910602 10105078 1015803904 13602816 0 0 0 2 0 140869
1790580123663 0 3714 1134 4214612523 4206459663 26174 24062 4523885 4157330 1 55 2134910602 10105078 1794400256 14610432 3469312 0 0 2 0 347645
1790580124688 0 3451 1426 4214797283 4206644629 26174 24062 4523885 4157330 1 55 2134910602 10105079 2541023232 13557760 561152 0 0 2 0 809806
1790580125711 0 3359 1743 4214990547 4206837638 26174 24062 4523885 4157330 1 55 2134910602 10105079 3346870272 14520320 5570560 0 0 2 0 1255509
1790580126735 0 3027 888 4215166932 4207015410 26174 24062 4523885 4157330 1 55 2134910602 10105079 4062347264 13639680 180224 0 0 2 0 1726742
1790580127761 0 1090 6104 4215345092 4207190082 26174 24062 4523885 4157330 1 55 2134912854 10105278 4140412928 3342336 15646720 259355 159330 2231 30818 1939153
1790580128786 0 1511 654 4215524107 4207374409 26174 24062 4523885 4157330 1 55 2134924227 10105573 4139753472 5152768 0 505723 348559 12650 60479 2165123
1790580129811 0 1580 1531 4215710014 4207559189 26174 24062 4523885 4157330 1 55 2134941547 10105596 4139585536 5378048 6291456 752835 553663 30458 97830 2473889
1790580130835 0 1704 7702 4215903192 4207746067 26174 24062 4523885 4157330 1 55 2134958860 10105625 4139110400 6680576 20029440 997074 762154 48275 137340 2695952
1790580131876 0 2170 373 4216078071 4207927894 26174 24062 4523885 4157330 1 55 2134983505 10105863 4139773952 7061504 2097152 1292109 961761 72485 192544 2902329
1790580132908 0 2151 1856 4216271665 4208120031 26174 24062 4523885 4157330 1 55 2135015477 10106084 4140761088 8642560 2015232 1592752 1188728 104358 247144 3138732
1790580133942 0 2569 481 4216460815 4208310546 26174 24062 4523885 4157330 1 55 2135060165 10106301 4143255552 8491008 16068608 1885896 1420359 149319 304697 3412558
1790580134979 0 3026 0 4216648007 4208497385 26174 24062 4523885 4157330 1 55 2135102182 10106471 4145348608 9969664 991232 2178863 1648285 190613 351223 3611800
1790580136004 0 705 1262 4216874864 4208725465 26174 24062 4523885 4157330 1 55 2135145427 10106687 4145823744 3710976 2097152 2528721 1918932 234301 429488 3823196
1790580137034 0 1440 60 4217088916 4208939549 26174 24062 4523885 4157330 1 55 2135201506 10106976 4147548160 4272128 2097152 2889824 2186802 290378 507767 4046650
1790580138067 0 1897 1759 4217271826 4209120354 26174 24062 4523885 4157330 1 55 2135248859 10107220 4147953664 6479872 0 3195204 2416530 337606 555810 4279025
1790580139089 0 1884 980 4217458378 4209307779 26174 24062 4523885 4157330 1 55 2135305957 10107478 4148244480 6438912 1482752 3516524 2662285 394858 600411 4478308
1790580140114 0 2299 532 4217710142 4209559670 26174 24062 4523885 4157330 1 55 2135371241 10107741 4147527680 8585216 0 3938764 2976523 458571 676748 4610918
1790580141139 0 2533 529 4217936368 4209786115 26174 24062 4523885 4157330 1 55 2135458535 10108027 4149190656 9252864 0 4352898 3290082 546723 735265 4728353
1790580142166 0 2883 178 4218171693 4210021272 26174 24062 4523885 4157330 1 55 2135543801 10108292 4149100544 9179136 1757184 4755194 3604049 629499 788724 4831180
1790580143189 0 2542 1032 4218409045 4210257871 26174 24062 4523885 4157330 1 55 2135634673 10108534 4149317632 10805248 0 5158474 3893366 722394 838858 4923328
1790580144217 0 2912 0 4218642605 4210491822 26174 24062 4523885 4157330 1 55 2135712628 10108733 4148400128 10211328 1851392 5498644 4138804 800030 897640 5023229
1790580145243 0 3199 0 4218882426 4210731393 26174 24062 4523885 4157330 1 55 2135779891 10108919 4144541696 11030528 2097152 5843843 4370869 867714 963865 5135685
1790580146267 0 3199 0 4219114913 4210964062 26174 24062 4523885 4157330 1 55 2135849103 10109091 4141654016 12607488 0 6213624 4614081 937450 1026394 5227325
1790580147294 0 3107 511 4219344206 4211192895 26174 24062 4523885 4157330 1 55 2135913142 10109228 4137926656 12865536 122880 6572551 4856595 1001831 1089408 5310228
1790580148320 0 3332 0 4219569537 4211418227 26174 24062 4523885 4157330 1 55 2135984517 10109376 4135559168 13172736 0 6945509 5111756 1071830 1159033 5383860
1790580149345 0 3296 511 4219800248 4211648645 26174 24062 4523885 4157330 1 55 2136058578 10109529 4133842944 12148736 2097152 7315077 5374019 1146956 1213698 5441414
1790580150370 0 1019 512 4220044056 4211894872 26174 24062 4523885 4157330 1 55 2136131027 10109826 4132601856 2637824 2097152 7698949 5654548 1218523 1281011 5502611
1790580151399 0 1403 292 4220273093 4212123637 26174 24062 4523885 4157330 1 55 2136209575 10110120 4132831232 5087232 2097152 8088532 5936872 1297996 1342289 5556833
1790580152423 0 1961 0 4220501130 4212351516 26174 24062 4523885 4157330 1 55 2136278978 10110370 4132605952 6393856 2097152 8431608 6206224 1367334 1410295 5638170
1790580153448 0 2179 438 4220721740 4212571652 26174 24062 4523885 4157330 1 55 2136340608 10110589 4131995648 8290304 360448 8771254 6463572 1428957 1461492 5705628
1790580154473 0 2609 0 4220927376 4212777079 26174 24062 4523885 4157330 1 55 2136413098 10110819 4133285888 9404416 0 9102101 6718892 1501323 1542741 5820592
1790580155505 0 2660 0 4221150763 4213000449 26174 24062 4523885 4157330 1 55 2136466822 10111002 4132470784 9203712 0 9429034 6975510 1555738 1594482 5880094
1790580156534 0 2780 0 4221377690 4213227367 26174 24062 4523885 4157330 1 55 2136519772 10111181 4132003840 10698752 2097152 9779173 7238767 1608764 1641535 5932248
1790580157557 0 2575 511 4221600415 4213449714 26174 24062 4523885 4157330 1 55 2136581907 10111373 4131966976 9814016 2097152 10098998 7503120 1667685 1702167 6003980
1790580158586 0 2995 294 4221832922 4213682016 26174 24062 4523885 4157330 1 55 2136655661 10111559 4134150144 10485760 897024 10458529 7790866 1744116 1768861 6081517
1790580159612 0 3025 292 4222052960 4213902246 26174 24062 4523885 4157330 1 55 2136715522 10111694 4135305216 11849728 0 10800419 8052276 1803886 1837826 6145919
1790580160641 0 3062 1 4222274511 4214123614 26174 24062 4523885 4157330 1 55 2136769401 10111827 4135260160 11333632 0 11129454 8309201 1858261 1892446 6205054
1790580161664 0 2994 0 4222501802 4214350937 26174 24062 4523885 4157330 1 55 2136830569 10111973 4135473152 11759616 2097152 11462106 8571614 1918792 1956284 6264603
1790580162688 0 1002 512 4222727489 4214578397 26174 24062 4523885 4157330 1 55 2136891546 10112160 4135673856 3923968 0 11788856 8823043 1979887 2008334 6327911
1790580163714 0 1290 438 4222953571 4214804081 26174 24062 4523885 4157330 1 55 2136947504 10112345 4135419904 5505024 0 12089754 9063297 2034824 2077050 6408367
1790580164743 0 1645 511 4223179806 4215029924 26174 24062 4523885 4157330 1 55 2137029059 10112855 4136734720 7208960 0 12429651 9321386 2114532 2147902 6514454
1790580165770 0 2085 219 4223404786 4215254865 26174 24062 4523885 4157330 1 55 2137102155 10113086 4137345024 6676480 2097152 12776143 9574092 2190518 2215218 6599776
1790580166794 0 2269 438 4223642760 4215492473 26174 24062 4523885 4157330 1 55 2137173750 10113300 4136165376 8867840 0 13162627 9840033 2260063 2265804 6658449
1790580167822 0 833 512 4223880990 4215731948 26174 24062 4523885 4157330 1 55 2137239877 10113531 4133298176 3907584 0 13512822 10090200 2328300 2343777 6752771
1790580168847 0 1529 511 4224102809 4215953226 26174 24062 4523885 4157330 1 55 2137317467 10113817 4132417536 4186112 2097152 13857219 10348257 2405315 2419060 6849614
1790580169870 0 1982 511 4224327005 4216176932 26174 24062 4523885 4157330 1 55 2137391288 10114105 4133855232 6393856 0 14204548 10618128 2479242 2492715 6953642
1790580170895 0 2227 438 4224553557 4216403642 26174 24062 4523885 4157330 1 55 2137457274 10114389 4132728832 8040448 0 14559870 10872636 2545974 2569130 7060548
1790580171921 0 2222 0 4224769711 4216619800 26174 24062 4523885 4157330 1 55 2137522823 10114667 4131475456 8486912 0 14890162 11120772 2611183 2615468 7129954
1790580172945 0 2167 511 4224983781 4216833486 26174 24062 4523885 4157330 1 55 2137595625 10114918 4132528128 9113600 0 15226324 11384065 2683818 2686645 7217990
1790580173970 0 2812 511 4225204079 4217053216 26174 24062 4523885 4157330 1 55 2137675050 10115200 4133609472 9707520 0 15576172 11650683 2762875 2747550 7319552
1790580174998 0 2448 511 4225415824 4217265141 26174 24062 4523885 4157330 1 55 2137738623 10115773 4132986880 10833920 0 15900602 11899954 2825999 2805502 7400023
1790580176029 0 2831 2 4225641504 4217490979 26174 24062 4523885 4157330 1 55 2137818377 10116076 4133515264 10829824 1888256 16268601 12174511 2905258 2877527 7496274
1790580177054 0 2871 0 4225858735 4217708097 26174 24062 4523885 4157330 1 55 2137879659 10116314 4132483072 9945088 2097152 16596687 12426429 2968621 2925420 7557129
1790580178079 0 2933 146 4226070480 4217919710 26174 24062 4523885 4157330 1 55 2137947544 10116553 4132368384 10752000 2097152 16934649 12679616 3035839 2988541 7636611
1790580179106 0 2639 1022 4226280198 4218129144 26174 24062 4523885 4157330 1 55 2138016806 10116805 4132749312 10768384 2097152 17254150 12930985 3105649 3047036 7714991
1790580180135 0 3221 34 4226510535 4218359626 26174 24062 4523885 4157330 1 55 2138081343 10117045 4132450304 12152832 0 17594339 13195126 3167776 3106994 7790977
1790580181161 0 3098 219 4226738576 4218587423 26174 24062 4523885 4157330 1 55 2138159950 10117292 4132909056 11784192 2097152 17977269 13477834 3247062 3191700 7859198
1790580182187 0 3012 512 4226978927 4218827713 26174 24062 4523885 4157330 1 55 2138229533 10117515 4131889152 11616256 1916928 18318078 13746665 3317353 3245192 7916161
1790580183212 0 3010 511 4227210562 4219059169 26174 24062 4523885 4157330 1 55 2138298251 10117754 4131364864 12214272 2097152 18668006 14008338 3384699 3295850 7972125
1790580184238 0 1226 512 4227467496 4219318070 26174 24062 4523885 4157330 1 55 2138365655 10118025 4130402304 3862528 0 19036090 14285625 3453401 3359834 8043292
1790580185265 0 1371 1 4227698943 4219550060 26174 24062 4523885 4157330 1 55 2138434428 10118324 4130394112 5709824 0 19386750 14549445 3523789 3420374 8110655
1790580186289 0 2028 0 4227943835 4219794116 26174 24062 4523885 4157330 1 55 2138502713 10118593 4129099776 6471680 0 19758146 14815719 3588846 3481835 8172108
1790580187316 0 2038 438 4228197541 4220047265 26174 24062 4523885 4157330 1 55 2138561637 10118860 4126879744 7254016 2097152 20124959 15080946 3649458 3536512 8228822
1790580188340 0 2583 366 4228433612 4220283156 26174 24062 4523885 4157330 1 55 2138638426 10119148 4126855168 8040448 2097152 20477643 15351922 3726470 3601155 8307879
1790580189366 0 2164 511 4228668372 4220517934 26174 24062 4523885 4157330 1 55 2138705896 10119413 4126932992 9338880 2097152 20823585 15617810 3793716 3663134 8380997
1790580190391 0 2517 318 4228915787 4220765110 26174 24062 4523885 4157330 1 55 2138786980 10119704 4128055296 10248192 614400 21226914 15911917 3874815 3741608 8445572
1790580191418 0 2643 511 4229164759 4221013954 26174 24062 4523885 4157330 1 55 2138853233 10119964 4127137792 10883072 602112 21582370 16192190 3942094 3801112 8489586
1790580192443 0 2777 292 4229412250 4221261311 26174 24062 4523885 4157330 1 55 2138923025 10120193 4126228480 11046912 0 21943168 16470436 4011794 3861231 8538774
1790580193469 0 2801 438 4229632287 4221481067 26174 24062 4523885 4157330 1 55 2138978202 10120395 4125712384 10121216 77824 22259276 16717460 4066548 3911016 8591028
1790580194493 0 2788 511 4229877033 4221725969 26174 24062 4523885 4157330 1 55 2139045978 10120643 4124844032 10600448 2097152 22601204 16993729 4134832 3972211 8650712
1790580195518 0 3155 0 4230109814 4221958934 26174 24062 4523885 4157330 1 55 2139097312 10120839 4124594176 11816960 8192 22929106 17247548 4186157 4046656 8714169
1790580196544 0 3085 439 4230337339 4222186307 26174 24062 4523885 4157330 1 55 2139174287 10121072 4126871552 12804096 0 23268612 17523266 4261095 4105832 8761890
1790580197574 0 3221 1 4230573386 4222422291 26174 24062 4523885 4157330 1 55 2139242520 10121283 4127027200 11677696 1658880 23616722 17792572 4330867 4161010 8818314
1790580198599 0 3283 0 4230808533 4222657452 26174 24062 4523885 4157330 1 55 2139304630 10121487 4126851072 11640832 2097152 23966895 18046620 4391027 4217499 8889347
1790580199627 0 2956 525 4231036386 4222885253 26174 24062 4523885 4157330 1 55 2139375846 10121698 4127236096 12521472 0 24311762 18311915 4463285 4272207 8955688
1790580200653 0 3116 511 4231271904 4223120408 26174 24062 4523885 4157330 1 55 2139431854 10121874 4124917760 12652544 798720 24627368 18559437 4520206 4329705 9019515
1790580201677 0 400 1 4231505191 4223357243 26174 24062 4523885 4157330 1 55 2139497609 10122114 4126171136 1867776 2097152 24970918 18814682 4585653 4389334 9089946
1790580202700 0 1156 438 4231743589 4223594670 26174 24062 4523885 4157330 1 55 2139562430 10122414 4125552640 4943872 4194304 25307120 19075161 4651893 4450851 9159342
1790580203726 0 1615 0 4231985614 4223836166 26174 24062 4523885 4157330 1 55 2139628763 10122718 4124782592 6553600 1802240 25647360 19332352 4715941 4510509 9234632
1790580204751 0 1851 438 4232219509 4224069569 26174 24062 4523885 4157330 1 55 2139688852 10123018 4125257728 6914048 2097152 25998802 19589552 4777285 4557339 9288738
1790580205778 0 2468 74 4232454859 4224304661 26174 24062 4523885 4157330 1 55 2139762898 10123316 4125581312 8118272 0 26360196 19858393 4850730 4624248 9370021
1790580206805 0 2188 452 4232685997 4224535812 26174 24062 4523885 4157330 1 55 2139840289 10123631 4126359552 8720384 2097152 26732411 20131893 4927724 4670522 9432874
1790580207830 0 2606 511 4232915411 4224764424 26174 24062 4523885 4157330 1 55 2139902537 10123909 4125843456 9973760 0 27069613 20388231 4991917 4737260 9506496
1790580208855 0 2577 219 4233100400 4224949843 26174 24062 4523885 4157330 1 55 2139957985 10124144 4125167616 9224192 2097152 27343730 20595629 5046426 4782377 9592829
1790580209883 0 2860 0 4233327734 4225177183 26174 24062 4523885 4157330 1 55 2140024784 10124444 4124983296 9777152 2097152 27681667 20851736 5113142 4855030 9696360
1790580210908 0 2763 511 4233551964 4225400853 26174 24062 4523885 4157330 1 55 2140099839 10124743 4125286400 11407360 0 28013527 21111363 5188287 4923069 9786376
1790580211934 0 3199 0 4233765804 4225615060 26174 24062 4523885 4157330 1 55 2140164487 10124995 4124725248 11739136 0 28331645 21354510 5251144 4989730 9899340
1790580212959 0 2658 437 4233994927 4225844071 26174 24062 4523885 4157330 1 55 2140231299 10125269 4124577792 11014144 2097152 28673246 21617464 5318336 5038380 9959943
1790580213985 0 2812 439 4234231811 4226080797 26174 24062 4523885 4157330 1 55 2140291907 10125535 4124463104 12247040 0 29016554 21887036 5380288 5113758 10046670
1790580215011 0 3081 39 4234465678 4226314541 26174 24062 4523885 4157330 1 55 2140363954 10125827 4125011968 12447744 0 29350214 22150303 5453155 5177112 10120551
1790580216034 0 3112 511 4234690825 4226539369 26174 24062 4523885 4157330 1 55 2140430946 10126111 4125532160 12283904 0 29680497 22409141 5519320 5253173 10210994
1790580217062 0 3134 4 4234928531 4226777665 26174 24062 4523885 4157330 1 55 2140490342 10126378 4125913088 11415552 2097152 30017045 22671858 5578486 5310664 10270931
1790580218086 0 2842 512 4235165610 4227014420 26174 24062 4523885 4157330 1 55 2140568298 10126672 4126326784 12632064 0 30372991 22941004 5655609 5368914 10337360
1790580219112 0 1150 61 4235407691 4227258792 26174 24062 4523885 4157330 1 55 2140634027 10126979 4126449664 3661824 1130496 30724814 23206917 5722941 5428046 10411885
1790580220137 0 1367 511 4235647930 4227498399 26174 24062 4523885 4157330 1 55 2140708264 10127311 4127784960 4243456 2097152 31086779 23483019 5796638 5499731 10494865
1790580221164 0 1614 219 4235875910 4227726570 26174 24062 4523885 4157330 1 55 2140776745 10127661 4127772672 6389760 0 31426363 23744493 5862442 5572490 10593549
1790580222189 0 2307 0 4236113809 4227963923 26174 24062 4523885 4157330 1 55 2140844080 10128012 4127223808 7761920 671744 31794753 24010435 5932116 5635822 10670347
1790580223215 0 2469 512 4236347511 4228196803 26174 24062 4523885 4157330 1 55 2140913665 10128346 4126830592 8765440 0 32146757 24272625 6001996 5698742 10774080
1790580224237 0 2403 146 4236580964 4228430543 26174 24062 4523885 4157330 1 55 2140986490 10128643 4127293440 9342976 0 32501565 24540522 6074154 5770848 10883902
1790580225261 0 2827 0 4236820674 4228670234 26174 24062 4523885 4157330 1 55 2141060622 10128947 4128034816 8843264 2097152 32882200 24820150 6148080 5834782 10948211
1790580226287 0 2488 439 4237073806 4228923077 26174 24062 4523885 4157330 1 55 2141126544 10129263 4126998528 9150464 2097152 33274257 25103542 6213342 5902705 11005112
1790580227313 0 3055 0 4237310392 4229159610 26174 24062 4523885 4157330 1 55 2141187933 10129529 4125700096 10817536 0 33614766 25364777 6276783 5965474 11082735
1790580228336 0 3166 0 4237545133 4229394206 26174 24062 4523885 4157330 1 55 2141260339 10129813 4125093888 11603968 0 33970251 25632855 6349206 6052803 11189663
1790580229359 0 2981 12 4237786803 4229636011 26174 24062 4523885 4157330 1 55 2141326447 10130105 4125036544 11333632 0 34336879 25903892 6415220 6114814 11260572
1790580230384 0 3072 0 4238021922 4229871086 26174 24062 4523885 4157330 1 55 2141401653 10130403 4126011392 12550144 24576 34714343 26182264 6490496 6173151 11318869
1790580231411 0 3086 0 4238266712 4230115755 26174 24062 4523885 4157330 1 55 2141469938 10130667 4124258304 11440128 1495040 35070618 26453240 6557245 6223491 11373658
1790580232437 0 3142 220 4238500712 4230349623 26174 24062 4523885 4157330 1 55 2141539719 10130929 4124020736 12996608 0 35413597 26723008 6626527 6293944 11445852
1790580233462 0 3128 367 4238731243 4230580128 26174 24062 4523885 4157330 1 55 2141613266 10131182 4123951104 13160448 0 35771124 26993568 6701605 6347363 11498341
1790580234487 0 952 146 4238970649 4230821824 26174 24062 4523885 4157330 1 55 2141673878 10131463 4123582464 3473408 0 36110859 27254360 6761325 6419939 11581032
1790580235512 0 916 511 4239210106 4231060987 26174 24062 4523885 4157330 1 55 2141742910 10131800 4123955200 4050944 561152 36471666 27530610 6831339 6490156 11659382
1790580236536 0 1404 511 4239443082 4231293843 26174 24062 4523885 4157330 1 55 2141805084 10132116 4123680768 5652480 0 36813902 27795247 6893931 6562213 11751769
1790580237559 0 1749 438 4239669864 4231520060 26174 24062 4523885 4157330 1 55 2141888421 10132460 4125028352 7348224 0 37158740 28064481 6975602 6633663 11839021
1790580238583 0 2117 452 4239906146 4231755961 26174 24062 4523885 4157330 1 55 2141953072 10132790 4124147712 6651904 2097152 37495275 28321424 7041410 6693873 11924420
1790580239606 0 2689 0 4240142010 4231991778 26174 24062 4523885 4157330 1 55 2142019808 10133122 4124127232 8929280 0 37841623 28579961 7108234 6760336 12004295
1790580240631 0 2479 511 4240344893 4232194362 26174 24062 4523885 4157330 1 55 2142072274 10133377 4123217920 8802304 2064384 38137234 28807194 7160121 6811955 12079164
1790580241656 0 2458 511 4240573417 4232422580 26174 24062 4523885 4157330 1 55 2142143868 10133670 4123074560 9834496 0 38484222 29067900 7231788 6864142 12150539
1790580242682 0 2841 0 4240801623 4232651130 26174 24062 4523885 4157330 1 55 2142210741 10133975 4124033024 9412608 2097152 38831585 29334187 7299108 6927841 12231351
1790580243709 0 3057 1 4241042840 4232892251 26174 24062 4523885 4157330 1 55 2142279022 10134306 4124205056 10858496 860160 39199463 29605494 7366928 6980081 12295743
1790580244738 0 3062 219 4241269286 4233118261 26174 24062 4523885 4157330 1 55 2142346826 10134596 4124254208 11788288 0 39535612 29866185 7435217 7028037 12361650
1790580245761 0 2834 128 4241475544 4233325021 26174 24062 4523885 4157330 1 55 2142418669 10134873 4125212672 11431936 794624 39859531 30112336 7506064 7109928 12523680
1790580246786 0 2887 219 4241699447 4233548636 26174 24062 4523885 4157330 1 55 2142488344 10135185 4125552640 11776000 106496 40197709 30370007 7576708 7159250 12585183
1790580247810 0 3033 1 4241928443 4233777730 26174 24062 4523885 4157330 1 55 2142562286 10135482 4125712384 11997184 598016 40555213 30634403 7650110 7217207 12654138
1790580248837 0 3173 146 4242155582 4234004571 26174 24062 4523885 4157330 1 55 2142623645 10135767 4125102080 11530240 2072576 40905648 30892407 7712964 7272915 12718390
1790580249861 0 3065 0 4242391072 4234240170 26174 24062 4523885 4157330 1 55 2142688956 10136087 4123762688 12984320 0 41241676 31154559 7777291 7345504 12795765
1790580250886 0 2829 0 4242626257 4234475734 26174 24062 4523885 4157330 1 55 2142749802 10136377 4123607040 13127680 868352 41579919 31417356 7835356 7399761 12863082
1790580251914 0 850 511 4242847871 4234698821 26174 24062 4523885 4157330 1 55 2142823411 10136699 4124401664 2318336 0 41921605 31680703 7912291 7463211 12950799
1790580252938 0 1184 508 4243081602 4234932362 26174 24062 4523885 4157330 1 55 2142890861 10137088 4124340224 5017600 0 42258217 31942310 7978810 7514667 13018226
1790580253963 0 1973 49 4243319910 4235170483 26174 24062 4523885 4157330 1 55 2142958361 10137471 4124565504 4714496 2097152 42609713 32208740 8046711 7600029 13123496
1790580254989 0 1735 365 4243552306 4235402330 26174 24062 4523885 4157330 1 55 2143030800 10137883 4124123136 7757824 0 42955648 32474149 8118175 7654255 13198811
1790580256013 0 2370 1 4243764855 4235614935 26174 24062 4523885 4157330 1 55 2143090003 10138210 4123705344 8810496 0 43280128 32714594 8179369 7727151 13294773
1790580257037 0 2017 559 4244000134 4235850301 26174 24062 4523885 4157330 1 55 2143164714 10138557 4124205056 8306688 1470464 43641544 32986287 8252629 7779905 13359178
1790580258064 0 2755 37 4244232801 4236082462 26174 24062 4523885 4157330 1 55 2143236631 10138894 4124934144 9338880 868352 44004931 33258849 8325575 7842126 13428166
1790580259088 0 2625 219 4244458087 4236307626 26174 24062 4523885 4157330 1 55 2143308840 10139250 4124925952 9142272 2097152 44341966 33517606 8397261 7899160 13502393
1790580260112 0 2683 2 4244686595 4236536212 26174 24062 4523885 4157330 1 55 2143371156 10139591 4124069888 10534912 0 44689001 33777788 8459491 7977338 13588105
1790580261138 0 2932 0 4244910073 4236759412 26174 24062 4523885 4157330 1 55 2143437531 10139915 4124319744 10801152 1077248 45047675 34036448 8526855 8058276 13690634
1790580262161 0 2973 219 4245149236 4236998386 26174 24062 4523885 4157330 1 55 2143496578 10140228 4122910720 11718656 0 45407248 34302226 8584955 8121217 13765582
1790580263184 0 2879 0 4245382830 4237232294 26174 24062 4523885 4157330 1 55 2143549818 10140492 4121669632 10764288 1880064 45743036 34550328 8637137 8168958 13820776
1790580264212 0 3077 0 4245614062 4237463182 26174 24062 4523885 4157330 1 55 2143621715 10140808 4122202112 12341248 0 46090344 34824791 8709550 8235510 13894601
1790580265237 0 3190 219 4245847593 4237696633 26174 24062 4523885 4157330 1 55 2143695672 10141107 4123377664 12034048 0 46438580 35097896 8784010 8308111 13984673
1790580266262 0 2959 295 4246087584 4237936525 26174 24062 4523885 4157330 1 55 2143765516 10141392 4123824128 13004800 0 46807005 35371505 8852822 8370127 14060338
1790580267286 0 1053 0 4246330049 4238181304 26174 24062 4523885 4157330 1 55 2143848113 10142244 4124069888 1765376 2097152 47175494 35662295 8936987 8436862 14137707
1790580268310 0 1453 511 4246561810 4238412374 26174 24062 4523885 4157330 1 55 2143917893 10142578 4123967488 4456448 2097152 47511351 35926663 9005227 8518984 14233377
1790580269339 0 1755 0 4246801313 4238651788 26174 24062 4523885 4157330 1 55 2143983933 10142923 4123983872 5967872 0 47866642 36195183 9070366 8573284 14288053
1790580270363 0 2116 512 4247041519 4238891634 26174 24062 4523885 4157330 1 55 2144056564 10143293 4124016640 7847936 0 48241393 36474055 9145416 8660343 14377465
1790580271389 0 2353 292 4247244748 4239094521 26174 24062 4523885 4157330 1 55 2144118878 10143597 4124110848 7954432 0 48557641 36709116 9207214 8726736 14467196
1790580272414 0 2359 292 4247484713 4239334516 26174 24062 4523885 4157330 1 55 2144194397 10143955 4124008448 8175616 1785856 48925301 36980123 9282742 8790173 14536485
1790580273440 0 2694 220 4247718491 4239568138 26174 24062 4523885 4157330 1 55 2144253504 10144265 4123656192 10186752 0 49274856 37242281 9341333 8847806 14591983
1790580274475 0 2854 0 4247954035 4239803632 26174 24062 4523885 4157330 1 55 2144316285 10144613 4122718208 10547200 0 49610607 37502219 9405649 8914831 14687359
1790580275506 0 3001 1 4248188829 4240038203 26174 24062 4523885 4157330 1 55 2144374488 10144896 4121858048 11284480 1228800 49955495 37764452 9462397 8987426 14769862
1790580276535 0 3192 0 4248426408 4240275631 26174 24062 4523885 4157330 1 55 2144455632 10145220 4123336704 10174464 2097152 50316298 38041280 9542984 9059988 14861436
1790580277561 0 3003 0 4248659516 4240508857 26174 24062 4523885 4157330 1 55 2144526265 10145515 4122800128 11952128 0 50671523 38308840 9614613 9115772 14918019
1790580278588 0 3206 0 4248878412 4240727548 26174 24062 4523885 4157330 1 55 2144593561 10145811 4124028928 10838016 2097152 51007993 38564300 9681905 9174911 14987582
1790580279612 0 2862 511 4249107585 4240956409 26174 24062 4523885 4157330 1 55 2144661842 10146103 4124164096 12509184 315392 51361320 38830472 9751209 9241447 15070209
1790580280635 0 3508 219 4249342429 4241191484 26174 24062 4523885 4157330 1 55 2144727571 10146420 4124004352 13000704 0 51707170 39097371 9816482 9313389 15150892
1790580281659 0 3345 0 4249569742 4241418775 26174 24062 4523885 4157330 1 55 2144796393 10146698 4123365376 12500992 0 52051834 39359563 9885273 9379831 15234815
1790580282682 0 83 0 4249651438 4241503624 26174 24062 4523885 4157330 1 55 2144899642 10147151 4151242752 131072 0 52251708 39528300 9986997 9440279 15302120
1790580283703 0 110 0 4249651465 4241503624 26174 24062 4523885 4157330 1 55 2145053530 10147710 4157460480 131072 0 52417729 39680437 10140680 9500575 15325480
1790580284724 0 133 0 4249651488 4241503624 26174 24062 4523885 4157330 1 55 2145201038 10148131 4166230016 131072 0 52606838 39826141 10288497 9581515 15348654
1790580285749 0 143 0 4249651498 4241503624 26174 24062 4523885 4157330 1 55 2145292333 10148452 4108906496 126976 0 52751366 39918180 10381706 9624859 15369616
