1790581864122 0 11 0 4409318607 4401170912 26174 24062 4523885 4157330 1 55 2208677804 10377209 - - - - - - - -
1790581865183 0 3033 507 4409500692 4401349480 26174 24062 4523885 4157330 1 55 2208677806 10377327 722243584 11689984 2093056 0 0 2 0 119453
1790581866205 0 3411 509 4409683503 4401531761 26174 24062 4523885 4157330 1 55 2208677806 10377327 1469222912 11685888 2097152 0 0 2 0 291623
1790581867226 0 3011 1002 4409857059 4401705377 26174 24062 4523885 4157330 1 55 2208677806 10377327 2178306048 11685888 0 0 0 2 0 463200
1790581868247 0 3254 1002 4410035090 4401883016 26174 24062 4523885 4157330 1 55 2208677806 10377328 2907254784 12689408 0 0 0 2 0 655521
1790581869268 0 3032 494 4410214245 4402062951 26174 24062 4523885 4157330 1 55 2208677806 10377328 3640528896 11669504 0 0 0 2 0 823302
1790581870288 0 320 409 4410379362 4402230942 26174 24062 4523885 4157330 1 55 2208677848 10377332 4159803392 733184 2097152 92852 39168 2 22370 947966
1790581871307 0 693 482 4410545197 4402396516 26174 24062 4523885 4157330 1 55 2208687909 10377345 4158836736 2478080 2097152 378801 214432 10123 122053 999868
1790581872327 0 1062 10 4410708310 4402559698 26174 24062 4523885 4157330 1 55 2208698533 10377360 4157931520 3686400 0 615900 389707 20754 206931 1040394
1790581873348 0 1294 513 4410867780 4402718359 26174 24062 4523885 4157330 1 55 2208716803 10377388 4157673472 4648960 0 856064 566313 37496 284290 1085055
1790581874368 0 1619 136 4411024319 4402875084 26174 24062 4523885 4157330 1 55 2208736668 10377463 4157931520 5636096 0 1106217 742769 58832 381704 1186927
1790581875388 0 1834 0 4411145586 4402996083 26174 24062 4523885 4157330 1 55 2208764321 10377637 4159410176 6201344 0 1356277 891465 85977 545250 1338123
1790581876408 0 1774 471 4411267334 4403117388 26174 24062 4523885 4157330 1 55 2208803155 10377818 4161728512 6746112 450560 1581130 1050634 124330 617263 1430413
1790581877429 0 1951 0 4411385853 4403236192 26174 24062 4523885 4157330 1 55 2208848811 10378000 4165181440 8949760 364544 1810047 1214250 169436 703850 1539302
1790581878448 0 2079 0 4411504746 4403355019 26174 24062 4523885 4157330 1 55 2208896469 10378169 4168687616 7630848 0 2034591 1379892 217622 829374 1712140
1790581879469 0 536 12 4411622701 4403474441 26174 24062 4523885 4157330 1 55 2208937806 10378323 4170821632 1916928 0 2244165 1538254 259445 907867 1785380
1790581880489 0 675 39 4411737905 4403589564 26174 24062 4523885 4157330 1 55 2208978916 10378523 4173148160 2203648 0 2482707 1693286 301070 1113134 1948595
1790581881509 0 913 10 4411846672 4403698147 26174 24062 4523885 4157330 1 55 2209034281 10378741 4175896576 4087808 0 2719133 1856308 354929 1207308 2044659
1790581882529 0 1153 0 4411963636 4403814870 26174 24062 4523885 4157330 1 55 2209076339 10378904 4176519168 3842048 0 2953304 2015763 398019 1286026 2125010
1790581883549 0 1259 462 4412076909 4403927548 26174 24062 4523885 4157330 1 55 2209117935 10379076 4176433152 4952064 0 3180989 2170149 440126 1379548 2218628
1790581884569 0 1516 35 4412190792 4404041846 26174 24062 4523885 4157330 1 55 2209173068 10379244 4177199104 4931584 2097152 3423928 2338452 493472 1522478 2361876
1790581885589 0 1397 2 4412300166 4404151042 26174 24062 4523885 4157330 1 55 2209231693 10379419 4177829888 5451776 2097152 3669917 2507658 553737 1614674 2455738
1790581886608 0 1595 35 4412409872 4404260554 26174 24062 4523885 4157330 1 55 2209282963 10379588 4177920000 5955584 0 3899484 2667105 604113 1731667 2555897
1790581887628 0 1707 503 4412513906 4404364088 26174 24062 4523885 4157330 1 55 2209336223 10379747 4179111936 6393856 0 4134266 2824596 657918 1868411 2660709
1790581888647 0 1852 46 4412615476 4404466009 26174 24062 4523885 4157330 1 55 2209399325 10379921 4180443136 7942144 0 4383604 2989529 720479 1982159 2745974
1790581889666 0 2038 484 4412721698 4404571376 26174 24062 4523885 4157330 1 55 2209462363 10380083 4181819392 7372800 2097152 4634031 3157494 784056 2066634 2812406
1790581890686 0 2028 0 4412822175 4404672541 26174 24062 4523885 4157330 1 55 2209540542 10380258 4182777856 7704576 2097152 4898031 3334984 860883 2198410 2920801
1790581891707 0 2581 7 4412915920 4404765709 26174 24062 4523885 4157330 1 55 2209616141 10380433 4184428544 7991296 970752 5149239 3504708 938305 2327808 3028915
1790581892727 0 2238 0 4413012870 4404863028 26174 24062 4523885 4157330 1 55 2209697892 10380593 4186521600 8867840 1503232 5425399 3682750 1019544 2501269 3132846
1790581893747 0 2273 8 4413112799 4404962779 26174 24062 4523885 4157330 1 55 2209776478 10380768 4186767360 8609792 0 5692456 3860446 1096401 2626947 3212622
1790581894767 0 2445 0 4413212824 4405062662 26174 24062 4523885 4157330 1 55 2209863030 10380956 4186681344 8978432 0 5968791 4044036 1182156 2774734 3297497
1790581895787 0 2468 455 4413324513 4405173960 26174 24062 4523885 4157330 1 55 2209940905 10381103 4186886144 10625024 0 6231235 4220576 1262118 2837106 3336553
1790581896807 0 2479 114 4413426998 4405276810 26174 24062 4523885 4157330 1 55 2210025275 10381262 4186271744 9379840 0 6484552 4390281 1346533 2985361 3448551
1790581897827 0 404 50 4413530221 4405382208 26174 24062 4523885 4157330 1 55 2210104690 10381502 4186730496 1167360 0 6741815 4551073 1425482 3189329 3569716
1790581898846 0 662 62 4413631372 4405483022 26174 24062 4523885 4157330 1 55 2210192879 10381765 4185980928 2248704 0 6995184 4709782 1512099 3337383 3670951
1790581899867 0 948 58 4413736651 4405587959 26174 24062 4523885 4157330 1 55 2210274797 10382011 4185276416 3198976 0 7247218 4870865 1595224 3473766 3758242
1790581900887 0 1144 0 4413847510 4405698716 26174 24062 4523885 4157330 1 55 2210346501 10382228 4182478848 3997696 2097152 7481689 5019175 1667630 3616705 3876480
1790581901907 0 1382 72 4413966964 4405817938 26174 24062 4523885 4157330 1 55 2210413116 10382421 4179480576 4808704 0 7707987 5160934 1733967 3796195 4012711
1790581902926 0 1867 11 4414082380 4405932825 26174 24062 4523885 4157330 1 55 2210486364 10382609 4176789504 5341184 0 7952682 5313887 1806474 3922413 4106649
1790581903947 0 1709 71 4414194218 4406044903 26174 24062 4523885 4157330 1 55 2210559305 10382807 4175335424 7036928 942080 8195884 5464449 1880444 3994297 4155328
1790581904966 0 2024 0 4414298111 4406148332 26174 24062 4523885 4157330 1 55 2210640831 10383017 4174602240 6709248 0 8447075 5620500 1962020 4076740 4214036
1790581905986 0 1903 0 4414409575 4406260061 26174 24062 4523885 4157330 1 55 2210708601 10383184 4172324864 6840320 1548288 8677523 5768013 2028716 4205450 4315511
1790581907007 0 2215 0 4414516125 4406366048 26174 24062 4523885 4157330 1 55 2210780106 10383360 4170805248 7233536 0 8914344 5919260 2101796 4328163 4394093
1790581908027 0 2004 0 4414618377 4406468578 26174 24062 4523885 4157330 1 55 2210853493 10383523 4169805824 9515008 0 9146171 6069583 2174626 4409237 4452271
1790581909047 0 2481 0 4414722740 4406572577 26174 24062 4523885 4157330 1 55 2210931298 10383700 4168904704 7901184 2097152 9385556 6225934 2252430 4560066 4553153
1790581910066 0 2246 538 4414827335 4406676904 26174 24062 4523885 4157330 1 55 2211001807 10383874 4168425472 8253440 2097152 9613834 6376941 2322969 4623268 4598981
1790581911086 0 2599 0 4414936987 4406786524 26174 24062 4523885 4157330 1 55 2211070554 10384024 4166971392 8478720 0 9837152 6529439 2391183 4770761 4718107
1790581912111 0 2390 0 4415042048 4406892047 26174 24062 4523885 4157330 1 55 2211154158 10384219 4167053312 8732672 0 10084936 6697153 2473962 4967219 4860113
1790581913139 0 2572 73 4415138709 4406988450 26174 24062 4523885 4157330 1 55 2211222989 10384381 4166770688 9207808 0 10305356 6847361 2544185 5057680 4927848
1790581914163 0 2464 0 4415246219 4407095921 26174 24062 4523885 4157330 1 55 2211294850 10384542 4166737920 9269248 0 10544018 7008190 2614974 5158536 4998122
1790581915183 0 2535 511 4415361393 4407210702 26174 24062 4523885 4157330 1 55 2211363413 10384695 4166889472 11571200 0 10781105 7172922 2684545 5324035 5112952
1790581916205 0 2599 0 4415467420 4407317210 26174 24062 4523885 4157330 1 55 2211434963 10384864 4166799360 9678848 0 11016074 7335385 2755866 5420623 5185204
1790581917225 0 348 1 4415567611 4407419576 26174 24062 4523885 4157330 1 55 2211511581 10385062 4167983104 2883584 0 11235899 7492718 2833741 5525984 5267283
1790581918244 0 672 511 4415677468 4407528967 26174 24062 4523885 4157330 1 55 2211576775 10385291 4167409664 2174976 0 11461339 7649209 2897920 5601776 5323027
1790581919264 0 904 511 4415774020 4407624960 26174 24062 4523885 4157330 1 55 2211648128 10385497 4168556544 5038080 61440 11698554 7801667 2969269 5733280 5419048
1790581920284 0 1126 511 4415877669 4407728422 26174 24062 4523885 4157330 1 55 2211717965 10385713 4169445376 3772416 0 11918753 7958292 3039606 5890526 5544000
1790581921304 0 1310 0 4415986848 4407837927 26174 24062 4523885 4157330 1 55 2211785463 10385929 4168605696 4407296 2097152 12149046 8118232 3106181 5996287 5608913
1790581922324 0 1725 0 4416091538 4407942056 26174 24062 4523885 4157330 1 55 2211850652 10386136 4168941568 5001216 0 12385929 8274876 3171798 6112525 5705749
1790581923344 0 1511 0 4416188988 4408039866 26174 24062 4523885 4157330 1 55 2211930679 10386328 4170543104 5488640 0 12623476 8439470 3252321 6226348 5794665
1790581924364 0 1654 0 4416287957 4408138692 26174 24062 4523885 4157330 1 55 2212011219 10386534 4171923456 7544832 0 12862309 8605553 3331840 6328463 5875479
1790581925384 0 1836 0 4416385833 4408236459 26174 24062 4523885 4157330 1 55 2212084519 10386711 4172537856 6410240 0 13108481 8763600 3406469 6461269 5985608
1790581926405 0 1921 0 4416485354 4408335822 26174 24062 4523885 4157330 1 55 2212153836 10386878 4173086720 6848512 2097152 13350389 8921040 3474461 6647642 6135431
1790581927425 0 2302 73 4416585232 4408435321 26174 24062 4523885 4157330 1 55 2212231792 10387051 4173094912 7208960 0 13603976 9087097 3554013 6800958 6237790
1790581928445 0 2015 0 4416694998 4408545372 26174 24062 4523885 4157330 1 55 2212298535 10387208 4172369920 7548928 0 13841148 9252259 3619166 6888337 6307050
1790581929465 0 2479 0 4416798595 4408648360 26174 24062 4523885 4157330 1 55 2212372258 10387382 4172804096 7823360 0 14082943 9417953 3693336 7006642 6381416
1790581930485 0 2129 0 4416892374 4408742561 26174 24062 4523885 4157330 1 55 2212449988 10387569 4173963264 8089600 0 14313892 9577727 3769953 7191873 6518883
1790581931504 0 2722 1 4416991241 4408840834 26174 24062 4523885 4157330 1 55 2212522722 10387726 4175306752 10440704 0 14558096 9743964 3844881 7285814 6595871
1790581932523 0 2224 63 4417089153 4408939291 26174 24062 4523885 4157330 1 55 2212600087 10387900 4176379904 8605696 2097152 14806314 9912268 3921804 7458601 6721153
1790581933544 0 2327 511 4417196873 4409046352 26174 24062 4523885 4157330 1 55 2212681166 10388062 4176949248 10473472 0 15059188 10086702 4002807 7577341 6793850
1790581934564 0 2394 512 4417294128 4409143611 26174 24062 4523885 4157330 1 55 2212759606 10388241 4177637376 9039872 0 15295715 10249072 4079226 7688945 6868585
1790581935584 0 2755 0 4417391534 4409240915 26174 24062 4523885 4157330 1 55 2212841860 10388395 4178436096 9637888 0 15551264 10416713 4163016 7894486 6987238
1790581936604 0 2553 0 4417484350 4409334186 26174 24062 4523885 4157330 1 55 2212926618 10388562 4179374080 9445376 2097152 15794134 10580794 4247236 8048503 7097995
1790581937624 0 691 20 4417591619 4409443154 26174 24062 4523885 4157330 1 55 2212998440 10388743 4178063360 647168 0 16034413 10746617 4319059 8181868 7187265
1790581938644 0 956 73 4417698877 4409550166 26174 24062 4523885 4157330 1 55 2213064995 10388956 4177223680 3444736 573440 16276271 10900399 4386134 8318124 7266831
1790581939664 0 390 0 4417797113 4409649112 26174 24062 4523885 4157330 1 55 2213133240 10389157 4176924672 2306048 921600 16504459 11049599 4454380 8462407 7359899
1790581940686 0 663 1 4417899309 4409751068 26174 24062 4523885 4157330 1 55 2213208247 10389411 4175773696 2252800 0 16728635 11207045 4529142 8677621 7517602
1790581941706 0 1245 3 4418003961 4409854924 26174 24062 4523885 4157330 1 55 2213284118 10389666 4175233024 3104768 0 16955436 11364194 4605286 8795868 7606750
1790581942725 0 1425 0 4418110140 4409960960 26174 24062 4523885 4157330 1 55 2213355466 10389887 4175060992 3796992 0 17196389 11516122 4676810 8958397 7718341
1790581943746 0 1308 1 4418210216 4410061330 26174 24062 4523885 4157330 1 55 2213430383 10390118 4174929920 4390912 0 17418716 11664562 4751521 9134283 7880457
1790581944765 0 1348 1 4418318476 4410169513 26174 24062 4523885 4157330 1 55 2213506340 10390359 4172697600 4993024 0 17661586 11825030 4826992 9334562 8014738
1790581945785 0 1469 0 4418422548 4410273468 26174 24062 4523885 4157330 1 55 2213575654 10390579 4171808768 5513216 0 17904280 11977444 4895765 9442139 8095196
1790581946805 0 1650 0 4418528702 4410379441 26174 24062 4523885 4157330 1 55 2213658927 10390812 4171501568 5988352 0 18155419 12141503 4980432 9609265 8200880
1790581947825 0 1776 0 4418631752 4410482365 26174 24062 4523885 4157330 1 55 2213741498 10391037 4171255808 6402048 0 18388797 12298996 5062124 9759762 8337067
1790581948846 0 2209 0 4418750636 4410600672 26174 24062 4523885 4157330 1 55 2213812826 10391240 4168265728 6868992 0 18618075 12452428 5132940 9900472 8440050
1790581949866 0 1852 0 4418852772 4410703209 26174 24062 4523885 4157330 1 55 2213875424 10391421 4167954432 9273344 0 18859586 12597483 5197072 10060746 8584273
1790581950886 0 2025 219 4418949696 4410800060 26174 24062 4523885 4157330 1 55 2213944966 10391627 4167585792 7606272 0 19065257 12741571 5265819 10215925 8701839
1790581951906 0 2257 0 4419054989 4410904940 26174 24062 4523885 4157330 1 55 2214017527 10391821 4166049792 7909376 0 19289572 12897182 5339170 10323560 8775861
1790581952926 0 2215 511 4419173113 4411022960 26174 24062 4523885 4157330 1 55 2214085241 10392013 4164411392 8269824 0 19524259 13055029 5406911 10464891 8864074
1790581953946 0 2399 0 4419284388 4411134342 26174 24062 4523885 4157330 1 55 2214153503 10392210 4163571712 8597504 0 19781495 13216699 5473691 10573746 8926030
1790581954966 0 2476 0 4419385653 4411235349 26174 24062 4523885 4157330 1 55 2214233526 10392426 4164358144 8826880 0 20017667 13378599 5554395 10735194 9058536
1790581955988 0 2324 0 4419498039 4411348029 26174 24062 4523885 4157330 1 55 2214313544 10392638 4164141056 9105408 0 20262741 13549551 5635211 10839654 9116178
1790581957009 0 2526 2 4419604561 4411454529 26174 24062 4523885 4157330 1 55 2214388944 10392837 4164726784 11296768 0 20494227 13711305 5708580 10927965 9179194
1790581958029 0 2533 511 4419709201 4411558730 26174 24062 4523885 4157330 1 55 2214466534 10393049 4164960256 10170368 0 20729944 13872941 5786648 11037337 9250944
1790581959049 0 391 511 4419810868 4411662430 26174 24062 4523885 4157330 1 55 2214541442 10393282 4165095424 1167360 0 20968895 14036068 5862460 11168773 9344535
1790581960068 0 681 0 4419915103 4411766811 26174 24062 4523885 4157330 1 55 2214605649 10393510 4164882432 3911680 0 21195281 14188899 5926270 11321030 9475801
1790581961088 0 910 0 4420013681 4411865123 26174 24062 4523885 4157330 1 55 2214681642 10393777 4165107712 3043328 0 21432900 14349414 6002284 11465625 9558646
1790581962108 0 1148 0 4420109295 4411960354 26174 24062 4523885 4157330 1 55 2214764511 10394029 4165763072 3747840 2097152 21656602 14507230 6084631 11533989 9611131
1790581963127 0 1291 512 4420214747 4412065333 26174 24062 4523885 4157330 1 55 2214832397 10394293 4164988928 4374528 0 21886252 14660281 6153034 11660598 9705101
1790581964147 0 1356 13 4420323512 4412174532 26174 24062 4523885 4157330 1 55 2214897093 10394522 4164259840 4968448 0 22125965 14818809 6218737 11754974 9771031
1790581965168 0 1424 0 4420422021 4412272949 26174 24062 4523885 4157330 1 55 2214974964 10394782 4165087232 5480448 0 22368545 14983107 6296219 11876675 9863989
1790581966188 0 1561 1 4420523506 4412374294 26174 24062 4523885 4157330 1 55 2215058683 10395029 4167053312 5910528 0 22606494 15155292 6380321 12076507 10004054
1790581967210 0 1754 0 4420623497 4412474132 26174 24062 4523885 4157330 1 55 2215136161 10395287 4167872512 6316032 0 22853568 15318908 6456107 12217273 10104186
1790581968230 0 1806 0 4420724516 4412575026 26174 24062 4523885 4157330 1 55 2215215195 10395526 4168921088 8126464 0 23107055 15486728 6535809 12327326 10187761
1790581969250 0 2120 0 4420817301 4412667351 26174 24062 4523885 4157330 1 55 2215298560 10395774 4169961472 7077888 0 23347756 15651195 6618957 12504407 10294152
1790581970271 0 1919 511 4420919325 4412769213 26174 24062 4523885 4157330 1 55 2215376524 10396018 4170223616 7479296 0 23590692 15816967 6697300 12700617 10404995
1790581971291 0 2012 511 4421016200 4412866068 26174 24062 4523885 4157330 1 55 2215448431 10396223 4170510336 7761920 2101248 23826419 15971603 6770083 12813990 10501606
1790581972311 0 2183 0 4421120836 4412971042 26174 24062 4523885 4157330 1 55 2215524861 10396483 4171034624 8105984 0 24069645 16135231 6845298 12926192 10575468
1790581973331 0 2273 0 4421225849 4413075965 26174 24062 4523885 4157330 1 55 2215597018 10396724 4170432512 9011200 0 24306680 16296978 6918657 13074274 10664217
1790581974351 0 2198 0 4421332915 4413183106 26174 24062 4523885 4157330 1 55 2215667837 10396961 4169940992 8617984 0 24548998 16457028 6989220 13262454 10808452
1790581975372 0 2321 511 4421438029 4413287552 26174 24062 4523885 4157330 1 55 2215747882 10397207 4170629120 10752000 0 24800773 16627671 7069538 13349319 10864798
1790581976391 0 2701 0 4421543046 4413392624 26174 24062 4523885 4157330 1 55 2215825645 10397450 4170649600 9584640 0 25030080 16792051 7146771 13442104 10939149
1790581977412 0 2832 0 4421632266 4413481643 26174 24062 4523885 4157330 1 55 2215892608 10397654 4170653696 9310208 1601536 25228357 16928498 7213735 13498496 10991628
1790581978431 0 2540 511 4421717335 4413566639 26174 24062 4523885 4157330 1 55 2215958181 10397854 4171792384 9441280 2097152 25436942 17066024 7279890 13618152 11116785
1790581979451 0 2523 0 4421809016 4413658809 26174 24062 4523885 4157330 1 55 2216024653 10398030 4170321920 9588736 0 25651234 17207275 7345052 13725069 11242331
1790581980471 0 112 550 4421911152 4413762878 26174 24062 4523885 4157330 1 55 2216087521 10398232 4170010624 819200 0 25877338 17354241 7408158 13824022 11330476
1790581981490 0 757 0 4421998989 4413850368 26174 24062 4523885 4157330 1 55 2216149144 10398466 4169416704 1794048 1687552 26082146 17488006 7470786 13951697 11459324
1790581982510 0 677 25 4422094573 4413946185 26174 24062 4523885 4157330 1 55 2216213222 10398699 4169019392 3821568 0 26288317 17634979 7533387 14108609 11620788
1790581983531 0 1063 365 4422200199 4414051126 26174 24062 4523885 4157330 1 55 2216282070 10398982 4167991296 4247552 0 26537162 17794079 7603773 14165904 11656693
1790581984551 0 1265 1 4422308182 4414159159 26174 24062 4523885 4157330 1 55 2216355082 10399289 4168499200 3989504 0 26775096 17955181 7676719 14369227 11804303
1790581985571 0 1176 13 4422409978 4414261183 26174 24062 4523885 4157330 1 55 2216425777 10399561 4168478720 4513792 2097152 27010760 18110956 7746031 14572740 11945420
1790581986591 0 1449 0 4422524680 4414375486 26174 24062 4523885 4157330 1 55 2216494679 10399814 4168343552 5124096 2097152 27258792 18268805 7816866 14699371 12027603
1790581987611 0 1459 0 4422625446 4414476320 26174 24062 4523885 4157330 1 55 2216569679 10400093 4168044544 5627904 0 27478191 18421086 7890804 14888337 12199937
1790581988630 0 1958 146 4422734151 4414584348 26174 24062 4523885 4157330 1 55 2216644597 10400344 4167340032 6074368 0 27723823 18586760 7965742 15027280 12288839
1790581989650 0 2013 0 4422836082 4414686260 26174 24062 4523885 4157330 1 55 2216713401 10400592 4166844416 6483968 2097152 27955024 18732929 8035049 15101332 12360596
1790581990671 0 1884 0 4422944287 4414794812 26174 24062 4523885 4157330 1 55 2216790851 10400848 4167049216 7081984 0 28195533 18890728 8112021 15299360 12487202
1790581991692 0 2122 0 4423051286 4414901465 26174 24062 4523885 4157330 1 55 2216868952 10401128 4166074368 7258112 0 28430619 19055508 8190147 15416721 12560932
1790581992712 0 2357 0 4423151910 4415001782 26174 24062 4523885 4157330 1 55 2216931114 10401339 4165468160 7569408 0 28643501 19198608 8252268 15532041 12678247
1790581993732 0 2095 0 4423262136 4415112449 26174 24062 4523885 4157330 1 55 2217005399 10401585 4165353472 9564160 0 28894890 19361438 8326658 15674021 12780740
1790581994752 0 2170 511 4423353318 4415203047 26174 24062 4523885 4157330 1 55 2217080694 10401806 4165771264 8048640 0 29102314 19502086 8401321 15845036 12952649
1790581995772 0 2261 0 4423442610 4415292649 26174 24062 4523885 4157330 1 55 2217154078 10402056 4166799360 8323072 0 29314730 19651445 8476238 16032823 13180261
1790581996793 0 2584 1 4423532280 4415381958 26174 24062 4523885 4157330 1 55 2217224878 10402273 4166713344 8544256 0 29524845 19793905 8546022 16216172 13356000
1790581997814 0 2353 0 4423616560 4415466403 26174 24062 4523885 4157330 1 55 2217292344 10402487 4166991872 8749056 0 29739368 19927331 8613523 16301505 13451361
1790581998833 0 2344 511 4423707544 4415557073 26174 24062 4523885 4157330 1 55 2217364129 10402701 4166967296 8953856 0 29946779 20070231 8684260 16466053 13637385
1790581999853 0 2509 0 4423793368 4415643069 26174 24062 4523885 4157330 1 55 2217440611 10402905 4167131136 9113600 0 30175652 20219252 8762165 16674080 13844359
1790582000874 0 2499 1 4423883332 4415733194 26174 24062 4523885 4157330 1 55 2217514933 10403130 4167507968 9310208 1736704 30395657 20361701 8835626 16824549 13993585
1790582001893 0 585 0 4423971487 4415823276 26174 24062 4523885 4157330 1 55 2217580798 10403358 4168101888 1310720 0 30619201 20506188 8902464 16942769 14115407
1790582002913 0 694 0 4424057021 4415908813 26174 24062 4523885 4157330 1 55 2217648820 10403604 4168097792 2191360 0 30824236 20644393 8970050 17138077 14320013
1790582003933 0 985 365 4424151416 4416002526 26174 24062 4523885 4157330 1 55 2217707024 10403852 4166975488 2981888 0 31028205 20780050 9028159 17355130 14533023
1790582004953 0 1059 0 4424241262 4416092552 26174 24062 4523885 4157330 1 55 2217770932 10404121 4167098368 3645440 0 31224441 20917155 9092614 17563451 14740739
1790582005973 0 1284 1 4424340207 4416191414 26174 24062 4523885 4157330 1 55 2217850556 10404425 4167004160 4268032 0 31480164 21082226 9171180 17778066 14897972
1790582006995 0 1344 0 4424435547 4416286768 26174 24062 4523885 4157330 1 55 2217928444 10404728 4168265728 4771840 0 31714625 21239164 9249108 17932043 15024744
1790582008014 0 1641 0 4424537984 4416388766 26174 24062 4523885 4157330 1 55 2217999837 10404985 4167655424 5283840 0 31954082 21397642 9319954 18084078 15128266
1790582009035 0 1802 0 4424639646 4416490119 26174 24062 4523885 4157330 1 55 2218071437 10405232 4167495680 5734400 0 32194185 21553768 9393114 18227360 15243842
1790582010055 0 1739 0 4424743404 4416594048 26174 24062 4523885 4157330 1 55 2218137717 10405487 4167393280 6234112 0 32408002 21707028 9459870 18323872 15316285
1790582011074 0 2151 0 4424841702 4416691865 26174 24062 4523885 4157330 1 55 2218199271 10405702 4166443008 6660096 0 32627340 21853258 9520930 18463569 15449361
1790582012094 0 1994 9 4424937025 4416787299 26174 24062 4523885 4157330 1 55 2218272663 10405936 4167483392 7852032 1220608 32862391 22006205 9593787 18653824 15653248
1790582013114 0 1957 0 4425030495 4416880996 26174 24062 4523885 4157330 1 55 2218342971 10406151 4167680000 7323648 0 33075798 22157231 9661460 18797041 15818170
1790582014134 0 2363 126 4425124220 4416974118 26174 24062 4523885 4157330 1 55 2218409668 10406369 4167348224 7946240 0 33302604 22304553 9730829 18968257 15974207
1790582015156 0 2093 0 4425227232 4417077631 26174 24062 4523885 4157330 1 55 2218477448 10406596 4167012352 10018816 0 33534392 22458277 9797557 19081190 16050271
1790582016177 0 2225 1 4425326668 4417176934 26174 24062 4523885 4157330 1 55 2218551334 10406824 4167561216 8151040 0 33758118 22611858 9872462 19278158 16198542
1790582017202 0 2171 0 4425422556 4417272843 26174 24062 4523885 4157330 1 55 2218614469 10407046 4167061504 8351744 0 33960990 22753408 9935082 19417346 16358794
1790582018224 0 2258 0 4425525534 4417375734 26174 24062 4523885 4157330 1 55 2218679651 10407245 4166340608 8622080 2097152 34187758 22906009 10000509 19540085 16479968
1790582019245 0 2268 1 4425615276 4417465426 26174 24062 4523885 4157330 1 55 2218746840 10407463 4166569984 8830976 0 34395619 23049956 10067237 19691254 16659338
1790582020266 0 2408 0 4425708530 4417558614 26174 24062 4523885 4157330 1 55 2218807232 10407652 4166156288 10682368 0 34588280 23187378 10129328 19879534 16887887
1790582021293 0 2471 511 4425798197 4417648184 26174 24062 4523885 4157330 1 55 2218872827 10407837 4166111232 9187328 0 34791819 23326231 10193973 20007093 17015154
1790582022317 0 2705 0 4425894041 4417743541 26174 24062 4523885 4157330 1 55 2218934389 10408047 4166053888 9400320 2097152 35017776 23472785 10255555 20108206 17133904
1790582023337 0 438 0 4425988514 4417840607 26174 24062 4523885 4157330 1 55 2219001525 10408285 4166807552 1089536 0 35232664 23619042 10322158 20236725 17268543
1790582024357 0 675 511 4426094373 4417945611 26174 24062 4523885 4157330 1 55 2219069830 10408560 4166406144 3227648 0 35459708 23772135 10389951 20339750 17356193
1790582025377 0 900 511 4426185251 4418036264 26174 24062 4523885 4157330 1 55 2219133684 10408782 4166533120 5001216 0 35655107 23908141 10454623 20464445 17484992
1790582026396 0 1084 0 4426278661 4418130035 26174 24062 4523885 4157330 1 55 2219201943 10409062 4167081984 3579904 0 35871358 24054469 10522782 20644454 17660110
1790582027416 0 1259 511 4426375599 4418226253 26174 24062 4523885 4157330 1 55 2219267938 10409349 4167053312 4182016 1691648 36096019 24198011 10589070 20866154 17856434
1790582028436 0 1268 1 4426460722 4418311945 26174 24062 4523885 4157330 1 55 2219331745 10409586 4167966720 5378048 0 36300947 24328140 10653764 21082408 18090541
1790582029462 0 1392 0 4426545880 4418396946 26174 24062 4523885 4157330 1 55 2219396941 10409811 4168392704 6975488 0 36496443 24462089 10718445 21249655 18268685
1790582030483 0 1527 511 4426634065 4418484451 26174 24062 4523885 4157330 1 55 2219458392 10410033 4168278016 6574080 0 36699459 24594616 10780034 21369331 18390322
1790582031503 0 1660 512 4426721213 4418571499 26174 24062 4523885 4157330 1 55 2219525133 10410269 4168314880 5963776 2097152 36917903 24736336 10845758 21476216 18502621
1790582032524 0 1790 0 4426806898 4418657566 26174 24062 4523885 4157330 1 55 2219589805 10410515 4168884224 6356992 0 37123070 24871683 10911667 21596564 18632865
1790582033544 0 1753 512 4426904813 4418755006 26174 24062 4523885 4157330 1 55 2219655949 10410767 4167954432 8589312 0 37335214 25015647 10977610 21703767 18724578
1790582034564 0 1825 37 4426998705 4418849227 26174 24062 4523885 4157330 1 55 2219712168 10410986 4167299072 7782400 0 37546744 25152295 11033077 21813769 18879147
1790582035583 0 2051 0 4427091474 4418941917 26174 24062 4523885 4157330 1 55 2219784036 10411256 4168105984 7434240 0 37779976 25301831 11103671 21870608 18919490
1790582036603 0 2102 0 4427176731 4419026978 26174 24062 4523885 4157330 1 55 2219853096 10411473 4168716288 7741440 0 37982168 25443870 11174734 21998041 19057962
1790582037624 0 2268 0 4427279342 4419129387 26174 24062 4523885 4157330 1 55 2219926437 10411703 4167872512 8040448 0 38206288 25598249 11247049 22184922 19214213
1790582038643 0 2383 0 4427365081 4419215048 26174 24062 4523885 4157330 1 55 2220000777 10411931 4168601600 10366976 0 38433178 25738419 11321413 22345298 19401103
1790582039663 0 2236 0 4427458013 4419308235 26174 24062 4523885 4157330 1 55 2220060485 10412134 4168822784 8548352 0 38635821 25874826 11382129 22417907 19476542
1790582040683 0 2304 438 4427540468 4419390295 26174 24062 4523885 4157330 1 55 2220130693 10412353 4167696384 8712192 0 38847203 26017751 11451517 22622415 19684559
1790582041704 0 2457 0 4427633988 4419483844 26174 24062 4523885 4157330 1 55 2220198937 10412564 4167598080 8933376 0 39058327 26164115 11519564 22724744 19793351
1790582042723 0 2600 0 4427731444 4419581121 26174 24062 4523885 4157330 1 55 2220256947 10412771 4167200768 9154560 0 39273780 26304425 11578444 22914824 20013406
1790582043743 0 2596 0 4427820551 4419670193 26174 24062 4523885 4157330 1 55 2220320628 10412985 4166746112 10137600 1302528 39472796 26434919 11640254 23107386 20233293
1790582044763 0 2695 0 4427913375 4419763101 26174 24062 4523885 4157330 1 55 2220390159 10413217 4167725056 9506816 0 39672917 26579947 11711325 23292519 20414915
1790582045786 0 241 0 4428004331 4419856608 26174 24062 4523885 4157330 1 55 2220453379 10413436 4166774784 241664 1155072 39869842 26716529 11774510 23438811 20569578
1790582046807 0 479 0 4428096904 4419948883 26174 24062 4523885 4157330 1 55 2220510307 10413664 4167147520 1474560 0 40091562 26851669 11832474 23583974 20730935
1790582047827 0 890 0 4428183423 4420034883 26174 24062 4523885 4157330 1 55 2220580084 10413905 4167602176 2351104 0 40304674 26991485 11901274 23649826 20803871
1790582048847 0 918 511 4428266774 4420117769 26174 24062 4523885 4157330 1 55 2220645369 10414187 4167352320 4550656 0 40498602 27126185 11966001 23846710 20987100
1790582049867 0 1077 1 4428356039 4420207453 26174 24062 4523885 4157330 1 55 2220709074 10414464 4166742016 3579904 0 40705220 27260755 12029168 23917744 21076246
1790582050886 0 1259 365 4428446375 4420297574 26174 24062 4523885 4157330 1 55 2220775859 10414753 4166889472 4169728 2097152 40915101 27399420 12096988 24117087 21290658
1790582051906 0 1213 0 4428539734 4420390906 26174 24062 4523885 4157330 1 55 2220832324 10414996 4166238208 4689920 0 41108359 27531754 12153962 24227578 21419045
1790582052926 0 1780 73 4428622823 4420473430 26174 24062 4523885 4157330 1 55 2220894600 10415256 4165689344 5165056 1601536 41296933 27662320 12216337 24417552 21625902
1790582053946 0 1524 511 4428709054 4420559879 26174 24062 4523885 4157330 1 55 2220953423 10415516 4165066752 5615616 0 41478699 27792901 12274612 24588008 21802035
1790582054967 0 1635 0 4428794650 4420645472 26174 24062 4523885 4157330 1 55 2221012044 10415752 4165378048 6017024 0 41679431 27921998 12333684 24716634 21921642
1790582055988 0 1763 439 4428882812 4420733104 26174 24062 4523885 4157330 1 55 2221072091 10415985 4165652480 6529024 1957888 41880937 28057100 12393730 24864452 22082654
1790582057008 0 1852 3 4428973251 4420823781 26174 24062 4523885 4157330 1 55 2221140308 10416240 4165771264 8769536 0 42099892 28202026 12460412 25063585 22289045
1790582058028 0 1896 0 4429073564 4420924089 26174 24062 4523885 4157330 1 55 2221203860 10416484 4165242880 7102464 0 42324456 28350446 12524771 25196912 22394431
1790582059047 0 27 0 4429160736 4421013094 26174 24062 4523885 4157330 1 55 2221277228 10416756 4164714496 0 0 42542389 28497341 12599389 25334122 22500549
1790582060067 0 95 0 4429160831 4421013121 26174 24062 4523885 4157330 1 55 2221425622 10417342 4192923648 131072 0 42689330 28635777 12744712 25441536 22623072
1790582061088 0 120 0 4429160856 4421013121 26174 24062 4523885 4157330 1 55 2221601386 10417963 4195721216 131072 0 42905379 28811362 12920980 25546932 22666920
1790582062109 0 147 0 4429160883 4421013121 26174 24062 4523885 4157330 1 55 2221751046 10418510 4200165376 131072 0 43390029 28959502 13070205 25682650 22686456
1790582063129 0 172 0 4429160908 4421013121 26174 24062 4523885 4157330 1 55 2221901470 10419185 4198658048 131072 0 43589003 29113286 13223621 25838716 22731896
