1790552036403 0 1 0 3075259726 3068742655 26174 24062 4523885 4157330 1 55 1534784416 7692196 - - - - - - - -
1790552037443 0 2981 460 3075490868 3068970312 26174 24062 4523885 4157330 1 55 1534784419 7692306 917078016 11628544 1687552 0 0 3 0 23680
1790552038464 0 2977 0 3075735082 3069215002 26174 24062 4523885 4157330 1 55 1534784419 7692307 1915838464 13455360 270336 0 0 3 0 47551
1790552039484 0 3012 511 3075977240 3069456604 26174 24062 4523885 4157330 1 55 1534784419 7692308 2907631616 13185024 0 0 0 3 0 59244
1790552040505 0 3029 6 3076197511 3069677247 26174 24062 4523885 4157330 1 55 1534784419 7692308 3810267136 13111296 618496 0 0 3 0 76549
1790552041525 0 638 0 3076392029 3069874271 26174 24062 4523885 4157330 1 55 1534788476 7692318 4159426560 2695168 0 218080 112742 3570 103707 96160
1790552042545 0 1226 13 3076571625 3070053307 26174 24062 4523885 4157330 1 55 1534800133 7692330 4158480384 3448832 0 500908 303530 15675 200732 114819
1790552043566 0 1336 0 3076750767 3070232369 26174 24062 4523885 4157330 1 55 1534814823 7692352 4157714432 4599808 2101248 766919 497694 29875 280917 137488
1790552044586 0 1673 0 3076920586 3070401667 26174 24062 4523885 4157330 1 55 1534837155 7692386 4157952000 6520832 1097728 1002364 688465 52706 370188 176223
1790552045606 0 1832 0 3077058493 3070539615 26174 24062 4523885 4157330 1 55 1534865255 7692569 4159037440 7782400 0 1292347 853522 79342 498230 271648
1790552046626 0 1894 0 3077188763 3070669655 26174 24062 4523885 4157330 1 55 1534904140 7692763 4161667072 6918144 0 1545134 1021904 119697 587121 341614
1790552047646 0 1764 0 3077326761 3070807783 26174 24062 4523885 4157330 1 55 1534951323 7692961 4164648960 6885376 0 1796987 1205314 164524 663760 397161
1790552048666 0 1958 525 3077445836 3070926328 26174 24062 4523885 4157330 1 55 1535000029 7693137 4168425472 7311360 0 2022804 1371702 214551 756016 470614
1790552049686 0 208 0 3077571383 3071054103 26174 24062 4523885 4157330 1 55 1535045666 7693305 4170960896 1998848 0 2250511 1542325 259972 844464 538910
1790552050706 0 612 96 3077695860 3071178213 26174 24062 4523885 4157330 1 55 1535087075 7693510 4173168640 1961984 0 2502656 1707540 302622 989750 637477
1790552051728 0 937 0 3077806471 3071288499 26174 24062 4523885 4157330 1 55 1535147942 7693739 4176195584 3076096 0 2748719 1877002 362211 1128289 759355
1790552052748 0 1220 0 3077923447 3071405172 26174 24062 4523885 4157330 1 55 1535186536 7693899 4176392192 3973120 0 2976598 2033169 401116 1282067 902086
1790552053768 0 1286 3 3078044550 3071526239 26174 24062 4523885 4157330 1 55 1535233837 7694081 4176572416 4685824 0 3223379 2200727 448355 1446208 1018677
1790552054787 0 1433 514 3078161184 3071642161 26174 24062 4523885 4157330 1 55 1535291777 7694244 4177170432 5242880 0 3478095 2374135 506192 1557496 1099444
1790552055807 0 1642 0 3078276778 3071758159 26174 24062 4523885 4157330 1 55 1535349458 7694431 4177747968 7245824 0 3724792 2547418 564006 1605178 1137614
1790552056827 0 1564 4 3078387259 3071868614 26174 24062 4523885 4157330 1 55 1535406728 7694605 4178501632 6062080 0 3962663 2714527 621022 1723767 1227814
1790552057848 0 2285 65 3078497721 3071978320 26174 24062 4523885 4157330 1 55 1535465142 7694772 4179410944 6672384 0 4226866 2882567 679678 1884900 1336880
1790552058868 0 2234 35 3078600346 3072080866 26174 24062 4523885 4157330 1 55 1535525648 7694935 4180951040 7069696 2101248 4464608 3045648 740178 2035534 1428249
1790552059889 0 1916 0 3078702203 3072183268 26174 24062 4523885 4157330 1 55 1535592823 7695099 4181823488 8945664 0 4717209 3214385 806843 2169864 1532548
1790552060909 0 2267 0 3078800241 3072280789 26174 24062 4523885 4157330 1 55 1535676807 7695283 4183752704 8450048 0 4993430 3394517 891851 2280748 1602048
1790552061929 0 2143 0 3078896823 3072377699 26174 24062 4523885 4157330 1 55 1535760917 7695474 4185903104 9265152 0 5254939 3575031 974936 2373431 1659476
1790552062949 0 2234 0 3079004303 3072484916 26174 24062 4523885 4157330 1 55 1535833872 7695623 4186267648 8486912 0 5531507 3754187 1046937 2481077 1714421
1790552063969 0 2627 5 3079104266 3072584481 26174 24062 4523885 4157330 1 55 1535917749 7695799 4186988544 8785920 0 5816778 3937613 1131693 2594323 1782425
1790552064989 0 2294 3 3079202908 3072683615 26174 24062 4523885 4157330 1 55 1536000845 7695977 4187340800 10715136 0 6069781 4111766 1215374 2693051 1851968
1790552066016 0 2451 0 3079310344 3072790778 26174 24062 4523885 4157330 1 55 1536076559 7696118 4186697728 11059200 208896 6327473 4281491 1291644 2794701 1911265
1790552067038 0 2446 0 3079417086 3072897608 26174 24062 4523885 4157330 1 55 1536165042 7696286 4186480640 9383936 0 6601753 4454473 1378540 2940059 1998913
1790552068058 0 409 515 3079509844 3072991794 26174 24062 4523885 4157330 1 55 1536234852 7696499 4186243072 1044480 0 6816944 4596533 1448869 3056633 2078490
1790552069078 0 1101 54 3079599251 3073081178 26174 24062 4523885 4157330 1 55 1536318017 7696739 4186329088 2019328 0 7047850 4742886 1533060 3212268 2206270
1790552070098 0 926 2 3079709889 3073191998 26174 24062 4523885 4157330 1 55 1536397583 7696977 4184338432 2940928 0 7299249 4901867 1610701 3412136 2352776
1790552071117 0 1085 510 3079825000 3073306374 26174 24062 4523885 4157330 1 55 1536468972 7697206 4181651456 5054464 798720 7546264 5055123 1684003 3607527 2505568
1790552072137 0 1360 511 3079948890 3073429988 26174 24062 4523885 4157330 1 55 1536533599 7697398 4178616320 4501504 2097152 7773506 5199151 1748629 3762811 2623379
1790552073157 0 1393 73 3080061920 3073543493 26174 24062 4523885 4157330 1 55 1536614375 7697606 4176359424 5160960 0 8028910 5356715 1828387 3903060 2713545
1790552074177 0 1607 0 3080178313 3073659562 26174 24062 4523885 4157330 1 55 1536688799 7697822 4174962688 7843840 0 8270087 5510775 1903316 4002380 2783875
1790552075197 0 1730 0 3080287647 3073768811 26174 24062 4523885 4157330 1 55 1536770371 7698016 4173242368 6189056 0 8541858 5670555 1984887 4170319 2872542
1790552076219 0 1805 0 3080402125 3073883250 26174 24062 4523885 4157330 1 55 1536840143 7698199 4171476992 6701056 0 8774392 5821638 2053640 4285134 2939433
1790552077238 0 2361 0 3080505827 3073986289 26174 24062 4523885 4157330 1 55 1536917066 7698368 4170031104 7114752 0 9017474 5977740 2130595 4453052 3030816
1790552078258 0 1914 511 3080615838 3074096854 26174 24062 4523885 4157330 1 55 1536995031 7698556 4169682944 7462912 0 9262759 6138681 2210058 4545559 3090501
1790552079278 0 2104 0 3080725181 3074206080 26174 24062 4523885 4157330 1 55 1537073756 7698737 4168716288 7856128 2101248 9507970 6298533 2288292 4706154 3192534
1790552080298 0 2205 0 3080842211 3074323009 26174 24062 4523885 4157330 1 55 1537149147 7698913 4167749632 8155136 0 9754363 6463625 2363580 4775789 3230555
1790552081318 0 2280 513 3080952103 3074432313 26174 24062 4523885 4157330 1 55 1537232765 7699096 4167430144 9728000 0 10012254 6634923 2447289 4878203 3290018
1790552082338 0 2454 0 3081062527 3074543149 26174 24062 4523885 4157330 1 55 1537311743 7699293 4166615040 8679424 0 10255736 6802947 2525764 4976710 3346141
1790552083358 0 2509 2 3081176927 3074657236 26174 24062 4523885 4157330 1 55 1537386610 7699459 4166717440 9695232 0 10512788 6973193 2601676 5104465 3425620
1790552084382 0 2433 2 3081291544 3074772146 26174 24062 4523885 4157330 1 55 1537455370 7699616 4166344704 9203712 0 10748808 7137260 2669602 5218649 3486361
1790552085403 0 2515 0 3081401432 3074881920 26174 24062 4523885 4157330 1 55 1537530256 7699798 4166713344 9420800 0 10983451 7306089 2744283 5323838 3554956
1790552086423 0 588 221 3081510986 3074993180 26174 24062 4523885 4157330 1 55 1537608972 7699999 4167069696 876544 0 11226177 7472043 2822292 5427990 3621018
1790552087443 0 668 0 3081625814 3075108149 26174 24062 4523885 4157330 1 55 1537679480 7700240 4167491584 2129920 0 11461494 7636158 2894380 5630974 3742353
1790552088463 0 909 2 3081733763 3075215889 26174 24062 4523885 4157330 1 55 1537753093 7700460 4168073216 3039232 0 11716856 7802075 2967787 5833055 3867603
1790552089483 0 1101 0 3081835005 3075316907 26174 24062 4523885 4157330 1 55 1537823205 7700669 4168716288 3702784 0 11930927 7955691 3038129 5952515 3943225
1790552090504 0 1252 0 3081944456 3075426207 26174 24062 4523885 4157330 1 55 1537894676 7700894 4168359936 4337664 0 12174802 8119527 3107692 6099015 4051185
1790552091524 0 1305 511 3082055045 3075536123 26174 24062 4523885 4157330 1 55 1537967065 7701116 4169097216 5017600 0 12430703 8289482 3181079 6216992 4111899
1790552092544 0 1608 0 3082160131 3075641345 26174 24062 4523885 4157330 1 55 1538051934 7701321 4170235904 5488640 0 12685300 8464226 3266386 6287828 4152734
1790552093563 0 1632 0 3082260521 3075741892 26174 24062 4523885 4157330 1 55 1538133058 7701537 4171735040 6852608 0 12929032 8633844 3347585 6474211 4263612
1790552094583 0 2071 0 3082369956 3075850635 26174 24062 4523885 4157330 1 55 1538210534 7701725 4172304384 6434816 0 13199139 8805194 3424621 6543985 4299715
1790552095603 0 1911 0 3082478829 3075959921 26174 24062 4523885 4157330 1 55 1538284396 7701904 4172484608 6881280 0 13465041 8975413 3497590 6642794 4354578
1790552096623 0 1860 0 3082586676 3076067891 26174 24062 4523885 4157330 1 55 1538365145 7702074 4172177408 7249920 0 13723225 9152801 3579692 6804587 4445254
1790552097642 0 1923 0 3082697209 3076178216 26174 24062 4523885 4157330 1 55 1538442118 7702259 4172206080 7532544 2101248 13983412 9329576 3657152 6908195 4508891
1790552098663 0 455 0 3082803795 3076286343 26174 24062 4523885 4157330 1 55 1538517548 7702482 4173049856 2023424 0 14218495 9496074 3731049 7019745 4576535
1790552099683 0 1166 0 3082907658 3076389388 26174 24062 4523885 4157330 1 55 1538601227 7702709 4174249984 2633728 0 14478016 9673050 3815747 7096694 4621127
1790552100703 0 924 0 3083008424 3076490503 26174 24062 4523885 4157330 1 55 1538678955 7702932 4175413248 4677632 0 14739251 9845013 3893488 7225326 4686704
1790552101722 0 1210 0 3083113356 3076595186 26174 24062 4523885 4157330 1 55 1538760007 7703160 4176109568 3862528 2101248 14998727 10022293 3974037 7304387 4724714
1790552102742 0 1345 0 3083216757 3076698306 26174 24062 4523885 4157330 1 55 1538847232 7703387 4176850944 5058560 0 15254762 10198538 4062264 7523786 4844595
1790552103762 0 1352 0 3083324065 3076805714 26174 24062 4523885 4157330 1 55 1538934803 7703620 4178092032 5607424 0 15515856 10375769 4149723 7630697 4900642
1790552104782 0 1488 0 3083426241 3076907754 26174 24062 4523885 4157330 1 55 1539022342 7703817 4179189760 5537792 2105344 15782416 10551123 4236935 7778212 4968610
1790552105802 0 1637 0 3083536200 3077017566 26174 24062 4523885 4157330 1 55 1539098279 7704029 4178030592 6017024 0 16039630 10721862 4312174 7934694 5053147
1790552106822 0 1732 0 3083647174 3077128445 26174 24062 4523885 4157330 1 55 1539172017 7704240 4177027072 6459392 2101248 16294945 10888134 4386580 8110084 5128042
1790552107843 0 370 476 3083754287 3077236336 26174 24062 4523885 4157330 1 55 1539243780 7704435 4176728064 1044480 0 16540839 11046451 4458313 8207627 5183556
1790552108863 0 664 0 3083860292 3077342522 26174 24062 4523885 4157330 1 55 1539323333 7704694 4175953920 2211840 114688 16775989 11212212 4537389 8388393 5282123
1790552109883 0 901 0 3083969790 3077451856 26174 24062 4523885 4157330 1 55 1539397700 7704936 4175458304 3076096 0 17008856 11372156 4612246 8529264 5387580
1790552110903 0 1056 0 3084078286 3077560160 26174 24062 4523885 4157330 1 55 1539475147 7705179 4175114240 3784704 2101248 17264695 11531637 4688206 8645949 5454044
1790552111931 0 1243 0 3084186676 3077668327 26174 24062 4523885 4157330 1 55 1539555752 7705439 4174635008 4378624 0 17504678 11692656 4770808 8716843 5489602
1790552112954 0 1573 219 3084302352 3077783456 26174 24062 4523885 4157330 1 55 1539638915 7705676 4173242368 6098944 0 17757449 11863414 4853432 8831861 5549537
1790552113974 0 1479 0 3084414867 3077896351 26174 24062 4523885 4157330 1 55 1539708010 7705910 4172009472 7192576 0 18017856 12023566 4922564 8946824 5608666
1790552114994 0 1861 0 3084524546 3078005580 26174 24062 4523885 4157330 1 55 1539799840 7706141 4172124160 7548928 0 18280635 12193619 5015413 9118128 5694768
1790552116015 0 1780 513 3084639293 3078120003 26174 24062 4523885 4157330 1 55 1539883945 7706364 4170719232 8265728 0 18527108 12361881 5098986 9214544 5742917
1790552117035 0 2269 2 3084747638 3078228333 26174 24062 4523885 4157330 1 55 1539954295 7706554 4169400320 6860800 0 18764712 12513675 5169345 9321194 5812871
1790552118055 0 1908 24 3084861250 3078342355 26174 24062 4523885 4157330 1 55 1540020990 7706760 4167528448 7319552 0 18999419 12667327 5235026 9430223 5904035
1790552119076 0 2036 0 3084977945 3078458803 26174 24062 4523885 4157330 1 55 1540095345 7706974 4166254592 7688192 0 19241391 12835504 5310763 9576500 5981281
1790552120096 0 2184 0 3085091834 3078572617 26174 24062 4523885 4157330 1 55 1540175889 7707182 4165824512 8040448 0 19489718 13004884 5390468 9648100 6013786
1790552121116 0 2464 3 3085212907 3078693260 26174 24062 4523885 4157330 1 55 1540242146 7707374 4164452352 9441280 0 19743687 13165856 5456678 9742995 6068187
1790552122136 0 2270 0 3085309092 3078789752 26174 24062 4523885 4157330 1 55 1540310894 7707562 4164390912 8609792 2101248 19964745 13316749 5524898 9882594 6207610
1790552123156 0 2255 0 3085421553 3078902204 26174 24062 4523885 4157330 1 55 1540399571 7707790 4164624384 10706944 0 20212596 13492906 5612117 10067594 6294013
1790552124176 0 2297 0 3085531389 3079011985 26174 24062 4523885 4157330 1 55 1540478125 7708001 4164943872 9072640 0 20462890 13660631 5691302 10208643 6368882
1790552125195 0 2411 0 3085643841 3079124360 26174 24062 4523885 4157330 1 55 1540558645 7708226 4165427200 9281536 2101248 20717382 13834000 5772156 10402255 6475063
1790552126221 0 2513 2 3085748051 3079228573 26174 24062 4523885 4157330 1 55 1540641187 7708448 4165984256 9465856 0 20963741 14002914 5854738 10602719 6585568
1790552127243 0 2575 2 3085860978 3079341438 26174 24062 4523885 4157330 1 55 1540709995 7708633 4165197824 11644928 53248 21209395 14170127 5924514 10748393 6654756
1790552128264 0 2437 0 3085967779 3079448344 26174 24062 4523885 4157330 1 55 1540789527 7708842 4165427200 11137024 0 21455576 14342053 6004555 10869058 6714366
1790552129283 0 2578 513 3086072564 3079552476 26174 24062 4523885 4157330 1 55 1540880060 7709043 4166504448 10199040 1835008 21703283 14514336 6093477 11061412 6816575
1790552130303 0 2644 0 3086178843 3079659202 26174 24062 4523885 4157330 1 55 1540949239 7709238 4165787648 10698752 1490944 21939594 14669785 6163782 11170631 6893603
1790552131322 0 2703 0 3086289702 3079770002 26174 24062 4523885 4157330 1 55 1541014091 7709401 4164673536 11374592 0 22181000 14829145 6227894 11332281 7008638
1790552132342 0 2748 0 3086393831 3079874086 26174 24062 4523885 4157330 1 55 1541098929 7709610 4165500928 10317824 2101248 22437138 15003322 6311953 11412107 7066379
1790552133363 0 2793 5 3086502201 3079982331 26174 24062 4523885 4157330 1 55 1541181019 7709808 4167753728 12197888 0 22687699 15180483 6395544 11593784 7165753
1790552134384 0 2640 511 3086607906 3080087760 26174 24062 4523885 4157330 1 55 1541265112 7710008 4168687616 10506240 0 22958450 15357041 6480141 11729356 7239228
1790552135404 0 2754 2 3086712652 3080192968 26174 24062 4523885 4157330 1 55 1541340746 7710194 4168650752 12484608 0 23209743 15522734 6554253 11863806 7333557
1790552136424 0 2739 511 3086808089 3080287844 26174 24062 4523885 4157330 1 55 1541434015 7710412 4170444800 10694656 0 23472993 15701913 6648840 11965617 7383153
1790552137444 0 2992 2 3086920295 3080400157 26174 24062 4523885 4157330 1 55 1541509456 7710608 4169887744 10780672 0 23723739 15870363 6723487 12114692 7456051
1790552138463 0 464 0 3087023964 3080506502 26174 24062 4523885 4157330 1 55 1541589040 7710848 4170469376 925696 0 23980851 16038101 6803335 12222081 7514983
1790552139483 0 839 0 3087128766 3080610822 26174 24062 4523885 4157330 1 55 1541667079 7711120 4170362880 2052096 0 24219870 16203436 6880611 12335955 7581532
1790552140503 0 880 0 3087239032 3080721046 26174 24062 4523885 4157330 1 55 1541736452 7711407 4169543680 3743744 0 24460550 16367342 6950457 12474321 7672943
1790552141523 0 1025 0 3087329470 3080811373 26174 24062 4523885 4157330 1 55 1541802893 7711673 4169424896 3555328 0 24677327 16510366 7017922 12685644 7883446
1790552142543 0 1220 0 3087438955 3080920629 26174 24062 4523885 4157330 1 55 1541877397 7711966 4169445376 4259840 0 24923210 16676993 7091401 12781913 7950494
1790552143563 0 1417 0 3087543737 3081025323 26174 24062 4523885 4157330 1 55 1541963631 7712276 4170317824 4837376 0 25163842 16848463 7176591 12922509 8028824
1790552144582 0 1388 511 3087652753 3081133750 26174 24062 4523885 4157330 1 55 1542044134 7712571 4170973184 5398528 0 25410177 17016334 7258648 13120209 8134068
1790552145602 0 1577 0 3087760530 3081241959 26174 24062 4523885 4157330 1 55 1542123426 7712847 4170129408 5844992 0 25659967 17182158 7338293 13298380 8234780
1790552146622 0 1720 0 3087874635 3081355923 26174 24062 4523885 4157330 1 55 1542195831 7713120 4169650176 6324224 0 25924712 17351560 7410875 13406559 8292889
1790552147642 0 1834 0 3087981536 3081462646 26174 24062 4523885 4157330 1 55 1542270531 7713377 4169179136 6725632 0 26170552 17512350 7485563 13470719 8336592
1790552148662 0 2073 0 3088097235 3081578038 26174 24062 4523885 4157330 1 55 1542338808 7713635 4168282112 9048064 0 26417412 17681091 7553843 13618289 8407973
1790552149682 0 2003 0 3088204326 3081685417 26174 24062 4523885 4157330 1 55 1542419860 7713922 4168077312 7573504 2101248 26683700 17849155 7633772 13706690 8456739
1790552150702 0 2075 2 3088311704 3081792682 26174 24062 4523885 4157330 1 55 1542498075 7714196 4168196096 7880704 0 26920122 18014446 7712100 13846587 8536625
1790552151722 0 2467 149 3088429288 3081909694 26174 24062 4523885 4157330 1 55 1542565117 7714409 4167544832 8175616 1503232 27175333 18179918 7780186 13957016 8596542
1790552152743 0 2334 3 3088541238 3082022030 26174 24062 4523885 4157330 1 55 1542640547 7714656 4167692288 8478720 0 27433381 18341781 7854605 14064238 8655019
1790552153763 0 2386 2 3088653749 3082134308 26174 24062 4523885 4157330 1 55 1542719161 7714880 4167315456 9641984 0 27667343 18508055 7934123 14136523 8700797
1790552154783 0 2326 0 3088765713 3082246409 26174 24062 4523885 4157330 1 55 1542798435 7715119 4166844416 8949760 2101248 27935132 18680914 8013468 14253788 8751082
1790552155803 0 2486 511 3088877075 3082357357 26174 24062 4523885 4157330 1 55 1542874328 7715353 4166234112 9183232 0 28177527 18838337 8087865 14420620 8857043
1790552156822 0 2705 4 3088989851 3082470124 26174 24062 4523885 4157330 1 55 1542952835 7715584 4166070272 9400320 0 28418135 19009457 8168389 14533573 8921153
1790552157842 0 2552 511 3089101428 3082581353 26174 24062 4523885 4157330 1 55 1543029545 7715829 4164841472 9564160 0 28659188 19172934 8244070 14611376 8967313
1790552158862 0 2611 511 3089212322 3082692189 26174 24062 4523885 4157330 1 55 1543101344 7716033 4164509696 9707520 0 28901333 19333836 8316389 14778376 9097409
1790552159883 0 2662 2 3089318546 3082798945 26174 24062 4523885 4157330 1 55 1543186755 7716264 4165570560 9814016 0 29143551 19499319 8401805 14867637 9148937
1790552160902 0 2951 0 3089420260 3082900164 26174 24062 4523885 4157330 1 55 1543266250 7716510 4165873664 9961472 0 29381392 19663156 8479757 14981539 9207101
1790552161923 0 2848 0 3089527442 3083007416 26174 24062 4523885 4157330 1 55 1543350925 7716746 4166340608 10063872 0 29636509 19832650 8564935 15098615 9271115
1790552162943 0 2704 0 3089632262 3083112614 26174 24062 4523885 4157330 1 55 1543436615 7716986 4167077888 10194944 0 29896548 20003490 8649484 15275399 9375712
1790552163963 0 2800 0 3089736870 3083217199 26174 24062 4523885 4157330 1 55 1543527023 7717219 4167249920 10305536 0 30159668 20178541 8741147 15362170 9422414
1790552164982 0 3219 0 3089841682 3083321421 26174 24062 4523885 4157330 1 55 1543611253 7717443 4167528448 10387456 0 30409232 20344975 8824244 15491329 9491213
1790552166002 0 432 2 3089944731 3083427257 26174 24062 4523885 4157330 1 55 1543687726 7717725 4168273920 1310720 0 30667794 20511345 8902260 15607426 9553372
1790552167022 0 825 0 3090047368 3083529324 26174 24062 4523885 4157330 1 55 1543761335 7718018 4167176192 2310144 0 30910080 20668189 8976455 15761383 9651046
1790552168043 0 977 0 3090155535 3083637629 26174 24062 4523885 4157330 1 55 1543831205 7718336 4165763072 3207168 0 31134825 20826359 9044965 15846613 9701074
1790552169062 0 1526 73 3090257837 3083739202 26174 24062 4523885 4157330 1 55 1543913664 7718659 4166909952 3887104 0 31384146 20994298 9128716 16064719 9839360
1790552170082 0 1303 0 3090358020 3083839788 26174 24062 4523885 4157330 1 55 1543993772 7718962 4168146944 4460544 0 31631788 21158557 9207818 16162666 9906552
1790552171110 0 1328 55 3090463901 3083945625 26174 24062 4523885 4157330 1 55 1544071223 7719259 4168138752 5005312 0 31883501 21325526 9284730 16292000 9981554
1790552172132 0 1513 2 3090573345 3084054935 26174 24062 4523885 4157330 1 55 1544143223 7719506 4167286784 5505024 0 32129863 21485592 9357601 16502438 10105376
1790552173152 0 1657 0 3090682331 3084163745 26174 24062 4523885 4157330 1 55 1544215639 7719779 4166803456 6352896 0 32367448 21651456 9430160 16640104 10194149
1790552174172 0 1955 0 3090793567 3084274502 26174 24062 4523885 4157330 1 55 1544286966 7720040 4166107136 7512064 1105920 32606297 21817104 9501530 16759640 10255352
1790552175192 0 1868 0 3090900136 3084381230 26174 24062 4523885 4157330 1 55 1544367513 7720298 4167340032 7118848 0 32858726 21986908 9582593 16907721 10349535
1790552176220 0 1923 0 3091010040 3084491188 26174 24062 4523885 4157330 1 55 1544446084 7720549 4167487488 7282688 0 33103619 22158522 9660595 16999097 10407363
1790552177242 0 2027 0 3091111779 3084592823 26174 24062 4523885 4157330 1 55 1544524558 7720768 4167585792 9322496 389120 33354729 22323466 9738574 17091546 10461754
1790552178262 0 2122 0 3091214963 3084695912 26174 24062 4523885 4157330 1 55 1544597133 7721015 4167622656 9109504 0 33592011 22484858 9811668 17193791 10522389
1790552179282 0 2215 513 3091321822 3084802165 26174 24062 4523885 4157330 1 55 1544673085 7721254 4167499776 8134656 0 33828045 22643944 9886580 17392898 10654866
1790552180302 0 2299 0 3091435756 3084916528 26174 24062 4523885 4157330 1 55 1544740846 7721480 4166709248 8372224 0 34064474 22805412 9955230 17514533 10722286
1790552181322 0 2244 0 3091544174 3085025001 26174 24062 4523885 4157330 1 55 1544814081 7721731 4166287360 9416704 0 34308320 22972433 10028304 17641913 10798708
1790552182341 0 2473 2 3091650687 3085131136 26174 24062 4523885 4157330 1 55 1544895883 7721978 4166180864 9830400 0 34548439 23141098 10110927 17747412 10867468
1790552183362 0 2409 292 3091761344 3085242006 26174 24062 4523885 4157330 1 55 1544968725 7722193 4165742592 9084928 0 34778132 23304456 10182813 17875952 10943778
1790552184383 0 154 54 3091870274 3085353137 26174 24062 4523885 4157330 1 55 1545043350 7722444 4165902336 126976 0 35048575 23475171 10257864 17986069 11013405
1790552185404 0 493 0 3091975250 3085457828 26174 24062 4523885 4157330 1 55 1545115633 7722713 4166537216 1843200 0 35280258 23634398 10329664 18104544 11083518
1790552186423 0 751 2 3092083795 3085566038 26174 24062 4523885 4157330 1 55 1545189470 7723012 4166598656 3215360 0 35519976 23795311 10404027 18236530 11162403
1790552187448 0 1235 0 3092188555 3085670174 26174 24062 4523885 4157330 1 55 1545263430 7723303 4166483968 4493312 0 35755128 23953533 10476937 18435753 11290964
1790552188468 0 1147 511 3092291515 3085772894 26174 24062 4523885 4157330 1 55 1545341001 7723627 4167516160 4648960 1392640 36000169 24118195 10556587 18547881 11359564
1790552189487 0 1369 0 3092390939 3085872314 26174 24062 4523885 4157330 1 55 1545414965 7723907 4168028160 4558848 0 36236879 24269573 10629297 18761054 11505596
1790552190508 0 1388 0 3092494987 3085976670 26174 24062 4523885 4157330 1 55 1545488423 7724202 4168368128 5095424 2068480 36467515 24425001 10703964 18971008 11635399
1790552191527 0 1531 0 3092597238 3086078778 26174 24062 4523885 4157330 1 55 1545562332 7724463 4168228864 5533696 0 36705094 24581035 10777101 19170727 11770876
1790552192549 0 1577 2 3092676380 3086157833 26174 24062 4523885 4157330 1 55 1545617270 7724674 4168007680 5931008 0 36894326 24701819 10832297 19346077 12086808
1790552193569 0 1784 3 3092777571 3086258889 26174 24062 4523885 4157330 1 55 1545696313 7724960 4168585216 6373376 0 37139446 24865147 10910305 19552378 12232835
1790552194592 0 2048 0 3092879084 3086359926 26174 24062 4523885 4157330 1 55 1545761529 7725210 4167512064 7610368 0 37360835 25010141 10976045 19645994 12314944
1790552195613 0 1823 0 3092989251 3086470426 26174 24062 4523885 4157330 1 55 1545830739 7725467 4167065600 7163904 0 37612666 25174303 11045619 19774075 12383904
1790552196633 0 2218 0 3093091715 3086572569 26174 24062 4523885 4157330 1 55 1545909123 7725778 4168327168 7528448 0 37867597 25339551 11122673 19834374 12424186
1790552197653 0 2330 2 3093195139 3086675586 26174 24062 4523885 4157330 1 55 1545987384 7726000 4167901184 9224192 0 38104776 25503326 11202412 19937747 12494855
1790552198676 0 2232 0 3093303031 3086783870 26174 24062 4523885 4157330 1 55 1546063300 7726260 4167090176 8200192 745472 38351381 25660281 11276290 20039302 12556655
1790552199697 0 2315 511 3093403130 3086883450 26174 24062 4523885 4157330 1 55 1546142493 7726495 4168437760 8871936 0 38598473 25821662 11357558 20206951 12672837
1790552200717 0 2246 2 3093502792 3086983649 26174 24062 4523885 4157330 1 55 1546220261 7726756 4168056832 8650752 0 38830969 25986419 11433802 20420233 12812148
1790552201737 0 2338 0 3093612172 3087092905 26174 24062 4523885 4157330 1 55 1546300830 7726998 4167434240 9101312 0 39086517 26158209 11514840 20612168 12917263
1790552202757 0 2422 0 3093722630 3087203279 26174 24062 4523885 4157330 1 55 1546368067 7727225 4166991872 9113600 0 39329644 26318667 11582597 20684889 12960354
1790552203777 0 2496 0 3093826741 3087307316 26174 24062 4523885 4157330 1 55 1546444241 7727480 4167409664 10792960 0 39562270 26474960 11657785 20825109 13054121
1790552204797 0 2550 2 3093933689 3087414024 26174 24062 4523885 4157330 1 55 1546520118 7727722 4167073792 9498624 0 39787105 26636541 11733677 20928506 13115941
1790552205816 0 632 0 3094038939 3087521234 26174 24062 4523885 4157330 1 55 1546590970 7727971 4166737920 880640 0 40031853 26793720 11805349 20980256 13149363
1790552206836 0 620 2 3094139417 3087621791 26174 24062 4523885 4157330 1 55 1546668963 7728250 4168224768 1998848 2101248 40272699 26953415 11883523 21064238 13197724
1790552207856 0 843 45 3094242773 3087724877 26174 24062 4523885 4157330 1 55 1546745979 7728549 4167811072 2867200 0 40520055 27117091 11959090 21190372 13273801
1790552208876 0 1063 2 3094347650 3087829581 26174 24062 4523885 4157330 1 55 1546818794 7728868 4167077888 3547136 0 40759920 27274903 12033322 21398564 13408153
1790552209896 0 1554 0 3094453429 3087934802 26174 24062 4523885 4157330 1 55 1546891748 7729208 4166840320 4210688 0 40994216 27429248 12107289 21526830 13501643
1790552210916 0 1277 34 3094557806 3088039636 26174 24062 4523885 4157330 1 55 1546968288 7729508 4166348800 4800512 0 41225165 27589220 12182215 21688675 13617385
1790552211935 0 1452 0 3094669805 3088151424 26174 24062 4523885 4157330 1 55 1547041141 7729840 4165758976 5394432 671744 41464005 27756464 12255661 21748170 13655543
1790552212955 0 1596 0 3094774117 3088255664 26174 24062 4523885 4157330 1 55 1547112154 7730126 4165246976 5890048 1605632 41698103 27913057 12326677 21929038 13767966
1790552213974 0 1815 0 3094880205 3088361316 26174 24062 4523885 4157330 1 55 1547188470 7730414 4166230016 6336512 2101248 41948094 28078673 12402475 22071022 13854950
1790552214994 0 1874 0 3094984748 3088465945 26174 24062 4523885 4157330 1 55 1547264909 7730698 4166561792 6713344 0 42197616 28242553 12479456 22251423 13989613
1790552216014 0 1839 544 3095085918 3088566717 26174 24062 4523885 4157330 1 55 1547345820 7730996 4166217728 7090176 0 42438980 28409996 12559820 22361689 14052088
1790552217035 0 2341 0 3095203040 3088683626 26174 24062 4523885 4157330 1 55 1547413396 7731254 4165328896 9175040 0 42683269 28572342 12628425 22547805 14170709
1790552218056 0 2364 0 3095304692 3088785255 26174 24062 4523885 4157330 1 55 1547487828 7731550 4165656576 7761920 0 42920642 28728162 12702346 22751862 14321627
1790552219076 0 2100 0 3095408506 3088889368 26174 24062 4523885 4157330 1 55 1547566077 7731821 4166389760 8376320 1773568 43152948 28893721 12780596 22882884 14407297
1790552220096 0 2250 0 3095514769 3088995590 26174 24062 4523885 4157330 1 55 1547636000 7732091 4165332992 10158080 0 43394653 29048279 12851543 22939765 14454568
1790552221116 0 2184 76 3095619671 3089100334 26174 24062 4523885 4157330 1 55 1547713743 7732377 4166103040 8998912 1650688 43642598 29213916 12928815 23131178 14587144
1790552222136 0 2322 146 3095721169 3089202027 26174 24062 4523885 4157330 1 55 1547786843 7732618 4166488064 9613312 0 43876660 29373577 13002438 23213608 14650605
1790552223156 0 2392 0 3095826549 3089307228 26174 24062 4523885 4157330 1 55 1547866530 7732900 4167368704 9039872 0 44122224 29537264 13080029 23394070 14765859
1790552224176 0 2474 513 3095933860 3089413944 26174 24062 4523885 4157330 1 55 1547946040 7733164 4167282688 9256960 0 44384387 29710441 13161594 23605202 14886190
1790552225195 0 2516 0 3096040569 3089521160 26174 24062 4523885 4157330 1 55 1548025376 7733447 4166873088 9490432 0 44640214 29882207 13239162 23756943 14976326
1790552226215 0 397 219 3096151839 3089634403 26174 24062 4523885 4157330 1 55 1548088903 7733738 4165591040 1249280 0 44859580 30033816 13304482 23970481 15107194
1790552227235 0 73 0 3096254195 3089737193 26174 24062 4523885 4157330 1 55 1548156747 7734033 4164333568 0 0 45090179 30186869 13372292 24099633 15192276
1790552228255 0 104 0 3096254315 3089737209 26174 24062 4523885 4157330 1 55 1548312667 7734556 4194004992 131072 0 45245404 30333198 13525865 24204465 15252020
1790552229276 0 134 0 3096254345 3089737209 26174 24062 4523885 4157330 1 55 1548491974 7735142 4198109184 131072 0 45454934 30510658 13704327 24282297 15279573
1790552230297 0 161 0 3096254372 3089737209 26174 24062 4523885 4157330 1 55 1548641499 7736147 4202602496 131072 0 45952591 30660186 13854952 24427506 15303279
1790552231317 0 189 0 3096254400 3089737209 26174 24062 4523885 4157330 1 55 1548802338 7737874 4201517056 131072 0 46157160 30821845 14016346 24635356 15368020
