1790550831227 0 39 0 2934587723 2928070469 26174 24062 4523885 4157330 1 55 1474428545 7439090 - - - - - - - -
1790550832293 0 3364 783 2934923972 2928402607 26174 24062 4523885 4157330 1 55 1474428547 7439208 1336225792 13324288 2097152 0 0 2 0 11327
1790550833320 0 3341 481 2935249523 2928728342 26174 24062 4523885 4157330 1 55 1474428547 7439208 2667220992 12165120 7639040 0 0 2 0 30913
1790550834345 0 3318 468 2935592867 2929071677 26174 24062 4523885 4157330 1 55 1474428547 7439209 4068282368 13811712 1265664 0 0 2 0 51411
1790550835373 0 1598 1 2935906145 2929387625 26174 24062 4523885 4157330 1 55 1474437208 7439223 4139778048 4513792 2097152 447399 304972 8622 55029 61382
1790550836400 0 2002 0 2936206082 2929686847 26174 24062 4523885 4157330 1 55 1474463149 7439259 4138991616 5550080 1593344 843435 628534 34066 106228 88344
1790550837424 0 2334 0 2936490453 2929970969 26174 24062 4523885 4157330 1 55 1474499270 7439508 4139343872 7290880 1978368 1273125 948749 69684 157638 134814
1790550838449 0 2768 0 2936748188 2930228451 26174 24062 4523885 4157330 1 55 1474549770 7439801 4141432832 9347072 659456 1672298 1254855 119219 202967 203700
1790550839478 0 2818 214 2937019096 2930498880 26174 24062 4523885 4157330 1 55 1474607355 7440069 4144652288 9089024 2097152 2093749 1583119 177771 264313 279322
1790550840503 0 2695 523 2937272840 2930752454 26174 24062 4523885 4157330 1 55 1474669053 7440314 4146974720 10117120 1519616 2493256 1896170 238960 315660 367462
1790550841529 0 3130 30 2937494973 2930974868 26174 24062 4523885 4157330 1 55 1474720578 7440484 4147527680 10936320 2101248 2853585 2170677 291492 372252 533097
1790550842558 0 2775 493 2937656891 2931136484 26174 24062 4523885 4157330 1 55 1474764196 7440620 4148097024 10252288 2097152 3129804 2375198 334532 421134 781147
1790550843584 0 3072 1130 2937901010 2931379596 26174 24062 4523885 4157330 1 55 1474832276 7440811 4148162560 11485184 0 3538945 2686330 402202 481265 891588
1790550844613 0 3038 547 2938139922 2931619285 26174 24062 4523885 4157330 1 55 1474901391 7440995 4148785152 11632640 1200128 3949950 2994424 472343 528718 963369
1790550845639 0 3106 450 2938380597 2931859891 26174 24062 4523885 4157330 1 55 1474986730 7441193 4149764096 11636736 2097152 4385022 3320180 558183 598039 1056304
1790550846666 0 649 1607 2938627046 2932107822 26174 24062 4523885 4157330 1 55 1475081021 7441418 4150226944 3350528 0 4812524 3650260 649442 656676 1150230
1790550847693 0 1555 314 2938872964 2932354133 26174 24062 4523885 4157330 1 55 1475162782 7441667 4148817920 5320704 0 5206457 3932433 732320 726066 1270888
1790550848719 0 1695 583 2939137141 2932617945 26174 24062 4523885 4157330 1 55 1475255275 7441934 4147507200 6021120 2101248 5588992 4212632 826179 793556 1390235
1790550849746 0 1873 0 2939411893 2932892804 26174 24062 4523885 4157330 1 55 1475330380 7442147 4143534080 7225344 2101248 5998518 4485676 900287 854208 1493942
1790550850771 0 2569 150 2939681875 2933162194 26174 24062 4523885 4157330 1 55 1475415098 7442357 4140249088 9474048 0 6443923 4775623 984430 929481 1575218
1790550851799 0 2180 0 2939960350 2933441067 26174 24062 4523885 4157330 1 55 1475488481 7442539 4135235584 9031680 2105344 6877676 5075508 1058361 1001062 1628167
1790550852826 0 2358 511 2940235083 2933714893 26174 24062 4523885 4157330 1 55 1475567474 7442766 4132823040 9842688 1044480 7300823 5380036 1137864 1057132 1684274
1790550853852 0 2575 513 2940494514 2933974393 26174 24062 4523885 4157330 1 55 1475668913 7443041 4133343232 9822208 6303744 7736848 5699894 1237903 1134721 1744756
1790550854881 0 3069 0 2940761011 2934240726 26174 24062 4523885 4157330 1 55 1475752861 7443253 4133892096 10891264 0 8179414 6020829 1322787 1194156 1793371
1790550855908 0 3127 1095 2941024848 2934503491 26174 24062 4523885 4157330 1 55 1475833224 7443461 4133355520 10969088 0 8581694 6336136 1403614 1284063 1882833
1790550856933 0 2921 327 2941293811 2934773351 26174 24062 4523885 4157330 1 55 1475909379 7443644 4132372480 11214848 2097152 8988978 6649032 1479768 1355887 1939161
1790550857960 0 891 546 2941561825 2935043868 26174 24062 4523885 4157330 1 55 1475984779 7443862 4132892672 1261568 2101248 9399377 6966161 1553673 1434232 2022660
1790550858989 0 1071 0 2941837001 2935318896 26174 24062 4523885 4157330 1 55 1476049423 7444120 4131921920 4866048 2101248 9806999 7276659 1617895 1498602 2080525
1790550860016 0 1566 490 2942103307 2935584187 26174 24062 4523885 4157330 1 55 1476125029 7444403 4133408768 5582848 2101248 10207280 7596812 1695948 1573104 2163579
1790550861041 0 2367 0 2942362968 2935843680 26174 24062 4523885 4157330 1 55 1476201747 7444715 4133875712 6905856 1675264 10602127 7910896 1771634 1639992 2231968
1790550862069 0 2463 511 2942628842 2936109020 26174 24062 4523885 4157330 1 55 1476273772 7444939 4135362560 9154560 249856 11013984 8225266 1844762 1714846 2301934
1790550863097 0 2502 73 2942903032 2936383605 26174 24062 4523885 4157330 1 55 1476345615 7445138 4134748160 8609792 843776 11410520 8534657 1916089 1769018 2342113
1790550864121 0 913 515 2943172508 2936654046 26174 24062 4523885 4157330 1 55 1476410373 7445334 4134871040 3121152 2101248 11794698 8837068 1980762 1839578 2409355
1790550865151 0 1476 511 2943446642 2936927370 26174 24062 4523885 4157330 1 55 1476490450 7445575 4135673856 5976064 0 12186265 9137223 2060346 1900160 2492806
1790550866176 0 1736 511 2943702846 2937183424 26174 24062 4523885 4157330 1 55 1476578157 7445835 4136574976 7086080 0 12583402 9432980 2149057 1958039 2591650
1790550867204 0 2033 1537 2943973470 2937452725 26174 24062 4523885 4157330 1 55 1476656153 7446067 4135596032 8073216 2101248 13012076 9729727 2226539 2023030 2660474
1790550868231 0 2424 438 2944235741 2937715886 26174 24062 4523885 4157330 1 55 1476733659 7446327 4133363712 9232384 0 13398505 10012559 2303535 2110361 2765964
1790550869258 0 2288 0 2944499916 2937980305 26174 24062 4523885 4157330 1 55 1476808818 7446615 4131201024 10244096 0 13808382 10307250 2379097 2173645 2847683
1790550870285 0 2541 146 2944750329 2938230647 26174 24062 4523885 4157330 1 55 1476900414 7446898 4131672064 9388032 2101248 14207062 10607572 2469266 2248536 2936683
1790550871311 0 2913 0 2945015462 2938495409 26174 24062 4523885 4157330 1 55 1476978398 7447665 4131741696 10948608 0 14615643 10908470 2548274 2309277 3003291
1790550872337 0 2936 0 2945281707 2938761557 26174 24062 4523885 4157330 1 55 1477059664 7447943 4131377152 10989568 0 15014617 11222397 2629306 2390058 3066325
1790550873364 0 2844 438 2945539254 2939018614 26174 24062 4523885 4157330 1 55 1477146381 7448216 4132569088 11800576 0 15426766 11535451 2717294 2452452 3133949
1790550874389 0 2741 443 2945793270 2939272759 26174 24062 4523885 4157330 1 55 1477231744 7448506 4133416960 11030528 2101248 15823712 11838933 2801481 2523038 3228131
1790550875417 0 2976 516 2946044264 2939523631 26174 24062 4523885 4157330 1 55 1477316314 7448779 4133687296 11874304 925696 16222790 12143531 2887731 2592158 3326021
1790550876444 0 2756 1024 2946295936 2939775016 26174 24062 4523885 4157330 1 55 1477401978 7449534 4133675008 11636736 2101248 16614299 12450521 2972881 2648578 3396275
1790550877466 0 3041 511 2946555421 2940034512 26174 24062 4523885 4157330 1 55 1477489020 7449796 4134207488 13090816 0 17025411 12765039 3059446 2715951 3469862
1790550878492 0 3181 513 2946818196 2940297252 26174 24062 4523885 4157330 1 55 1477571263 7450067 4133158912 12152832 1724416 17432977 13073713 3140506 2760316 3512406
1790550879517 0 747 365 2947082202 2940563841 26174 24062 4523885 4157330 1 55 1477640136 7450311 4132954112 2781184 2101248 17837344 13378228 3210527 2843830 3587457
1790550880542 0 1254 511 2947337165 2940818334 26174 24062 4523885 4157330 1 55 1477716656 7450644 4131303424 4042752 1908736 18234937 13668281 3286030 2926643 3675490
1790550881569 0 1863 0 2947598881 2941079878 26174 24062 4523885 4157330 1 55 1477793721 7450994 4130906112 5181440 3739648 18617628 13962906 3362592 3015792 3774343
1790550882599 0 2199 511 2947868148 2941348264 26174 24062 4523885 4157330 1 55 1477870519 7451342 4131250176 7577600 2101248 19041185 14268848 3440411 3085291 3830732
1790550883628 0 2454 513 2948136870 2941616908 26174 24062 4523885 4157330 1 55 1477948782 7451669 4130684928 8970240 2101248 19428534 14566137 3517695 3154994 3894574
1790550884656 0 2550 27 2948413457 2941893739 26174 24062 4523885 4157330 1 55 1478017158 7451976 4127916032 10285056 0 19853664 14862752 3588073 3207012 3935674
1790550885682 0 2387 1098 2948691504 2942170805 26174 24062 4523885 4157330 1 55 1478084237 7452762 4125655040 10285056 704512 20257062 15160604 3654621 3269764 3986966
1790550886709 0 2772 0 2948956062 2942436040 26174 24062 4523885 4157330 1 55 1478168213 7453081 4125245440 10551296 2101248 20641778 15462785 3739344 3347852 4066121
1790550887734 0 2887 226 2949214154 2942694076 26174 24062 4523885 4157330 1 55 1478246571 7453371 4126093312 11149312 0 21040685 15762107 3815938 3427916 4134733
1790550888758 0 2851 440 2949480683 2942960214 26174 24062 4523885 4157330 1 55 1478330215 7453683 4126932992 10809344 2101248 21458184 16074730 3901200 3488996 4193382
1790550889785 0 2848 803 2949758987 2943238453 26174 24062 4523885 4157330 1 55 1478398132 7454454 4124639232 11517952 2101248 21860921 16381198 3968551 3559762 4240208
1790550890811 0 3270 5 2950034199 2943513962 26174 24062 4523885 4157330 1 55 1478470494 7454698 4123975680 12099584 0 22269482 16695347 4040885 3622349 4284681
1790550891839 0 3327 0 2950303082 2943782686 26174 24062 4523885 4157330 1 55 1478540245 7454909 4122914816 11620352 4202496 22655706 17002439 4109928 3691024 4350118
1790550892868 0 3390 0 2950578654 2944058341 26174 24062 4523885 4157330 1 55 1478609989 7455156 4123799552 11669504 2101248 23055784 17317155 4180615 3753644 4398234
1790550893895 0 3019 515 2950833593 2944312806 26174 24062 4523885 4157330 1 55 1478695044 7455403 4125372416 12242944 0 23440807 17618480 4262096 3817018 4456613
1790550894922 0 1082 513 2951105921 2944587319 26174 24062 4523885 4157330 1 55 1478764439 7456163 4125163520 3325952 352256 23833544 17920196 4334695 3883149 4515494
1790550895949 0 1374 365 2951373554 2944854749 26174 24062 4523885 4157330 1 55 1478839459 7456465 4124979200 4861952 2101248 24232291 18218349 4409398 3966465 4587871
1790550896976 0 1749 24 2951635732 2945116926 26174 24062 4523885 4157330 1 55 1478916643 7456795 4125245440 6799360 0 24612728 18518827 4487728 4051397 4692585
1790550898002 0 2055 0 2951908570 2945389376 26174 24062 4523885 4157330 1 55 1478982496 7457113 4124987392 6729728 2101248 24997821 18807872 4552914 4119220 4771761
1790550899030 0 2334 0 2952174611 2945655064 26174 24062 4523885 4157330 1 55 1479052337 7457418 4124778496 8282112 5660672 25389962 19096279 4621241 4185623 4856647
1790550900057 0 2328 365 2952449547 2945929823 26174 24062 4523885 4157330 1 55 1479114954 7457731 4123377664 9916416 0 25759244 19384158 4685345 4260806 4941308
1790550901082 0 2303 367 2952709333 2946189848 26174 24062 4523885 4157330 1 55 1479196781 7458048 4125073408 9859072 1830912 26165834 19684740 4767229 4310533 5010261
1790550902109 0 2576 0 2952973146 2946453465 26174 24062 4523885 4157330 1 55 1479274885 7458370 4125483008 11157504 0 26560886 19983156 4844790 4376030 5081447
1790550903134 0 2669 513 2953232027 2946711629 26174 24062 4523885 4157330 1 55 1479351089 7458671 4125093888 10682368 2101248 26960151 20270835 4919726 4446975 5159051
1790550904160 0 3122 0 2953492959 2946972697 26174 24062 4523885 4157330 1 55 1479423277 7458963 4124766208 10883072 2101248 27345361 20564357 4994182 4506793 5232058
1790550905187 0 3103 135 2953750558 2947230212 26174 24062 4523885 4157330 1 55 1479509062 7459314 4124975104 12267520 0 27735838 20862209 5079923 4579172 5314682
1790550906217 0 2961 2 2954011251 2947490963 26174 24062 4523885 4157330 1 55 1479589246 7459634 4124909568 11304960 1404928 28125155 21158678 5158826 4648767 5401204
1790550907244 0 2877 365 2954275777 2947755286 26174 24062 4523885 4157330 1 55 1479653698 7459901 4123815936 11649024 2101248 28498322 21447813 5224561 4696718 5458018
1790550908275 0 3002 1314 2954530727 2948009748 26174 24062 4523885 4157330 1 55 1479730495 7460192 4123410432 10928128 4198400 28889057 21743133 5299945 4771417 5536205
1790550909303 0 3283 2 2954800034 2948279461 26174 24062 4523885 4157330 1 55 1479809161 7460505 4123570176 11145216 2101248 29273798 22046698 5377871 4826730 5600368
1790550910333 0 737 511 2955067501 2948549151 26174 24062 4523885 4157330 1 55 1479882999 7461356 4124082176 2392064 0 29668955 22347983 5453382 4906725 5698164
1790550911361 0 1225 11 2955323997 2948805507 26174 24062 4523885 4157330 1 55 1479958998 7461711 4124295168 3522560 2101248 30044708 22640141 5528373 5008350 5834445
1790550912387 0 1584 511 2955574155 2949054885 26174 24062 4523885 4157330 1 55 1480029391 7462111 4123971584 5038080 2498560 30408354 22917355 5599830 5077033 5933035
1790550913413 0 2070 0 2955842072 2949322789 26174 24062 4523885 4157330 1 55 1480102662 7462470 4124811264 7155712 0 30799192 23212656 5672022 5149421 6020593
1790550914439 0 2569 0 2956097884 2949578103 26174 24062 4523885 4157330 1 55 1480193225 7463332 4126097408 8421376 921600 31190412 23519544 5762088 5204235 6079734
1790550915467 0 2352 502 2956369720 2949849727 26174 24062 4523885 4157330 1 55 1480265895 7463662 4125835264 10059776 4259840 31599332 23815456 5836806 5277810 6150265
1790550916491 0 2658 219 2956631351 2950111370 26174 24062 4523885 4157330 1 55 1480342204 7464019 4125929472 9240576 2101248 32002206 24111319 5913115 5341122 6229433
1790550917517 0 2619 0 2956884764 2950364895 26174 24062 4523885 4157330 1 55 1480428688 7464355 4126461952 10772480 516096 32399329 24407604 5999331 5410077 6310432
1790550918542 0 2606 2 2957143231 2950623479 26174 24062 4523885 4157330 1 55 1480510808 7465196 4126969856 10276864 1581056 32804522 24706398 6080174 5483822 6401503
1790550919567 0 2726 511 2957398193 2950877962 26174 24062 4523885 4157330 1 55 1480592677 7465536 4127379456 10366976 2101248 33206299 25003474 6162119 5550882 6490216
1790550920593 0 3304 148 2957661615 2951141096 26174 24062 4523885 4157330 1 55 1480664080 7465822 4125782016 11624448 0 33612003 25299485 6234447 5599871 6528793
1790550921618 0 2747 4 2957924804 2951404906 26174 24062 4523885 4157330 1 55 1480738392 7466120 4124987392 10735616 4202496 33998690 25594161 6308217 5667806 6613784
1790550922644 0 2861 223 2958190325 2951670132 26174 24062 4523885 4157330 1 55 1480819673 7466425 4124889088 11603968 1998848 34403940 25900653 6389330 5735631 6679421
1790550923669 0 3023 438 2958458553 2951937952 26174 24062 4523885 4157330 1 55 1480893899 7466898 4124762112 12050432 4202496 34803464 26204921 6462761 5803452 6760909
1790550924698 0 1066 511 2958703013 2952184408 26174 24062 4523885 4157330 1 55 1480991950 7467261 4127653888 1679360 0 35210792 26515239 6561166 5871038 6842739
1790550925724 0 1318 513 2958970072 2952451208 26174 24062 4523885 4157330 1 55 1481064397 7467613 4125126656 4706304 3334144 35610989 26815193 6633792 5946795 6908939
1790550926751 0 2085 146 2959234043 2952714601 26174 24062 4523885 4157330 1 55 1481138097 7468001 4125114368 6688768 569344 36010569 27118464 6708048 6018401 6986355
1790550927773 0 2441 440 2959504546 2952984998 26174 24062 4523885 4157330 1 55 1481203734 7468384 4122656768 6500352 2101248 36402401 27418663 6773659 6077528 7061940
1790550928800 0 2314 511 2959758968 2953239258 26174 24062 4523885 4157330 1 55 1481289210 7468797 4123611136 8110080 2097152 36804397 27721638 6858150 6139635 7145102
1790550929828 0 2305 589 2959974819 2953454821 26174 24062 4523885 4157330 1 55 1481360143 7469096 4124979200 8044544 2101248 37157309 27986180 6930275 6208897 7364219
1790550930851 0 2484 513 2960227806 2953707777 26174 24062 4523885 4157330 1 55 1481438441 7469444 4125372416 8667136 2101248 37554123 28280827 7007016 6290881 7467609
1790550931877 0 2661 511 2960493222 2953973202 26174 24062 4523885 4157330 1 55 1481511910 7469768 4123676672 10977280 2347008 37940371 28569467 7081854 6377640 7585695
1790550932901 0 2668 511 2960767732 2954247305 26174 24062 4523885 4157330 1 55 1481573665 7470107 4122025984 10797056 0 38339708 28869373 7143603 6444912 7676827
1790550933933 0 3185 326 2961032410 2954512157 26174 24062 4523885 4157330 1 55 1481655455 7470961 4122460160 10809344 2101248 38738986 29181071 7225739 6504429 7757804
1790550934960 0 2939 4 2961297598 2954777401 26174 24062 4523885 4157330 1 55 1481737669 7471302 4122984448 11739136 0 39131577 29486490 7306751 6587735 7879780
1790550935986 0 2926 365 2961557614 2955037111 26174 24062 4523885 4157330 1 55 1481807909 7471658 4123312128 12505088 0 39527409 29778657 7377838 6670292 7983926
1790550937011 0 3267 0 2961817191 2955296679 26174 24062 4523885 4157330 1 55 1481896105 7471999 4123729920 11952128 1376256 39930947 30084881 7466167 6728036 8041894
1790550938038 0 3061 511 2962071827 2955551267 26174 24062 4523885 4157330 1 55 1481974023 7472334 4123672576 12378112 2674688 40319034 30379010 7544978 6803811 8147235
1790550939065 0 639 11 2962326752 2955809051 26174 24062 4523885 4157330 1 55 1482047045 7472666 4123283456 1716224 1048576 40717889 30671797 7617943 6863868 8240660
1790550940089 0 1376 511 2962587879 2956069092 26174 24062 4523885 4157330 1 55 1482118367 7473070 4122292224 3670016 2101248 41112104 30965142 7688868 6944924 8331848
1790550941113 0 1970 1531 2962849191 2956328487 26174 24062 4523885 4157330 1 55 1482192711 7474038 4121608192 6705152 0 41495686 31260335 7762096 7007417 8397686
1790550942137 0 1973 803 2963109510 2956590318 26174 24062 4523885 4157330 1 55 1482271331 7474463 4122828800 7966720 135168 41890539 31567062 7841251 7075271 8480976
1790550943166 0 2203 0 2963363215 2956843757 26174 24062 4523885 4157330 1 55 1482355653 7475386 4123848704 7602176 1773568 42292966 31869724 7926550 7132910 8567451
1790550944192 0 2055 513 2963617168 2957097381 26174 24062 4523885 4157330 1 55 1482443466 7475773 4125384704 9474048 0 42698080 32172700 8014219 7210568 8665844
1790550945220 0 2301 2 2963877853 2957358583 26174 24062 4523885 4157330 1 55 1482521536 7476184 4125466624 10055680 557056 43099062 32471290 8091156 7277172 8754142
1790550946247 0 2688 3 2964137070 2957617120 26174 24062 4523885 4157330 1 55 1482595114 7476572 4124483584 9842688 1843200 43498103 32763867 8164984 7354227 8862589
1790550947276 0 2826 0 2964398112 2957878177 26174 24062 4523885 4157330 1 55 1482679273 7476972 4124401664 10412032 0 43917205 33076034 8247637 7406341 8919603
1790550948306 0 2929 513 2964657693 2958137251 26174 24062 4523885 4157330 1 55 1482755800 7477298 4124438528 11575296 397312 44316353 33374875 8324662 7485755 9029484
1790550949331 0 2983 3 2964913407 2958393273 26174 24062 4523885 4157330 1 55 1482835998 7478363 4125007872 11472896 946176 44725459 33679855 8405876 7566986 9127024
1790550950359 0 2794 550 2965168801 2958648312 26174 24062 4523885 4157330 1 55 1482912649 7478719 4124000256 11816960 909312 45120491 33973366 8482958 7654155 9254178
1790550951385 0 3092 2 2965424697 2958904419 26174 24062 4523885 4157330 1 55 1482981243 7479049 4122955776 11964416 208896 45502938 34259813 8550388 7718014 9331934
1790550952412 0 3123 439 2965686828 2959166048 26174 24062 4523885 4157330 1 55 1483052850 7479369 4123361280 11194368 0 45898996 34558035 8623262 7771626 9399892
1790550953438 0 958 0 2965954582 2959436586 26174 24062 4523885 4157330 1 55 1483115105 7479730 4121169920 4923392 0 46276447 34845850 8684990 7835441 9472994
1790550954465 0 1694 0 2966206287 2959687521 26174 24062 4523885 4157330 1 55 1483198607 7480128 4122689536 6041600 532480 46655198 35144824 8768898 7928230 9591407
1790550955491 0 2161 219 2966466346 2959947004 26174 24062 4523885 4157330 1 55 1483277060 7480543 4123172864 7426048 0 47049439 35448235 8848439 7988350 9658795
1790550956516 0 2267 74 2966727464 2960208265 26174 24062 4523885 4157330 1 55 1483358661 7480956 4123844608 8114176 2965504 47472608 35754989 8929607 8045330 9722792
1790550957551 0 2257 520 2966951934 2960432038 26174 24062 4523885 4157330 1 55 1483427335 7481315 4123213824 7647232 16801792 47809015 36017180 8997722 8089834 9822679
1790550958600 0 2796 148 2967212870 2960692962 26174 24062 4523885 4157330 1 55 1483503882 7481695 4123537408 10203136 4501504 48201826 36317284 9074294 8143061 9896885
1790550959628 0 2656 815 2967438919 2960918290 26174 24062 4523885 4157330 1 55 1483564509 7482020 4122865664 9846784 2101248 48543759 36572264 9134959 8204465 10047959
1790550960651 0 2558 1025 2967634393 2961113775 26174 24062 4523885 4157330 1 55 1483623889 7482276 4123365376 10203136 1122304 48854179 36806276 9193564 8266308 10217348
1790550961674 0 2694 511 2967896179 2961375939 26174 24062 4523885 4157330 1 55 1483705704 7482619 4123529216 11087872 0 49258508 37113531 9274074 8336438 10280540
1790550962701 0 3024 219 2968158574 2961638114 26174 24062 4523885 4157330 1 55 1483776594 7482950 4123537408 10203136 2101248 49647102 37406713 9347523 8412029 10381919
1790550963727 0 3062 2 2968428908 2961908733 26174 24062 4523885 4157330 1 55 1483855429 7483279 4122980352 12029952 0 50050321 37713776 9425366 8481045 10469247
1790550964753 0 2937 511 2968696285 2962175947 26174 24062 4523885 4157330 1 55 1483929985 7483612 4123283456 11943936 925696 50457452 38019276 9500356 8540152 10515189
1790550965779 0 2943 365 2968961822 2962441224 26174 24062 4523885 4157330 1 55 1484009018 7483937 4122992640 11157504 2101248 50869273 38326781 9578788 8625472 10604050
1790550966806 0 3369 0 2969217550 2962697109 26174 24062 4523885 4157330 1 55 1484085262 7484254 4122730496 12849152 393216 51232151 38614251 9655451 8674608 10652794
1790550967832 0 941 181 2969476535 2962958582 26174 24062 4523885 4157330 1 55 1484162736 7484588 4122963968 1044480 2101248 51638947 38915053 9732186 8757290 10744339
1790550968856 0 1699 0 2969716726 2963198137 26174 24062 4523885 4157330 1 55 1484241697 7485007 4123705344 4714496 0 52011603 39200357 9812128 8828375 10843280
1790550969882 0 1573 2 2969975048 2963456325 26174 24062 4523885 4157330 1 55 1484318827 7485426 4123664384 6467584 0 52405140 39494500 9887724 8894019 10912967
1790550970910 0 1948 511 2970235075 2963715980 26174 24062 4523885 4157330 1 55 1484394245 7485863 4123746304 7131136 0 52807647 39795106 9964319 8948083 10971589
1790550971937 0 2033 292 2970484562 2963965310 26174 24062 4523885 4157330 1 55 1484478017 7486783 4123893760 8331264 0 53199322 40098365 10048402 9033665 11086227
1790550972962 0 1011 305 2970745775 2964227596 26174 24062 4523885 4157330 1 55 1484552532 7487185 4123009024 2973696 0 53585724 40390168 10122985 9096397 11164890
1790550973990 0 1322 223 2970994216 2964475595 26174 24062 4523885 4157330 1 55 1484637976 7488183 4124155904 3850240 2101248 53973813 40688347 10206834 9190911 11304367
1790550975016 0 1524 16 2971261301 2964742832 26174 24062 4523885 4157330 1 55 1484704931 7488678 4123262976 6082560 987136 54370421 40984971 10274820 9264872 11399331
1790550976045 0 2283 678 2971511861 2964992158 26174 24062 4523885 4157330 1 55 1484784845 7489654 4124086272 6815744 2101248 54755489 41280891 10354347 9337623 11493784
1790550977071 0 2490 0 2971768233 2965248782 26174 24062 4523885 4157330 1 55 1484858882 7490106 4123443200 7122944 0 55148322 41580749 10427003 9396553 11566025
1790550978098 0 2460 146 2972019422 2965499526 26174 24062 4523885 4157330 1 55 1484941174 7490550 4124749824 8945664 925696 55551975 41881201 10512070 9475859 11687629
1790550979125 0 2469 294 2972279182 2965759345 26174 24062 4523885 4157330 1 55 1485012110 7490946 4124094464 8634368 2101248 55942354 42181262 10583007 9534166 11767970
1790550980150 0 2738 367 2972542019 2966021875 26174 24062 4523885 4157330 1 55 1485089090 7491353 4123639808 9760768 2101248 56325005 42473604 10658682 9616829 11885519
1790550981174 0 2921 28 2972799703 2966279533 26174 24062 4523885 4157330 1 55 1485169954 7491734 4122722304 11075584 667648 56721402 42769247 10739316 9696870 11998128
1790550982199 0 628 294 2973053076 2966535298 26174 24062 4523885 4157330 1 55 1485247066 7492138 4122767360 2678784 1548288 57105281 43056632 10815923 9766750 12090201
1790550983225 0 1390 294 2973303631 2966785092 26174 24062 4523885 4157330 1 55 1485334418 7492585 4124774400 4644864 0 57521162 43358200 10903793 9844140 12200374
1790550984250 0 88 0 2973378542 2966861307 26174 24062 4523885 4157330 1 55 1485438345 7493061 4151767040 131072 0 57713585 43521206 11007699 9901366 12251222
1790550985270 0 114 0 2973378568 2966861307 26174 24062 4523885 4157330 1 55 1485581558 7493759 4155424768 131072 0 57873606 43662850 11150236 9948702 12273970
1790550986290 0 140 0 2973378594 2966861307 26174 24062 4523885 4157330 1 55 1485726622 7494240 4162543616 131072 0 58048882 43806363 11295487 10035267 12300577
1790550987311 0 147 0 2973378611 2966861307 26174 24062 4523885 4157330 1 55 1485795377 7494445 2216443904 69632 0 58145576 43876660 11366788 10072365 12320336
