1790550575158 0 1 0 2900480040 2893962788 26174 24062 4523885 4157330 1 55 1464504050 7389815 - - - - - - - -
1790550576202 0 132186 0 2900761708 2894112190 26174 24062 4523885 4157330 1 55 1464504051 7389902 1101844480 501612544 0 0 0 1 0 468
1790550577231 0 97415 4036 2900988952 2894370176 26174 24062 4523885 4157330 1 55 1464504051 7389902 2055262208 430010368 5296128 0 0 1 0 549
1790550578261 0 133062 0 2901205878 2894555610 26174 24062 4523885 4157330 1 55 1464504051 7389902 2920779776 509399040 0 0 0 1 0 3521
1790550579290 0 125020 1334 2901447541 2894804120 26174 24062 4523885 4157330 1 55 1464504051 7389903 3919335424 508612608 15912960 0 0 1 0 3659
1790550580314 0 89483 6146 2901695191 2895082174 26174 24062 4523885 4157330 1 55 1464507134 7389911 4140519424 371224576 27246592 310558 196450 3042 39534 16732
1790550581338 0 125116 0 2901926389 2895284002 26174 24062 4523885 4157330 1 55 1464520776 7389929 4139048960 488116224 0 617417 438051 14720 87866 27356
1790550582367 0 107467 0 2902168939 2895544098 26174 24062 4523885 4157330 1 55 1464547265 7389976 4139323392 414236672 0 936160 706852 42217 127124 73292
1790550583393 0 110406 0 2902383895 2895756066 26174 24062 4523885 4157330 1 55 1464574488 7390208 4139708416 426242048 0 1276491 948801 69952 188408 154271
1790550584417 0 114650 13326 2902593141 2895947944 26174 24062 4523885 4157330 1 55 1464613062 7390455 4141162496 536297472 17297408 1601209 1199035 108514 240689 223604
1790550585450 0 87547 44 2902773590 2896168731 26174 24062 4523885 4157330 1 55 1464652695 7390655 4143411200 350597120 23752704 1884083 1415691 148599 306383 334824
1790550586495 0 92816 40 2902970681 2896360453 26174 24062 4523885 4157330 1 55 1464695760 7390831 4145614848 356184064 0 2187612 1654381 191668 369722 401392
1790550587519 0 99968 0 2903158992 2896541705 26174 24062 4523885 4157330 1 55 1464738438 7391092 4146843648 384700416 0 2479574 1881878 231796 452851 506040
1790550588546 0 105659 0 2903348114 2896725044 26174 24062 4523885 4157330 1 55 1464783699 7391333 4147400704 408424448 0 2791096 2116308 277832 499408 570215
1790550589569 0 107099 4 2903533686 2896909398 26174 24062 4523885 4157330 1 55 1464832768 7391559 4148166656 415408128 0 3097933 2351478 327681 566880 662478
1790550590593 0 120479 0 2903731478 2897093684 26174 24062 4523885 4157330 1 55 1464877442 7391773 4147654656 469266432 0 3417695 2592675 371815 627067 757042
1790550591616 0 101574 13 2903891130 2897272175 26174 24062 4523885 4157330 1 55 1464929758 7391974 4148576256 391426048 0 3703311 2803082 423674 702975 840455
1790550592642 0 90220 0 2904065982 2897458552 26174 24062 4523885 4157330 1 55 1464977584 7392173 4148314112 346456064 0 3996231 3026349 471962 768224 896112
1790550593669 0 85189 22 2904247367 2897644928 26174 24062 4523885 4157330 1 55 1465044848 7392415 4149350400 328531968 0 4327879 3273350 537759 831060 991729
1790550594711 0 82269 0 2904429919 2897830216 26174 24062 4523885 4157330 1 55 1465110533 7392618 4149313536 349069312 11202560 4645040 3519966 604420 897980 1070716
1790550595742 0 88203 90 2904620212 2898014654 26174 24062 4523885 4157330 1 55 1465174056 7392840 4149428224 339550208 11747328 4958104 3754466 667554 973740 1180319
1790550596769 0 77844 69 2904806168 2898210914 26174 24062 4523885 4157330 1 55 1465249039 7393079 4148723712 294219776 0 5264015 3971489 741155 1028607 1321695
1790550597795 0 66549 57 2905018252 2898434329 26174 24062 4523885 4157330 1 55 1465320600 7393303 4147503104 264351744 2105344 5569935 4192910 814028 1078347 1556070
1790550598821 0 115612 13 2905264008 2898631037 26174 24062 4523885 4157330 1 55 1465383766 7393506 4143923200 444235776 0 5924656 4431168 878727 1129550 1754386
1790550599848 0 85103 7008 2905472945 2898863476 26174 24062 4523885 4157330 1 55 1465449408 7393690 4141113344 368939008 0 6270697 4653001 942839 1209306 2008212
1790550600877 0 106323 2750 2905692294 2899066252 26174 24062 4523885 4157330 1 55 1465513152 7393896 4138090496 427646976 0 6611374 4892029 1008558 1296239 2249972
1790550601907 0 102260 2 2905921981 2899302443 26174 24062 4523885 4157330 1 55 1465575287 7394105 4134727680 393383936 0 6982849 5143875 1068651 1363802 2467325
1790550602934 0 84272 2262 2906139397 2899535757 26174 24062 4523885 4157330 1 55 1465644700 7394410 4133593088 367869952 11698176 7329027 5397302 1140609 1462774 2697628
1790550603960 0 115581 2853 2906371723 2899735994 26174 24062 4523885 4157330 1 55 1465730811 7394717 4134174720 450281472 58929152 7718200 5679177 1226585 1556057 2902368
1790550604985 0 78820 0 2906587245 2899991062 26174 24062 4523885 4157330 1 55 1465791135 7394948 4133707776 298127360 3448832 8056167 5927455 1285631 1638784 3183293
1790550606013 0 63170 2157 2906781805 2900199522 26174 24062 4523885 4157330 1 55 1465860528 7395190 4134105088 273059840 2871296 8390643 6169689 1354912 1720899 3432558
1790550607038 0 82965 1804 2907021886 2900419965 26174 24062 4523885 4157330 1 55 1465933161 7395453 4133175296 360943616 3747840 8745591 6455806 1428060 1786387 3560750
1790550608061 0 84126 52 2907259949 2900658320 26174 24062 4523885 4157330 1 55 1465997332 7395707 4133167104 350425088 10485760 9115167 6729121 1491768 1858722 3768564
1790550609086 0 102539 71 2907496626 2900876662 26174 24062 4523885 4157330 1 55 1466061115 7395959 4133023744 395710464 0 9480871 7004607 1554452 1942411 3954959
1790550610112 0 102092 0 2907741863 2901122552 26174 24062 4523885 4157330 1 55 1466122882 7396212 4132581376 394878976 0 9848066 7287070 1617140 2023133 4140481
1790550611148 0 67869 3288 2907946578 2901358164 26174 24062 4523885 4157330 1 55 1466180576 7396434 4133240832 272412672 35885056 10166647 7536342 1675970 2089845 4388367
1790550612189 0 61016 18373 2908183469 2901586750 26174 24062 4523885 4157330 1 55 1466250387 7396681 4134141952 319016960 23011328 10525981 7828158 1745811 2146976 4547796
1790550613220 0 75581 684 2908405841 2901812760 26174 24062 4523885 4157330 1 55 1466318423 7396896 4135067648 331161600 2273280 10868138 8090288 1812301 2207053 4703854
1790550614248 0 50347 5462 2908652089 2902078826 26174 24062 4523885 4157330 1 55 1466377495 7397133 4135792640 227545088 21544960 11247268 8379251 1872386 2257437 4838055
1790550615271 0 77428 0 2908881212 2902286524 26174 24062 4523885 4157330 1 55 1466443501 7397358 4135383040 294473728 0 11578343 8637812 1937363 2319773 5031847
1790550616294 0 75058 13800 2909099389 2902493303 26174 24062 4523885 4157330 1 55 1466496933 7397541 4134989824 359493632 27987968 11892416 8886885 1991313 2365921 5098618
1790550617314 0 114389 6090 2909340916 2902703222 26174 24062 4523885 4157330 1 55 1466577497 7397771 4136931328 460308480 57012224 12261886 9162474 2072894 2427519 5282847
1790550618333 0 95763 3377 2909552592 2902936219 26174 24062 4523885 4157330 1 55 1466645727 7397985 4137205760 390959104 39182336 12583769 9399538 2141148 2483980 5538097
1790550619367 0 56330 7717 2909763558 2903182297 26174 24062 4523885 4157330 1 55 1466695888 7398223 4134502400 303235072 2523136 12892652 9615941 2190487 2597261 5756099
1790550620400 0 95227 0 2909967892 2903355646 26174 24062 4523885 4157330 1 55 1466770939 7398490 4134723584 363454464 0 13239937 9854953 2265841 2658347 5885352
1790550621424 0 68746 9714 2910169673 2903574089 26174 24062 4523885 4157330 1 55 1466828763 7398698 4133089280 275238912 69058560 13543100 10077437 2323654 2715170 6124826
1790550622445 0 44290 9229 2910395454 2903824599 26174 24062 4523885 4157330 1 55 1466895286 7398978 4131581952 201609216 40189952 13900959 10330103 2390184 2816603 6366314
1790550623470 0 80997 3 2910598552 2904000121 26174 24062 4523885 4157330 1 55 1466968154 7399251 4132196352 305434624 0 14210912 10571836 2463053 2893229 6599900
1790550624497 0 71831 17228 2910791285 2904184972 26174 24062 4523885 4157330 1 55 1467033793 7399502 4132892672 362115072 22560768 14533210 10810234 2528754 2960258 6799750
1790550625517 0 74170 0 2911004654 2904413239 26174 24062 4523885 4157330 1 55 1467096732 7399770 4132241408 285204480 43307008 14855427 11047372 2592189 3043736 7009119
1790550626545 0 75053 1 2911219706 2904627371 26174 24062 4523885 4157330 1 55 1467167646 7400104 4131790848 282701824 0 15197342 11303202 2660557 3125512 7248839
1790550627569 0 95106 15639 2911447958 2904819913 26174 24062 4523885 4157330 1 55 1467235492 7400406 4131921920 415543296 64704512 15561469 11580362 2730421 3220067 7457148
1790550628591 0 101513 1244 2911657119 2905037030 26174 24062 4523885 4157330 1 55 1467303895 7400733 4133085184 407060480 39469056 15892964 11833769 2799308 3307907 7689155
1790550629615 0 100117 17009 2911872327 2905237916 26174 24062 4523885 4157330 1 55 1467379292 7401051 4133363712 454676480 40374272 16243641 12098223 2875170 3376968 7853937
1790550630637 0 84259 14746 2912079497 2905463328 26174 24062 4523885 4157330 1 55 1467443968 7401331 4132642816 388358144 48672768 16566418 12344060 2938349 3459681 8061834
1790550631661 0 105025 3796 2912274847 2905648944 26174 24062 4523885 4157330 1 55 1467514374 7401637 4132868096 425127936 0 16886840 12583997 3008238 3541466 8284773
1790550632686 0 101908 8725 2912491840 2905864060 26174 24062 4523885 4157330 1 55 1467585305 7401995 4132790272 467554304 18341888 17228071 12849922 3081248 3612399 8467729
1790550633712 0 77244 0 2912675842 2906081335 26174 24062 4523885 4157330 1 55 1467638256 7402237 4132126720 291713024 0 17508531 13057456 3133695 3696173 8770184
1790550634739 0 82602 0 2912894385 2906294525 26174 24062 4523885 4157330 1 55 1467705736 7402570 4132798464 316157952 0 17854061 13314835 3200159 3764313 8926011
1790550635764 0 85322 1299 2913111819 2906507907 26174 24062 4523885 4157330 1 55 1467768493 7402876 4131418112 366919680 14036992 18206778 13572470 3262884 3845136 9143406
1790550636788 0 44255 93 2913326579 2906764813 26174 24062 4523885 4157330 1 55 1467827647 7403189 4131422208 181661696 2060288 18520630 13806976 3323048 3910874 9397371
1790550637826 0 103366 8059 2913565884 2906937204 26174 24062 4523885 4157330 1 55 1467901855 7403522 4130471936 493457408 10645504 18883360 14082408 3396270 3984788 9564775
1790550638862 0 92231 366 2913782650 2907172626 26174 24062 4523885 4157330 1 55 1467967697 7403834 4131426304 389238784 2166784 19224883 14330489 3463111 4046061 9764768
1790550639886 0 69721 731 2914008926 2907421471 26174 24062 4523885 4157330 1 55 1468031916 7404115 4130422784 270168064 40800256 19559039 14579223 3527346 4110314 9973655
1790550640910 0 97488 0 2914248905 2907634133 26174 24062 4523885 4157330 1 55 1468093053 7404401 4127784960 371523584 0 19923823 14835380 3587971 4204094 10249428
1790550641941 0 71037 545 2914494451 2907905646 26174 24062 4523885 4157330 1 55 1468144895 7404687 4125642752 298610688 4169728 20273125 15096120 3640371 4297451 10466109
1790550642967 0 69682 7516 2914725943 2908131466 26174 24062 4523885 4157330 1 55 1468214879 7405508 4125495296 333107200 0 20631308 15361024 3708234 4362046 10641476
1790550643991 0 99536 23 2914946497 2908329456 26174 24062 4523885 4157330 1 55 1468284061 7405810 4125143040 383111168 0 20946875 15607850 3779488 4422561 10839743
1790550645017 0 57532 13651 2915132762 2908544190 26174 24062 4523885 4157330 1 55 1468351376 7406082 4127875072 291336192 0 21260989 15838760 3846783 4512798 11057849
1790550646042 0 73093 13254 2915355955 2908752265 26174 24062 4523885 4157330 1 55 1468407490 7406383 4127039488 329535488 61317120 21603093 16089818 3902884 4613563 11289943
1790550647064 0 63896 16859 2915593295 2908995235 26174 24062 4523885 4157330 1 55 1468464564 7406701 4124835840 331517952 6238208 21947308 16350894 3958939 4697618 11497963
1790550648091 0 79558 0 2915829387 2909232570 26174 24062 4523885 4157330 1 55 1468528938 7407011 4123525120 299905024 0 22304309 16622422 4021637 4781760 11696494
1790550649117 0 80336 10658 2916048233 2909440024 26174 24062 4523885 4157330 1 55 1468593537 7407302 4124528640 390623232 5443584 22628139 16881005 4088953 4855385 11860361
1790550650140 0 58234 61 2916275562 2909699842 26174 24062 4523885 4157330 1 55 1468653098 7407584 4124192768 232824832 36462592 22970298 17143847 4148570 4941659 12132675
1790550651165 0 119991 0 2916519622 2909882326 26174 24062 4523885 4157330 1 55 1468712328 7407913 4124008448 465477632 0 23304311 17412736 4205688 5001501 12267892
1790550652190 0 92067 36 2916733596 2910124136 26174 24062 4523885 4157330 1 55 1468779783 7408243 4125364224 354508800 0 23636999 17667359 4273458 5088059 12523324
1790550653219 0 92848 0 2916953438 2910343428 26174 24062 4523885 4157330 1 55 1468837377 7408524 4125573120 353656832 0 23955936 17911363 4330868 5167979 12749531
1790550654244 0 81036 15710 2917168718 2910554654 26174 24062 4523885 4157330 1 55 1468897979 7408809 4125745152 401297408 9392128 24284173 18154833 4392351 5230862 12945559
1790550655267 0 124077 0 2917393708 2910752350 26174 24062 4523885 4157330 1 55 1468963743 7409107 4125786112 485810176 0 24616803 18408189 4457615 5292743 13185290
1790550656292 0 82416 3840 2917617558 2911013983 26174 24062 4523885 4157330 1 55 1469024400 7409414 4125704192 350597120 8781824 24935713 18653113 4519317 5367410 13413169
1790550657317 0 94935 112 2917852290 2911240155 26174 24062 4523885 4157330 1 55 1469077454 7409731 4124971008 386850816 6246400 25268226 18899989 4572850 5433185 13602766
1790550658343 0 54456 3419 2918078181 2911503165 26174 24062 4523885 4157330 1 55 1469138420 7410024 4125585408 231219200 19755008 25604090 19153457 4633455 5488925 13783056
1790550659365 0 66743 1494 2918295561 2911709989 26174 24062 4523885 4157330 1 55 1469194602 7410307 4124659712 285962240 5046272 25897501 19381244 4688986 5549543 13970537
1790550660391 0 128933 0 2918541112 2911894878 26174 24062 4523885 4157330 1 55 1469269531 7410665 4125876224 498757632 0 26269223 19658440 4763982 5622668 14151485
1790550661417 0 68493 0 2918762473 2912176631 26174 24062 4523885 4157330 1 55 1469330753 7410988 4125818880 254406656 0 26589954 19901323 4824635 5699423 14394066
1790550662446 0 99893 1 2918982344 2912365117 26174 24062 4523885 4157330 1 55 1469394409 7411288 4125241344 385110016 0 26932466 20150402 4888349 5757170 14586526
1790550663469 0 84356 1607 2919193532 2912590539 26174 24062 4523885 4157330 1 55 1469459252 7411622 4125003776 345497600 28270592 27259272 20392339 4954150 5822956 14789896
1790550664491 0 47541 1463 2919395840 2912829826 26174 24062 4523885 4157330 1 55 1469518564 7411927 4124921856 210837504 1290240 27562239 20617900 5013240 5882122 14979190
1790550665514 0 117749 6587 2919625834 2912984252 26174 24062 4523885 4157330 1 55 1469590828 7412305 4124938240 499773440 29974528 27920049 20884195 5085731 5951171 15167575
1790550666535 0 79753 4736 2919830732 2913229362 26174 24062 4523885 4157330 1 55 1469654195 7412615 4124372992 359616512 13365248 28232180 21118191 5149165 6007554 15340931
1790550667558 0 105058 15696 2920064405 2913426288 26174 24062 4523885 4157330 1 55 1469721051 7412961 4124332032 515604480 7114752 28577647 21381762 5216452 6077570 15495690
1790550668581 0 73720 0 2920279961 2913688866 26174 24062 4523885 4157330 1 55 1469774535 7413274 4122849280 276504576 0 28884414 21612697 5268911 6159215 15744409
1790550669606 0 135484 950 2920515646 2913861941 26174 24062 4523885 4157330 1 55 1469849753 7413664 4123860992 572432384 2551808 29254838 21895465 5345200 6235544 15917563
1790550670629 0 91797 13578 2920736635 2914113894 26174 24062 4523885 4157330 1 55 1469918445 7414020 4123983872 426205184 32882688 29597829 22153040 5414014 6311976 16141727
1790550671650 0 93951 2079 2920941296 2914327976 26174 24062 4523885 4157330 1 55 1469974441 7414339 4124856320 391868416 2514944 29901371 22382695 5469899 6407518 16423670
1790550672671 0 54241 1970 2921158181 2914584925 26174 24062 4523885 4157330 1 55 1470036920 7414669 4124352512 248201216 10190848 30218394 22627793 5532328 6483892 16626749
1790550673695 0 14646 32 2921375372 2914843413 26174 24062 4523885 4157330 1 55 1470107755 7415009 4125548544 36061184 0 30548853 22879636 5601698 6576705 16924208
1790550674721 0 118834 0 2921624224 2914987973 26174 24062 4523885 4157330 1 55 1470166977 7415392 4124827648 463519744 0 30899460 23148352 5661891 6639054 17079459
1790550675744 0 91290 974 2921844365 2915235277 26174 24062 4523885 4157330 1 55 1470230723 7415714 4125372416 369459200 28504064 31237335 23402195 5726122 6716433 17329342
1790550676765 0 129484 5256 2922077665 2915425860 26174 24062 4523885 4157330 1 55 1470302668 7416093 4125200384 561725440 18710528 31582856 23664709 5797767 6775424 17510571
1790550677786 0 81820 5970 2922275083 2915669958 26174 24062 4523885 4157330 1 55 1470360182 7416399 4125986816 364703744 7688192 31900243 23888991 5855468 6858372 17851950
1790550678811 0 19070 1558 2922475310 2915937425 26174 24062 4523885 4157330 1 55 1470419145 7416695 4125618176 93667328 7774208 32205543 24108755 5913040 6917649 18130697
1790550679837 0 66522 0 2922690274 2916106409 26174 24062 4523885 4157330 1 55 1470488033 7417041 4125110272 246161408 0 32537076 24356633 5982407 7020778 18398724
1790550680865 0 91447 0 2922914011 2916305219 26174 24062 4523885 4157330 1 55 1470552865 7417363 4124676096 349061120 0 32887763 24609086 6046923 7081870 18561706
1790550681890 0 107642 12113 2923156263 2916519580 26174 24062 4523885 4157330 1 55 1470620848 7417696 4124610560 488521728 19460096 33263049 24882980 6115795 7156571 18722561
1790550682911 0 88738 10878 2923372158 2916755229 26174 24062 4523885 4157330 1 55 1470686426 7418014 4124409856 371130368 53526528 33597609 25130064 6182354 7221084 18896569
1790550683934 0 18621 551 2923577767 2917041427 26174 24062 4523885 4157330 1 55 1470745581 7418327 4124368896 94146560 3715072 33900773 25362764 6240474 7307101 19163334
1790550684958 0 81895 5496 2923818463 2917213976 26174 24062 4523885 4157330 1 55 1470813088 7418706 4123688960 322781184 51265536 34273376 25637109 6309073 7381160 19330084
1790550685978 0 110634 1367 2924037941 2917408846 26174 24062 4523885 4157330 1 55 1470875387 7419056 4123467776 452923392 30064640 34612189 25891725 6370784 7470282 19552165
1790550687000 0 50380 8030 2924245084 2917669269 26174 24062 4523885 4157330 1 55 1470938836 7419399 4124684288 260247552 0 34924009 26129747 6434360 7540900 19759912
1790550688026 0 55575 3942 2924447723 2917870816 26174 24062 4523885 4157330 1 55 1470999884 7419710 4124454912 254013440 17575936 35247913 26366073 6495399 7630599 20017366
1790550689059 0 55062 0 2924653046 2918080614 26174 24062 4523885 4157330 1 55 1471076681 7420064 4125949952 201793536 0 35575890 26618315 6571102 7708041 20225720
1790550690085 0 82305 1 2924887241 2918287604 26174 24062 4523885 4157330 1 55 1471139335 7420378 4124422144 315736064 0 35921161 26877854 6633815 7785647 20388989
1790550691111 0 51098 3229 2925099270 2918527559 26174 24062 4523885 4157330 1 55 1471199067 7420726 4124213248 243724288 3833856 36236583 27118746 6694513 7862003 20570505
1790550692135 0 112147 7225 2925336087 2918699429 26174 24062 4523885 4157330 1 55 1471257132 7421072 4122685440 502722560 0 36591719 27382956 6752078 7942078 20798698
1790550693158 0 112552 883 2925570657 2918940262 26174 24062 4523885 4157330 1 55 1471324133 7421472 4122918912 485928960 2420736 36932183 27643099 6820030 8018353 20995285
1790550694183 0 76491 495 2925778801 2919184474 26174 24062 4523885 4157330 1 55 1471404267 7421832 4124520448 307920896 2523136 37286313 27909106 6898639 8114310 21267215
1790550695207 0 87393 0 2926010198 2919405650 26174 24062 4523885 4157330 1 55 1471476076 7422192 4125347840 334729216 0 37650887 28176386 6970088 8200020 21510608
1790550696231 0 134366 5210 2926253997 2919597148 26174 24062 4523885 4157330 1 55 1471547327 7422553 4125204480 563232768 36208640 38016295 28448455 7042575 8273307 21653484
1790550697257 0 108724 0 2926482499 2919856464 26174 24062 4523885 4157330 1 55 1471609536 7422877 4123742208 418439168 0 38349153 28693445 7103497 8326484 21837427
1790550698282 0 107751 15987 2926711943 2920070933 26174 24062 4523885 4157330 1 55 1471668711 7423235 4122963968 515604480 16900096 38704735 28954105 7164164 8391415 22058185
1790550699307 0 11994 447 2926909207 2920379579 26174 24062 4523885 4157330 1 55 1471729356 7423529 4122959872 62525440 430080 38996855 29181380 7224240 8466021 22313043
1790550700331 0 76078 45 2927143633 2920550203 26174 24062 4523885 4157330 1 55 1471807233 7423905 4124352512 282894336 0 39355679 29456959 7301601 8531543 22450607
1790550701356 0 103378 0 2927357487 2920736815 26174 24062 4523885 4157330 1 55 1471864134 7424241 4124233728 400822272 0 39673332 29693687 7356736 8603029 22677282
1790550702386 0 99815 0 2927572168 2920955030 26174 24062 4523885 4157330 1 55 1471930646 7424582 4124700672 385191936 0 40019067 29942686 7424520 8707206 22922531
1790550703413 0 74778 878 2927777467 2921184585 26174 24062 4523885 4157330 1 55 1471996225 7424937 4124405760 300392448 0 40333009 30181856 7491024 8772895 23097240
1790550704439 0 60729 0 2927971897 2921393918 26174 24062 4523885 4157330 1 55 1472062496 7425310 4124704768 225918976 0 40638747 30410748 7555434 8850171 23326894
1790550705465 0 112552 5548 2928196470 2921561106 26174 24062 4523885 4157330 1 55 1472125881 7425693 4124770304 485580800 0 40984825 30664273 7620793 8904609 23476418
1790550706488 0 78929 2033 2928383678 2921785489 26174 24062 4523885 4157330 1 55 1472181208 7425980 4124155904 338046976 13631488 41274691 30882930 7676093 8971747 23679889
1790550707509 0 90289 0 2928594810 2921987346 26174 24062 4523885 4157330 1 55 1472240821 7426553 4122705920 345022464 0 41596695 31120928 7735794 9041307 23831952
1790550708533 0 86674 6942 2928812678 2922201825 26174 24062 4523885 4157330 1 55 1472298548 7426917 4122423296 345546752 59678720 41920455 31370022 7793944 9116708 24062314
1790550709556 0 46521 10133 2929017974 2922444274 26174 24062 4523885 4157330 1 55 1472362825 7427273 4123615232 237576192 0 42229526 31615048 7856700 9187402 24248009
1790550710580 0 104326 1 2929228994 2922607301 26174 24062 4523885 4157330 1 55 1472437309 7427684 4124168192 404381696 0 42570077 31868118 7930219 9275801 24461913
1790550711608 0 116665 0 2929456439 2922822546 26174 24062 4523885 4157330 1 55 1472504447 7428063 4125446144 457650176 0 42919361 32135007 7997329 9348901 24684627
1790550712635 0 87994 12702 2929662324 2923044525 26174 24062 4523885 4157330 1 55 1472564666 7428412 4125401088 431456256 15695872 43252408 32379020 8060058 9418878 24929270
1790550713655 0 113071 307 2929878803 2923248267 26174 24062 4523885 4157330 1 55 1472629486 7428780 4125552640 460656640 26370048 43581598 32625688 8123861 9493446 25134276
1790550714675 0 32579 791 2930083547 2923532838 26174 24062 4523885 4157330 1 55 1472688601 7429144 4124848128 133234688 3538944 43878916 32850470 8182056 9577325 25405833
1790550715695 0 99089 353 2930322119 2923705553 26174 24062 4523885 4157330 1 55 1472755440 7429505 4124135424 415506432 3440640 44255114 33129584 8250764 9639521 25572517
1790550716723 0 83604 0 2930547511 2923946697 26174 24062 4523885 4157330 1 55 1472828144 7429898 4125069312 317440000 0 44602631 33389065 8322745 9718233 25796256
1790550717750 0 77359 738 2930768632 2924173181 26174 24062 4523885 4157330 1 55 1472890996 7430258 4125061120 341884928 2625536 44957142 33651186 8386031 9798813 26041205
1790550718773 0 74531 1200 2930982435 2924389443 26174 24062 4523885 4157330 1 55 1472956538 7430637 4124315648 282906624 42393600 45287712 33894472 8451938 9889650 26305485
1790550719798 0 27909 0 2931177062 2924631890 26174 24062 4523885 4157330 1 55 1473015036 7430979 4124368896 86560768 0 45588527 34118996 8511063 9987579 26619133
1790550720825 0 88130 53 2931410480 2924805060 26174 24062 4523885 4157330 1 55 1473073271 7431355 4122697728 336220160 0 45933295 34373562 8567022 10051433 26744727
1790550721849 0 111416 1386 2931646256 2925016190 26174 24062 4523885 4157330 1 55 1473133199 7431749 4121268224 478871552 1138688 46289684 34638250 8628142 10133629 26968566
1790550722873 0 54017 61 2931861924 2925290678 26174 24062 4523885 4157330 1 55 1473191393 7432074 4121333760 241926144 2351104 46599058 34878985 8684743 10178305 27126808
1790550723902 0 90639 63 2932087049 2925479304 26174 24062 4523885 4157330 1 55 1473259590 7432464 4121661440 385314816 4284416 46934957 35141235 8753676 10255077 27295510
1790550724930 0 55185 7710 2932312027 2925732146 26174 24062 4523885 4157330 1 55 1473328225 7432856 4123213824 273584128 7495680 47292027 35407433 8824239 10308864 27430405
1790550725951 0 73178 38 2932531891 2925941467 26174 24062 4523885 4157330 1 55 1473390742 7433614 4123398144 299876352 26152960 47650555 35664734 8886144 10393819 27647502
1790550726970 0 122427 1945 2932766245 2926124651 26174 24062 4523885 4157330 1 55 1473461179 7434512 4123230208 499621888 20226048 48001918 35933816 8957089 10467601 27797990
1790550727992 0 70106 0 2932967536 2926380094 26174 24062 4523885 4157330 1 55 1473515723 7434838 4122533888 262938624 0 48301294 36157261 9009075 10529667 28051506
1790550729019 0 59143 3785 2933186593 2926606582 26174 24062 4523885 4157330 1 55 1473583530 7435217 4123303936 265580544 7573504 48645710 36419413 9077975 10620694 28273206
1790550730041 0 91432 335 2933408065 2926799060 26174 24062 4523885 4157330 1 55 1473648028 7435566 4122927104 381988864 1200128 48971087 36669144 9142915 10686417 28455224
1790550731066 0 66890 13578 2933633979 2927036276 26174 24062 4523885 4157330 1 55 1473708641 7435896 4123361280 329953280 0 49323108 36925051 9203594 10761606 28661665
1790550732092 0 142759 5402 2933861071 2927195839 26174 24062 4523885 4157330 1 55 1473784248 7436291 4124450816 605274112 0 49676568 37193420 9278672 10853251 28886840
1790550733121 0 50622 774 2934060941 2927492528 26174 24062 4523885 4157330 1 55 1473841856 7436632 4124209152 224419840 3395584 49972454 37416440 9336670 10922640 29110939
1790550734145 0 63113 585 2934297468 2927716675 26174 24062 4523885 4157330 1 55 1473899541 7436979 4123271168 273485824 7868416 50314949 37672003 9393909 10989544 29292719
1790550735171 0 77591 305 2934508284 2927913085 26174 24062 4523885 4157330 1 55 1473952034 7437323 4122521600 325734400 3358720 50634661 37902155 9445891 11068700 29550174
1790550736198 0 86 0 2934587169 2928069900 26174 24062 4523885 4157330 1 55 1474028487 7437671 4150407168 131072 0 50807939 38043513 9522373 11118463 29687388
1790550737218 0 117 0 2934587200 2928069900 26174 24062 4523885 4157330 1 55 1474179539 7438182 4155641856 131072 0 50972587 38192228 9672379 11235955 29725753
1790550738239 0 146 0 2934587229 2928069900 26174 24062 4523885 4157330 1 55 1474326955 7438675 4163764224 131072 0 51156830 38339080 9821205 11360429 29761873
1790550739259 0 167 0 2934587252 2928069900 26174 24062 4523885 4157330 1 55 1474428522 7439076 3765862400 118784 0 51290782 38440968 9924430 11413364 29785943
