1790551333311 0 0 0 3009469772 3002952629 26174 24062 4523885 4157330 1 55 1496340132 7537234 - - - - - - - -
1790551334354 0 114472 0 3009677630 3003045953 26174 24062 4523885 4157330 1 55 1496340132 7537333 826945536 444456960 0 0 0 0 0 7202
1790551335382 0 107858 0 3009919935 3003294821 26174 24062 4523885 4157330 1 55 1496340132 7537334 1820979200 419315712 0 0 0 0 0 7453
1790551336405 0 141452 2941 3010165250 3003503673 26174 24062 4523885 4157330 1 55 1496340132 7537334 2827177984 578408448 8273920 0 0 0 0 7453
1790551337428 0 120915 4011 3010381316 3003739122 26174 24062 4523885 4157330 1 55 1496340132 7537335 3713642496 508706816 8183808 0 0 0 0 7453
1790551338452 0 124173 3848 3010595775 3003950375 26174 24062 4523885 4157330 1 55 1496341793 7537341 4139794432 533794816 8388608 191010 112631 1619 21891 15619
1790551339474 0 124693 3553 3010792458 3004147104 26174 24062 4523885 4157330 1 55 1496348255 7537356 4138356736 493809664 14553088 459966 316003 8113 63472 112219
1790551340496 0 148760 44 3010980967 3004315077 26174 24062 4523885 4157330 1 55 1496365050 7537386 4137877504 591216640 0 714417 521045 24876 99491 165870
1790551341521 0 149415 0 3011186536 3004519844 26174 24062 4523885 4157330 1 55 1496391704 7537437 4138151936 595730432 0 984090 752137 50179 145120 270108
1790551342545 0 102368 12264 3011342135 3004710313 26174 24062 4523885 4157330 1 55 1496412998 7537476 4138700800 462716928 13664256 1252590 932482 72792 194418 352544
1790551343576 0 85698 0 3011504795 3004901963 26174 24062 4523885 4157330 1 55 1496445041 7537528 4139921408 345432064 21266432 1503208 1123790 103905 247125 484828
1790551344620 0 52033 6208 3011666785 3005091428 26174 24062 4523885 4157330 1 55 1496483525 7537593 4141932544 263782400 67108864 1764016 1325892 142701 287778 570454
1790551345643 0 86914 0 3011841605 3005237562 26174 24062 4523885 4157330 1 55 1496520657 7537655 4143636480 338489344 0 2033418 1535418 180193 336491 660627
1790551346667 0 136314 2068 3011996929 3005341408 26174 24062 4523885 4157330 1 55 1496559895 7537727 4145455104 543563776 41943040 2280861 1730383 219650 382683 744256
1790551347692 0 90480 73 3012090038 3005482281 26174 24062 4523885 4157330 1 55 1496589040 7537775 4146950144 352047104 0 2439527 1851463 249018 434578 892391
1790551348731 0 107214 12288 3012238370 3005601645 26174 24062 4523885 4157330 1 55 1496620255 7537831 4146831360 487903232 48836608 2675222 2033542 279918 479886 936652
1790551349757 0 151294 59 3012390710 3005722231 26174 24062 4523885 4157330 1 55 1496664747 7537909 4147326976 603271168 0 2929207 2226099 322796 525202 1085649
1790551350780 0 88861 0 3012503713 3005897757 26174 24062 4523885 4157330 1 55 1496696407 7537962 4147486720 349052928 0 3125541 2370849 354239 557923 1231974
1790551351804 0 107331 8902 3012651129 3006017726 26174 24062 4523885 4157330 1 55 1496735784 7538031 4147515392 478654464 25165824 3381342 2561518 395400 601936 1319048
1790551352834 0 123281 7572 3012800876 3006152895 26174 24062 4523885 4157330 1 55 1496794768 7538135 4148547584 527822848 24584192 3648838 2771419 454432 645119 1430976
1790551353861 0 119069 0 3012914934 3006278688 26174 24062 4523885 4157330 1 55 1496827154 7538189 4148723712 470056960 0 3837163 2912617 485891 700630 1658548
1790551354916 0 127969 4072 3013025487 3006376250 26174 24062 4523885 4157330 1 55 1496861682 7538248 4148686848 587264000 24502272 4032241 3060600 521472 756613 1735861
1790551355954 0 95562 0 3013139607 3006526868 26174 24062 4523885 4157330 1 55 1496901654 7538317 4149198848 375074816 0 4229004 3211730 560426 809868 1949986
1790551356977 0 117887 5674 3013271700 3006631146 26174 24062 4523885 4157330 1 55 1496964302 7538425 4149899264 489693184 33554432 4499311 3410949 624221 854884 2074618
1790551357999 0 98995 42 3013417501 3006801305 26174 24062 4523885 4157330 1 55 1497017236 7538522 4149514240 398462976 28827648 4753978 3608148 676843 924800 2263390
1790551359020 0 119219 0 3013573064 3006936575 26174 24062 4523885 4157330 1 55 1497081628 7538634 4150251520 472281088 0 5045908 3824885 740575 981109 2418603
1790551360042 0 130468 0 3013719624 3007071912 26174 24062 4523885 4157330 1 55 1497157768 7538839 4150906880 517079040 0 5352423 4043259 814849 1041085 2549641
1790551361065 0 99681 0 3013852553 3007235675 26174 24062 4523885 4157330 1 55 1497239746 7539205 4152549376 395509760 0 5630664 4248478 893392 1093433 2811738
1790551362091 0 95407 0 3013984398 3007371816 26174 24062 4523885 4157330 1 55 1497297978 7539522 4153118720 380411904 3276800 5886068 4435399 955354 1171386 2988525
1790551363119 0 139332 8520 3014134507 3007469512 26174 24062 4523885 4157330 1 55 1497367807 7539903 4152778752 570462208 34873344 6202178 4652239 1027633 1223648 3191177
1790551364143 0 80097 23540 3014235638 3007614865 26174 24062 4523885 4157330 1 55 1497416934 7540161 4152762368 325832704 119914496 6405947 4796430 1076728 1333156 3463741
1790551365167 0 107302 37 3014374523 3007750014 26174 24062 4523885 4157330 1 55 1497498467 7540537 4153176064 423436288 0 6693420 5004750 1157201 1381725 3569678
1790551366190 0 80815 0 3014516854 3007918842 26174 24062 4523885 4157330 1 55 1497560309 7540889 4151902208 315117568 0 6950939 5198945 1217148 1451916 3764940
1790551367218 0 106357 1237 3014670958 3008046506 26174 24062 4523885 4157330 1 55 1497634296 7541283 4151369728 467361792 4440064 7262363 5422283 1293606 1507091 3846908
1790551368249 0 104845 0 3014811156 3008189180 26174 24062 4523885 4157330 1 55 1497702919 7541637 4151480320 409817088 0 7536460 5620376 1361153 1582942 4064953
1790551369280 0 96465 3352 3014935837 3008318815 26174 24062 4523885 4157330 1 55 1497770617 7541974 4151816192 435863552 4644864 7787360 5811397 1430219 1635486 4227311
1790551370307 0 64437 0 3015058873 3008477253 26174 24062 4523885 4157330 1 55 1497836619 7542318 4151173120 244666368 0 8034314 5988227 1495421 1709897 4500467
1790551371341 0 12641 0 3015187975 3008658167 26174 24062 4523885 4157330 1 55 1497894052 7542652 4150681600 31952896 0 8280061 6164978 1550334 1756841 4722602
1790551372375 0 97496 4 3015359926 3008745286 26174 24062 4523885 4157330 1 55 1497985340 7543121 4150026240 401903616 2633728 8653017 6424652 1644630 1828449 4888443
1790551373399 0 97038 3506 3015503578 3008885958 26174 24062 4523885 4157330 1 55 1498046618 7543479 4148834304 410550272 0 8912161 6618878 1704762 1874999 5081063
1790551374439 0 33463 6205 3015601438 3009044589 26174 24062 4523885 4157330 1 55 1498096591 7543745 4147658752 165978112 0 9111435 6760683 1754024 1944736 5362206
1790551375478 0 91329 17 3015762942 3009154204 26174 24062 4523885 4157330 1 55 1498170493 7544159 4147159040 383852544 4358144 9417867 6987152 1828600 2007423 5503609
1790551376523 0 14134 0 3015864555 3009333267 26174 24062 4523885 4157330 1 55 1498219201 7544430 4147040256 38334464 0 9620294 7131479 1877813 2063184 5819363
1790551377551 0 131205 0 3016049325 3009400852 26174 24062 4523885 4157330 1 55 1498304845 7544922 4146409472 521109504 0 9977454 7390818 1961790 2123904 5912745
1790551378574 0 115976 0 3016168109 3009534997 26174 24062 4523885 4157330 1 55 1498347756 7545206 4145082368 456601600 0 10187468 7548580 2007547 2181476 6027498
1790551379596 0 95524 0 3016284219 3009671432 26174 24062 4523885 4157330 1 55 1498400362 7545514 4144209920 372563968 0 10412483 7709898 2059637 2255976 6206106
1790551380621 0 98631 0 3016420369 3009804483 26174 24062 4523885 4157330 1 55 1498464845 7545872 4143493120 394051584 8609792 10666847 7903390 2122045 2329320 6370997
1790551381650 0 39725 0 3016539369 3009982501 26174 24062 4523885 4157330 1 55 1498525161 7546200 4143833088 145801216 0 10889601 8075209 2183116 2389598 6618835
1790551382681 0 125758 2841 3016723999 3010078700 26174 24062 4523885 4157330 1 55 1498607760 7546699 4142956544 552804352 2052096 11234625 8334950 2267153 2468328 6761956
1790551383707 0 125042 20951 3016869665 3010206492 26174 24062 4523885 4157330 1 55 1498684895 7547103 4142915584 619827200 0 11522684 8550566 2344255 2581114 7037517
1790551384745 0 100304 4445 3016992922 3010371202 26174 24062 4523885 4157330 1 55 1498726895 7547393 4142096384 430850048 72687616 11740728 8710468 2386524 2639046 7180686
1790551385795 0 96481 6172 3017142655 3010522770 26174 24062 4523885 4157330 1 55 1498799033 7547783 4142710784 440537088 2383872 12038305 8925571 2458691 2695004 7321740
1790551386819 0 9854 0 3017266085 3010739043 26174 24062 4523885 4157330 1 55 1498858413 7548108 4143374336 22388736 0 12271622 9095939 2515525 2762902 7644752
1790551387853 0 141779 0 3017465562 3010806609 26174 24062 4523885 4157330 1 55 1498948617 7548627 4143984640 561852416 0 12643827 9374726 2604955 2835960 7774066
1790551388883 0 61393 2569 3017581874 3011000906 26174 24062 4523885 4157330 1 55 1499015277 7548959 4144275456 299651072 0 12890811 9557657 2674439 2894449 8050607
1790551389926 0 52725 73 3017730145 3011160210 26174 24062 4523885 4157330 1 55 1499090090 7549348 4145205248 255094784 2457600 13175037 9770794 2749211 2972827 8232690
1790551390960 0 82367 2401 3017885240 3011283749 26174 24062 4523885 4157330 1 55 1499175117 7549781 4146196480 337158144 48820224 13499289 10006559 2835111 3041574 8350913
1790551391984 0 87424 17520 3018041514 3011419633 26174 24062 4523885 4157330 1 55 1499238763 7550178 4145217536 357380096 96485376 13788917 10218681 2898626 3097369 8436567
1790551393007 0 86632 16498 3018180658 3011560443 26174 24062 4523885 4157330 1 55 1499315568 7550555 4145745920 443244544 3227648 14087210 10427067 2975432 3144588 8549718
1790551394028 0 120768 0 3018320642 3011682646 26174 24062 4523885 4157330 1 55 1499385398 7550930 4146094080 477622272 0 14347220 10624389 3043484 3197120 8649095
1790551395052 0 99488 363 3018455811 3011838769 26174 24062 4523885 4157330 1 55 1499452710 7551301 4145963008 426123264 9895936 14629614 10825214 3112504 3273814 8849166
1790551396076 0 52374 60 3018589195 3012019684 26174 24062 4523885 4157330 1 55 1499519343 7551662 4146020352 198320128 0 14886530 11013103 3176811 3343394 9047574
1790551397102 0 83228 708 3018748729 3012147628 26174 24062 4523885 4157330 1 55 1499604433 7552094 4147408896 371482624 3600384 15217592 11253235 3264147 3400312 9156181
1790551398130 0 133632 3942 3018918399 3012263538 26174 24062 4523885 4157330 1 55 1499694482 7552574 4147986432 567914496 18386944 15566993 11505646 3354274 3454070 9320192
1790551399148 0 108855 10351 3019060603 3012424253 26174 24062 4523885 4157330 1 55 1499757550 7552944 4147404800 448667648 60059648 15845952 11704716 3417458 3502683 9494792
1790551400169 0 139409 7150 3019223417 3012559709 26174 24062 4523885 4157330 1 55 1499840605 7553392 4147134464 618270720 0 16165442 11940724 3500183 3570524 9687798
1790551401189 0 137369 0 3019368161 3012713509 26174 24062 4523885 4157330 1 55 1499912968 7553789 4147552256 549289984 0 16444767 12147988 3571802 3628733 9844683
1790551402211 0 139071 0 3019512954 3012856870 26174 24062 4523885 4157330 1 55 1499992204 7554191 4147961856 554352640 0 16742234 12363127 3649623 3705464 10175037
1790551403233 0 98800 0 3019643737 3013027924 26174 24062 4523885 4157330 1 55 1500057893 7554544 4148707328 389795840 0 16999342 12552672 3715410 3775364 10444690
1790551404268 0 87092 3594 3019798102 3013190505 26174 24062 4523885 4157330 1 55 1500141421 7554980 4149481472 377380864 57245696 17323976 12785511 3800514 3836312 10559379
1790551405312 0 43508 3117 3019918954 3013355239 26174 24062 4523885 4157330 1 55 1500209806 7555319 4149739520 215126016 2027520 17580990 12970347 3869500 3918972 10784033
1790551406334 0 135907 11534 3020087494 3013422764 26174 24062 4523885 4157330 1 55 1500288823 7555760 4149239808 614952960 0 17906504 13206863 3947927 3982494 10880307
1790551407356 0 133286 6406 3020223863 3013567010 26174 24062 4523885 4157330 1 55 1500360916 7556130 4148830208 577003520 0 18182160 13408722 4019793 4040770 11032483
1790551408377 0 119319 0 3020354761 3013718275 26174 24062 4523885 4157330 1 55 1500427568 7556484 4148359168 471556096 0 18435621 13598019 4085247 4086975 11211874
1790551409416 0 99195 0 3020500596 3013884230 26174 24062 4523885 4157330 1 55 1500503473 7556882 4148764672 384389120 0 18730936 13811556 4160873 4128701 11376769
1790551410461 0 106650 8 3020636320 3014012377 26174 24062 4523885 4157330 1 55 1500573905 7557258 4148756480 419819520 0 19007413 14013492 4232625 4210051 11539833
1790551411485 0 93176 27 3020765034 3014154742 26174 24062 4523885 4157330 1 55 1500640392 7557612 4148695040 362012672 0 19266499 14201575 4298233 4258094 11727036
1790551412521 0 53870 9752 3020888710 3014307965 26174 24062 4523885 4157330 1 55 1500695436 7557937 4148555776 218742784 76607488 19515525 14380514 4355093 4334175 11902652
1790551413561 0 87237 5767 3021051240 3014441138 26174 24062 4523885 4157330 1 55 1500763945 7558349 4147351552 415612928 4390912 19825761 14602473 4423105 4400046 12029738
1790551414591 0 106114 2346 3021198086 3014572487 26174 24062 4523885 4157330 1 55 1500839005 7558732 4147261440 454230016 6340608 20106575 14818210 4498468 4469169 12168529
1790551415613 0 143801 0 3021344615 3014683678 26174 24062 4523885 4157330 1 55 1500912203 7559131 4147064832 573014016 0 20382053 15027307 4570208 4551330 12321938
1790551416635 0 128230 0 3021469278 3014823967 26174 24062 4523885 4157330 1 55 1500975083 7559462 4148146176 510271488 0 20626508 15209207 4633128 4623865 12533636
1790551417656 0 64810 11850 3021570049 3014976191 26174 24062 4523885 4157330 1 55 1501026407 7559731 4148752384 263405568 67710976 20842008 15361078 4686137 4669084 12773844
1790551418676 0 117301 0 3021702935 3015068423 26174 24062 4523885 4157330 1 55 1501082195 7560061 4147871744 464367616 0 21077004 15537840 4739557 4723910 13072126
1790551419711 0 99317 1345 3021818325 3015200567 26174 24062 4523885 4157330 1 55 1501135461 7560371 4147048448 410112000 3878912 21304480 15706657 4795015 4786134 13327484
1790551420739 0 70908 73 3021923053 3015334774 26174 24062 4523885 4157330 1 55 1501183329 7560651 4147183616 271298560 0 21501444 15849108 4841658 4835028 13516478
1790551421778 0 101407 0 3022061910 3015443427 26174 24062 4523885 4157330 1 55 1501238825 7561005 4146683904 399376384 0 21754170 16037794 4897116 4902350 13715606
1790551422805 0 84733 0 3022197001 3015595059 26174 24062 4523885 4157330 1 55 1501299751 7561355 4146487296 330375168 0 22005646 16226084 4956832 4972322 13940636
1790551423831 0 35937 0 3022323526 3015770315 26174 24062 4523885 4157330 1 55 1501356648 7561691 4146302976 132149248 0 22230526 16403321 5013292 5032300 14202752
1790551424863 0 61021 3135 3022483331 3015902100 26174 24062 4523885 4157330 1 55 1501434442 7562125 4146810880 270123008 23228416 22539632 16639716 5094338 5085580 14396954
1790551425891 0 128633 5694 3022659420 3016007781 26174 24062 4523885 4157330 1 55 1501519639 7562594 4147986432 568455168 1159168 22870213 16891546 5179440 5144249 14530646
1790551426911 0 117873 1071 3022796001 3016159845 26174 24062 4523885 4157330 1 55 1501590483 7562968 4148146176 498364416 6541312 23141912 17091737 5249880 5189732 14713069
1790551427933 0 150261 0 3022940752 3016273301 26174 24062 4523885 4157330 1 55 1501670933 7563366 4149153792 600100864 0 23432387 17305626 5327823 5258247 14859290
1790551428959 0 11050 6 3023041039 3016512816 26174 24062 4523885 4157330 1 55 1501714201 7563624 4148711424 26292224 0 23632790 17445525 5372888 5318763 15171988
1790551429996 0 97365 69 3023210385 3016595820 26174 24062 4523885 4157330 1 55 1501788599 7564054 4147732480 380846080 0 23946561 17680194 5445675 5403099 15369358
1790551431027 0 104853 1314 3023366498 3016743235 26174 24062 4523885 4157330 1 55 1501852368 7564449 4146561024 447651840 2105344 24248789 17898915 5511975 5488807 15567615
1790551432052 0 101320 0 3023500022 3016881643 26174 24062 4523885 4157330 1 55 1501911546 7564783 4146331648 400027648 0 24489569 18079561 5568086 5564810 15768176
1790551433080 0 96130 4 3023645576 3017032256 26174 24062 4523885 4157330 1 55 1501971530 7565136 4146049024 375361536 0 24755627 18279543 5629776 5602756 15969290
1790551434106 0 41084 0 3023771672 3017213333 26174 24062 4523885 4157330 1 55 1502019497 7565442 4145876992 150032384 0 24974501 18448049 5677775 5647242 16136709
1790551435136 0 145681 0 3023945846 3017282968 26174 24062 4523885 4157330 1 55 1502099255 7565898 4146339840 579932160 0 25297269 18694436 5757291 5707546 16246414
1790551436161 0 96324 72 3024072757 3017459186 26174 24062 4523885 4157330 1 55 1502155675 7566223 4146524160 377978880 0 25532572 18870583 5812463 5760413 16444685
1790551437202 0 94707 12501 3024221783 3017597378 26174 24062 4523885 4157330 1 55 1502236435 7566639 4147892224 456683520 29851648 25830330 19098289 5895978 5821572 16596262
1790551438235 0 79967 0 3024343179 3017746120 26174 24062 4523885 4157330 1 55 1502300256 7566972 4148408320 312102912 0 26062210 19272977 5956876 5911921 16852517
1790551439261 0 44481 18988 3024490495 3017909842 26174 24062 4523885 4157330 1 55 1502359352 7567348 4147499008 278773760 12500992 26348808 19478778 6019098 5979933 17058793
1790551440286 0 112917 352 3024660688 3018030282 26174 24062 4523885 4157330 1 55 1502438706 7567798 4147646464 487211008 7741440 26677126 19720167 6097986 6043761 17210073
1790551441311 0 146109 0 3024805787 3018142440 26174 24062 4523885 4157330 1 55 1502511544 7568191 4147380224 582877184 0 26941677 19927109 6169395 6097345 17376404
1790551442337 0 97721 0 3024913174 3018298179 26174 24062 4523885 4157330 1 55 1502559518 7568473 4146946048 384086016 0 27148150 20077778 6217807 6164480 17607879
1790551443367 0 89511 1457 3025038680 3018430681 26174 24062 4523885 4157330 1 55 1502611539 7568790 4147208192 392941568 7462912 27390370 20253642 6271121 6219222 17765690
1790551444391 0 127310 5986 3025200639 3018550288 26174 24062 4523885 4157330 1 55 1502680787 7569208 4146991104 518828032 50339840 27696432 20478830 6340572 6274577 17875842
1790551445412 0 130654 0 3025358025 3018710133 26174 24062 4523885 4157330 1 55 1502743545 7569600 4145668096 518021120 0 27960953 20687615 6402301 6316376 18025160
1790551446433 0 138869 0 3025505409 3018849398 26174 24062 4523885 4157330 1 55 1502808725 7569997 4144615424 551661568 0 28234261 20893788 6467342 6393129 18201850
1790551447455 0 145852 0 3025651717 3018988663 26174 24062 4523885 4157330 1 55 1502885439 7570400 4145872896 582455296 0 28513647 21107837 6541096 6444582 18342122
1790551448481 0 150320 0 3025795643 3019128045 26174 24062 4523885 4157330 1 55 1502954368 7570778 4147490816 601636864 0 28783321 21314976 6610839 6488307 18482875
1790551449504 0 140039 0 3025940968 3019283808 26174 24062 4523885 4157330 1 55 1503021284 7571162 4147974144 558960640 0 29060625 21520262 6677289 6542989 18609649
1790551450527 0 87303 0 3026079868 3019475364 26174 24062 4523885 4157330 1 55 1503092932 7571547 4148822016 341573632 0 29341969 21726789 6752147 6589890 18836311
1790551451554 0 96495 0 3026228406 3019614629 26174 24062 4523885 4157330 1 55 1503166613 7571947 4149170176 376467456 0 29634245 21941490 6825719 6664600 19022207
1790551452581 0 83845 0 3026374666 3019773483 26174 24062 4523885 4157330 1 55 1503241350 7572344 4148531200 327045120 0 29919967 22155700 6899547 6726121 19214245
1790551453609 0 58596 54 3026511117 3019935292 26174 24062 4523885 4157330 1 55 1503307811 7572711 4149469184 220143616 0 30188352 22353046 6967516 6806164 19517625
1790551454649 0 132972 361 3026681174 3020030740 26174 24062 4523885 4157330 1 55 1503392226 7573165 4149035008 569860096 2842624 30527666 22602000 7051619 6871683 19670200
1790551455675 0 130839 0 3026832670 3020184644 26174 24062 4523885 4157330 1 55 1503458813 7573552 4147851264 518414336 0 30804431 22810041 7116314 6918851 19908916
1790551456700 0 94462 0 3026971670 3020359911 26174 24062 4523885 4157330 1 55 1503522403 7573929 4147617792 372436992 0 31067115 23006663 7179008 6977476 20062159
1790551457723 0 92832 12327 3027127977 3020505656 26174 24062 4523885 4157330 1 55 1503596825 7574349 4148129792 378093568 75649024 31373971 23236912 7256687 7059207 20223379
1790551458750 0 80826 1757 3027268878 3020669104 26174 24062 4523885 4157330 1 55 1503656730 7574721 4147679232 358510592 4042752 31630969 23430060 7316114 7131950 20475021
1790551459774 0 122694 18248 3027428999 3020770996 26174 24062 4523885 4157330 1 55 1503739827 7575154 4147748864 586297344 13881344 31954927 23667961 7399563 7210642 20666034
1790551460796 0 118571 0 3027577730 3020941859 26174 24062 4523885 4157330 1 55 1503804708 7575546 4148281344 470953984 0 32221085 23867813 7460831 7256851 20866537
1790551461823 0 108866 0 3027711331 3021085220 26174 24062 4523885 4157330 1 55 1503871534 7575920 4148150272 428244992 0 32487418 24064158 7529589 7312684 21034535
1790551462851 0 89499 13 3027854878 3021248102 26174 24062 4523885 4157330 1 55 1503932187 7576293 4147847168 353812480 19333120 32749550 24262728 7589791 7358515 21257353
1790551463889 0 130475 1898 3027991862 3021342391 26174 24062 4523885 4157330 1 55 1503994448 7576640 4147724288 577073152 1867776 33024569 24460106 7653255 7435488 21359346
1790551464918 0 145706 3723 3028132789 3021466132 26174 24062 4523885 4157330 1 55 1504067199 7577018 4148703232 609083392 0 33297361 24664638 7726403 7503367 21559268
1790551465940 0 108086 0 3028268535 3021643286 26174 24062 4523885 4157330 1 55 1504126722 7577374 4148330496 423628800 0 33543068 24851425 7784180 7553394 21732708
1790551466965 0 114918 0 3028418824 3021786647 26174 24062 4523885 4157330 1 55 1504198033 7577768 4147642368 456359936 0 33839950 25066737 7854411 7617874 21885487
1790551467989 0 103117 1856 3028560127 3021938076 26174 24062 4523885 4157330 1 55 1504271317 7578159 4148514816 452993024 1159168 34127974 25281222 7930942 7680663 22138459
1790551469009 0 115925 0 3028715918 3022082860 26174 24062 4523885 4157330 1 55 1504354768 7578591 4149211136 457924608 0 34427970 25510031 8014441 7746366 22334517
1790551470038 0 109884 21 3028853216 3022226277 26174 24062 4523885 4157330 1 55 1504418950 7578949 4148686848 430444544 0 34692008 25701696 8075299 7831550 22559572
1790551471072 0 77795 0 3028988092 3022393162 26174 24062 4523885 4157330 1 55 1504470945 7579289 4147830784 301453312 0 34942537 25884481 8128341 7903755 22791734
1790551472096 0 92057 57 3029145757 3022536550 26174 24062 4523885 4157330 1 55 1504561941 7579744 4148948992 372310016 12394496 35280395 26131129 8220900 7976456 22951810
1790551473130 0 96200 17730 3029300421 3022669429 26174 24062 4523885 4157330 1 55 1504636468 7580156 4149280768 503230464 2097152 35572558 26353390 8296032 8036443 23108870
1790551474163 0 107318 18475 3029442581 3022799431 26174 24062 4523885 4157330 1 55 1504702377 7580523 4148854784 534667264 12984320 35859238 26556665 8362138 8112916 23298929
1790551475186 0 120733 10074 3029585159 3022937285 26174 24062 4523885 4157330 1 55 1504768419 7580905 4149018624 548360192 9768960 36134258 26759572 8428245 8201544 23501173
1790551476207 0 22012 63 3029698633 3023159422 26174 24062 4523885 4157330 1 55 1504820969 7581201 4148891648 72130560 0 36347356 26916299 8480357 8306160 23841923
1790551477230 0 144254 0 3029892326 3023231052 26174 24062 4523885 4157330 1 55 1504922459 7581751 4148195328 573788160 0 36726884 27201925 8579796 8371133 23964268
1790551478257 0 90534 13 3030019293 3023411507 26174 24062 4523885 4157330 1 55 1504983295 7582085 4148359168 351109120 0 36969977 27384468 8641748 8437158 24180856
1790551479292 0 96372 0 3030168455 3023554876 26174 24062 4523885 4157330 1 55 1505051944 7582483 4148019200 376082432 0 37268169 27597430 8711361 8484078 24342591
1790551480319 0 70444 0 3030305394 3023717770 26174 24062 4523885 4157330 1 55 1505121813 7582864 4148588544 273162240 0 37538486 27796536 8778700 8567429 24584596
1790551481344 0 24866 0 3030431318 3023889303 26174 24062 4523885 4157330 1 55 1505180611 7583208 4148326400 84017152 0 37774026 27975915 8838123 8616874 24839865
1790551482369 0 141672 0 3030620837 3023962008 26174 24062 4523885 4157330 1 55 1505277768 7583723 4148310016 566018048 0 38151039 28255906 8935767 8681836 24956540
1790551483392 0 137647 0 3030762220 3024107417 26174 24062 4523885 4157330 1 55 1505342374 7584091 4148371456 548597760 0 38419246 28455867 9000415 8750045 25139499
1790551484415 0 135184 0 3030905268 3024252826 26174 24062 4523885 4157330 1 55 1505415917 7584491 4148854784 537006080 0 38709905 28664736 9072924 8808514 25327513
1790551485439 0 141518 0 3031057135 3024398414 26174 24062 4523885 4157330 1 55 1505503662 7584928 4150005760 562782208 0 39022319 28898170 9161050 8858397 25502750
1790551486462 0 9549 12619 3031154404 3024615319 26174 24062 4523885 4157330 1 55 1505539173 7585173 4149014528 107618304 10166272 39203715 29033042 9198746 8919960 25735475
1790551487484 0 105366 69 3031334337 3024711887 26174 24062 4523885 4157330 1 55 1505607817 7585623 4147056640 415821824 0 39531353 29269669 9265819 8993142 25851144
1790551488514 0 88967 852 3031462921 3024856029 26174 24062 4523885 4157330 1 55 1505669246 7585966 4147548160 383700992 2002944 39781985 29456512 9328343 9055723 26018273
1790551489537 0 125669 15476 3031620282 3024961953 26174 24062 4523885 4157330 1 55 1505743435 7586377 4147204096 547045376 51847168 40073718 29683997 9403257 9127725 26242985
1790551490578 0 113255 0 3031723347 3025092997 26174 24062 4523885 4157330 1 55 1505789155 7586642 4147126272 442527744 0 40262420 29822930 9447647 9182138 26444465
1790551491625 0 53846 1076 3031796976 3025224896 26174 24062 4523885 4157330 1 55 1505829140 7586853 4148150272 243740672 3231744 40415120 29937681 9488771 9236071 26834280
1790551492647 0 24966 1568 3031934243 3025390612 26174 24062 4523885 4157330 1 55 1505899270 7587235 4149407744 120807424 4206592 40688326 30139475 9558851 9299909 27061092
1790551493671 0 93974 37 3032099230 3025488166 26174 24062 4523885 4157330 1 55 1505982511 7587688 4149977088 384589824 1302528 41010977 30377104 9640769 9367349 27238875
1790551494703 0 89416 54 3032246584 3025639881 26174 24062 4523885 4157330 1 55 1506057811 7588092 4150050816 347299840 0 41308232 30592865 9716947 9451037 27483899
1790551495743 0 148713 2117 3032410620 3025742798 26174 24062 4523885 4157330 1 55 1506143268 7588547 4150112256 607879168 0 41639269 30836407 9802276 9517877 27655579
1790551496765 0 146112 657 3032548956 3025885483 26174 24062 4523885 4157330 1 55 1506209217 7588918 4149899264 615628800 1167360 41914947 31036341 9868635 9572090 27823020
1790551497806 0 100688 517 3032686490 3026068175 26174 24062 4523885 4157330 1 55 1506269182 7589277 4148580352 426774528 29442048 42180008 31228718 9927655 9617120 28065663
1790551498833 0 137305 0 3032851259 3026196690 26174 24062 4523885 4157330 1 55 1506341575 7589708 4147712000 547192832 0 42480621 31455719 9998850 9670019 28280480
1790551499855 0 139270 0 3032988448 3026331859 26174 24062 4523885 4157330 1 55 1506404556 7590067 4147056640 553889792 0 42733958 31650086 10062182 9733636 28449983
1790551500877 0 135280 11315 3033139006 3026475468 26174 24062 4523885 4157330 1 55 1506484727 7590496 4148502528 617189376 0 43036795 31878002 10144024 9793244 28595205
1790551501902 0 78407 26 3033270596 3026675012 26174 24062 4523885 4157330 1 55 1506544938 7590847 4148641792 302190592 0 43283987 32062306 10204810 9843951 28807812
1790551502945 0 107526 11534 3033433518 3026797382 26174 24062 4523885 4157330 1 55 1506617712 7591273 4148178944 524734464 18993152 43598677 32293291 10276822 9891903 28948679
1790551503979 0 112853 56 3033572415 3026942401 26174 24062 4523885 4157330 1 55 1506685961 7591644 4148092928 445648896 0 43864420 32490834 10343541 9962086 29153285
1790551505002 0 130471 0 3033729278 3027081632 26174 24062 4523885 4157330 1 55 1506759321 7592052 4148609024 519360512 0 44166910 32714360 10416139 10016016 29358447
1790551506036 0 94345 470 3033861789 3027249844 26174 24062 4523885 4157330 1 55 1506824829 7592408 4148629504 423485440 3960832 44432833 32911167 10484008 10067775 29569133
1790551507065 0 95569 63 3034007789 3027395065 26174 24062 4523885 4157330 1 55 1506898734 7592804 4148727808 378441728 0 44708426 33119056 10553475 10122324 29722015
1790551508095 0 110414 0 3034162022 3027534303 26174 24062 4523885 4157330 1 55 1506966933 7593207 4148523008 434515968 0 45015789 33337977 10625915 10188653 29913727
1790551509122 0 69098 0 3034292227 3027705857 26174 24062 4523885 4157330 1 55 1507028695 7593562 4149100544 266354688 0 45268367 33524135 10687449 10251773 30282665
1790551510148 0 120760 1009 3034455618 3027816514 26174 24062 4523885 4157330 1 55 1507110942 7594005 4149284864 514826240 1961984 45600525 33766020 10770358 10343325 30425024
1790551511171 0 127773 43 3034581461 3027936439 26174 24062 4523885 4157330 1 55 1507158944 7594317 4148076544 505794560 0 45816384 33932374 10818354 10397328 30598516
1790551512194 0 62 0 3034585168 3028067963 26174 24062 4523885 4157330 1 55 1507228432 7594473 4176175104 4096 0 45887305 34000395 10885617 10427053 30676320
1790551513213 0 87 0 3034585193 3028067963 26174 24062 4523885 4157330 1 55 1507380905 7594776 4182544384 4096 0 46052876 34151145 11037921 10473645 30765572
1790551514233 0 107 0 3034585213 3028067963 26174 24062 4523885 4157330 1 55 1507527638 7595048 4189945856 4096 0 46230091 34297869 11186453 10539767 30885421
1790551515253 0 139 0 3034585245 3028067963 26174 24062 4523885 4157330 1 55 1507663968 7595311 4197888000 4096 0 46400767 34431036 11321559 10648583 31067854
1790551516273 0 165 0 3034585271 3028067963 26174 24062 4523885 4157330 1 55 1507714222 7595396 2251563008 8192 0 46726557 34483277 11374048 10783191 31141823
