1790550123737 0 1 0 2870233983 2863723411 26174 24062 4523885 4157330 1 55 1455683661 7345979 - - - - - - - -
1790550124813 0 152101 2208 2870494995 2863830370 26174 24062 4523885 4157330 1 55 1455683670 7346100 1028775936 623190016 6279168 0 0 9 0 3985
1790550125856 0 93921 89 2870713064 2864108298 26174 24062 4523885 4157330 1 55 1455683670 7346101 1910988800 380809216 20275200 0 0 9 0 4412
1790550126944 0 78951 2123 2870939082 2864347908 26174 24062 4523885 4157330 1 55 1455683670 7346101 2846453760 393768960 8388608 0 0 9 0 4474
1790550128006 0 152123 4088 2871239936 2864573108 26174 24062 4523885 4157330 1 55 1455683670 7346101 4071960576 619630592 16211968 0 0 9 0 4493
1790550129031 0 143594 82 2871487603 2864833276 26174 24062 4523885 4157330 1 55 1455688694 7346109 4140494848 560349184 0 358026 235410 5051 47887 16354
1790550130062 0 128056 5534 2871767741 2865123813 26174 24062 4523885 4157330 1 55 1455712008 7346139 4139540480 576589824 25165824 737869 540688 27427 103317 109743
1790550131099 0 129536 8481 2871983095 2865334607 26174 24062 4523885 4157330 1 55 1455735475 7346178 4139663360 591536128 11890688 1022332 780574 51823 152769 138002
1790550132129 0 83106 3530 2872162484 2865565361 26174 24062 4523885 4157330 1 55 1455758210 7346428 4139823104 382947328 41938944 1313833 979068 74506 211690 246949
1790550133164 0 93914 0 2872347598 2865743018 26174 24062 4523885 4157330 1 55 1455796983 7346637 4141649920 358010880 0 1600415 1199858 112254 269919 357622
1790550134197 0 82670 18075 2872510030 2865898777 26174 24062 4523885 4157330 1 55 1455829355 7346811 4143173632 337448960 74326016 1865524 1401293 145653 326376 439932
1790550135234 0 72001 2034 2872673968 2866089742 26174 24062 4523885 4157330 1 55 1455865260 7346968 4145238016 301449216 6295552 2109761 1593881 179726 380945 665417
1790550136259 0 138076 0 2872851650 2866202959 26174 24062 4523885 4157330 1 55 1455909422 7347188 4146966528 540712960 0 2392490 1813431 224188 471233 891619
1790550137286 0 110951 0 2873004737 2866383183 26174 24062 4523885 4157330 1 55 1455936727 7347369 4146487296 429170688 0 2618954 1992902 250978 582314 1174040
1790550138311 0 89260 1306 2873163188 2866562119 26174 24062 4523885 4157330 1 55 1455980402 7347570 4147556352 360374272 25235456 2895766 2201346 296700 648594 1350831
1790550139334 0 65013 0 2873317419 2866741734 26174 24062 4523885 4157330 1 55 1456021489 7347770 4148269056 240381952 0 3152843 2390702 337796 702682 1585409
1790550140372 0 42232 42 2873486258 2866933387 26174 24062 4523885 4157330 1 55 1456062071 7347957 4148183040 169058304 5337088 3425349 2599371 377876 759116 1801363
1790550141402 0 122418 9636 2873690249 2867047616 26174 24062 4523885 4157330 1 55 1456127319 7348227 4148834304 501301248 39321600 3789881 2874338 443619 811012 1920613
1790550142428 0 149161 0 2873857353 2867197584 26174 24062 4523885 4157330 1 55 1456176131 7348419 4148736000 586620928 0 4065491 3081818 490381 889072 2088576
1790550143453 0 123093 0 2874005299 2867371664 26174 24062 4523885 4157330 1 55 1456235139 7348622 4149833728 482938880 0 4346914 3288401 548892 930185 2158146
1790550144482 0 106047 0 2874161524 2867544809 26174 24062 4523885 4157330 1 55 1456289536 7348797 4150038528 409612288 0 4616071 3496873 604757 989731 2243692
1790550145506 0 86435 3 2874323861 2867726856 26174 24062 4523885 4157330 1 55 1456354189 7349013 4150378496 329011200 0 4900263 3712156 668668 1047378 2350119
1790550146543 0 94880 1971 2874508193 2867900573 26174 24062 4523885 4157330 1 55 1456422448 7349227 4149276672 430526464 19832832 5207343 3930854 736217 1106485 2488471
1790550147592 0 52299 73 2874674032 2868111068 26174 24062 4523885 4157330 1 55 1456479537 7349418 4148428800 186818560 0 5443825 4101374 793790 1159513 2678025
1790550148616 0 39665 8831 2874851947 2868292979 26174 24062 4523885 4157330 1 55 1456531811 7349593 4146331648 159424512 54525952 5701513 4282511 848136 1210147 2840799
1790550149641 0 64959 3849 2875036059 2868456834 26174 24062 4523885 4157330 1 55 1456577028 7349745 4143288320 274571264 0 5980705 4460304 891792 1256497 2961553
1790550150670 0 113053 1533 2875233841 2868608730 26174 24062 4523885 4157330 1 55 1456636328 7349922 4140851200 447692800 0 6297285 4667695 951087 1308774 3077390
1790550151695 0 91124 26574 2875396104 2868768035 26174 24062 4523885 4157330 1 55 1456686497 7350082 4138770432 488845312 24117248 6565232 4849817 1002303 1392643 3250606
1790550152717 0 80961 0 2875536671 2868945156 26174 24062 4523885 4157330 1 55 1456719884 7350200 4135276544 308645888 0 6766730 4991550 1035174 1439249 3431126
1790550153761 0 54459 611 2875710021 2869144506 26174 24062 4523885 4157330 1 55 1456770992 7350364 4133793792 246448128 25509888 7058784 5190817 1086267 1507100 3577766
1790550154802 0 105605 2 2875899753 2869283422 26174 24062 4523885 4157330 1 55 1456828057 7350615 4132945920 411435008 0 7347115 5403926 1143273 1572018 3703735
1790550155827 0 58165 0 2876067728 2869498856 26174 24062 4523885 4157330 1 55 1456903246 7350879 4133380096 216875008 0 7641749 5616644 1217653 1634931 3870218
1790550156857 0 120195 0 2876281490 2869650559 26174 24062 4523885 4157330 1 55 1456955957 7351087 4132384768 470867968 0 7963063 5852152 1269794 1683326 3927177
1790550157879 0 85547 6201 2876443458 2869841210 26174 24062 4523885 4157330 1 55 1457013471 7351290 4133212160 350244864 51466240 8254273 6059572 1329771 1750983 4038681
1790550158917 0 85513 73 2876624829 2870028772 26174 24062 4523885 4157330 1 55 1457070169 7351502 4132937728 377364480 4665344 8523970 6269419 1385999 1801566 4170482
1790550159952 0 47330 2344 2876799692 2870239874 26174 24062 4523885 4157330 1 55 1457119378 7351685 4131549184 227504128 9453568 8799054 6478121 1435170 1858227 4268187
1790550160978 0 114519 0 2876994442 2870369221 26174 24062 4523885 4157330 1 55 1457177424 7351906 4132278272 448200704 0 9102834 6704467 1490913 1918687 4346927
1790550162007 0 78151 2766 2877155924 2870564501 26174 24062 4523885 4157330 1 55 1457221596 7352079 4132790272 315969536 45371392 9359352 6897960 1537406 1966179 4488563
1790550163030 0 79092 11839 2877341434 2870739951 26174 24062 4523885 4157330 1 55 1457267824 7352270 4131934208 323543040 71020544 9629318 7110175 1584174 2021874 4591875
1790550164051 0 117439 5847 2877537450 2870903515 26174 24062 4523885 4157330 1 55 1457318466 7352465 4131635200 506499072 0 9921840 7334512 1634253 2072421 4669257
1790550165072 0 66631 0 2877710107 2871132666 26174 24062 4523885 4157330 1 55 1457362144 7352648 4132007936 263213056 6135808 10178829 7536240 1676908 2111516 4755820
1790550166096 0 138211 0 2877914661 2871265831 26174 24062 4523885 4157330 1 55 1457425771 7352848 4133195776 544456704 0 10492979 7785638 1739000 2184272 4862946
1790550167123 0 58503 29 2878078964 2871509624 26174 24062 4523885 4157330 1 55 1457477511 7353011 4134477824 215416832 0 10751432 7986447 1793674 2228604 4986579
1790550168170 0 89002 12043 2878286960 2871675387 26174 24062 4523885 4157330 1 55 1457532323 7353199 4135038976 435621888 41181184 11074449 8234073 1848620 2290388 5133286
1790550169209 0 100454 49 2878468226 2871857109 26174 24062 4523885 4157330 1 55 1457579554 7353376 4135157760 387702784 0 11338033 8433467 1894325 2332815 5229473
1790550170231 0 109801 11680 2878647454 2872015334 26174 24062 4523885 4157330 1 55 1457631426 7353540 4135542784 445345792 84717568 11613639 8649524 1947723 2399293 5331262
1790550171249 0 99560 9709 2878824926 2872205094 26174 24062 4523885 4157330 1 55 1457674337 7353689 4134944768 453169152 17088512 11870148 8842698 1990124 2450040 5444348
1790550172270 0 45391 1625 2878989402 2872431824 26174 24062 4523885 4157330 1 55 1457729819 7353863 4135641088 209645568 3743744 12116031 9032111 2044582 2511664 5606500
1790550173295 0 104882 0 2879197332 2872581819 26174 24062 4523885 4157330 1 55 1457797849 7354085 4137213952 407715840 0 12419626 9258626 2111821 2557182 5707261
1790550174330 0 56248 18575 2879370941 2872785369 26174 24062 4523885 4157330 1 55 1457848788 7354245 4136308736 343470080 2617344 12697963 9456958 2165083 2614733 5818554
1790550175354 0 41993 11595 2879534428 2872970527 26174 24062 4523885 4157330 1 55 1457888890 7354428 4134924288 167370752 76681216 12944159 9628942 2205187 2682873 5973446
1790550176377 0 76686 10965 2879724097 2873125959 26174 24062 4523885 4157330 1 55 1457952049 7354667 4134776832 391065600 0 13257647 9845024 2268349 2749827 6074102
1790550177396 0 62030 14651 2879895450 2873308514 26174 24062 4523885 4157330 1 55 1458004387 7354857 4132941824 256720896 77963264 13520655 10035158 2320685 2807989 6205007
1790550178415 0 78458 0 2880075492 2873486436 26174 24062 4523885 4157330 1 55 1458056750 7355063 4131467264 310267904 18632704 13803302 10233757 2372023 2885807 6378691
1790550179441 0 73683 0 2880249193 2873664843 26174 24062 4523885 4157330 1 55 1458118483 7355304 4131946496 278667264 0 14076183 10435005 2434270 2934258 6496076
1790550180462 0 64720 5296 2880431081 2873850416 26174 24062 4523885 4157330 1 55 1458176325 7355560 4132253696 288219136 23760896 14359477 10655456 2492330 3013678 6661443
1790550181484 0 85434 1 2880622201 2874026232 26174 24062 4523885 4157330 1 55 1458239699 7355807 4132339712 329494528 0 14665730 10875076 2555488 3078577 6795771
1790550182509 0 120671 2 2880813507 2874182054 26174 24062 4523885 4157330 1 55 1458301831 7356074 4133036032 473624576 0 14961642 11099539 2616042 3151080 6933484
1790550183531 0 71361 1753 2880988643 2874404914 26174 24062 4523885 4157330 1 55 1458351726 7356311 4131479552 320839680 8724480 15241222 11310319 2668031 3217847 7056260
1790550184560 0 62222 0 2881155571 2874582697 26174 24062 4523885 4157330 1 55 1458402615 7356541 4131479552 232300544 0 15497663 11505697 2718400 3278975 7162436
1790550185586 0 4720 2291 2881296271 2874778672 26174 24062 4523885 4157330 1 55 1458448846 7356757 4132335616 17498112 39325696 15733427 11684695 2765148 3320737 7307995
1790550186615 0 90355 28 2881504224 2874903105 26174 24062 4523885 4157330 1 55 1458512120 7357043 4132298752 346894336 0 16045685 11922053 2826823 3376876 7390550
1790550187643 0 67520 0 2881666818 2875088536 26174 24062 4523885 4157330 1 55 1458572799 7357303 4133138432 254619648 0 16314834 12125949 2887113 3437258 7558922
1790550188668 0 118111 0 2881862038 2875233221 26174 24062 4523885 4157330 1 55 1458638663 7357581 4132872192 460660736 0 16621682 12362961 2952563 3509011 7685629
1790550189691 0 60256 23 2882020296 2875449401 26174 24062 4523885 4157330 1 55 1458688058 7357796 4132552704 240615424 26263552 16884659 12554975 3003934 3569595 7842432
1790550190715 0 52729 20987 2882203881 2875619528 26174 24062 4523885 4157330 1 55 1458741094 7358063 4132544512 327004160 9302016 17170243 12775234 3056880 3617539 7965873
1790550191739 0 149595 1313 2882401184 2875739691 26174 24062 4523885 4157330 1 55 1458798885 7358349 4131848192 596733952 0 17464552 13002876 3114681 3677258 8074766
1790550192765 0 120256 14527 2882574473 2875929450 26174 24062 4523885 4157330 1 55 1458854927 7358610 4131897344 575840256 0 17737867 13212461 3170724 3726766 8224361
1790550193786 0 93559 11431 2882752103 2876136501 26174 24062 4523885 4157330 1 55 1458902226 7358842 4132323328 468336640 3379200 18011503 13419705 3218247 3775108 8337157
1790550194807 0 88269 59 2882932328 2876333341 26174 24062 4523885 4157330 1 55 1458961086 7359158 4131938304 338608128 0 18303334 13630754 3276415 3838688 8511080
1790550195830 0 1499 16 2883085586 2876573504 26174 24062 4523885 4157330 1 55 1459007799 7359363 4131753984 4182016 15470592 18532423 13808572 3323675 3886526 8701543
1790550196852 0 64659 31 2883301610 2876726133 26174 24062 4523885 4157330 1 55 1459065943 7359646 4130476032 240140288 0 18839610 14042809 3382073 3932842 8801506
1790550197877 0 54126 0 2883491868 2876927110 26174 24062 4523885 4157330 1 55 1459124345 7359903 4131639296 204906496 15994880 19145526 14263527 3440129 3974282 8887802
1790550198909 0 74185 0 2883680086 2877095242 26174 24062 4523885 4157330 1 55 1459186741 7360149 4131627008 287698944 0 19433834 14478014 3502015 4033789 9018013
1790550199932 0 78652 55 2883860919 2877271573 26174 24062 4523885 4157330 1 55 1459232393 7360346 4129038336 310296576 17891328 19698254 14669422 3547723 4076917 9115524
1790550200958 0 15193 0 2884036664 2877510808 26174 24062 4523885 4157330 1 55 1459278096 7360552 4128288768 44634112 0 19965684 14856159 3593512 4124565 9241334
1790550201984 0 76988 71 2884229636 2877642051 26174 24062 4523885 4157330 1 55 1459326404 7360758 4126814208 291860480 0 20250982 15065670 3641178 4182435 9328060
1790550203009 0 99338 0 2884427309 2877817345 26174 24062 4523885 4157330 1 55 1459377302 7361014 4125839360 382980096 0 20543155 15285484 3693602 4228092 9408453
1790550204033 0 47616 10 2884599980 2878041799 26174 24062 4523885 4157330 1 55 1459440463 7361273 4126191616 173314048 0 20816746 15489694 3754239 4298978 9569834
1790550205060 0 70451 0 2884797293 2878216053 26174 24062 4523885 4157330 1 55 1459501627 7361561 4126507008 266469376 0 21118239 15719596 3815927 4349394 9693838
1790550206086 0 40453 0 2884981897 2878430811 26174 24062 4523885 4157330 1 55 1459558739 7361844 4127195136 143077376 0 21408188 15932020 3873501 4409780 9820335
1790550207107 0 86056 3944 2885185187 2878584707 26174 24062 4523885 4157330 1 55 1459621898 7362145 4127260672 368406528 5279744 21738836 16174928 3937258 4467968 9893970
1790550208128 0 70092 1899 2885361242 2878778804 26174 24062 4523885 4157330 1 55 1459665167 7362365 4125466624 287637504 18919424 21998112 16375146 3979936 4504817 10028459
1790550209154 0 56166 0 2885537784 2878970984 26174 24062 4523885 4157330 1 55 1459718074 7362590 4125253632 209350656 0 22278511 16579531 4032337 4560152 10155092
1790550210180 0 84868 0 2885740724 2879145182 26174 24062 4523885 4157330 1 55 1459768832 7362836 4125241344 325328896 0 22571187 16808566 4082710 4627825 10312628
1790550211203 0 27389 1642 2885913709 2879374143 26174 24062 4523885 4157330 1 55 1459812172 7363064 4124311552 107937792 50331648 22835502 17009124 4128471 4681614 10466428
1790550212226 0 140398 0 2886138467 2879487447 26174 24062 4523885 4157330 1 55 1459872306 7363363 4124184576 552931328 0 23154933 17260990 4186452 4750222 10547829
1790550213253 0 97959 0 2886320482 2879711805 26174 24062 4523885 4157330 1 55 1459921688 7363634 4124852224 375697408 0 23419629 17469198 4236965 4805738 10674051
1790550214279 0 139854 0 2886524212 2879873754 26174 24062 4523885 4157330 1 55 1459995655 7363950 4126466048 551817216 0 23735742 17720246 4310431 4868509 10783233
1790550215304 0 44431 9 2886684979 2880129817 26174 24062 4523885 4157330 1 55 1460041702 7364160 4126941184 162045952 0 23971072 17901757 4353051 4911109 10956913
1790550216329 0 29709 0 2886876883 2880336597 26174 24062 4523885 4157330 1 55 1460085261 7364425 4126453760 100560896 0 24254708 18113005 4400542 4962725 11073387
1790550217353 0 64979 59 2887068095 2880492413 26174 24062 4523885 4157330 1 55 1460140008 7364695 4126380032 258371584 10706944 24549947 18332768 4456306 5017865 11173303
1790550218390 0 65918 5 2887257589 2880680970 26174 24062 4523885 4157330 1 55 1460195397 7364933 4126416896 246616064 28688384 24828722 18547561 4509725 5075723 11320864
1790550219422 0 129035 0 2887468171 2880828512 26174 24062 4523885 4157330 1 55 1460240197 7365187 4124938240 502550528 0 25114987 18762680 4555470 5129783 11413560
1790550220444 0 87424 5037 2887629358 2881026858 26174 24062 4523885 4157330 1 55 1460283908 7365410 4124958720 372465664 38834176 25355930 18943541 4599706 5195208 11599583
1790550221469 0 31492 54 2887795261 2881253179 26174 24062 4523885 4157330 1 55 1460332157 7365613 4125446144 104525824 0 25598215 19126938 4646419 5234589 11753322
1790550222494 0 68029 1425 2888007969 2881427954 26174 24062 4523885 4157330 1 55 1460383599 7365885 4124753920 291409920 0 25907291 19362078 4699382 5300746 11886734
1790550223517 0 101320 0 2888212450 2881600607 26174 24062 4523885 4157330 1 55 1460443243 7366180 4124880896 397053952 0 26211396 19585503 4757536 5347143 11977539
1790550224537 0 97347 5479 2888398591 2881785200 26174 24062 4523885 4157330 1 55 1460497185 7366442 4125581312 396419072 49094656 26500915 19801728 4812969 5413394 12123688
1790550225569 0 35064 65 2888557061 2882011440 26174 24062 4523885 4157330 1 55 1460554184 7366678 4126208000 120078336 0 26742514 19980995 4868943 5485071 12347293
1790550226598 0 15805 18 2888731235 2882204672 26174 24062 4523885 4157330 1 55 1460605319 7366931 4126818304 41934848 0 27005354 20180920 4919283 5547795 12505288
1790550227621 0 87354 11195 2888940145 2882330958 26174 24062 4523885 4157330 1 55 1460673498 7367276 4127027200 433356800 7118848 27347252 20426018 4988848 5621928 12598649
1790550228642 0 101473 0 2889117203 2882505125 26174 24062 4523885 4157330 1 55 1460718274 7367531 4126404608 392683520 0 27596606 20614986 5034601 5689210 12765525
1790550229665 0 82210 0 2889288636 2882695713 26174 24062 4523885 4157330 1 55 1460772227 7367812 4125466624 326619136 25223168 27873345 20813714 5088072 5744201 12904606
1790550230690 0 85447 68 2889472332 2882876184 26174 24062 4523885 4157330 1 55 1460830820 7368088 4125786112 343035904 6352896 28152898 21027747 5147120 5804792 13035598
1790550231729 0 60133 1030 2889655279 2883083559 26174 24062 4523885 4157330 1 55 1460889367 7368368 4125597696 285638656 2056192 28428188 21240712 5204131 5866085 13165893
1790550232758 0 86790 1 2889847627 2883250178 26174 24062 4523885 4157330 1 55 1460942309 7368642 4124884992 332144640 0 28704715 21453118 5257082 5923184 13330170
1790550233782 0 27250 12045 2890009043 2883459191 26174 24062 4523885 4157330 1 55 1460984200 7368860 4124110848 151289856 34738176 28952515 21639709 5300032 5971005 13452501
1790550234802 0 51748 11589 2890192567 2883618734 26174 24062 4523885 4157330 1 55 1461041792 7369172 4124049408 234856448 46460928 29244203 21856242 5358092 6046459 13595690
1790550235821 0 63572 1571 2890380751 2883805047 26174 24062 4523885 4157330 1 55 1461101940 7369473 4124725248 258080768 41127936 29530786 22077029 5418236 6103558 13718696
1790550236842 0 4058 0 2890553486 2884038699 26174 24062 4523885 4157330 1 55 1461154814 7369757 4124327936 10592256 7872512 29788442 22273909 5470157 6160565 13894122
1790550237869 0 57251 7592 2890764911 2884189402 26174 24062 4523885 4157330 1 55 1461211387 7370104 4124237824 282779648 0 30101675 22515389 5526210 6229526 14033750
1790550238894 0 91370 9123 2890970227 2884359333 26174 24062 4523885 4157330 1 55 1461272622 7370415 4124901376 451350528 9248768 30420027 22753299 5588939 6296494 14149888
1790550239915 0 39947 5078 2891147804 2884592202 26174 24062 4523885 4157330 1 55 1461328161 7370720 4125003776 203956224 7266304 30684756 22957621 5643934 6358659 14293272
1790550240939 0 91722 0 2891360628 2884758183 26174 24062 4523885 4157330 1 55 1461382411 7371042 4125331456 351379456 0 30985881 23184978 5696194 6422823 14456256
1790550241964 0 10352 517 2891525052 2885003939 26174 24062 4523885 4157330 1 55 1461430909 7371289 4126347264 60043264 3350528 31241094 23372240 5746220 6477261 14637058
1790550242990 0 145182 0 2891769699 2885113985 26174 24062 4523885 4157330 1 55 1461506024 7371719 4126101504 571486208 0 31608661 23653785 5821728 6548690 14714272
1790550244012 0 52265 63 2891929939 2885367043 26174 24062 4523885 4157330 1 55 1461554234 7371983 4125966336 198139904 0 31868822 23838778 5870091 6598187 14866771
1790550245053 0 113052 0 2892142397 2885518724 26174 24062 4523885 4157330 1 55 1461612896 7372309 4126060544 438329344 0 32187036 24073581 5927653 6654227 14982170
1790550246094 0 68789 731 2892306165 2885726056 26174 24062 4523885 4157330 1 55 1461666352 7372582 4125929472 261865472 0 32446903 24263030 5980091 6748285 15232512
1790550247136 0 73251 626 2892500773 2885916507 26174 24062 4523885 4157330 1 55 1461722364 7372898 4125077504 316510208 2211840 32736867 24479195 6036323 6810703 15384915
1790550248180 0 91048 1 2892704468 2886102921 26174 24062 4523885 4157330 1 55 1461792755 7373239 4125945856 347336704 0 33064330 24724366 6106546 6868563 15506379
1790550249216 0 145365 0 2892913714 2886257726 26174 24062 4523885 4157330 1 55 1461851150 7373542 4125716480 572284928 0 33386073 24962313 6165913 6932531 15644179
1790550250241 0 73851 0 2893084136 2886499631 26174 24062 4523885 4157330 1 55 1461905164 7373845 4126478336 279011328 0 33666572 25167631 6220951 6984998 15763418
1790550251267 0 92150 40 2893282920 2886680092 26174 24062 4523885 4157330 1 55 1461961845 7374143 4125696000 356741120 0 33969794 25390593 6273912 7051469 15951978
1790550252295 0 25717 39 2893451892 2886915493 26174 24062 4523885 4157330 1 55 1462011062 7374391 4125478912 79654912 0 34237014 25586451 6326349 7117067 16206835
1790550253319 0 71016 4787 2893624897 2887038662 26174 24062 4523885 4157330 1 55 1462059643 7374642 4125204480 282157056 59412480 34494129 25784629 6375432 7174006 16313057
1790550254337 0 57102 1087 2893816187 2887247375 26174 24062 4523885 4157330 1 55 1462113610 7374946 4124405760 231632896 38395904 34783646 26000460 6429396 7241198 16494783
1790550255356 0 58064 0 2893996516 2887427950 26174 24062 4523885 4157330 1 55 1462171408 7375254 4125630464 223092736 0 35069755 26213065 6487197 7313587 16656761
1790550256378 0 102647 1409 2894180736 2887566199 26174 24062 4523885 4157330 1 55 1462231025 7375561 4126195712 414171136 40865792 35371601 26435764 6547322 7375247 16776380
1790550257400 0 31649 818 2894344686 2887801601 26174 24062 4523885 4157330 1 55 1462288835 7375817 4126212096 153784320 2478080 35629094 26630722 6603606 7437127 16997902
1790550258423 0 66176 24 2894550558 2887973830 26174 24062 4523885 4157330 1 55 1462351047 7376149 4125900800 247799808 0 35939983 26864969 6666837 7513087 17167550
1790550259447 0 78545 12481 2894743264 2888141707 26174 24062 4523885 4157330 1 55 1462399421 7376437 4124246016 404635648 0 36242191 27088531 6715207 7572420 17289147
1790550260471 0 65791 655 2894928449 2888351292 26174 24062 4523885 4157330 1 55 1462453411 7376733 4124549120 302833664 2301952 36522738 27302797 6767677 7621071 17445396
1790550261500 0 77214 0 2895111978 2888524185 26174 24062 4523885 4157330 1 55 1462503959 7376998 4123865088 296976384 0 36781365 27509476 6817611 7670474 17558680
1790550262531 0 47772 6200 2895295804 2888731214 26174 24062 4523885 4157330 1 55 1462558759 7377273 4124286976 270786560 4702208 37069064 27723011 6874117 7744721 17706735
1790550263559 0 82521 0 2895490162 2888897188 26174 24062 4523885 4157330 1 55 1462620180 7377581 4125794304 332029952 32915456 37381332 27954957 6936035 7800183 17802805
1790550264579 0 71905 0 2895663249 2889080618 26174 24062 4523885 4157330 1 55 1462677228 7377856 4126228480 288235520 15511552 37652973 28161779 6992525 7862776 17953505
1790550265601 0 64251 16312 2895842537 2889251338 26174 24062 4523885 4157330 1 55 1462725588 7378124 4125433856 341032960 9347072 37927879 28360786 7041392 7924916 18074061
1790550266621 0 72976 725 2896028670 2889444337 26174 24062 4523885 4157330 1 55 1462780632 7378404 4124540928 296828928 41115648 38208702 28566974 7096421 7990152 18237028
1790550267647 0 20188 2 2896204682 2889673917 26174 24062 4523885 4157330 1 55 1462822700 7378653 4123033600 61284352 0 38451794 28751248 7138086 8037296 18380757
1790550268675 0 73447 0 2896412920 2889828746 26174 24062 4523885 4157330 1 55 1462874744 7378951 4122447872 276729856 0 38766414 28986737 7190534 8090474 18490145
1790550269713 0 98937 1 2896616459 2890007031 26174 24062 4523885 4157330 1 55 1462933935 7379286 4122398720 384761856 0 39066891 29216914 7246079 8145017 18597419
1790550270741 0 101882 0 2896797851 2890185463 26174 24062 4523885 4157330 1 55 1462991113 7379553 4122972160 401055744 0 39346622 29430298 7306923 8217057 18725660
1790550271765 0 90222 33 2896985110 2890384282 26174 24062 4523885 4157330 1 55 1463048206 7379846 4124237824 348315648 0 39631979 29647123 7363820 8276859 18845287
1790550272786 0 65340 5265 2897161295 2890580279 26174 24062 4523885 4157330 1 55 1463094477 7380142 4122943488 263184384 53956608 39904417 29846297 7410340 8333741 18964974
1790550273808 0 43141 2904 2897338207 2890781899 26174 24062 4523885 4157330 1 55 1463150087 7380397 4123324416 223739904 3874816 40178267 30050493 7466382 8374447 19081868
1790550274831 0 99418 9184 2897542177 2890923383 26174 24062 4523885 4157330 1 55 1463216273 7380741 4123848704 402862080 65015808 40495972 30289208 7532064 8441002 19231555
1790550275861 0 64862 0 2897705353 2891129841 26174 24062 4523885 4157330 1 55 1463261533 7380983 4123570176 240168960 0 40733491 30463485 7576828 8491151 19375406
1790550276888 0 96185 13725 2897893412 2891273098 26174 24062 4523885 4157330 1 55 1463329944 7381346 4124622848 479436800 4067328 41046426 30699507 7645733 8571064 19527846
1790550277907 0 9371 2048 2898044557 2891522547 26174 24062 4523885 4157330 1 55 1463368785 7381584 4123963392 48230400 26378240 41286300 30870283 7684812 8617426 19677476
1790550278932 0 128857 0 2898280594 2891641151 26174 24062 4523885 4157330 1 55 1463438422 7381955 4123799552 504496128 0 41651793 31140584 7752954 8702529 19816901
1790550279960 0 100593 2496 2898445045 2891831575 26174 24062 4523885 4157330 1 55 1463486717 7382243 4123369472 414494720 0 41891750 31327325 7801546 8762869 19965403
1790550280986 0 109044 1 2898632036 2892012287 26174 24062 4523885 4157330 1 55 1463541948 7382550 4122968064 424165376 0 42166328 31543023 7856771 8816993 20075258
1790550282011 0 105897 11 2898808137 2892191540 26174 24062 4523885 4157330 1 55 1463593429 7382880 4124037120 411828224 0 42435971 31748858 7909242 8868855 20197114
1790550283053 0 8432 0 2898969345 2892450297 26174 24062 4523885 4157330 1 55 1463654620 7383194 4124962816 8654848 0 42694359 31946784 7966872 8943122 20427585
1790550284086 0 80621 4073 2899177344 2892582096 26174 24062 4523885 4157330 1 55 1463718507 7383584 4125646848 326057984 63541248 43022147 32194600 8034806 9009569 20504400
1790550285109 0 73494 1 2899354130 2892770079 26174 24062 4523885 4157330 1 55 1463775011 7383894 4126232576 273747968 0 43297074 32399407 8089818 9071326 20673525
1790550286135 0 101119 50 2899518140 2892906471 26174 24062 4523885 4157330 1 55 1463822117 7384177 4126240768 399446016 8810496 43560889 32591800 8138438 9149199 20876043
1790550287178 0 54464 58 2899651957 2893086786 26174 24062 4523885 4157330 1 55 1463865858 7384417 4125675520 200044544 22966272 43756176 32737465 8181640 9202372 21165237
1790550288231 0 35646 3795 2899815935 2893266174 26174 24062 4523885 4157330 1 55 1463923396 7384712 4125941760 158412800 0 44014769 32935692 8239178 9269894 21317950
1790550289253 0 101042 0 2900030633 2893419027 26174 24062 4523885 4157330 1 55 1463986096 7385065 4125323264 417058816 3358720 44363605 33187713 8300588 9343452 21437765
1790550290276 0 94326 0 2900218745 2893613782 26174 24062 4523885 4157330 1 55 1464050243 7385379 4126351360 365285376 0 44673408 33410103 8364069 9419399 21575099
1790550291300 0 78 0 2900289987 2893779406 26174 24062 4523885 4157330 1 55 1464101382 7385623 4152991744 131072 0 44810420 33519476 8415655 9443695 21600447
1790550292321 0 112 0 2900290021 2893779406 26174 24062 4523885 4157330 1 55 1464251271 7386379 4156223488 131072 0 44974214 33668557 8565525 9555979 21654258
1790550293341 0 133 0 2900290042 2893779406 26174 24062 4523885 4157330 1 55 1464392333 7386974 4162457600 131072 0 45155268 33808669 8707159 9614738 21675706
1790550294366 0 161 0 2900290070 2893779406 26174 24062 4523885 4157330 1 55 1464504037 7387268 4163362816 126976 0 45310052 33920042 8820334 9683482 21704937
