1790551594512 0 0 0 3034585694 3028068550 26174 24062 4523885 4157330 1 55 1507714230 7595406 - - - - - - - -
1790551595546 0 130480 0 3034812471 3028164733 26174 24062 4523885 4157330 1 55 1507714237 7595527 896090112 513339392 0 0 0 7 0 3036
1790551596566 0 149415 3017 3035032804 3028363136 26174 24062 4523885 4157330 1 55 1507714237 7595528 1811795968 631193600 7356416 0 0 7 0 14066
1790551597587 0 120160 0 3035263960 3028626557 26174 24062 4523885 4157330 1 55 1507714237 7595529 2744877056 475308032 0 0 0 7 0 30900
1790551598607 0 104568 2310 3035495863 3028871833 26174 24062 4523885 4157330 1 55 1507714237 7595529 3692781568 435023872 15769600 0 0 7 0 62758
1790551599629 0 103634 2877 3035696600 3029072886 26174 24062 4523885 4157330 1 55 1507714779 7595534 4159295488 452648960 9441280 178266 87950 507 45479 81731
1790551600649 0 51524 0 3035842391 3029273637 26174 24062 4523885 4157330 1 55 1507725889 7595545 4158869504 197656576 0 420188 243656 11625 143839 135248
1790551601670 0 122128 0 3036021463 3029382181 26174 24062 4523885 4157330 1 55 1507739044 7595564 4157718528 487538688 0 679557 435409 24302 290805 163654
1790551602689 0 126500 16250 3036169879 3029510048 26174 24062 4523885 4157330 1 55 1507756208 7595590 4157804544 591044608 30900224 901675 603371 41547 372350 231132
1790551603709 0 102803 0 3036302310 3029682213 26174 24062 4523885 4157330 1 55 1507775161 7595674 4158373888 407654400 0 1121400 751104 60384 493998 330456
1790551604729 0 106080 0 3036435554 3029812261 26174 24062 4523885 4157330 1 55 1507807399 7595858 4159922176 425201664 0 1395794 915905 91601 609186 369668
1790551605749 0 63557 0 3036554826 3029974039 26174 24062 4523885 4157330 1 55 1507848825 7596042 4162760704 247369728 0 1618372 1074800 133532 687756 455118
1790551606768 0 139599 0 3036697298 3030040617 26174 24062 4523885 4157330 1 55 1507901069 7596259 4166635520 558092288 0 1884736 1268685 186347 788298 489783
1790551607789 0 115584 0 3036806439 3030173719 26174 24062 4523885 4157330 1 55 1507944906 7596405 4169613312 467558400 0 2086138 1421463 229157 926316 626390
1790551608809 0 94411 0 3036918477 3030306796 26174 24062 4523885 4157330 1 55 1507985991 7596585 4171689984 380788736 0 2296311 1573179 269744 1039450 761252
1790551609834 0 128654 2785 3037045923 3030397337 26174 24062 4523885 4157330 1 55 1508027621 7596790 4173778944 550649856 24072192 2559122 1743645 312873 1147467 839426
1790551610866 0 24830 11597 3037115281 3030561710 26174 24062 4523885 4157330 1 55 1508068695 7596937 4176097280 101388288 47620096 2717064 1854268 354423 1224236 1027932
1790551611890 0 142315 0 3037259685 3030600152 26174 24062 4523885 4157330 1 55 1508122507 7597143 4176805888 572440576 0 2996254 2048256 407258 1388934 1055943
1790551612910 0 123286 0 3037369667 3030729176 26174 24062 4523885 4157330 1 55 1508162567 7597306 4176719872 497668096 0 3221518 2198241 446800 1554969 1240783
1790551613949 0 93854 0 3037467148 3030856152 26174 24062 4523885 4157330 1 55 1508211328 7597446 4177108992 389636096 72228864 3435549 2345873 496033 1643838 1364273
1790551614980 0 148619 0 3037582303 3030916568 26174 24062 4523885 4157330 1 55 1508272093 7597638 4178141184 597413888 0 3690134 2519559 557321 1799129 1435536
1790551616005 0 45008 5506 3037656542 3031088843 26174 24062 4523885 4157330 1 55 1508308015 7597748 4178440192 212443136 30875648 3854696 2631725 593743 1893809 1703195
1790551617033 0 119152 0 3037778157 3031141808 26174 24062 4523885 4157330 1 55 1508364788 7597934 4179251200 477544448 0 4106786 2806548 649490 2065359 1789257
1790551618060 0 105361 2077 3037873914 3031249494 26174 24062 4523885 4157330 1 55 1508427806 7598117 4180746240 437583872 31780864 4352711 2967049 713581 2112173 1831742
1790551619088 0 53712 3734 3037957461 3031383000 26174 24062 4523885 4157330 1 55 1508475063 7598267 4181647360 248053760 22261760 4549864 3097514 760789 2257636 2028848
1790551620115 0 102251 0 3038061454 3031442042 26174 24062 4523885 4157330 1 55 1508549906 7598459 4183035904 407494656 0 4806297 3273376 835106 2408840 2226709
1790551621139 0 145172 6138 3038167637 3031499143 26174 24062 4523885 4157330 1 55 1508632924 7598687 4184440832 624701440 0 5094770 3463111 918163 2516657 2296345
1790551622159 0 53300 0 3038225227 3031654750 26174 24062 4523885 4157330 1 55 1508694455 7598834 4186181632 213782528 0 5266385 3579834 977450 2677760 2592658
1790551623178 0 72295 3265 3038330473 3031737706 26174 24062 4523885 4157330 1 55 1508764971 7599014 4186656768 309866496 7794688 5542078 3758458 1050197 2799344 2715039
1790551624198 0 76062 0 3038420313 3031826994 26174 24062 4523885 4157330 1 55 1508840853 7599202 4187332608 306479104 0 5791734 3920757 1124587 2993212 2808335
1790551625221 0 61310 0 3038510059 3031931517 26174 24062 4523885 4157330 1 55 1508918884 7599401 4187607040 236228608 0 6029810 4081615 1203589 3147656 2918278
1790551626244 0 85119 63 3038614811 3032012554 26174 24062 4523885 4157330 1 55 1508993786 7599576 4187070464 348647424 27750400 6290102 4252388 1278999 3241076 3021558
1790551627264 0 66554 0 3038711287 3032127523 26174 24062 4523885 4157330 1 55 1509071476 7599790 4186812416 265326592 0 6519956 4404918 1355177 3349311 3144560
1790551628285 0 99788 0 3038816356 3032199409 26174 24062 4523885 4157330 1 55 1509154155 7600062 4187217920 403099648 0 6780997 4569705 1438159 3578686 3283671
1790551629304 0 78666 729 3038909061 3032312605 26174 24062 4523885 4157330 1 55 1509239646 7600312 4186824704 322482176 27865088 7032961 4723299 1524870 3763011 3465485
1790551630325 0 86893 32 3039008738 3032404501 26174 24062 4523885 4157330 1 55 1509312265 7600525 4185264128 346685440 0 7258131 4868956 1596970 3812890 3515507
1790551631365 0 62504 29 3039114432 3032534784 26174 24062 4523885 4157330 1 55 1509382604 7600730 4183224320 315817984 1400832 7483792 5012445 1667814 3923409 3665310
1790551632399 0 37654 0 3039210213 3032655381 26174 24062 4523885 4157330 1 55 1509435464 7600891 4180819968 149839872 0 7672641 5125734 1720159 4032570 3815565
1790551633418 0 81536 772 3039324826 3032725386 26174 24062 4523885 4157330 1 55 1509499597 7601077 4177993728 333795328 26529792 7908737 5272410 1785316 4217038 4044421
1790551634441 0 59784 71 3039423034 3032846095 26174 24062 4523885 4157330 1 55 1509574737 7601270 4176158720 263180288 3117056 8127179 5409917 1859947 4263777 4104018
1790551635461 0 88304 0 3039533734 3032928218 26174 24062 4523885 4157330 1 55 1509649648 7601492 4174970880 352874496 0 8373846 5559189 1934375 4365573 4203090
1790551636482 0 63539 5681 3039632069 3033046047 26174 24062 4523885 4157330 1 55 1509715319 7601671 4173041664 296034304 0 8607948 5698179 2000577 4569041 4459927
1790551637503 0 38242 6788 3039734442 3033172400 26174 24062 4523885 4157330 1 55 1509780546 7601861 4171796480 185696256 29331456 8825676 5838887 2066265 4649229 4568901
1790551638522 0 76890 5890 3039842029 3033242084 26174 24062 4523885 4157330 1 55 1509860023 7602078 4170727424 355004416 0 9081900 6000059 2145793 4797365 4709388
1790551639545 0 127024 0 3039955785 3033311552 26174 24062 4523885 4157330 1 55 1509938269 7602295 4169293824 509566976 0 9333581 6162018 2222967 4925067 4805212
1790551640565 0 79625 0 3040044746 3033448005 26174 24062 4523885 4157330 1 55 1510001597 7602464 4168445952 319987712 0 9544424 6292921 2285071 4970914 4876017
1790551641586 0 94282 0 3040154939 3033543426 26174 24062 4523885 4157330 1 55 1510073860 7602659 4167913472 373690368 0 9775591 6449080 2358695 5165857 5094944
1790551642606 0 41614 49 3040249553 3033690779 26174 24062 4523885 4157330 1 55 1510135553 7602830 4166856704 168570880 0 9979460 6585640 2418230 5248326 5245722
1790551643626 0 101470 0 3040370008 3033751401 26174 24062 4523885 4157330 1 55 1510222240 7603071 4166615040 405078016 0 10249950 6770173 2506987 5369057 5330492
1790551644647 0 73820 0 3040461329 3033870412 26174 24062 4523885 4157330 1 55 1510287940 7603254 4166803456 295190528 0 10457682 6910029 2572162 5463229 5477675
1790551645667 0 132883 2117 3040581975 3033929877 26174 24062 4523885 4157330 1 55 1510362163 7603448 4166385664 548343808 0 10720285 7086703 2646358 5655681 5622387
1790551646687 0 67845 1053 3040667974 3034081931 26174 24062 4523885 4157330 1 55 1510419153 7603624 4166811648 277889024 37675008 10911296 7217798 2704873 5786137 5895776
1790551647706 0 47921 50 3040755553 3034190472 26174 24062 4523885 4157330 1 55 1510480284 7603842 4166795264 196284416 23908352 11112872 7353156 2766003 5955829 6123994
1790551648725 0 66200 4599 3040844592 3034256734 26174 24062 4523885 4157330 1 55 1510546247 7604057 4167487488 308621312 0 11304179 7487010 2831451 6118049 6402229
1790551649745 0 98649 2045 3040942382 3034324518 26174 24062 4523885 4157330 1 55 1510603721 7604262 4167581696 415571968 0 11512797 7625017 2888943 6225672 6560959
1790551650766 0 84449 9929 3041039633 3034428095 26174 24062 4523885 4157330 1 55 1510672287 7604469 4167770112 345714688 69750784 11744871 7778315 2958006 6338813 6714335
1790551651785 0 63405 0 3041137332 3034556793 26174 24062 4523885 4157330 1 55 1510736957 7604652 4167925760 253546496 0 11946185 7919703 3020139 6431760 6837158
1790551652805 0 63296 0 3041242894 3034662502 26174 24062 4523885 4157330 1 55 1510805969 7604871 4168237056 250748928 0 12181367 8076653 3090621 6630739 7027880
1790551653832 0 92907 0 3041356673 3034746740 26174 24062 4523885 4157330 1 55 1510878145 7605085 4168622080 373862400 0 12440608 8248104 3161841 6820659 7203342
1790551654856 0 87461 0 3041439522 3034834943 26174 24062 4523885 4157330 1 55 1510937685 7605256 4169109504 351834112 0 12635759 8382755 3221872 7004402 7493035
1790551655876 0 72274 0 3041521830 3034932393 26174 24062 4523885 4157330 1 55 1511008460 7605434 4170244096 292061184 0 12838639 8521877 3292161 7078997 7618858
1790551656896 0 85925 71 3041620615 3035017570 26174 24062 4523885 4157330 1 55 1511085428 7605631 4171919360 343826432 0 13077494 8685482 3369116 7200617 7754855
1790551657917 0 45373 0 3041709806 3035147158 26174 24062 4523885 4157330 1 55 1511152141 7605814 4172709888 179253248 0 13305595 8828757 3435835 7259383 7856887
1790551658937 0 79506 0 3041817858 3035221221 26174 24062 4523885 4157330 1 55 1511227557 7606019 4172673024 317116416 0 13572560 8998893 3511771 7414634 7970899
1790551659957 0 101848 0 3041928491 3035309459 26174 24062 4523885 4157330 1 55 1511303273 7606224 4172410880 410796032 0 13825753 9172626 3587687 7639093 8174442
1790551660979 0 73974 3071 3042022635 3035428479 26174 24062 4523885 4157330 1 55 1511371526 7606424 4172496896 344875008 0 14063052 9328180 3656740 7813669 8382261
1790551662001 0 113696 0 3042133211 3035502358 26174 24062 4523885 4157330 1 55 1511444853 7606647 4173090816 453849088 0 14305887 9495962 3729296 7925811 8485072
1790551663022 0 55727 24 3042220994 3035648057 26174 24062 4523885 4157330 1 55 1511518721 7606844 4174295040 217067520 0 14531598 9648006 3803980 8058104 8640018
1790551664042 0 76268 11 3042323663 3035730107 26174 24062 4523885 4157330 1 55 1511596451 7607047 4175900672 308604928 0 14792647 9822594 3880666 8257455 8821460
1790551665062 0 68366 0 3042416371 3035830662 26174 24062 4523885 4157330 1 55 1511664156 7607231 4176142336 274288640 0 15020787 9975257 3948399 8383914 8957489
1790551666082 0 69320 1 3042512486 3035925996 26174 24062 4523885 4157330 1 55 1511750281 7607458 4176601088 281853952 0 15270447 10143242 4032538 8629552 9158629
1790551667102 0 60634 39 3042607534 3036029579 26174 24062 4523885 4157330 1 55 1511815828 7607673 4177174528 241152000 0 15483578 10289925 4100018 8788706 9344495
1790551668123 0 65902 15 3042710062 3036127090 26174 24062 4523885 4157330 1 55 1511902537 7607871 4177997824 259149824 0 15757870 10462952 4187254 8907864 9408302
1790551669142 0 101920 0 3042803819 3036184646 26174 24062 4523885 4157330 1 55 1511978529 7608103 4178624512 409391104 0 15989625 10621198 4263247 9119237 9647112
1790551670162 0 79778 40 3042906687 3036309708 26174 24062 4523885 4157330 1 55 1512050423 7608353 4177072128 324689920 34934784 16226100 10784052 4336142 9352419 9885109
1790551671182 0 74461 0 3043004984 3036413282 26174 24062 4523885 4157330 1 55 1512113741 7608555 4176437248 298754048 0 16456882 10923868 4397489 9531883 10094210
1790551672202 0 84887 0 3043108944 3036506920 26174 24062 4523885 4157330 1 55 1512192344 7608781 4176642048 341217280 0 16707479 11090900 4476529 9626539 10116649
1790551673223 0 36667 1241 3043204141 3036649083 26174 24062 4523885 4157330 1 55 1512263176 7609009 4175925248 175411200 0 16911477 11237680 4548406 9734608 10251995
1790551674243 0 129821 0 3043335259 3036688308 26174 24062 4523885 4157330 1 55 1512345753 7609272 4174991360 521048064 0 17188420 11417741 4629965 9873981 10308837
1790551675263 0 75315 53 3043429435 3036836930 26174 24062 4523885 4157330 1 55 1512411434 7609474 4174221312 335261696 13025280 17403621 11560393 4697185 10058300 10549050
1790551676282 0 85340 0 3043528759 3036926234 26174 24062 4523885 4157330 1 55 1512491793 7609723 4174135296 340946944 0 17635178 11711353 4775496 10229498 10718610
1790551677303 0 107674 0 3043639327 3037014442 26174 24062 4523885 4157330 1 55 1512574796 7609972 4173160448 430903296 0 17890042 11878819 4859666 10380318 10834522
1790551678323 0 47722 65 3043733739 3037168811 26174 24062 4523885 4157330 1 55 1512630375 7610170 4172009472 185999360 0 18097887 12011227 4915116 10454945 10983421
1790551679344 0 105614 48 3043852242 3037229461 26174 24062 4523885 4157330 1 55 1512725309 7610435 4171583488 422322176 0 18376671 12191681 5009513 10637303 11083833
1790551680364 0 116747 0 3043962919 3037328982 26174 24062 4523885 4157330 1 55 1512811496 7610689 4170969088 467763200 0 18618332 12358341 5096702 10768620 11216159
1790551681384 0 110994 0 3044068945 3037440787 26174 24062 4523885 4157330 1 55 1512880266 7610904 4169674752 448229376 0 18847643 12508680 5164320 10977998 11444872
1790551682405 0 64214 0 3044179032 3037597616 26174 24062 4523885 4157330 1 55 1512941400 7611121 4167946240 291282944 11489280 19078993 12656857 5227120 11160348 11702805
1790551683428 0 78183 0 3044289082 3037693762 26174 24062 4523885 4157330 1 55 1513017038 7611365 4167106560 313995264 0 19315371 12817473 5301032 11301167 11884546
1790551684453 0 78349 3358 3044394614 3037795727 26174 24062 4523885 4157330 1 55 1513095361 7611604 4166787072 334372864 0 19553992 12978466 5379549 11379507 11963026
1790551685473 0 85116 70 3044514457 3037912094 26174 24062 4523885 4157330 1 55 1513160058 7611833 4165025792 344276992 25571328 19799326 13138299 5445803 11510524 12081257
1790551686493 0 112044 0 3044615318 3037986040 26174 24062 4523885 4157330 1 55 1513224372 7612039 4164632576 446197760 0 20023094 13285449 5509947 11612910 12195981
1790551687514 0 80562 0 3044709975 3038112186 26174 24062 4523885 4157330 1 55 1513303524 7612295 4165287936 324657152 17264640 20251004 13439594 5588793 11796591 12430253
1790551688534 0 84413 0 3044824172 3038222574 26174 24062 4523885 4157330 1 55 1513378563 7612569 4164956160 335110144 0 20488221 13606558 5663757 11982894 12626421
1790551689553 0 80629 7180 3044927087 3038322111 26174 24062 4523885 4157330 1 55 1513455030 7612807 4165292032 378396672 13881344 20733603 13768434 5740749 12108582 12744026
1790551690573 0 66257 0 3045019385 3038436027 26174 24062 4523885 4157330 1 55 1513525357 7613075 4166004736 264421376 0 20944003 13910272 5809566 12284377 12981812
1790551691593 0 47724 0 3045117742 3038552881 26174 24062 4523885 4157330 1 55 1513596420 7613340 4165935104 186097664 0 21169805 14067334 5881647 12499191 13197743
1790551692612 0 91796 0 3045230554 3038621547 26174 24062 4523885 4157330 1 55 1513669822 7613607 4165423104 364789760 0 21420928 14233930 5955096 12595499 13280728
1790551693632 0 84353 0 3045330348 3038728865 26174 24062 4523885 4157330 1 55 1513751004 7613892 4166598656 334786560 0 21664475 14402524 6036218 12762606 13447981
1790551694653 0 71319 0 3045429092 3038840612 26174 24062 4523885 4157330 1 55 1513825669 7614145 4166320128 282898432 0 21888032 14555888 6110375 12943327 13667923
1790551695675 0 79760 0 3045491916 3038895019 26174 24062 4523885 4157330 1 55 1513870887 7614319 4166025216 324395008 0 22033112 14652644 6156194 13039235 13861485
1790551696697 0 80094 0 3045593825 3038996554 26174 24062 4523885 4157330 1 55 1513933510 7614530 4164997120 325734400 3158016 22267373 14801409 6218204 13236754 14068214
1790551697718 0 60434 0 3045693121 3039115536 26174 24062 4523885 4157330 1 55 1514008426 7614799 4165881856 232681472 0 22499206 14958553 6294174 13340780 14223822
1790551698738 0 75161 0 3045799170 3039206858 26174 24062 4523885 4157330 1 55 1514092295 7615075 4167081984 301465600 0 22746912 15132220 6375480 13539601 14407286
1790551699758 0 92352 0 3045902525 3039293030 26174 24062 4523885 4157330 1 55 1514169238 7615336 4167827456 374108160 0 23002649 15300122 6452984 13781095 14601133
1790551700778 0 57904 0 3045992142 3039417148 26174 24062 4523885 4157330 1 55 1514230895 7615542 4168220672 244793344 17715200 23227192 15440950 6516102 13865102 14755452
1790551701798 0 85323 0 3046094487 3039492104 26174 24062 4523885 4157330 1 55 1514321028 7615838 4169543680 342507520 0 23486986 15619427 6604941 13959463 14827118
1790551702819 0 65295 0 3046186377 3039603818 26174 24062 4523885 4157330 1 55 1514400290 7616095 4169805824 256118784 0 23720219 15777023 6685511 14078139 15015484
1790551703840 0 81408 0 3046290538 3039691974 26174 24062 4523885 4157330 1 55 1514479515 7616366 4170330112 329265152 0 23980447 15947121 6762034 14265388 15196524
1790551704859 0 77304 17 3046387133 3039792607 26174 24062 4523885 4157330 1 55 1514547186 7616619 4170383360 315740160 1536000 24208456 16099837 6831883 14463690 15471835
1790551705880 0 91104 0 3046463411 3039855062 26174 24062 4523885 4157330 1 55 1514606114 7616832 4171022336 358207488 0 24382636 16218933 6891358 14542162 15696888
1790551706900 0 75454 0 3046552364 3039959716 26174 24062 4523885 4157330 1 55 1514664177 7617061 4169916416 303960064 0 24577968 16352250 6947341 14704120 15969925
1790551707920 0 90928 0 3046663330 3040055092 26174 24062 4523885 4157330 1 55 1514740135 7617359 4169715712 367468544 0 24836571 16522289 7023871 14886648 16162768
1790551708939 0 55246 0 3046764556 3040192155 26174 24062 4523885 4157330 1 55 1514805389 7617620 4169711616 226820096 21991424 25066211 16675575 7091107 15085832 16431735
1790551709959 0 82627 0 3046870985 3040271136 26174 24062 4523885 4157330 1 55 1514892596 7617922 4170592256 334020608 0 25312232 16846567 7176334 15308842 16612057
1790551710980 0 63557 1388 3046971846 3040389744 26174 24062 4523885 4157330 1 55 1514969341 7618217 4171063296 277327872 7393280 25542354 17007107 7255109 15478008 16810744
1790551711999 0 101036 10585 3047069098 3040440451 26174 24062 4523885 4157330 1 55 1515048177 7618489 4171440128 482574336 0 25785424 17164342 7332874 15603376 16952881
1790551713019 0 70215 2043 3047160310 3040570717 26174 24062 4523885 4157330 1 55 1515096411 7618683 4170584064 285659136 28844032 25984246 17288311 7382172 15693352 17122996
1790551714038 0 72319 1 3047263574 3040674027 26174 24062 4523885 4157330 1 55 1515173458 7618996 4170534912 280186880 0 26223605 17447241 7459213 15805815 17213557
1790551715057 0 63600 35 3047371763 3040790909 26174 24062 4523885 4157330 1 55 1515236610 7619252 4169195520 252284928 0 26442637 17602109 7521120 15949902 17411048
1790551716078 0 94228 0 3047479420 3040867957 26174 24062 4523885 4157330 1 55 1515311325 7619549 4168282112 377384960 0 26699622 17768901 7596082 16054684 17500595
1790551717098 0 88893 0 3047584882 3040978760 26174 24062 4523885 4157330 1 55 1515384628 7619840 4168744960 357752832 0 26947663 17927690 7667983 16215578 17673262
1790551718118 0 79414 439 3047683036 3041086379 26174 24062 4523885 4157330 1 55 1515459418 7620133 4169228288 371601408 0 27182727 18085596 7744652 16400621 17894482
1790551719138 0 52463 0 3047789163 3041219542 26174 24062 4523885 4157330 1 55 1515517859 7620364 4168433664 204189696 0 27403163 18228137 7803085 16572338 18118336
1790551720158 0 110719 0 3047909021 3041281177 26174 24062 4523885 4157330 1 55 1515598789 7620668 4168441856 440848384 0 27667828 18399140 7884049 16774378 18255871
1790551721179 0 96694 0 3048012882 3041399120 26174 24062 4523885 4157330 1 55 1515672785 7620948 4168310784 387727360 0 27903390 18556517 7957487 16931465 18445452
1790551722199 0 89332 0 3048101999 3041495531 26174 24062 4523885 4157330 1 55 1515735689 7621168 4167303168 355295232 0 28111254 18691307 8020407 17036329 18590065
1790551723219 0 68630 586 3048210539 3041624217 26174 24062 4523885 4157330 1 55 1515807972 7621439 4166967296 319053824 0 28351126 18843996 8093212 17246791 18819283
1790551724239 0 55173 0 3048312021 3041739753 26174 24062 4523885 4157330 1 55 1515881319 7621693 4166864896 217694208 0 28570778 18997164 8165005 17353181 18989745
1790551725260 0 59106 41 3048412452 3041836135 26174 24062 4523885 4157330 1 55 1515956485 7621984 4166225920 233570304 0 28798626 19151277 8239659 17457450 19096414
1790551726290 0 83579 43 3048528267 3041927487 26174 24062 4523885 4157330 1 55 1516029332 7622243 4165918720 331546624 0 29049735 19314441 8313739 17628150 19221053
1790551727313 0 58182 0 3048624941 3042049703 26174 24062 4523885 4157330 1 55 1516104595 7622514 4166148096 260378624 12238848 29281490 19469229 8389805 17847056 19439425
1790551728332 0 91844 0 3048733494 3042124596 26174 24062 4523885 4157330 1 55 1516187570 7622820 4166746112 371986432 0 29528756 19636090 8470887 18004624 19583192
1790551729352 0 80323 0 3048835912 3042238498 26174 24062 4523885 4157330 1 55 1516266307 7623093 4166848512 324657152 0 29764468 19796620 8549540 18150386 19787419
1790551730375 0 58087 0 3048931723 3042356477 26174 24062 4523885 4157330 1 55 1516342097 7623382 4167069696 229490688 0 30008784 19948174 8626972 18335918 20040321
1790551731396 0 75858 2 3049034729 3042441628 26174 24062 4523885 4157330 1 55 1516425758 7623697 4167311360 308473856 0 30249289 20111350 8708800 18486705 20195951
1790551732415 0 74157 3286 3049110233 3042516027 26174 24062 4523885 4157330 1 55 1516496629 7623924 4167778304 319893504 0 30454223 20247287 8780368 18552657 20292206
1790551733440 0 68208 0 3049200346 3042615056 26174 24062 4523885 4157330 1 55 1516571664 7624215 4168364032 274956288 0 30685315 20390641 8854272 18731586 20471198
1790551734461 0 64789 0 3049300657 3042718767 26174 24062 4523885 4157330 1 55 1516640058 7624474 4168503296 257327104 0 30930549 20549729 8924864 18939413 20694213
1790551735481 0 81567 2704 3049403548 3042802161 26174 24062 4523885 4157330 1 55 1516713912 7624771 4167421952 375910400 0 31172056 20707106 8999122 19083865 20815529
1790551736502 0 78272 2609 3049506893 3042909270 26174 24062 4523885 4157330 1 55 1516780956 7625050 4166668288 319799296 43241472 31386187 20858299 9066163 19151319 20888375
1790551737522 0 57469 5455 3049595441 3043015767 26174 24062 4523885 4157330 1 55 1516849694 7625300 4167090176 265289728 0 31602492 20998576 9134902 19308112 21058044
1790551738541 0 93769 0 3049698892 3043088042 26174 24062 4523885 4157330 1 55 1516934388 7625624 4168572928 369373184 0 31859437 21168672 9219842 19515577 21252055
1790551739562 0 58109 0 3049789968 3043214793 26174 24062 4523885 4157330 1 55 1517006438 7625889 4168663040 234090496 0 32085303 21318800 9289638 19693687 21477058
1790551740582 0 102582 0 3049906283 3043286620 26174 24062 4523885 4157330 1 55 1517083979 7626173 4168400896 407961600 0 32351394 21492685 9369711 19784761 21537157
1790551741602 0 90605 4 3050003051 3043395319 26174 24062 4523885 4157330 1 55 1517144880 7626408 4167430144 359182336 0 32563033 21633432 9429797 19931216 21738300
1790551742626 0 57571 10909 3050101269 3043515809 26174 24062 4523885 4157330 1 55 1517211679 7626701 4167118848 278724608 46653440 32789857 21787969 9497467 20055583 21877967
1790551743647 0 88139 0 3050204680 3043599433 26174 24062 4523885 4157330 1 55 1517284086 7626973 4167278592 350482432 0 33017423 21941666 9568826 20168445 21990671
1790551744666 0 30922 0 3050300905 3043752879 26174 24062 4523885 4157330 1 55 1517350872 7627213 4168015872 118411264 0 33246272 22093422 9635300 20267771 22171812
1790551745686 0 87509 25 3050382173 3043777539 26174 24062 4523885 4157330 1 55 1517404142 7627443 4167254016 352333824 0 33433193 22216411 9688497 20366865 22330356
1790551746706 0 84779 58 3050473843 3043871917 26174 24062 4523885 4157330 1 55 1517478628 7627675 4167864320 336379904 0 33664489 22367230 9763856 20530163 22475414
1790551747727 0 78496 0 3050575246 3043979728 26174 24062 4523885 4157330 1 55 1517551595 7627977 4167974912 321343488 19251200 33895710 22526761 9836802 20668040 22611356
1790551748747 0 118323 0 3050694101 3044058728 26174 24062 4523885 4157330 1 55 1517624483 7628258 4167516160 475873280 0 34141498 22690346 9908678 20801395 22720414
1790551749767 0 45313 0 3050780538 3044218144 26174 24062 4523885 4157330 1 55 1517679157 7628466 4167327744 176455680 0 34327310 22817106 9963881 20914162 22910824
1790551750786 0 74277 76 3050874123 3044282826 26174 24062 4523885 4157330 1 55 1517742188 7628718 4166385664 304066560 8093696 34542577 22962864 10027396 21113615 23167176
1790551751806 0 83285 0 3050974498 3044374112 26174 24062 4523885 4157330 1 55 1517821212 7629003 4167028736 334802944 0 34768852 23123156 10104936 21298004 23381779
1790551752825 0 140966 0 3051064955 3044406929 26174 24062 4523885 4157330 1 55 1517879777 7629199 4166373376 572854272 0 34956053 23257617 10165546 21411285 23552268
1790551753846 0 66451 54 3051144184 3044560652 26174 24062 4523885 4157330 1 55 1517931255 7629401 4165910528 259387392 0 35136631 23373129 10216469 21507477 23740605
1790551754866 0 53477 0 3051243546 3044672939 26174 24062 4523885 4157330 1 55 1517994445 7629678 4166004736 210665472 0 35361047 23522073 10278431 21709730 24013693
1790551755895 0 81469 0 3051356693 3044758130 26174 24062 4523885 4157330 1 55 1518071458 7629983 4166701056 321167360 0 35615773 23692373 10356287 21828893 24102614
1790551756918 0 110532 0 3051437947 3044810408 26174 24062 4523885 4157330 1 55 1518131746 7630244 4166778880 448053248 0 35804362 23820056 10416443 21967726 24322676
1790551757938 0 80943 45 3051523357 3044925351 26174 24062 4523885 4157330 1 55 1518186112 7630450 4166250496 325468160 0 35983353 23941130 10469328 22062064 24530733
1790551758959 0 105850 0 3051620126 3044997175 26174 24062 4523885 4157330 1 55 1518263669 7630753 4167761920 424570880 0 36219063 24100560 10548935 22246775 24685598
1790551759979 0 49336 0 3051710751 3045144265 26174 24062 4523885 4157330 1 55 1518323261 7631013 4167471104 196038656 0 36422924 24230357 10607394 22360146 24832462
1790551761000 0 78997 1 3051813079 3045217004 26174 24062 4523885 4157330 1 55 1518404877 7631309 4168622080 316977152 0 36676960 24392016 10688517 22560553 24986248
1790551762020 0 91444 1 3051906721 3045298165 26174 24062 4523885 4157330 1 55 1518465494 7631546 4168318976 372682752 0 36883018 24529521 10750708 22672989 25107148
1790551763039 0 86231 8 3052000957 3045397758 26174 24062 4523885 4157330 1 55 1518535620 7631805 4167774208 343826432 0 37105361 24675297 10820319 22860871 25325076
1790551764059 0 91064 0 3052097251 3045489059 26174 24062 4523885 4157330 1 55 1518612131 7632107 4168679424 368357376 0 37349012 24831620 10895304 22977022 25449377
1790551765079 0 42737 0 3052186259 3045626439 26174 24062 4523885 4157330 1 55 1518674771 7632346 4168704000 163151872 0 37563563 24970352 10959479 23198815 25758888
1790551766099 0 94265 0 3052299431 3045688019 26174 24062 4523885 4157330 1 55 1518740552 7632639 4167290880 375619584 0 37807723 25129430 11025300 23356938 25923661
1790551767119 0 67433 0 3052396643 3045812074 26174 24062 4523885 4157330 1 55 1518803513 7632912 4167499776 269922304 0 38034376 25273666 11088230 23474916 26086464
1790551768139 0 94359 0 3052491382 3045879963 26174 24062 4523885 4157330 1 55 1518885875 7633215 4168769536 373358592 0 38269230 25434940 11171657 23590311 26182274
1790551769159 0 68544 86 3052589682 3046003945 26174 24062 4523885 4157330 1 55 1518956242 7633466 4167872512 302739456 9240576 38490879 25584899 11241967 23745359 26374160
1790551770182 0 52051 0 3052681913 3046112815 26174 24062 4523885 4157330 1 55 1519030354 7633740 4168310784 203444224 0 38723336 25728666 11314507 23941397 26607461
1790551771202 0 59541 0 3052787983 3046211320 26174 24062 4523885 4157330 1 55 1519099581 7634024 4168364032 231841792 0 38959767 25883882 11384830 24150506 26821725
1790551772222 0 63931 0 3052882639 3046301540 26174 24062 4523885 4157330 1 55 1519181913 7634325 4167856128 255606784 0 39196545 26048657 11465702 24305421 26967083
1790551773242 0 88233 0 3052995140 3046389770 26174 24062 4523885 4157330 1 55 1519251905 7634619 4167323648 349409280 0 39432518 26211807 11536101 24461561 27144752
1790551774262 0 96957 0 3053100141 3046486129 26174 24062 4523885 4157330 1 55 1519320603 7634887 4166586368 384290816 0 39677924 26368205 11605843 24614129 27304261
1790551775282 0 50901 2 3053196405 3046628319 26174 24062 4523885 4157330 1 55 1519391206 7635179 4167585792 208678912 16400384 39897315 26515853 11675955 24779924 27488128
1790551776302 0 85583 35 3053304888 3046702218 26174 24062 4523885 4157330 1 55 1519466992 7635490 4166815744 342237184 0 40126430 26678763 11751182 24881809 27585794
1790551777323 0 93072 31 3053404790 3046794613 26174 24062 4523885 4157330 1 55 1519535444 7635777 4166889472 376033280 16220160 40366191 26830388 11821207 24981370 27691975
1790551778342 0 82176 0 3053497381 3046898179 26174 24062 4523885 4157330 1 55 1519609456 7636068 4168257536 326250496 0 40590235 26975979 11894153 25154422 27931973
1790551779363 0 81904 28 3053591586 3046992598 26174 24062 4523885 4157330 1 55 1519681846 7636356 4167712768 330723328 0 40815998 27127089 11965023 25299468 28068844
1790551780383 0 37002 1 3053682512 3047128586 26174 24062 4523885 4157330 1 55 1519745044 7636629 4167016448 147791872 0 41026544 27263761 12029227 25390543 28193026
1790551781403 0 94810 28 3053795921 3047184005 26174 24062 4523885 4157330 1 55 1519825125 7636972 4167086080 377827328 0 41285478 27432359 12110356 25563525 28296131
1790551782423 0 79237 0 3053893200 3047296828 26174 24062 4523885 4157330 1 55 1519895956 7637257 4166504448 320364544 0 41504476 27580598 12179664 25740536 28510614
1790551783444 0 72897 14 3053992474 3047402525 26174 24062 4523885 4157330 1 55 1519961859 7637553 4166004736 288194560 0 41724195 27730663 12246798 25943852 28737126
1790551784465 0 92905 0 3054083326 3047473366 26174 24062 4523885 4157330 1 55 1520020771 7637809 4165308416 373288960 0 41911020 27862703 12304983 26145041 29023876
1790551785485 0 31395 0 3054174248 3047625697 26174 24062 4523885 4157330 1 55 1520081903 7638080 4165582848 124026880 0 42120656 27998903 12365609 26353795 29314263
1790551786507 0 55804 27 3054278608 3047705738 26174 24062 4523885 4157330 1 55 1520160717 7638392 4166471680 224378880 0 42387068 28168343 12445122 26512653 29460594
1790551787531 0 81109 16185 3054394365 3047780008 26174 24062 4523885 4157330 1 55 1520232656 7638715 4165509120 422522880 9433088 42642216 28340071 12517864 26693271 29586218
1790551788553 0 85521 732 3054488043 3047884641 26174 24062 4523885 4157330 1 55 1520309387 7639040 4165804032 344526848 0 42864825 28489350 12594041 26788028 29718073
1790551789573 0 60920 0 3054585329 3048007277 26174 24062 4523885 4157330 1 55 1520370701 7639302 4165505024 240914432 0 43070928 28630086 12655399 26937803 29913246
1790551790593 0 58154 0 3054689721 3048114540 26174 24062 4523885 4157330 1 55 1520444811 7639623 4165443584 229588992 0 43312906 28789541 12728879 27155408 30133186
1790551791625 0 0 33 3054761361 3048244289 26174 24062 4523885 4157330 1 55 1520502499 7639849 4166139904 3833856 1753088 43485850 28909588 12788218 27320739 30341513
1790551792649 0 102 0 3054761472 3048244296 26174 24062 4523885 4157330 1 55 1520644624 7640390 4192403456 131072 0 43625878 29042509 12927543 27411137 30400034
1790551793670 0 115 0 3054761485 3048244296 26174 24062 4523885 4157330 1 55 1520822981 7641042 4195680256 131072 0 43836943 29219488 13105322 27526342 30443655
1790551794690 0 153 0 3054761523 3048244296 26174 24062 4523885 4157330 1 55 1520974328 7641547 4200210432 131072 0 44346376 29370631 13257571 27660448 30463694
1790551795710 0 172 0 3054761542 3048244296 26174 24062 4523885 4157330 1 55 1521126324 7642763 4198547456 131072 0 44555289 29525551 13412085 27765062 30492496
