1790551067259 0 9 0 2973379098 2966861910 26174 24062 4523885 4157330 1 55 1485796147 7494461 - - - - - - - -
1790551068318 0 3302 0 2973694665 2967174115 26174 24062 4523885 4157330 1 55 1485796162 7494577 1247469568 12632064 2097152 0 0 15 0 13577
1790551069347 0 3343 479 2973990304 2967469091 26174 24062 4523885 4157330 1 55 1485796162 7494578 2458259456 12771328 2097152 0 0 15 0 61114
1790551070375 0 3334 445 2974232295 2967711274 26174 24062 4523885 4157330 1 55 1485796162 7494579 3444686848 13389824 2097152 0 0 15 0 362244
1790551071401 0 705 460 2974488575 2967970311 26174 24062 4523885 4157330 1 55 1485797677 7494585 4141547520 3411968 0 160806 89651 1532 20711 427406
1790551072424 0 1776 0 2974787279 2968268378 26174 24062 4523885 4157330 1 55 1485811401 7494609 4139319296 5132288 2097152 571490 400680 15272 57185 437984
1790551073449 0 1946 283 2975086460 2968567219 26174 24062 4523885 4157330 1 55 1485842394 7494655 4139253760 6897664 2097152 960996 729346 45261 106392 460357
1790551074477 0 2521 74 2975354544 2968834719 26174 24062 4523885 4157330 1 55 1485883099 7494979 4140462080 8654848 0 1389936 1037705 86930 157601 518425
1790551075503 0 2432 545 2975623693 2969103504 26174 24062 4523885 4157330 1 55 1485936024 7495284 4142841856 8638464 2097152 1811210 1359754 139889 210702 596484
1790551076529 0 2485 454 2975885969 2969365922 26174 24062 4523885 4157330 1 55 1485995045 7495537 4145856512 10498048 0 2213380 1678990 198385 264176 680728
1790551077556 0 1516 446 2976140698 2969622107 26174 24062 4523885 4157330 1 55 1486048056 7495854 4146671616 4005888 1224704 2608729 1984144 251386 347094 795897
1790551078583 0 1757 493 2976391203 2969871948 26174 24062 4523885 4157330 1 55 1486116410 7496174 4147703808 5066752 1540096 3037191 2301016 318196 405054 885363
1790551079610 0 2007 480 2976643014 2970123384 26174 24062 4523885 4157330 1 55 1486180481 7496475 4147810304 6410240 2097152 3447748 2615174 381423 463485 986273
1790551080637 0 2459 20 2976878385 2970358742 26174 24062 4523885 4157330 1 55 1486256380 7496765 4149235712 8159232 933888 3865609 2928148 459243 527804 1095677
1790551081663 0 2485 0 2977120912 2970601482 26174 24062 4523885 4157330 1 55 1486331430 7497048 4149321728 9723904 0 4282759 3243798 533223 591445 1205717
1790551082689 0 2753 0 2977357086 2970837418 26174 24062 4523885 4157330 1 55 1486421176 7497295 4149325824 9342976 2101248 4706784 3566419 622979 644344 1292700
1790551083715 0 2822 671 2977604383 2971084500 26174 24062 4523885 4157330 1 55 1486505307 7497550 4148473856 9474048 2097152 5111904 3861604 707616 707961 1388389
1790551084741 0 3052 177 2977839685 2971319473 26174 24062 4523885 4157330 1 55 1486595063 7497771 4147879936 10829824 602112 5473507 4124918 798422 755304 1467607
1790551085764 0 2897 33 2978088101 2971567917 26174 24062 4523885 4157330 1 55 1486669026 7497969 4145143808 10555392 2101248 5826098 4371933 871299 808018 1545155
1790551086790 0 2840 511 2978326846 2971806501 26174 24062 4523885 4157330 1 55 1486734637 7498123 4141580288 11468800 1703936 6201181 4611684 936919 861160 1612303
1790551087817 0 3061 27 2978563992 2972043544 26174 24062 4523885 4157330 1 55 1486806607 7498283 4138283008 12361728 1712128 6593868 4873863 1008716 928306 1693494
1790551088846 0 2912 511 2978812458 2972291823 26174 24062 4523885 4157330 1 55 1486868473 7498419 4134244352 12722176 61440 6982640 5140646 1071276 985853 1746284
1790551089872 0 1303 0 2979043865 2972525641 26174 24062 4523885 4157330 1 55 1486944696 7498675 4133670912 2727936 2101248 7347969 5406408 1147321 1070162 1834474
1790551090895 0 1409 0 2979284598 2972766155 26174 24062 4523885 4157330 1 55 1487032028 7498971 4133310464 5758976 0 7737026 5698519 1235335 1128213 1888776
1790551091922 0 1920 0 2979504072 2972985303 26174 24062 4523885 4157330 1 55 1487096506 7499209 4133601280 6963200 0 8086971 5959441 1299270 1193733 1957357
1790551092951 0 1979 292 2979729359 2973209912 26174 24062 4523885 4157330 1 55 1487163483 7499433 4132651008 7700480 675840 8437550 6222819 1366280 1241195 2008473
1790551093976 0 2327 447 2979947661 2973427714 26174 24062 4523885 4157330 1 55 1487230132 7499652 4132212736 7966720 2101248 8778657 6484903 1434020 1303909 2082819
1790551095002 0 2310 511 2980183862 2973663939 26174 24062 4523885 4157330 1 55 1487299815 7499861 4132933632 9326592 0 9136174 6760955 1502287 1355219 2137402
1790551096029 0 2685 511 2980406019 2973886085 26174 24062 4523885 4157330 1 55 1487353864 7500044 4132175872 10379264 0 9476214 7017456 1556167 1421226 2197351
1790551097054 0 2843 2 2980636040 2974116089 26174 24062 4523885 4157330 1 55 1487408308 7500212 4131266560 10301440 0 9812688 7275692 1610585 1497078 2279641
1790551098082 0 2747 146 2980853698 2974333482 26174 24062 4523885 4157330 1 55 1487470348 7500385 4131823616 11182080 0 10141021 7537283 1673067 1563925 2357714
1790551099108 0 2848 0 2981084575 2974564401 26174 24062 4523885 4157330 1 55 1487536593 7500553 4132732928 11489280 0 10488985 7819882 1740413 1618690 2407710
1790551100134 0 2906 146 2981310601 2974790368 26174 24062 4523885 4157330 1 55 1487608122 7500723 4134871040 11288576 1126400 10851251 8095766 1811975 1683134 2462725
1790551101158 0 2794 511 2981542254 2975021771 26174 24062 4523885 4157330 1 55 1487662992 7500853 4134318080 11681792 0 11187160 8356371 1865281 1733207 2511661
1790551102183 0 3295 62 2981780105 2975259858 26174 24062 4523885 4157330 1 55 1487730456 7501000 4134453248 11251712 0 11540119 8630421 1933246 1798509 2570028
1790551103210 0 1366 0 2982015208 2975496920 26174 24062 4523885 4157330 1 55 1487789502 7501189 4134105088 3620864 2101248 11871169 8889492 1991258 1849963 2618703
1790551104238 0 1740 16 2982256758 2975737860 26174 24062 4523885 4157330 1 55 1487863105 7501409 4135354368 5791744 0 12214023 9156434 2064388 1917134 2698588
1790551105266 0 1940 0 2982491046 2975971893 26174 24062 4523885 4157330 1 55 1487938091 7501638 4135514112 7368704 0 12562075 9415302 2141501 1971314 2777946
1790551106289 0 1921 511 2982734515 2976215054 26174 24062 4523885 4157330 1 55 1488009372 7501855 4135317504 8470528 0 12947065 9685147 2212684 2016957 2832724
1790551107313 0 2229 511 2982966749 2976446829 26174 24062 4523885 4157330 1 55 1488086794 7502066 4134318080 9330688 0 13317273 9947989 2289591 2078407 2906772
1790551108341 0 2434 219 2983205956 2976686127 26174 24062 4523885 4157330 1 55 1488152463 7502799 4131737600 8982528 2101248 13673460 10202895 2355768 2140487 2979860
1790551109366 0 2612 511 2983425557 2976905332 26174 24062 4523885 4157330 1 55 1488227905 7503030 4132175872 10629120 0 14017293 10464255 2430694 2190515 3042783
1790551110388 0 2311 511 2983645328 2977125402 26174 24062 4523885 4157330 1 55 1488309303 7503274 4132749312 11071488 0 14363865 10729719 2510491 2245765 3108265
1790551111413 0 2574 511 2983873473 2977353212 26174 24062 4523885 4157330 1 55 1488374949 7503491 4132691968 11280384 0 14704170 10983754 2577735 2303751 3180161
1790551112439 0 2903 146 2984101186 2977580958 26174 24062 4523885 4157330 1 55 1488445784 7503748 4132614144 10776576 0 15053211 11256520 2647977 2360760 3242272
1790551113460 0 2792 511 2984327674 2977807157 26174 24062 4523885 4157330 1 55 1488523447 7503986 4133724160 12058624 0 15415506 11533453 2726839 2422002 3314452
1790551114483 0 2960 0 2984549097 2978028996 26174 24062 4523885 4157330 1 55 1488592306 7504210 4134133760 12337152 0 15763286 11796145 2796121 2496276 3394479
1790551115507 0 2861 511 2984771557 2978251009 26174 24062 4523885 4157330 1 55 1488666643 7504461 4134367232 10723328 2097152 16099279 12060976 2868974 2556916 3472745
1790551116535 0 2892 511 2985004710 2978484056 26174 24062 4523885 4157330 1 55 1488743652 7504700 4133679104 11116544 0 16459502 12341885 2946437 2596416 3516480
1790551117561 0 2880 511 2985230210 2978709502 26174 24062 4523885 4157330 1 55 1488819260 7504936 4134174720 11194368 2101248 16828507 12618190 3022733 2662914 3596392
1790551118585 0 3157 0 2985459839 2978939614 26174 24062 4523885 4157330 1 55 1488892640 7505151 4134203392 11452416 1552384 17170860 12887929 3093935 2714978 3658867
1790551119610 0 3034 511 2985695254 2979174673 26174 24062 4523885 4157330 1 55 1488964973 7505375 4133294080 12791808 0 17543855 13167325 3168320 2784477 3720346
1790551120636 0 3281 0 2985924949 2979404525 26174 24062 4523885 4157330 1 55 1489031190 7505577 4133355520 11104256 2101248 17890107 13436791 3232981 2841697 3773191
1790551121661 0 3226 0 2986173427 2979652842 26174 24062 4523885 4157330 1 55 1489105609 7505800 4132777984 12926976 0 18269039 13720038 3307399 2902593 3825490
1790551122686 0 3416 0 2986422252 2979901623 26174 24062 4523885 4157330 1 55 1489178504 7506020 4131581952 12890112 491520 18639095 14000006 3380266 2954247 3868169
1790551123712 0 992 0 2986662804 2980144635 26174 24062 4523885 4157330 1 55 1489249181 7506305 4132208640 4161536 0 19009000 14270077 3450433 3024837 3928932
1790551124742 0 536 516 2986907524 2980389735 26174 24062 4523885 4157330 1 55 1489325704 7506613 4131471360 1949696 2789376 19374407 14545782 3527993 3099012 4000398
1790551125766 0 1040 511 2987161302 2980642755 26174 24062 4523885 4157330 1 55 1489391765 7506941 4129325056 4878336 0 19760840 14817504 3594040 3174369 4057594
1790551126793 0 1703 511 2987420606 2980901327 26174 24062 4523885 4157330 1 55 1489450821 7507229 4126613504 6545408 0 20140535 15092724 3654193 3221846 4097368
1790551127819 0 2245 0 2987667711 2981148581 26174 24062 4523885 4157330 1 55 1489530331 7507563 4126310400 6680576 745472 20509216 15378311 3732264 3291827 4170775
1790551128842 0 2082 219 2987914695 2981395324 26174 24062 4523885 4157330 1 55 1489598807 7507866 4125720576 8916992 0 20855941 15650064 3801102 3333356 4213060
1790551129869 0 2264 511 2988157465 2981637512 26174 24062 4523885 4157330 1 55 1489669198 7508179 4126187520 8970240 925696 21232915 15929133 3872507 3404584 4283654
1790551130895 0 2470 2 2988403618 2981884073 26174 24062 4523885 4157330 1 55 1489742618 7508467 4126339072 8843264 2101248 21605949 16217508 3944395 3463489 4333005
1790551131920 0 2923 0 2988650717 2982130725 26174 24062 4523885 4157330 1 55 1489806784 7508740 4125249536 9179136 2101248 21975095 16495813 4009610 3540958 4401086
1790551132942 0 3027 0 2988894509 2982374415 26174 24062 4523885 4157330 1 55 1489870955 7508977 4125290496 11194368 0 22321642 16768847 4074278 3612530 4478122
1790551133967 0 2719 511 2989147554 2982627221 26174 24062 4523885 4157330 1 55 1489938798 7509766 4124893184 10801152 1740800 22679091 17053291 4142615 3686408 4537311
1790551134997 0 3045 32 2989385440 2982865435 26174 24062 4523885 4157330 1 55 1490000324 7509985 4124741632 11321344 0 23017317 17321502 4200624 3747104 4601830
1790551136024 0 2889 86 2989632237 2983112305 26174 24062 4523885 4157330 1 55 1490075960 7510253 4126158848 12365824 0 23388452 17609663 4276593 3818798 4655774
1790551137051 0 2802 511 2989875857 2983355367 26174 24062 4523885 4157330 1 55 1490145315 7510470 4126674944 12550144 0 23745974 17884219 4348140 3890270 4717759
1790551138077 0 3118 0 2990120437 2983600071 26174 24062 4523885 4157330 1 55 1490203972 7510702 4126171136 12750848 0 24095433 18150895 4405662 3951469 4779386
1790551139103 0 3104 511 2990359526 2983838772 26174 24062 4523885 4157330 1 55 1490280798 7510946 4126752768 12906496 0 24456484 18431048 4483732 4008215 4848371
1790551140130 0 217 44 2990609162 2984091814 26174 24062 4523885 4157330 1 55 1490339824 7511166 4125065216 2281472 0 24790237 18688923 4541630 4067240 4911256
1790551141154 0 1154 365 2990847102 2984328445 26174 24062 4523885 4157330 1 55 1490400879 7511457 4125495296 4120576 790528 25127606 18949977 4603394 4117204 4965544
1790551142178 0 1606 513 2991090743 2984571588 26174 24062 4523885 4157330 1 55 1490462214 7511762 4124909568 5128192 2101248 25473699 19214654 4664493 4196783 5058419
1790551143201 0 1629 511 2991316583 2984797267 26174 24062 4523885 4157330 1 55 1490515168 7512050 4123660288 7020544 0 25790751 19452335 4717953 4245728 5112419
1790551144227 0 2007 511 2991560482 2985040969 26174 24062 4523885 4157330 1 55 1490596251 7512365 4125241344 8413184 274432 26157425 19728319 4798023 4317088 5199912
1790551145255 0 2053 511 2991794744 2985274856 26174 24062 4523885 4157330 1 55 1490664532 7512657 4125147136 8056832 1642496 26515822 19996880 4866822 4369956 5254571
1790551146281 0 2337 221 2992030575 2985511165 26174 24062 4523885 4157330 1 55 1490734860 7512925 4125642752 9269248 831488 26885086 20265197 4938161 4430579 5326359
1790551147308 0 2748 0 2992273640 2985753820 26174 24062 4523885 4157330 1 55 1490807790 7513210 4124504064 9871360 0 27242042 20533877 5010574 4478518 5385672
1790551148338 0 3018 2 2992499930 2985979981 26174 24062 4523885 4157330 1 55 1490882913 7513532 4124708864 10698752 0 27592922 20799046 5085340 4540764 5471312
1790551149362 0 2826 292 2992736084 2986215606 26174 24062 4523885 4157330 1 55 1490947411 7513787 4124082176 10530816 1159168 27928626 21059204 5149684 4605166 5538902
1790551150386 0 2689 513 2992967795 2986447342 26174 24062 4523885 4157330 1 55 1491017466 7514070 4123525120 11792384 0 28277597 21321290 5218212 4668562 5614188
1790551151415 0 2739 438 2993203018 2986682628 26174 24062 4523885 4157330 1 55 1491078731 7514375 4123049984 11026432 2101248 28622556 21586295 5280424 4732315 5691307
1790551152441 0 2925 0 2993435653 2986915478 26174 24062 4523885 4157330 1 55 1491148460 7514639 4123402240 12042240 0 28965300 21852972 5351259 4807272 5789738
1790551153466 0 3083 0 2993674645 2987154494 26174 24062 4523885 4157330 1 55 1491222259 7514923 4124168192 12394496 770048 29325434 22126278 5425145 4870734 5856334
1790551154499 0 2897 511 2993910461 2987389946 26174 24062 4523885 4157330 1 55 1491287769 7515214 4124262400 11079680 1392640 29663938 22388547 5489329 4927740 5928207
1790551155530 0 3076 73 2994144243 2987623953 26174 24062 4523885 4157330 1 55 1491356962 7515477 4124639232 12931072 0 30008175 22658298 5558140 4979363 5988847
1790551156557 0 3177 513 2994384763 2987864114 26174 24062 4523885 4157330 1 55 1491423915 7515764 4125638656 11538432 1695744 30361034 22925699 5625713 5034787 6050122
1790551157586 0 1341 513 2994612478 2988093630 26174 24062 4523885 4157330 1 55 1491483062 7516072 4125024256 2924544 2101248 30691016 23176783 5685173 5097846 6122300
1790551158610 0 1522 2 2994857412 2988338819 26174 24062 4523885 4157330 1 55 1491561047 7516410 4126617600 6139904 0 31056302 23457109 5763922 5155327 6183394
1790551159639 0 1854 146 2995105250 2988586219 26174 24062 4523885 4157330 1 55 1491636647 7516775 4126830592 6217728 757760 31442258 23737996 5838450 5232495 6261639
1790551160668 0 2217 0 2995341540 2988822110 26174 24062 4523885 4157330 1 55 1491698909 7517110 4125917184 8355840 0 31780825 23992694 5900353 5299260 6345528
1790551161698 0 2537 0 2995577825 2989058182 26174 24062 4523885 4157330 1 55 1491774893 7517440 4125925376 8830976 0 32137321 24262264 5978202 5357944 6431652
1790551162727 0 2648 0 2995812955 2989293349 26174 24062 4523885 4157330 1 55 1491855671 7517773 4126494720 8970240 0 32504362 24542181 6057371 5425045 6515782
1790551163752 0 2614 514 2996056626 2989536470 26174 24062 4523885 4157330 1 55 1491923728 7518064 4126228480 9428992 0 32865769 24809901 6126080 5498112 6597889
1790551164780 0 2635 58 2996301923 2989782158 26174 24062 4523885 4157330 1 55 1491988474 7518371 4125454336 11083776 0 33233301 25084109 6191336 5541977 6634243
1790551165808 0 3042 0 2996549059 2990028952 26174 24062 4523885 4157330 1 55 1492061370 7518645 4124651520 10330112 1466368 33606788 25362894 6263172 5602140 6689804
1790551166835 0 2726 511 2996796081 2990275668 26174 24062 4523885 4157330 1 55 1492134053 7518976 4124291072 11997184 0 33974870 25643384 6334298 5667003 6755083
1790551167860 0 2820 365 2997040105 2990519633 26174 24062 4523885 4157330 1 55 1492208979 7519299 4125364224 10940416 1605632 34349767 25929557 6411836 5746084 6833646
1790551168886 0 2951 513 2997281485 2990761098 26174 24062 4523885 4157330 1 55 1492284434 7519597 4125839360 10432512 2101248 34725796 26211507 6485795 5794484 6883616
1790551169911 0 3423 0 2997518969 2990998552 26174 24062 4523885 4157330 1 55 1492365348 7519865 4126392320 10956800 2101248 35093111 26494459 6568731 5849947 6939474
1790551170934 0 3353 0 2997749442 2991228874 26174 24062 4523885 4157330 1 55 1492429829 7520101 4124995584 11943936 0 35438623 26753194 6630080 5908761 6998633
1790551171961 0 3046 440 2997977891 2991457372 26174 24062 4523885 4157330 1 55 1492493216 7520337 4125040640 11952128 0 35790170 27019214 6696542 5977745 7075530
1790551172989 0 991 30 2998212645 2991694333 26174 24062 4523885 4157330 1 55 1492555890 7520630 4124540928 1818624 0 36120027 27279838 6758218 6038101 7141814
1790551174017 0 1358 0 2998435291 2991916756 26174 24062 4523885 4157330 1 55 1492623280 7520970 4124471296 5320704 0 36450165 27532942 6825122 6122894 7236340
1790551175044 0 1505 511 2998660117 2992141291 26174 24062 4523885 4157330 1 55 1492690552 7521287 4126208000 5943296 2101248 36803774 27797369 6893409 6185491 7315729
1790551176068 0 1997 438 2998886364 2992366862 26174 24062 4523885 4157330 1 55 1492763586 7521631 4126142464 7933952 0 37156429 28058228 6966372 6251248 7397454
1790551177091 0 2073 292 2999110107 2992590600 26174 24062 4523885 4157330 1 55 1492825721 7521927 4125069312 8806400 0 37487057 28307417 7028594 6323963 7473960
1790551178116 0 2477 281 2999357863 2992838254 26174 24062 4523885 4157330 1 55 1492888995 7522223 4123439104 9515008 0 37845473 28574152 7092825 6393078 7564973
1790551179139 0 2629 489 2999594638 2993074307 26174 24062 4523885 4157330 1 55 1492945587 7522524 4121976832 9768960 0 38190047 28834635 7148883 6446987 7624614
1790551180162 0 2607 292 2999823350 2993303201 26174 24062 4523885 4157330 1 55 1493024655 7522824 4123832320 10031104 0 38535931 29108248 7226487 6511746 7711125
1790551181186 0 2657 0 3000056478 2993536675 26174 24062 4523885 4157330 1 55 1493096471 7523128 4124069888 11165696 0 38882249 29378156 7300279 6563016 7773401
1790551182209 0 2914 0 3000263839 2993743782 26174 24062 4523885 4157330 1 55 1493153007 7523377 4124598272 11407360 0 39201327 29612956 7356306 6639558 7874100
1790551183233 0 2473 511 3000500597 2993980493 26174 24062 4523885 4157330 1 55 1493225257 7523699 4124053504 11534336 0 39548409 29877979 7427680 6691333 7942708
1790551184259 0 2983 1 3000732539 2994212322 26174 24062 4523885 4157330 1 55 1493299902 7524019 4124286976 11792384 0 39896451 30140714 7502703 6778648 8060905
1790551185286 0 2852 294 3000948756 2994428450 26174 24062 4523885 4157330 1 55 1493373357 7524323 4124856320 12435456 1130496 40233789 30398328 7575118 6842191 8186766
1790551186322 0 3292 2 3001181657 2994661289 26174 24062 4523885 4157330 1 55 1493434984 7524808 4124430336 12058624 24576 40588783 30659564 7637772 6921163 8273252
1790551187346 0 3139 219 3001400630 2994880234 26174 24062 4523885 4157330 1 55 1493498677 7525078 4123873280 11403264 2101248 40924593 30911935 7702484 6984736 8360840
1790551188371 0 3052 511 3001631456 2995110967 26174 24062 4523885 4157330 1 55 1493565908 7525354 4123144192 11874304 1101824 41259320 31173941 7768190 7053122 8438494
1790551189395 0 3068 239 3001865143 2995344685 26174 24062 4523885 4157330 1 55 1493631624 7525632 4123713536 12406784 671744 41601045 31441505 7834208 7114778 8511417
1790551190420 0 2941 511 3002095076 2995574734 26174 24062 4523885 4157330 1 55 1493708073 7525923 4125261824 11853824 1531904 41965289 31716545 7908845 7180522 8595379
1790551191444 0 3432 0 3002319327 2995798932 26174 24062 4523885 4157330 1 55 1493783103 7526212 4125843456 12087296 905216 42307206 31979227 7985897 7245183 8678667
1790551192473 0 3184 221 3002557975 2996037459 26174 24062 4523885 4157330 1 55 1493848942 7526491 4125564928 12664832 0 42673867 32252694 8051651 7332342 8771901
1790551193500 0 3079 514 3002793106 2996272657 26174 24062 4523885 4157330 1 55 1493927411 7526798 4126081024 12255232 1708032 43033629 32524450 8130750 7388081 8840273
1790551194526 0 3142 0 3003033539 2996513142 26174 24062 4523885 4157330 1 55 1493997711 7527113 4125777920 13225984 0 43407176 32803887 8200513 7436762 8883166
1790551195550 0 2948 1022 3003278266 2996757408 26174 24062 4523885 4157330 1 55 1494075634 7527396 4126035968 12767232 905216 43791907 33090909 8278429 7502885 8946049
1790551196576 0 3416 2 3003517960 2996997431 26174 24062 4523885 4157330 1 55 1494144850 7527635 4125081600 13402112 0 44163664 33358511 8347153 7549107 9003201
1790551197614 0 3461 0 3003744786 2997224214 26174 24062 4523885 4157330 1 55 1494221424 7527942 4125777920 12804096 868352 44521850 33626557 8424959 7621939 9100553
1790551198652 0 3028 382 3003979391 2997458800 26174 24062 4523885 4157330 1 55 1494283565 7528208 4124504064 12615680 1634304 44874711 33889562 8486362 7683899 9167334
1790551199677 0 3217 2 3004228598 2997708049 26174 24062 4523885 4157330 1 55 1494347180 7528478 4124160000 13058048 0 45265174 34169826 8550522 7739156 9223443
1790551200704 0 3112 365 3004478646 2997957947 26174 24062 4523885 4157330 1 55 1494413344 7528722 4123254784 12447744 937984 45623222 34450902 8615629 7798640 9286212
1790551201729 0 3442 0 3004725820 2998205233 26174 24062 4523885 4157330 1 55 1494477548 7528990 4122537984 13238272 0 45973223 34721737 8679361 7860094 9358261
1790551202752 0 3555 0 3004948993 2998428400 26174 24062 4523885 4157330 1 55 1494541274 7529236 4122877952 13643776 0 46298298 34975829 8745136 7918426 9434080
1790551203773 0 822 292 3005175382 2998657342 26174 24062 4523885 4157330 1 55 1494617067 7529553 4123398144 1585152 942080 46651434 35244872 8819340 7999695 9517871
1790551204800 0 1561 0 3005423446 2998904919 26174 24062 4523885 4157330 1 55 1494691058 7529919 4123471872 3620864 0 47022961 35524523 8892847 8092628 9597702
1790551205829 0 2116 2 3005666963 2999147989 26174 24062 4523885 4157330 1 55 1494766879 7530342 4123226112 6279168 1044480 47386031 35806689 8969208 8166724 9670720
1790551206853 0 2118 0 3005909463 2999390272 26174 24062 4523885 4157330 1 55 1494832144 7530699 4122947584 8003584 0 47742126 36081950 9035513 8211800 9722311
1790551207875 0 2548 2 3006159102 2999639621 26174 24062 4523885 4157330 1 55 1494899852 7531077 4122988544 7790592 1695744 48116156 36363863 9103662 8281564 9787304
1790551208900 0 2225 438 3006401593 2999881858 26174 24062 4523885 4157330 1 55 1494974051 7531421 4123701248 8093696 0 48484766 36645548 9177897 8345671 9849962
1790551209923 0 2401 584 3006645394 3000125409 26174 24062 4523885 4157330 1 55 1495047473 7531768 4124200960 9539584 897024 48848716 36926719 9248689 8413832 9920960
1790551210947 0 2983 73 3006897340 3000377499 26174 24062 4523885 4157330 1 55 1495116606 7532077 4123996160 10272768 0 49215580 37207152 9318706 8463650 9966029
1790551211971 0 2817 146 3007133705 3000613888 26174 24062 4523885 4157330 1 55 1495185885 7532387 4124028928 10313728 73728 49571048 37479193 9389259 8530884 10050911
1790551212995 0 2670 511 3007374236 3000854274 26174 24062 4523885 4157330 1 55 1495254286 7532719 4124168192 10330112 1040384 49923457 37745700 9457374 8613005 10146861
1790551214019 0 3111 228 3007605612 3001085306 26174 24062 4523885 4157330 1 55 1495318305 7533032 4124389376 11939840 409600 50266755 38008277 9521073 8669072 10206463
1790551215044 0 2950 511 3007841847 3001321497 26174 24062 4523885 4157330 1 55 1495388576 7533340 4124028928 11780096 1052672 50614540 38270173 9591012 8720494 10257978
1790551216068 0 3131 33 3008079959 3001559576 26174 24062 4523885 4157330 1 55 1495457108 7533601 4124737536 12578816 0 50972295 38541558 9659947 8788677 10330894
1790551217091 0 3181 75 3008310701 3001790477 26174 24062 4523885 4157330 1 55 1495530660 7533916 4125265920 10977280 2101248 51335057 38812102 9733071 8845821 10387853
1790551218114 0 2799 0 3008526858 3002006985 26174 24062 4523885 4157330 1 55 1495602100 7534215 4126027776 11599872 1363968 51670325 39070728 9803970 8916975 10488770
1790551219142 0 3310 17 3008756114 3002235532 26174 24062 4523885 4157330 1 55 1495680606 7534529 4126658560 12734464 544768 52029355 39342879 9881955 8974948 10574354
1790551220173 0 2996 0 3008994531 3002474350 26174 24062 4523885 4157330 1 55 1495744125 7534827 4124999680 11542528 2101248 52379420 39602166 9946912 9032222 10646017
1790551221197 0 3040 0 3009223651 3002703392 26174 24062 4523885 4157330 1 55 1495822668 7535104 4126621696 13312000 0 52740564 39885417 10025965 9100882 10714102
1790551222221 0 1136 10 3009455175 3002937028 26174 24062 4523885 4157330 1 55 1495892198 7535522 4124798976 3047424 2101248 53086424 40145620 10094465 9177790 10803306
1790551223244 0 101 0 3009469291 3002952079 26174 24062 4523885 4157330 1 55 1496002713 7536135 4152963072 131072 0 53222649 40264491 10202938 9249411 10860565
1790551224265 0 128 0 3009469318 3002952079 26174 24062 4523885 4157330 1 55 1496151427 7536619 4160118784 131072 0 53399822 40412996 10353190 9356208 10894472
1790551225287 0 154 0 3009469344 3002952079 26174 24062 4523885 4157330 1 55 1496293980 7537028 4167282688 131072 0 53585587 40553561 10495504 9477528 10926026
1790551226307 0 158 0 3009469366 3002952079 26174 24062 4523885 4157330 1 55 1496339357 7537221 1149710336 36864 0 53653666 40600648 10543168 9519413 10949519
