group                    n      ops   served     hp50     hp99    hp999     mp50     mp99    mp999      raw       rs      wmb     wkib      waw        q     util    steal  refault     wbtn      thr   per-run hp99/mp99
after-zipf+scan-t4       8     1176     1.69      308    38694    73622     3812    30376    54175     5.85     3700      736      346    10.51    43.75    98.59      802      208      101    18.46   37.8/28.8 39.6/31.5 40.0/32.3 37.5/29.3 41.9/32.4 37.5/28.1 42.9/32.9 36.1/26.7
after-zipf-t1            4     1004     1.72      198    11947    55856     1440    15234    42664     0.98     4200      358      362    14.68    18.25    93.29      520      242      143     9.29   11.9/15.3 *14.9/17.6 11.3/15.1 12.0/14.7 13.3/17.2
after-zipf-t1-r800       2      854     1.46      198    12587    58074     1462    14826    42484     1.04     3592      304      396    14.88    14.95    85.45      444      207      115    12.39   10.6/13.1 *16.3/18.7 14.5/16.6
after-zipf-t4            8     1358     2.32      384    38026    71220     4022    30065    50072     4.04     6223      508      310    11.98    44.98    99.53      746      348    96.93    18.16   39.1/30.6 40.7/32.6 37.3/29.6 35.9/29.5 34.4/28.1 38.7/33.7 38.9/31.9 33.7/27.0
after-zipf-t4-r250       8     1038     1.77      323    35674    71724     3115    29099    50833     3.54     4658      390      298    11.54    31.04    89.44      574      268      125    11.80   36.0/28.4 36.8/30.0 34.2/28.6 35.4/29.6 36.5/29.6 *52.5/41.2 39.3/31.1 33.8/27.1 33.1/26.6
aprobe-zipf+scan-t4      1      931     1.34      310    45087    83369     4838    39171    63889     7.23     3118      583      345    11.87    42.47    99.26      635      164    72.80    20.18   *44.9/44.4 45.1/39.2
before-zipf+scan-t4      7      997     1.43      337    23012    59000     5437    64230   101957     2.21     3450      631      331    12.72    31.08    99.46      685      177      167    10.76   23.0/63.5 23.4/64.9 21.0/61.6 22.0/61.3 22.8/64.2 24.3/66.9 23.4/66.5 *24.2/64.8
before-zipf-t1           4     1004     1.72      197     9428    49608     1492    26050    57884     0.79     4304      356      366    14.77    17.44    97.66      520      243      143     9.93   9.8/27.2 9.0/24.9 *10.1/27.0 12.4/30.4 9.1/24.6
before-zipf-t1-r800      2      876     1.50      200     9093    52172     1518    24898    55478     0.77     3768      312      398    15.89    15.05    91.58      454      212      145    10.62   8.7/25.1 *11.1/32.4 9.5/24.7
before-zipf-t4           8     1307     2.23      399    30625    69720     4949    57342    91768     2.62     5984      490      306    13.52    37.14    99.81      718      336      137    13.09   32.9/67.0 30.9/57.9 30.2/55.4 29.2/56.8 28.4/52.4 30.4/54.7 32.9/59.9 31.2/58.6
before-zipf-t4-r250      8     1030     1.75      358    31034    70484     4166    57156    88714     2.62     4739      388      294    13.39    29.25    94.63      570      266      124    11.69   37.4/70.3 29.0/53.6 29.1/53.2 29.3/51.7 32.8/60.4 30.6/55.2 33.7/63.8 31.4/59.1 *32.7/57.1
lmdb-zipf+scan-t4        2      868     1.32      293    60694   141605     6852    55162   103552     1.42     1891      480      425     9.29    12.91    99.53      658      222    68.19    16.93   59.9/54.6 61.5/55.8
lmdb-zipf-t4             2      936     1.67      386    80602   167338     5642    48254   101384     1.73     2668      286      369    10.13    12.21    99.76      579      321    46.02    24.84   86.5/51.5 74.7/45.1
nofill-zipf-t4-r250      3     1039     1.78      344    27376    62390     3856    49656    79484     2.34     4756      391      294    12.05    26.36    92.87      573      267      142    12.11   26.3/48.1 27.4/49.7 30.3/56.2
probe-zipf+scan-t4       3     1117     1.60      358    28419    62244     5194    38538    60815     3.13     3828      700      327    11.20    35.19    99.88      772      234      147    11.58   24.6/33.8 31.8/47.0 28.4/38.5
probe-zipf-t1            2      915     1.56      197     9982    51548     1651    27342    60118     0.78     4205      330      336    14.32    17.05    98.69      476      238      134     9.96   10.4/27.3 9.6/27.4
probe-zipf-t4            3     1335     2.28      413    31367    65126     4759    42177    67515     2.90     6240      501      283    12.03    38.44    99.91      736      369      126    13.96   29.4/38.6 31.4/42.2 32.5/46.5
probe-zipf-t4-r250       3     1032     1.76      362    33065    69165     4054    45289    70271     2.99     4832      390      291    12.33    31.01    95.82      572      286      126    11.66   29.1/39.6 33.1/45.3 35.1/50.3
