group                       ops    served      hp50      hp99     hp999      mp50      mp99     mp999        rs      rkib       raw       wmb      wkib       waw         q      util     steal   refault     dirty      wbtn       thr
after-zipf+scan-t4-1       1206      1.73       308     37818     72147      3799     28834     46965      3766     58.02      5.63       753       343     10.70     44.19     98.41       824       213       235       108     18.04
after-zipf+scan-t4-2       1149      1.65       307     39571     75098      3812     31468     56732      3609     57.86      6.01       719       347     10.03     41.98     98.67       785       203       268     88.08     21.33
after-zipf+scan-t4-3       1133      1.63       311     40015     80093      3822     32349     63567      3525     58.05      6.24       712       352     10.96     43.68     98.78       773       200       296     95.44     18.22
after-zipf+scan-t4-4       1204      1.73       307     37470     69454      3793     29284     52560      3765     58.00      5.69       753       338     10.30     43.84     98.60       819       213       227       106     18.71
after-zipf+scan-t4-5       1109      1.59       303     41934     76480      3813     32364     55790      3455     58.07      6.47       693       353     11.30     44.02     98.97       760       196       324     85.31     22.72
after-zipf+scan-t4-6       1230      1.77       309     37477     67664      3841     28068     46292      3820     58.07      5.49       768       339     10.34     43.83     98.47       839       217       224       111     16.41
after-zipf+scan-t4-7       1041      1.50       329     42871     79956      4170     32929     56314      3636     53.81      6.29       660       347     10.68     42.73     98.59       709       183       296     80.31     19.28
after-zipf+scan-t4-8       1281      1.84       311     36148     65014      3781     26711     43642      3944     58.04      5.11       802       345      9.57     41.87     98.45       870       224       281       108     13.97
after-zipf+scan-t4 MEDIAN     1176      1.69       309     38694     73623      3812     30376     54175      3701     58.03      5.85       736       346     10.51     43.75     98.59       802       208       275       101     18.46

after-zipf-t1-1            1022      1.75       197     11890     55240      1414     15328     40307      4259     59.19      0.96       362       414     15.90     17.66     93.53       528       246     94.87         -         -
after-zipf-t1-2             916      1.57       200     14906     66628      1454     17586     47487      3840     59.12      1.18       333       365     15.59     18.43     93.59       476       222       109       113     13.05
after-zipf-t1-3            1039      1.77       198     11281     52085      1427     15141     45021      4329     59.17      0.92       367       367     14.45     18.12     93.05       535       250     88.92       143      9.93
after-zipf-t1-4             986      1.69       198     12004     56473      1461     14740     39494      4142     59.22      1.01       353       336     14.37     18.95     92.96       512       239       105       145      8.85
after-zipf-t1-5             971      1.66       196     13296     59799      1452     17229     45551      4062     59.24      1.04       345       356     14.91     18.38     93.60       503       235       112       141      9.29
after-zipf-t1 MEDIAN        986      1.69       198     12004     56473      1452     15328     45021      4142     59.19      1.01       353       365     14.91     18.38     93.53       512       239       105       142      9.61

after-zipf-t1-r800-1        874      1.49       198     10630     54262      1448     13073     36610      3675     59.19      0.89       310       421     14.83     13.97     83.35       453       211       108         -         -
after-zipf-t1-r800-2        792      1.35       216     16255     62240      1571     18694     46765      3557     58.02      1.41       321       376     13.75     16.48     89.19       419       196       120       111     14.95
after-zipf-t1-r800-3        833      1.42       198     14544     61886      1477     16579     48358      3508     59.23      1.20       299       371     14.94     15.93     87.56       434       203       112       115     12.39
after-zipf-t1-r800 MEDIAN      833      1.42       198     14544     61886      1477     16579     46765      3557     59.19      1.20       310       376     14.83     15.93     87.56       434       203       112       113     13.67

after-zipf-t4-1            1338      2.28       382     39092     75607      4049     30555     49418      5993     58.73      4.21       499       318     12.86     44.96     99.53       734       343       126         -         -
after-zipf-t4-2            1258      2.15       396     40715     79374      4294     32564     52629      6000     56.63      4.43       473       312     12.86     45.63     99.39       691       324       124         -         -
after-zipf-t4-3            1369      2.34       392     37316     70445      4123     29575     50318      6445     57.07      3.87       512       314     12.28     44.51     99.54       752       351       122         -         -
after-zipf-t4-4            1439      2.46       385     35937     69757      3933     29499     49825      6415     58.79      3.76       535       311     12.91     45.83     99.57       788       369       125         -         -
after-zipf-t4-5            1501      2.56       384     34409     64486      3896     28105     46946      6724     58.81      3.55       557       309     11.54     44.16     99.52       822       386       123         -         -
after-zipf-t4-6            1318      2.25       380     38736     75469      4011     33665     55360      5915     58.79      4.33       494       293     11.33     44.23     99.59       727       339       136     93.11     18.39
after-zipf-t4-7            1347      2.30       382     38865     71996      4033     31881     54772      6031     58.82      4.22       504       295     11.68     44.99     99.59       741       346       148     96.93     18.16
after-zipf-t4-8            1529      2.61       385     33671     63808      3880     27044     43325      6832     58.79      3.44       570       287     11.41     45.64     99.48       836       393       124       136     15.14
after-zipf-t4 MEDIAN       1358      2.32       384     38026     71221      4022     30065     50071      6223     58.79      4.04       508       310     11.98     44.98     99.53       746       348       125     96.93     18.16

after-zipf-t4-r250-1       1042      1.78       330     35969     72003      3246     28423     49163      4651     58.92      3.70       390       323     11.91     31.26     89.98       573       268       127         -         -
after-zipf-t4-r250-2       1039      1.77       340     36849     73701      3245     29984     54664      5033     56.11      3.64       395       314     12.34     33.48     91.44       575       268       126         -         -
after-zipf-t4-r250-3       1041      1.78       324     34231     71446      3147     28645     49760      4658     59.01      3.40       391       322     12.65     30.82     88.91       574       269       127         -         -
after-zipf-t4-r250-4       1038      1.77       317     35380     69040      2941     29553     52580      4648     59.00      3.43       390       297     11.53     30.75     88.71       573       268       123       125     10.74
after-zipf-t4-r250-5       1035      1.77       322     36482     75423      3083     29617     51906      4657     58.97      3.84       390       298     11.38     32.40     90.19       573       268       150       108     12.75
after-zipf-t4-r250-6        881      1.50       388     52503    100485      3930     41177     74123      4060     58.10      7.97       364       319     11.22     44.88     98.14       491       228       253     52.53     22.84
after-zipf-t4-r250-7       1023      1.75       333     39286     77980      3236     31128     59046      4598     58.94      4.24       385       298     11.55     34.08     91.78       567       265       144       106     15.21
after-zipf-t4-r250-8       1037      1.77       319     33772     69543      2904     27137     44008      4667     58.97      3.23       389       295     11.11     29.36     88.12       574       268       128       131     10.27
after-zipf-t4-r250-9       1039      1.78       311     33110     60580      2842     26642     42385      4662     58.93      3.09       392       295     11.30     29.09     87.19       575       268       135       136     11.80
after-zipf-t4-r250 MEDIAN     1038      1.77       324     35969     72003      3147     29553     51906      4657     58.94      3.64       390       298     11.53     31.26     89.98       573       268       128       117     12.28

aprobe-zipf+scan-t4-7       926      1.33       338     44900     88882      4722     44396     82371      3208     53.25      6.94       605       352     12.84     44.03     99.56       638       166       289     80.19     22.12
aprobe-zipf+scan-t4-8       931      1.34       310     45087     83369      4838     39171     63889      3118     53.92      7.23       583       345     11.87     42.47     99.26       635       164       273     72.80     20.18
aprobe-zipf+scan-t4 MEDIAN      929      1.34       324     44994     86126      4780     41783     73130      3163     53.59      7.09       594       348     12.36     43.25     99.41       636       165       281     76.50     21.15

before-zipf+scan-t4-1      1009      1.45       337     23012     59000      5347     63471     96645      3322     54.98      2.21       636       332     13.64     32.87     99.51       691       178       155       176     10.54
before-zipf+scan-t4-2       988      1.42       334     23381     64212      5437     64876     99399      3298     54.87      2.35       624       333     12.63     30.84     99.51       682       175       145       156     12.30
before-zipf+scan-t4-3      1044      1.50       332     21030     58840      5350     61556     94978      3480     54.95      2.10       653       327     12.18     31.08     99.40       713       186       152       183      9.15
before-zipf+scan-t4-4       997      1.43       342     22034     57129      5526     61312    101957      3683     51.28      2.06       631       333     12.69     31.12     99.46       685       177       171       169     12.11
before-zipf+scan-t4-5      1015      1.46       330     22771     58187      5346     64230    114736      3353     54.99      2.25       639       331     12.93     31.93     99.50       692       179       153       167     12.33
before-zipf+scan-t4-6       914      1.31       353     24344     63474      5989     66864    114280      3450     50.72      2.24       588       325     12.72     30.25     98.75       627       162       147       156      9.91
before-zipf+scan-t4-7       952      1.37       344     23400     60345      5632     66486    104370      3585     50.84      2.18       604       328     12.81     30.86     99.41       655       169       147       154     10.76
before-zipf+scan-t4-8       961      1.38       335     24214     64365      5601     64794    111132      3250     54.35      2.46       604       332     12.28     29.83     99.46       657       169       169       143     11.66
before-zipf+scan-t4 MEDIAN      993      1.43       336     23196     59673      5482     64512    103163      3401     54.61      2.23       628       331     12.71     30.97     99.46       683       176       153       162     11.21

before-zipf-t1-1            999      1.71       197      9760     50626      1478     27221     56401      4287     57.88      0.79       354       414     17.25     17.79     97.69       517       242       103         -         -
before-zipf-t1-2           1010      1.73       197      9031     48591      1492     24880     59366      4320     57.86      0.76       358       377     14.85     17.09     97.71       522       244     97.41       143      9.93
before-zipf-t1-3            967      1.65       199     10130     49850      1521     27005     58342      4209     57.73      0.86       351       358     14.93     17.97     97.91       502       234       100       143     12.61
before-zipf-t1-4            839      1.43       208     12381     51989      1609     30420     62763      3627     57.86      1.04       312       319     12.90     16.16     96.69       438       205       116       105     11.19
before-zipf-t1-5           1018      1.74       196      9097     47377      1491     24594     56064      4336     57.88      0.79       361       355     14.70     18.00     97.64       524       245       117       158      8.61
before-zipf-t1 MEDIAN       999      1.71       197      9760     49850      1492     27005     58342      4287     57.86      0.79       354       358     14.85     17.79     97.69       517       242       103       143     10.56

before-zipf-t1-r800-1       876      1.50       199      8692     53243      1513     25086     55991      3772     57.88      0.73       311       422     16.61     14.72     90.68       454       212       118         -         -
before-zipf-t1-r800-2       799      1.36       204     11050     65160      1578     32363     70187      3654     56.49      0.98       295       279     15.69     19.85     94.57       418       195     90.54       157     14.73
before-zipf-t1-r800-3       876      1.50       200      9494     51102      1524     24710     54966      3764     57.86      0.81       312       374     15.17     15.38     92.48       454       212       111       145     10.62
before-zipf-t1-r800 MEDIAN      876      1.50       200      9494     53243      1524     25086     55991      3764     57.86      0.81       311       374     15.69     15.38     92.48       454       212       111       151     12.68

before-zipf-t4-1           1158      1.98       412     32889     75985      5492     66976    111676      5339     57.46      2.96       440       308     14.89     36.57     99.40       640       298       104         -         -
before-zipf-t4-2           1251      2.14       404     30900     72295      5046     57865     91973      5751     57.64      2.80       468       308     13.35     35.98     99.86       689       322       108         -         -
before-zipf-t4-3           1326      2.26       399     30160     69108      4896     55384     90753      6089     57.61      2.55       495       309     13.74     37.08     99.78       730       342       106         -         -
before-zipf-t4-4           1334      2.28       398     29190     67810      4892     56820     93948      6117     57.57      2.53       498       306     13.69     37.21     99.88       732       343       119         -         -
before-zipf-t4-5           1399      2.39       397     28432     64664      4816     52396     89053      6395     57.53      2.36       523       305     13.80     38.20     99.78       769       359       106         -         -
before-zipf-t4-6           1350      2.30       399     30350     65422      4881     54708     82917      6186     57.53      2.48       506       284     12.78     37.64     99.83       743       347       111       145     12.81
before-zipf-t4-7           1246      2.13       398     32884     70331      5096     59925     91563      5710     57.62      2.93       468       288     12.81     37.05     99.82       688       321       126       122     13.09
before-zipf-t4-8           1288      2.20       401     31222     71147      5002     58629    100130      5878     57.58      2.69       484       285     13.27     37.83     99.80       706       330       115       137     13.09
before-zipf-t4 MEDIAN      1307      2.23       399     30625     69719      4949     57342     91768      5983     57.58      2.62       490       305     13.52     37.14     99.81       718       336       109       137     13.09

before-zipf-t4-r250-1       946      1.62       387     37368     86451      5211     70265    129232      4714     54.61      3.38       379       313     15.31     34.21     97.00       525       244       131         -         -
before-zipf-t4-r250-2      1040      1.78       348     28989     67686      4043     53586     79951      4756     57.61      2.38       392       317     13.76     27.94     93.94       575       267       127         -         -
before-zipf-t4-r250-3      1041      1.78       357     29087     67447      4141     53220     88777      4796     57.69      2.36       390       305     13.57     28.30     94.41       574       268       132         -         -
before-zipf-t4-r250-4      1038      1.77       356     29276     63298      4003     51698     85950      4792     57.68      2.33       389       291     12.94     28.10     93.66       573       268       121       160      8.78
before-zipf-t4-r250-5      1027      1.75       367     32767     78135      4532     60396     97762      4703     57.63      2.94       387       291     13.03     30.80     95.85       567       264       127       120     12.84
before-zipf-t4-r250-6      1032      1.76       353     30631     69054      4113     55198     87398      4738     57.68      2.57       389       292     13.21     29.38     94.08       572       267       139       152     10.34
before-zipf-t4-r250-7      1010      1.72       370     33681     79888      4695     63822     99999      4640     57.65      3.13       380       294     13.69     31.85     96.30       560       261       143       124     14.00
before-zipf-t4-r250-8      1026      1.75       359     31437     71913      4190     59113     88652      4740     57.68      2.66       386       295     12.92     29.12     94.85       569       266       142       124     11.69
before-zipf-t4-r250-9      1036      1.77       362     32662     73210      4546     57124     94076      4797     57.48      3.00       398       288     12.12     30.78     95.67       575       268       146       113     14.80
before-zipf-t4-r250 MEDIAN     1032      1.76       359     31437     71913      4190     57124     88777      4740     57.65      2.66       389       294     13.21     29.38     94.85       572       267       132       124     12.27

lmdb-zipf+scan-t4-1         882      1.34       290     59901    137534      6812     54560    109287      1937       119      1.38       487       424      8.96     12.70     99.59       670       226       350     65.98     16.25
lmdb-zipf+scan-t4-2         855      1.30       296     61488    145676      6891     55763     97816      1845       120      1.47       472       426      9.62     13.13     99.48       647       217       348     70.40     17.61
lmdb-zipf+scan-t4 MEDIAN      868      1.32       293     60694    141605      6852     55162    103552      1891       120      1.42       480       425      9.29     12.91     99.53       659       221       349     68.19     16.93

lmdb-zipf-t4-1              842      1.50       390     86482    168008      5694     51457    115613      2399       123      1.98       257       367     10.28     11.77     99.71       520       289       268     35.24     30.47
lmdb-zipf-t4-2             1030      1.83       381     74722    166668      5590     45052     87155      2936       122      1.47       316       371      9.99     12.64     99.81       638       353       297     56.80     19.21
lmdb-zipf-t4 MEDIAN         936      1.67       386     80602    167338      5642     48254    101384      2667       123      1.73       287       369     10.13     12.21     99.76       579       321       283     46.02     24.84

nofill-zipf-t4-r250-4      1041      1.78       344     26332     62390      3748     48054     72727      4770     57.70      2.21       391       296     12.05     26.12     92.56       575       268       131       154     12.11
nofill-zipf-t4-r250-5      1039      1.78       342     27376     62098      3856     49656     79484      4746     57.71      2.34       392       292     11.64     26.36     92.87       573       267       124       142     10.09
nofill-zipf-t4-r250-6      1035      1.77       358     30289     70699      4224     56230     92594      4756     57.63      2.74       388       294     12.35     28.93     94.85       572       267       144       130     13.26
nofill-zipf-t4-r250 MEDIAN     1039      1.78       344     27376     62390      3856     49656     79484      4756     57.70      2.34       391       294     12.05     26.36     92.87       573       267       131       142     12.11

probe-zipf+scan-t4-4       1254      1.80       353     24551     53428      4876     33812     50601      4323     62.57      2.52       781       327     10.77     36.00     99.92       866       264       172       175      9.31
probe-zipf+scan-t4-5        944      1.36       380     31779     68226      5978     46965     77078      3656     57.58      3.48       599       326     12.48     35.19     99.77       653       197       205       127     15.96
probe-zipf+scan-t4-6       1117      1.60       358     28419     62244      5194     38538     60815      3828     62.50      3.13       700       335     11.20     34.86     99.88       772       234       211       147     11.58
probe-zipf+scan-t4 MEDIAN     1117      1.60       358     28419     62244      5194     38538     60815      3828     62.50      3.13       700       327     11.20     35.19     99.88       772       234       205       147     11.58

probe-zipf-t1-4             896      1.53       199     10395     52167      1664     27302     61174      4336     56.94      0.78       326       335     14.19     16.90     98.72       466       232       105       128     11.09
probe-zipf-t1-5             934      1.60       195      9569     50928      1638     27383     59061      4074     61.06      0.78       335       337     14.45     17.19     98.67       487       243       103       140      8.83
probe-zipf-t1 MEDIAN        915      1.56       197      9982     51547      1651     27343     60118      4205     59.00      0.78       331       336     14.32     17.05     98.69       476       238       104       134      9.96

probe-zipf-t4-6            1477      2.52       410     29436     62886      4484     38593     62096      6881     60.52      2.48       551       279     12.32     40.79     99.91       810       407       104       165     11.43
probe-zipf-t4-7            1335      2.28       413     31367     65126      4759     42177     67515      6240     60.65      2.90       501       283     11.79     38.44     99.95       736       369       117       126     13.96
probe-zipf-t4-8            1283      2.19       414     32476     73699      4823     46534     87482      5981     60.64      3.11       480       287     12.03     38.25     99.91       707       354       125       106     15.09
probe-zipf-t4 MEDIAN       1335      2.28       413     31367     65126      4759     42177     67515      6240     60.64      2.90       501       283     12.03     38.44     99.91       736       369       117       126     13.96

probe-zipf-t4-r250-7       1039      1.77       342     29087     63149      3586     39583     64865      4838     60.82      2.43       391       288     12.15     27.87     93.94       574       287       125       161      7.81
probe-zipf-t4-r250-8       1032      1.76       362     33065     69165      4054     45289     70271      4832     60.74      2.99       390       291     12.68     31.01     95.82       572       286       140       126     11.66
probe-zipf-t4-r250-9       1018      1.74       381     35119     74892      4447     50263     78757      4759     60.72      3.40       385       293     12.33     32.03     97.18       564       283       128       112     14.67
probe-zipf-t4-r250 MEDIAN     1032      1.76       362     33065     69165      4054     45289     70271      4832     60.74      2.99       390       291     12.33     31.01     95.82       572       286       128       126     11.66

