1790459230091 0 1 0 839273559 838856121 0 0 0 0 0 0 569043020 2177097 - - - - - - - -
1790459231181 0 155928 634 839531734 838957944 0 0 0 0 0 0 569043028 2177212 1021779968 634097664 5246976 0 0 8 0 883
1790459232211 0 153260 1778 839676405 839103881 0 0 0 0 0 0 569043028 2177212 1630912512 637251584 8388608 0 0 8 0 32363
1790459233232 0 160997 1951 839816385 839235945 0 0 0 0 0 0 569043028 2177213 2207105024 658796544 14852096 0 0 8 0 248701
1790459234252 0 169308 1918 839951346 839362710 0 0 0 0 0 0 569043028 2177213 2753085440 693911552 8155136 0 0 8 0 450318
1790459235274 0 163355 2064 840074642 839491765 0 0 0 0 0 0 569043028 2177213 3248889856 662036480 16777216 0 0 8 0 578804
1790459236320 0 160214 4092 840199112 839617384 0 0 0 0 0 0 569043028 2177213 3753263104 671117312 8388608 0 0 8 0 793133
1790459237350 0 160239 1963 840322939 839743192 0 0 0 0 0 0 569043028 2177216 4141588480 663130112 16777216 84836 32714 8 19847 998617
1790459238371 0 173545 1460 840456669 839864194 0 0 0 0 0 0 569047603 2177222 4140539904 713175040 4050944 308665 169364 4541 72366 1099567
1790459239394 0 175883 3039 840594476 839998083 0 0 0 0 0 0 569061261 2177237 4140228608 714543104 8261632 518053 315509 17686 111277 1237132
1790459240416 0 178694 2044 840726329 840128150 0 0 0 0 0 0 569070543 2177249 4139388928 734232576 8388608 716688 461898 27335 148158 1386555
1790459241446 0 179025 755 840857937 840260664 0 0 0 0 0 0 569089134 2177277 4139536384 732880896 8388608 899688 608158 44103 178836 1510534
1790459242481 0 150808 3948 840974142 840402226 0 0 0 0 0 0 569110649 2177360 4140507136 625438720 28143616 1118657 749960 67595 224712 1738547
1790459243520 0 100349 2041 841068682 840548714 0 0 0 0 0 0 569129170 2177499 4141133824 401240064 14934016 1298647 857482 85596 274586 2150039
1790459244557 0 125480 8188 841210954 840659912 0 0 0 0 0 0 569165621 2177676 4143173632 536043520 16199680 1569593 1039523 122504 339837 2401775
1790459245599 0 6556 6117 841235963 840805747 0 0 0 0 0 0 569175350 2177719 4144058368 29294592 29118464 1617584 1074557 132288 378895 2635832
1790459246643 0 119733 8249 841429159 840883784 0 0 0 0 0 0 569227205 2177955 4147245056 489611264 33554432 1950775 1318435 184148 437289 2830445
1790459247683 0 106612 3969 841542174 841014380 0 0 0 0 0 0 569266194 2178095 4149575680 452997120 24178688 2156999 1468896 223132 489670 3009627
1790459248718 0 111411 2013 841662733 841131862 0 0 0 0 0 0 569304194 2178267 4151001088 458944512 1826816 2379094 1625255 260109 569693 3314642
1790459249743 0 124556 9325 841785473 841234130 0 0 0 0 0 0 569361084 2178493 4154806272 542691328 5115904 2641198 1803206 318074 668691 3627763
1790459250775 0 57742 11104 841853351 841367041 0 0 0 0 0 0 569384234 2178593 4155138048 235692032 45551616 2769170 1894769 339639 721325 4071798
1790459251827 0 111134 2493 842007489 841476229 0 0 0 0 0 0 569443044 2178809 4156436480 472125440 2355200 3072298 2102610 398564 781247 4256084
1790459252886 0 51338 16494 842090123 841604816 0 0 0 0 0 0 569489203 2178970 4157911040 285270016 33554432 3253435 2231537 445124 839228 4596502
1790459253924 0 111118 3537 842230417 841698257 0 0 0 0 0 0 569562598 2179208 4160114688 466960384 8388608 3573677 2447762 518515 888813 4909004
1790459254951 0 109621 1850 842338637 841809762 0 0 0 0 0 0 569628576 2179403 4161511424 451973120 12668928 3816964 2621383 583918 939340 5221638
1790459255973 0 78937 0 842430119 841933708 0 0 0 0 0 0 569692177 2179589 4163461120 306053120 0 4053097 2767471 643450 1002812 5543203
1790459257007 0 84811 6128 842552510 842043977 0 0 0 0 0 0 569766127 2179812 4164583424 364142592 11751424 4356803 2971997 722277 1092668 5894840
1790459258037 0 78910 2063 842664056 842165518 0 0 0 0 0 0 569827836 2180004 4165009408 334139392 7946240 4623466 3143389 783643 1135813 6105036
1790459259076 0 62157 4332 842760091 842276573 0 0 0 0 0 0 569917819 2180238 4167180288 284782592 20013056 4915861 3328056 873542 1216810 6433907
1790459260118 0 74447 13182 842867918 842362852 0 0 0 0 0 0 569996912 2180454 4168265728 304201728 53993472 5194868 3517073 953848 1276276 6624000
1790459261139 0 74136 0 842969349 842477730 0 0 0 0 0 0 570078532 2180674 4168847360 281411584 0 5459894 3691778 1032944 1362057 7000658
1790459262181 0 71972 3489 843082180 842589542 0 0 0 0 0 0 570170732 2180969 4169707520 322338816 18227200 5778983 3901498 1127662 1553908 7287665
1790459263235 0 34263 6497 843173183 842714986 0 0 0 0 0 0 570234153 2181194 4168425472 140058624 26660864 6023963 4054680 1191087 1657998 7529136
1790459264260 0 33797 2696 843274310 842820347 0 0 0 0 0 0 570329314 2181491 4169658368 144084992 6402048 6317330 4238846 1283755 1712114 7779935
1790459265286 0 75963 1285 843415740 842920961 0 0 0 0 0 0 570444376 2181841 4168749056 320311296 11292672 6700253 4476355 1399188 1786647 7962019
1790459266310 0 24090 15039 843503448 843047019 0 0 0 0 0 0 570513963 2182048 4167483392 131825664 34410496 6928672 4617887 1470921 1907311 8383693
1790459267331 0 60143 22576 843636330 843136195 0 0 0 0 0 0 570610985 2182345 4165705728 232689664 92573696 7240861 4814362 1567919 1964706 8600470
1790459268352 0 27806 7220 843724446 843271997 0 0 0 0 0 0 570668343 2182499 4163653632 126455808 2461696 7434598 4933366 1625272 2027753 8985693
1790459269380 0 25468 2955 843850241 843404594 0 0 0 0 0 0 570741644 2182721 4160299008 105050112 0 7667975 5076151 1694563 2105960 9377033
1790459270401 0 37491 667 843980567 843524936 0 0 0 0 0 0 570819746 2182957 4157227008 153616384 14884864 7951718 5242438 1776681 2189073 9745034
1790459271421 0 27679 0 844103493 843658322 0 0 0 0 0 0 570894154 2183171 4153999360 93097984 0 8196985 5389657 1846353 2295725 10193431
1790459272449 0 34586 1042 844231690 843778582 0 0 0 0 0 0 570981133 2183409 4151480320 139087872 2383872 8484459 5568760 1936543 2392743 10548680
1790459273471 0 47987 2108 844350205 843882761 0 0 0 0 0 0 571066991 2183648 4150317056 208261120 4517888 8777432 5743336 2023111 2445338 10875794
1790459274500 0 8845 2763 844456320 844027291 0 0 0 0 0 0 571128082 2183821 4148260864 52965376 8249344 9008859 5881969 2081435 2548121 11428805
1790459275537 0 10925 364 844573946 844145254 0 0 0 0 0 0 571206539 2184047 4147511296 40456192 5341184 9263319 6045611 2161981 2635151 11774330
1790459276568 0 7885 67 844694198 844268767 0 0 0 0 0 0 571288724 2184315 4146331648 6180864 0 9519999 6212441 2242088 2809562 12291683
1790459277600 0 33494 0 844820850 844369851 0 0 0 0 0 0 571394495 2184655 4147167232 113860608 0 9830969 6418471 2348351 2921553 12542442
1790459278624 0 38047 5842 844955739 844494496 0 0 0 0 0 0 571480145 2184938 4146769920 173920256 15663104 10161032 6628891 2436586 3011431 12891721
1790459279648 0 10228 1705 845051110 844621759 0 0 0 0 0 0 571546225 2185148 4147027968 45776896 12992512 10392347 6774982 2502634 3083951 13164889
1790459280668 0 38071 4159 845185921 844726393 0 0 0 0 0 0 571651883 2185592 4148088832 156762112 24379392 10728018 6991511 2608340 3187969 13495104
1790459281691 0 19533 4070 845291633 844850663 0 0 0 0 0 0 571726843 2185803 4147679232 77934592 24895488 10977451 7152515 2683773 3255642 13777054
1790459282711 0 21039 533 845413127 844973985 0 0 0 0 0 0 571809758 2186040 4148039680 88604672 4333568 11262603 7335213 2765714 3353509 14229689
1790459283745 0 23765 1154 845534765 845092388 0 0 0 0 0 0 571900607 2186296 4149714944 96657408 2969600 11568067 7525566 2856036 3422191 14472318
1790459284774 0 49454 889 845680897 845213226 0 0 0 0 0 0 571988787 2186552 4147752960 206131200 10383360 11897698 7738845 2944043 3534113 14855783
1790459285811 0 83904 586 845817630 845315709 0 0 0 0 0 0 572090146 2186821 4148695040 335372288 7229440 12227441 7954588 3046329 3617293 15139066
1790459286832 0 7957 1670 845894789 845467809 0 0 0 0 0 0 572161018 2187015 4150259712 42835968 4444160 12429959 8092340 3116944 3739024 15637853
1790459287856 0 89546 877 846057412 845549526 0 0 0 0 0 0 572294089 2187371 4152733696 356077568 12275712 12866278 8364538 3251085 3805471 15820176
1790459288883 0 43034 814 846165829 845704821 0 0 0 0 0 0 572369054 2187585 4153188352 170713088 1257472 13125473 8525396 3325493 3920984 16268189
1790459289916 0 25713 930 846280837 845836798 0 0 0 0 0 0 572444454 2187831 4151619584 118968320 1536000 13415841 8702598 3399423 4014174 16618496
1790459290947 0 42402 3930 846417190 845953627 0 0 0 0 0 0 572532816 2188145 4150657024 177209344 13340672 13729206 8911947 3488481 4141804 16982217
1790459291974 0 12007 8 846510188 846080614 0 0 0 0 0 0 572614519 2188402 4152311808 31735808 0 13974538 9069932 3568342 4252436 17423369
1790459292997 0 48264 648 846652514 846186073 0 0 0 0 0 0 572719799 2188733 4153712640 202399744 9158656 14336033 9307228 3675921 4365086 17723258
1790459294018 0 31392 2 846757123 846308319 0 0 0 0 0 0 572783646 2188940 4153786368 104050688 0 14580448 9458062 3739067 4436862 18067555
1790459295039 0 50108 464 846893492 846425539 0 0 0 0 0 0 572895335 2189285 4154609664 203177984 3600384 14934779 9691856 3851250 4548023 18333594
1790459296061 0 31173 0 846999008 846550196 0 0 0 0 0 0 572985110 2189538 4155015168 115630080 0 15189485 9871423 3937590 4636479 18614533
1790459297087 0 36160 0 847114943 846661404 0 0 0 0 0 0 573072932 2189801 4154494976 131301376 0 15485843 10058384 4025480 4728822 19016574
1790459298111 0 37019 0 847248800 846794237 0 0 0 0 0 0 573172803 2190100 4155715584 125157376 0 15809570 10268933 4126727 4816712 19358353
1790459299135 0 24015 823 847383696 846941419 0 0 0 0 0 0 573259900 2190369 4154052608 102678528 1126400 16112630 10472174 4215294 4909028 19714723
1790459300162 0 13420 1826 847518511 847085910 0 0 0 0 0 0 573355079 2190642 4153978880 57511936 11067392 16465150 10683688 4311178 5000369 20052044
1790459301188 0 320 4712 847649420 847227252 0 0 0 0 0 0 573439819 2190905 4152770560 25047040 11628544 16761080 10875670 4395726 5099693 20448995
1790459302220 0 15962 0 847753104 847319787 0 0 0 0 0 0 573516610 2191129 4152741888 51716096 0 17007000 11038232 4472715 5190906 20653773
1790459303247 0 59964 542 847852362 847374598 0 0 0 0 0 0 573589903 2191352 4153016320 251150336 3080192 17252564 11192881 4546324 5268295 20790555
1790459304271 0 35544 0 847951106 847498030 0 0 0 0 0 0 573665869 2191579 4152365056 141213696 0 17492513 11349846 4620255 5337990 21005129
1790459305302 0 30118 2524 848037934 847587925 0 0 0 0 0 0 573731593 2191782 4153516032 125181952 3665920 17712585 11485644 4686991 5435131 21221503
1790459306324 0 8537 663 848157016 847730497 0 0 0 0 0 0 573802419 2191993 4152254464 26742784 1482752 17985775 11653669 4758499 5546244 21655281
1790459307348 0 54904 0 848271642 847799231 0 0 0 0 0 0 573875176 2192215 4150345728 210759680 0 18232398 11806913 4831109 5613527 21789319
1790459308374 0 16437 663 848362939 847928422 0 0 0 0 0 0 573943554 2192414 4149633024 69943296 3104768 18455876 11948079 4897942 5705554 22115309
1790459309394 0 23652 30 848478332 848037187 0 0 0 0 0 0 574018420 2192667 4148801536 75735040 0 18699974 12110287 4973635 5772577 22366984
1790459310416 0 40659 2480 848589412 848128794 0 0 0 0 0 0 574088354 2192912 4147343360 161828864 0 18948959 12259845 5043772 5880326 22610974
1790459311437 0 32464 0 848691031 848241137 0 0 0 0 0 0 574160119 2193154 4146192384 130699264 0 19203025 12415264 5116024 5960124 22829683
1790459312457 0 34875 0 848777462 848325178 0 0 0 0 0 0 574232386 2193385 4146626560 136921088 0 19420682 12553657 5187861 6057299 23040155
1790459313476 0 14953 0 848869432 848436866 0 0 0 0 0 0 574294555 2193593 4145180672 57028608 0 19633346 12687648 5250484 6139897 23305801
1790459314496 0 30475 0 848966891 848518961 0 0 0 0 0 0 574358814 2193802 4143828992 118071296 0 19871386 12828768 5315134 6204422 23461119
1790459315520 0 61032 0 849072220 848593783 0 0 0 0 0 0 574429022 2194044 4143022080 240648192 0 20114757 12980564 5382445 6276474 23614751
1790459316548 0 7554 464 849159886 848734562 0 0 0 0 0 0 574495760 2194268 4143120384 19537920 831488 20315816 13111101 5451177 6378698 24036922
1790459317573 0 6778 1788 849292093 848866404 0 0 0 0 0 0 574564757 2194567 4140978176 31379456 9322496 20587586 13287542 5520681 6452702 24305352
1790459318595 0 46713 877 849395158 848930301 0 0 0 0 0 0 574637045 2194819 4141150208 190275584 7786496 20842352 13449451 5593012 6499073 24431797
1790459319614 0 14839 596 849491461 849058559 0 0 0 0 0 0 574699716 2195043 4141985792 63062016 3809280 21050234 13590437 5655640 6575263 24734307
1790459320637 0 9267 0 849580720 849153990 0 0 0 0 0 0 574766174 2195279 4141916160 24969216 0 21253146 13728826 5720306 6655704 25001647
1790459321658 0 34995 11898 849683064 849218774 0 0 0 0 0 0 574834762 2195537 4141637632 137183232 65007616 21503247 13885354 5791190 6709713 25122078
1790459322695 0 14433 1 849785584 849353713 0 0 0 0 0 0 574909468 2195807 4142632960 57036800 0 21753817 14044191 5862224 6801433 25454707
1790459323722 0 22084 0 849879291 849439846 0 0 0 0 0 0 574970492 2196037 4142653440 85000192 0 21967617 14187954 5926503 6864195 25602920
1790459324744 0 54459 0 849992672 849520749 0 0 0 0 0 0 575043616 2196297 4141322240 214777856 0 22212067 14351307 5999017 6947210 25802990
1790459325778 0 71204 0 850088337 849599663 0 0 0 0 0 0 575112058 2196549 4142108672 278999040 0 22433710 14498936 6066032 7016980 25938983
1790459326809 0 9669 0 850175365 849748168 0 0 0 0 0 0 575179165 2196763 4142915584 21164032 0 22639537 14635069 6132755 7113096 26316895
1790459327831 0 28182 3873 850269892 849820532 0 0 0 0 0 0 575247619 2196998 4143464448 141139968 3006464 22872582 14788647 6203033 7167665 26387020
1790459328854 0 27358 0 850371101 849926423 0 0 0 0 0 0 575322191 2197277 4144156672 109637632 0 23125638 14945483 6278658 7235962 26686038
1790459329877 0 66843 0 850461210 849976931 0 0 0 0 0 0 575389382 2197539 4144930816 259047424 0 23358013 15089769 6346345 7327167 26846533
1790459330905 0 8236 8813 850552839 850118501 0 0 0 0 0 0 575461791 2197806 4145790976 33734656 47816704 23596920 15241285 6417706 7439048 27171180
1790459331926 0 29937 660 850645377 850197391 0 0 0 0 0 0 575526652 2198043 4146135040 117436416 3186688 23818174 15382469 6482137 7492021 27321766
1790459332966 0 4442 0 850746277 850324382 0 0 0 0 0 0 575588413 2198302 4145442816 2473984 19836928 24044517 15529116 6542679 7579727 27640202
1790459334017 0 23624 6423 850847458 850400134 0 0 0 0 0 0 575662337 2198583 4145102848 113524736 26521600 24297676 15692898 6618833 7655490 27794380
1790459335044 0 40893 12412 850952550 850481978 0 0 0 0 0 0 575730446 2198861 4145758208 165154816 64348160 24530232 15846768 6686360 7727426 28051038
1790459336067 0 85108 0 851053826 850551317 0 0 0 0 0 0 575788852 2199098 4145094656 335233024 0 24740734 15988195 6742886 7785808 28201003
1790459337104 0 30986 1005 851150098 850700726 0 0 0 0 0 0 575852436 2199348 4145389568 134041600 2658304 24969264 16134588 6808850 7902353 28601308
1790459338129 0 45454 1143 851256747 850792802 0 0 0 0 0 0 575922277 2199613 4145274880 190808064 5455872 25214424 16297181 6878698 7964164 28726076
1790459339152 0 27898 0 851348625 850903268 0 0 0 0 0 0 575995188 2199892 4146319360 111742976 0 25435332 16447234 6951061 8057252 29032810
1790459340173 0 62022 0 851441594 850962183 0 0 0 0 0 0 576071270 2200175 4147314688 246407168 0 25649233 16602149 7026182 8126203 29139391
1790459341205 0 25277 0 851530344 851087630 0 0 0 0 0 0 576137785 2200432 4147916800 92803072 0 25862646 16740775 7090915 8231483 29426801
1790459342261 0 10505 110 851609171 851181185 0 0 0 0 0 0 576193298 2200629 4148584448 49057792 5910528 26055538 16860854 7146164 8316942 29696293
1790459343299 0 9109 1275 851746541 851318788 0 0 0 0 0 0 576287271 2200971 4147449856 39120896 8806400 26371662 17068665 7243180 8416475 29981636
1790459344319 0 61739 0 851835583 851356455 0 0 0 0 0 0 576369633 2201262 4147798016 250630144 0 26613868 17221303 7324751 8474603 30092345
1790459345341 0 47720 0 851921017 851455901 0 0 0 0 0 0 576439447 2201518 4147765248 186888192 0 26847311 17367147 7396378 8559831 30280901
1790459346365 0 42401 3978 852015355 851551463 0 0 0 0 0 0 576493960 2201748 4147036160 199278592 69632 27056618 17497118 7450630 8633972 30460009
1790459347409 0 18654 708 852125690 851689126 0 0 0 0 0 0 576576179 2202107 4147453952 91283456 2084864 27339623 17665324 7531448 8710446 30742771
1790459348436 0 44630 5034 852223144 851756140 0 0 0 0 0 0 576645508 2202405 4147134464 182616064 31674368 27582954 17819717 7601944 8784664 30914637
1790459349458 0 19155 0 852315218 851878673 0 0 0 0 0 0 576709732 2202671 4146094080 60289024 0 27789530 17954308 7663085 8881160 31294283
1790459350480 0 37128 0 852408984 851954505 0 0 0 0 0 0 576777286 2202921 4146757632 140587008 0 28018441 18104860 7732715 8970701 31482757
1790459351505 0 17040 4232 852498596 852059935 0 0 0 0 0 0 576845260 2203188 4146470912 86028288 14823424 28249217 18248917 7801194 9078638 31706129
1790459352537 0 42205 0 852609467 852149839 0 0 0 0 0 0 576925409 2203507 4147838976 151719936 0 28502984 18413657 7879785 9178572 31980166
1790459353566 0 55368 1067 852697243 852223451 0 0 0 0 0 0 576992166 2203766 4147453952 224182272 9740288 28725506 18554699 7948071 9264485 32215069
1790459354590 0 86100 0 852800587 852296997 0 0 0 0 0 0 577078406 2204081 4148166656 337223680 0 28977792 18720696 8032790 9359805 32470219
1790459355621 0 63760 948 852896459 852414278 0 0 0 0 0 0 577153162 2204382 4147806208 267640832 5455872 29227518 18872277 8109608 9452801 32795332
1790459356640 0 89717 0 853000021 852492818 0 0 0 0 0 0 577219426 2204656 4146896896 356552704 0 29473240 19024135 8174832 9553692 33012282
1790459357670 0 48567 905 853075077 852608179 0 0 0 0 0 0 577278486 2204891 4146032640 209862656 11714560 29661456 19143968 8234415 9666901 33365153
1790459358702 0 28698 1125 853185692 852738548 0 0 0 0 0 0 577353998 2205218 4145242112 125083648 1261568 29926713 19314553 8310417 9783709 33808284
1790459359731 0 17096 5521 853287624 852847616 0 0 0 0 0 0 577424422 2205509 4144078848 111050752 6295552 30166944 19466217 8380046 9876767 34068223
1790459360766 0 34849 1316 853388557 852935093 0 0 0 0 0 0 577502797 2205813 4144857088 154419200 3837952 30408919 19626523 8458537 9989654 34330780
1790459361788 0 28225 606 853483246 853036955 0 0 0 0 0 0 577572600 2206084 4145278976 109817856 8495104 30633446 19769801 8528531 10067695 34574102
1790459362815 0 71405 0 853600474 853111767 0 0 0 0 0 0 577652245 2206398 4144422912 290426880 0 30901430 19943050 8605886 10147845 34815287
1790459363850 0 9281 2868 853687519 853258437 0 0 0 0 0 0 577715640 2206625 4144230400 62345216 8724480 31124426 20081844 8670948 10229159 35133450
1790459364889 0 19985 1970 853793345 853353992 0 0 0 0 0 0 577795776 2207235 4144128000 86478848 11010048 31385290 20248580 8751686 10326345 35367262
1790459365923 0 23193 398 853903031 853462248 0 0 0 0 0 0 577867674 2207516 4143202304 103149568 2949120 31625855 20406750 8822965 10394719 35570967
1790459366958 0 20245 658 853992859 853554356 0 0 0 0 0 0 577939497 2207778 4144103424 84430848 2035712 31858478 20553583 8894457 10489695 35836732
1790459367985 0 9654 346 854085663 853658103 0 0 0 0 0 0 578007324 2208033 4144963584 38965248 2195456 32079945 20699898 8961988 10577118 36121928
1790459369017 0 83271 1921 854194394 853691871 0 0 0 0 0 0 578091295 2208370 4145348608 357076992 6529024 32355449 20879422 9047208 10641352 36190546
1790459370057 0 13950 0 854289783 853858369 0 0 0 0 0 0 578165486 2208655 4145405952 33816576 0 32574077 21025297 9118318 10714988 36519314
1790459371085 0 43159 74 854400953 853940440 0 0 0 0 0 0 578235825 2208984 4144467968 172023808 0 32845552 21195757 9190789 10799465 36725495
1790459372109 0 45431 0 854483194 854020334 0 0 0 0 0 0 578311795 2209281 4145606656 177291264 0 33070617 21335314 9265716 10864421 36885984
1790459373133 0 61241 0 854584952 854106438 0 0 0 0 0 0 578384346 2209978 4145557504 242278400 0 33306414 21495925 9339751 10948895 37136919
1790459374161 0 38729 601 854674793 854217963 0 0 0 0 0 0 578449131 2210240 4145913856 160501760 2412544 33514632 21630643 9404453 11010849 37343176
1790459375191 0 13617 542 854775859 854344089 0 0 0 0 0 0 578511216 2210508 4144693248 51531776 1650688 33744299 21778642 9467652 11129515 37567337
1790459376216 0 7186 11052 854871462 854435811 0 0 0 0 0 0 578584116 2210805 4145606656 27377664 62107648 34006210 21938811 9539588 11226447 37745973
1790459377248 0 46263 4370 854961714 854493610 0 0 0 0 0 0 578661071 2211093 4146491392 212504576 16633856 34248826 22093268 9616981 11292061 37893600
1790459378287 0 41298 0 855075897 854617238 0 0 0 0 0 0 578736948 2211412 4146253824 157786112 0 34507333 22267385 9692429 11376379 38133637
1790459379310 0 22940 0 855189239 854749053 0 0 0 0 0 0 578798679 2211691 4143955968 93839360 0 34751379 22423925 9753569 11437682 38453386
1790459380335 0 40466 0 855276902 854818930 0 0 0 0 0 0 578876721 2211959 4145508352 155971584 0 34977959 22573230 9832118 11496073 38568372
1790459381369 0 2113 6977 855372238 854946060 0 0 0 0 0 0 578941701 2212213 4145889280 35823616 18915328 35195367 22716621 9898118 11569151 38816877
1790459382406 0 14413 1251 855451696 855018805 0 0 0 0 0 0 579011013 2212474 4146765824 56729600 2297856 35403567 22851703 9966926 11626866 39019386
1790459383425 0 41101 9124 855559532 855091830 0 0 0 0 0 0 579087241 2212792 4147027968 193773568 18628608 35674202 23019292 10043668 11714792 39272932
1790459384447 0 100028 0 855674425 855156942 0 0 0 0 0 0 579157186 2213099 4146774016 396021760 0 35934138 23179788 10113538 11782551 39566589
1790459385491 0 54946 3478 855727200 855251407 0 0 0 0 0 0 579198600 2213240 4146761728 258945024 4923392 36071771 23267693 10153340 11882648 40070814
1790459386538 0 34510 370 855791061 855338864 0 0 0 0 0 0 579245137 2213413 4146409472 128593920 3616768 36216976 23361023 10200529 12007356 40758493
1790459387560 0 41725 369 855870580 855411251 0 0 0 0 0 0 579299483 2213630 4145852416 161341440 1163264 36409868 23481866 10254877 12258330 41277024
1790459388582 0 49689 0 855976729 855509475 0 0 0 0 0 0 579377411 2213919 4145086464 180387840 0 36661323 23646234 10332926 12375059 41757018
1790459389607 0 41770 2117 856087237 855625927 0 0 0 0 0 0 579450441 2214250 4144771072 187953152 5308416 36926431 23817989 10406857 12462558 42057158
1790459390635 0 43601 1399 856182054 855720015 0 0 0 0 0 0 579525110 2214532 4145471488 182517760 3203072 37152020 23965955 10480289 12608236 42544220
1790459391659 0 23781 0 856267160 855825898 0 0 0 0 0 0 579587037 2214796 4145741824 74899456 0 37348398 24096119 10539636 12740889 42964961
1790459392696 0 16485 2043 856365879 855930187 0 0 0 0 0 0 579659991 2215094 4146540544 75407360 8970240 37607974 24253320 10615422 12839599 43360538
1790459393732 0 41528 2 856477124 856018095 0 0 0 0 0 0 579747120 2215438 4147527680 165715968 0 37901933 24435402 10702560 12928567 43710941
1790459394772 0 5279 368 856550848 856127791 0 0 0 0 0 0 579796995 2215627 4147720192 23298048 7147520 38065997 24543014 10753429 13043146 44133170
1790459395828 0 17794 279 856662578 856227172 0 0 0 0 0 0 579864485 2215920 4146470912 66871296 1228800 38323382 24700187 10818863 13130746 44469686
1790459396859 0 33642 3261 856774791 856320529 0 0 0 0 0 0 579940388 2216238 4145238016 142725120 7368704 38588575 24871045 10896360 13264784 44880625
1790459397896 0 65116 2557 856868884 856383841 0 0 0 0 0 0 580011426 2216548 4146208768 279810048 6156288 38816221 25023747 10967342 13344626 45094784
1790459398921 0 54125 2817 856962628 856488267 0 0 0 0 0 0 580080958 2216823 4145946624 228286464 13553664 39049333 25173183 11037418 13442050 45546408
1790459399974 0 57383 637 857070207 856594714 0 0 0 0 0 0 580160061 2217206 4146393088 239820800 2154496 39293344 25332467 11113421 13532251 45871490
1790459401013 0 20970 1302 857145296 856705810 0 0 0 0 0 0 580225779 2217497 4147527680 93167616 1314816 39501581 25465011 11182264 13665080 46359358
1790459402039 0 76019 525 857258020 856764041 0 0 0 0 0 0 580321292 2217882 4148609024 302792704 2437120 39807709 25651318 11277246 13760562 46585343
1790459403066 0 54878 1168 857353668 856880298 0 0 0 0 0 0 580382969 2218146 4147740672 227393536 2416640 40021172 25790777 11338216 13898137 47109692
1790459404090 0 37622 1725 857449602 856992997 0 0 0 0 0 0 580444079 2218391 4145745920 164331520 2236416 40248387 25926231 11400021 13988990 47518232
1790459405117 0 54236 0 857544332 857072679 0 0 0 0 0 0 580508254 2218673 4144754688 217763840 0 40469463 26066902 11465233 14079086 47861507
1790459406138 0 40069 305 857623511 857165824 0 0 0 0 0 0 580572649 2218908 4145205248 172695552 1871872 40665916 26193621 11529123 14214119 48327145
1790459407167 0 19829 59 857704121 857266797 0 0 0 0 0 0 580631220 2219151 4144889856 60366848 0 40857620 26315245 11586929 14349332 48856362
1790459408208 0 25178 346 857811074 857368295 0 0 0 0 0 0 580711311 2219495 4145422336 104198144 1327104 41128764 26482361 11666447 14463431 49265838
1790459409259 0 62213 437 857922755 857442707 0 0 0 0 0 0 580800117 2219867 4145455104 271638528 3055616 41423518 26665101 11755042 14577557 49672622
1790459410309 0 58915 2177 858017361 857538999 0 0 0 0 0 0 580866346 2220146 4145725440 250404864 4349952 41658522 26811513 11821743 14677533 50010995
1790459411333 0 44830 526 858104119 857641351 0 0 0 0 0 0 580924358 2220393 4144422912 183586816 2338816 41854642 26937339 11878649 14788678 50508079
1790459412358 0 18787 1645 858181638 857743795 0 0 0 0 0 0 580989033 2220641 4144844800 87166976 5881856 42057955 27068282 11943920 14900313 50888272
1790459413385 0 19329 59 858274894 857838202 0 0 0 0 0 0 581063922 2220945 4145397760 59527168 0 42269857 27209089 12016819 14996845 51300663
1790459414409 0 8318 1276 858361261 857934305 0 0 0 0 0 0 581142716 2221257 4146880512 32534528 5906432 42510917 27363253 12098186 15077437 51605817
1790459415437 0 50263 0 858479374 858011695 0 0 0 0 0 0 581233983 2221659 4147548160 185696256 0 42799844 27544693 12187925 15177783 51920886
1790459416460 0 72088 61 858583191 858093711 0 0 0 0 0 0 581317380 2222019 4146741248 277999616 0 43081268 27715069 12272556 15263003 52278897
1790459417482 0 83198 0 858684521 858183976 0 0 0 0 0 0 581388024 2222333 4145696768 330534912 0 43326427 27870200 12342474 15346527 52577669
1790459418503 0 78527 1912 858759048 858261122 0 0 0 0 0 0 581446099 2222579 4146110464 325369856 3522560 43522688 27992830 12402781 15476665 52889878
1790459419527 0 42291 4519 858830695 858366651 0 0 0 0 0 0 581494407 2222789 4145512448 200044544 1060864 43703112 28103972 12449810 15600452 53399726
1790459420572 0 16684 2861 858876042 858439100 0 0 0 0 0 0 581529276 2222920 4145278976 63860736 12615680 43811691 28177783 12485704 15652474 53996323
1790459421609 0 37589 2555 858990237 858532770 0 0 0 0 0 0 581611781 2223272 4144967680 165203968 6860800 44100605 28353704 12567917 15793774 54397318
1790459422628 0 33 0 858994005 858576603 0 0 0 0 0 0 581678081 2223545 4170989568 131072 0 44168709 28414014 12632535 15832086 54501282
1790459423647 0 150 0 858994122 858576603 0 0 0 0 0 0 581858942 2224219 4173447168 131072 0 44368592 28592488 12811609 15907454 54603010
1790459424667 0 176 0 858994148 858576603 0 0 0 0 0 0 582045865 2224729 4178690048 131072 0 44610572 28779649 13000050 16004006 54690521
1790459425686 0 194 0 858994166 858576603 0 0 0 0 0 0 582201991 2225644 4182802432 131072 0 45229338 28934031 13155436 16171998 54743375
1790459426706 0 208 0 858994192 858576603 0 0 0 0 0 0 582269845 2226725 1702969344 53248 0 45316503 29005509 13226776 16270465 54809902
