1790446858473 0 0 0 21731397 21718809 0 0 0 0 0 0 14267157 88205 - - - - - - - -
1790446859737 0 118634 4020 21967383 21831751 0 0 0 0 0 0 14267157 88282 936255488 530767872 7352320 0 0 8 0 5591
1790446860803 0 160368 2578 22147200 21971611 0 0 0 0 0 0 14267165 88282 1690030080 667398144 14557184 0 0 8 0 30303
1790446861828 0 170161 2029 22276141 22091350 0 0 0 0 0 0 14267165 88282 2199883776 689577984 15216640 0 0 8 0 137474
1790446862848 0 178425 2052 22398630 22205592 0 0 0 0 0 0 14267165 88282 2717474816 739037184 8388608 0 0 8 0 365576
1790446863879 0 184409 2049 22518113 22319036 0 0 0 0 0 0 14267165 88282 3181944832 731607040 16777216 0 0 8 0 526669
1790446864906 0 179230 4082 22631881 22435995 0 0 0 0 0 0 14267165 88282 3652665344 725209088 16777216 0 0 8 0 715104
1790446865948 0 169742 2076 22744386 22559924 0 0 0 0 0 0 14267165 88282 4095770624 686809088 41943040 0 0 8 0 950608
1790446866998 0 174283 3536 22883499 22693067 0 0 0 0 0 0 14272716 88289 4140666880 720232448 8388608 260167 137033 5059 59459 1067018
1790446868036 0 168675 2021 22999470 22816168 0 0 0 0 0 0 14279761 88300 4140040192 686747648 8388608 447308 260926 12146 101425 1161157
1790446869062 0 132247 1934 23085023 22937932 0 0 0 0 0 0 14287377 88312 4139831296 528654336 8388608 565462 350799 19782 142792 1282018
1790446870085 0 124784 0 23188675 23051244 0 0 0 0 0 0 14297929 88653 4139835392 484360192 0 716230 464713 30784 171836 1604746
1790446871107 0 153095 2052 23338121 23170385 0 0 0 0 0 0 14318713 88683 4139962368 620396544 16777216 936256 639475 51607 222658 1731353
1790446872138 0 111974 11014 23422367 23286669 0 0 0 0 0 0 14331201 88738 4140253184 492630016 25165824 1088061 734790 64039 272163 1950073
1790446873178 0 124607 6144 23525647 23382308 0 0 0 0 0 0 14354796 88897 4141395968 537501696 24059904 1301249 862251 87635 319956 2240742
1790446874238 0 129004 7548 23633080 23483871 0 0 0 0 0 0 14381396 89031 4143022080 528367616 30916608 1502738 996436 113727 377420 2448879
1790446875293 0 137960 10330 23741852 23581272 0 0 0 0 0 0 14411163 89181 4144787456 566259712 43057152 1699957 1134601 143788 434538 2740816
1790446876337 0 49150 1990 23783697 23719909 0 0 0 0 0 0 14424500 89235 4145418240 210219008 52903936 1768385 1185426 156828 475410 2956654
1790446877389 0 112165 10611 23939052 23803688 0 0 0 0 0 0 14475245 89426 4148953088 459407360 51851264 2046500 1394490 208086 533517 3295875
1790446878416 0 103365 4 24044931 23928952 0 0 0 0 0 0 14509590 89547 4150472704 400441344 0 2233964 1525352 239371 575597 3690197
1790446879461 0 90019 8237 24155873 24044942 0 0 0 0 0 0 14540928 89689 4151644160 400977920 12869632 2442711 1672527 272747 733120 4050041
1790446880514 0 116335 2027 24273885 24142976 0 0 0 0 0 0 14596613 89919 4155039744 480006144 58720256 2689386 1843105 328426 791241 4294429
1790446881536 0 103133 27 24370412 24254585 0 0 0 0 0 0 14632190 90049 4156014592 396734464 0 2885916 1971236 362806 840719 4718431
1790446882558 0 102800 6735 24487068 24365381 0 0 0 0 0 0 14674034 90226 4156657664 417267712 34795520 3113427 2136849 406873 902146 5037630
1790446883580 0 152249 0 24611072 24446142 0 0 0 0 0 0 14748527 90456 4159119360 603373568 0 3397100 2326605 477690 961836 5338289
1790446884607 0 133904 33 24701149 24554667 0 0 0 0 0 0 14794469 90600 4160176128 527474688 0 3590242 2461460 523085 1030192 5683082
1790446885631 0 116529 0 24792441 24663283 0 0 0 0 0 0 14850548 90775 4161576960 455438336 0 3793725 2609620 580843 1088405 6070323
1790446886655 0 86474 0 24868783 24769779 0 0 0 0 0 0 14901802 90919 4163452928 333950976 0 3996505 2738387 633464 1162066 6451755
1790446887679 0 105849 2813 24990341 24868973 0 0 0 0 0 0 14981314 91157 4164820992 431980544 8388608 4305817 2941102 713641 1214994 6865125
1790446888707 0 142479 0 25117422 24962243 0 0 0 0 0 0 15048173 91370 4164603904 564428800 0 4599427 3130376 777624 1306576 7166330
1790446889732 0 108453 0 25190111 25068790 0 0 0 0 0 0 15105876 91512 4165443584 426528768 0 4811432 3258501 833351 1367440 7533663
1790446890762 0 92217 0 25278141 25173278 0 0 0 0 0 0 15177450 91710 4167507968 356507648 0 5056079 3418758 907005 1451588 7951615
1790446891789 0 73350 0 25363605 25277726 0 0 0 0 0 0 15241590 91885 4168290304 302104576 4685824 5280739 3574495 973412 1521797 8305159
1790446892814 0 45499 2050 25449281 25389180 0 0 0 0 0 0 15316007 92075 4168249344 190316544 9326592 5519405 3734081 1047824 1636334 8778073
1790446893837 0 132061 0 25599661 25454909 0 0 0 0 0 0 15442433 92498 4169392128 525316096 0 5928740 3999383 1168877 1712227 9011972
1790446894865 0 71455 16244 25666339 25566046 0 0 0 0 0 0 15489980 92654 4168859648 292859904 66535424 6122132 4118730 1222326 1815418 9311301
1790446895885 0 27785 0 25727124 25686758 0 0 0 0 0 0 15548035 92862 4168851456 100298752 0 6282484 4223940 1274002 1888464 9731769
1790446896909 0 32765 2575 25834119 25786081 0 0 0 0 0 0 15630108 93128 4167589888 135041024 5009408 6587915 4407668 1360401 2004683 10217052
1790446897942 0 45671 1893 25943628 25883916 0 0 0 0 0 0 15731265 93435 4167352320 191369216 3174400 6895713 4597509 1461473 2086181 10560209
1790446898967 0 13471 46 26016943 25990777 0 0 0 0 0 0 15779565 93583 4166639616 29949952 0 7050756 4700987 1510245 2163371 10923364
1790446899994 0 29421 2715 26126808 26082199 0 0 0 0 0 0 15862105 93820 4165083136 132788224 15421440 7320428 4865850 1592398 2273001 11333999
1790446901020 0 5158 2625 26230278 26209973 0 0 0 0 0 0 15929941 93998 4162506752 21127168 17707008 7537073 5002771 1662164 2361073 11851683
1790446902044 0 31589 0 26353676 26309439 0 0 0 0 0 0 16006995 94243 4160675840 101232640 0 7778140 5145275 1738725 2469975 12218728
1790446903069 0 52451 4041 26485477 26416405 0 0 0 0 0 0 16077879 94459 4156473344 231239680 0 8050512 5302074 1809562 2586524 12725508
1790446904093 0 12350 0 26566247 26541350 0 0 0 0 0 0 16132885 94611 4154642432 35184640 0 8218484 5402316 1859848 2712324 13414960
1790446905117 0 73412 1825 26718038 26629989 0 0 0 0 0 0 16227608 94851 4151566336 299167744 0 8557971 5608126 1957294 2807065 13839338
1790446906137 0 55574 438 26819783 26751271 0 0 0 0 0 0 16299404 95042 4149497856 227454976 10936320 8815586 5757147 2031634 2912487 14378751
1790446907162 0 51959 1854 26937074 26870685 0 0 0 0 0 0 16381204 95263 4148981760 217542656 9531392 9086304 5927878 2113743 3033542 14812606
1790446908189 0 8527 5242 27032727 27006336 0 0 0 0 0 0 16436120 95405 4147437568 59052032 18976768 9287711 6052139 2167532 3157840 15292592
1790446909250 0 18126 1439 27150912 27118701 0 0 0 0 0 0 16516591 95670 4146020352 94474240 2736128 9543851 6214546 2244670 3323622 15750574
1790446910303 0 47088 4243 27279968 27216154 0 0 0 0 0 0 16627389 96017 4147503104 213643264 2912256 9873770 6436706 2358616 3442458 16056466
1790446911338 0 8569 1404 27362304 27339916 0 0 0 0 0 0 16685864 96196 4147556352 34140160 3919872 10054900 6563852 2416626 3553241 16601595
1790446912374 0 21730 1154 27485254 27449809 0 0 0 0 0 0 16758328 96460 4146851840 93257728 8224768 10350439 6747100 2490171 3666793 16998909
1790446913397 0 10300 6209 27608220 27579213 0 0 0 0 0 0 16857072 96759 4147769344 42262528 39419904 10668560 6950120 2589853 3789984 17376756
1790446914422 0 9516 2241 27726176 27701806 0 0 0 0 0 0 16951959 97020 4148858880 33013760 10612736 10946349 7137771 2684250 3879496 17780333
1790446915453 0 36514 3440 27862961 27810370 0 0 0 0 0 0 17042139 97279 4148105216 170856448 5611520 11265049 7337806 2771889 3979357 18194957
1790446916493 0 32642 0 27956004 27910775 0 0 0 0 0 0 17123029 97509 4149780480 110747648 0 11513914 7496200 2852883 4087171 18578927
1790446917514 0 43135 969 28078921 28022299 0 0 0 0 0 0 17206719 97746 4149760000 180711424 3801088 11802717 7688124 2937545 4174189 18957234
1790446918534 0 26172 569 28180693 28141344 0 0 0 0 0 0 17271220 97921 4149567488 103010304 4222976 12032722 7839818 3003975 4288375 19394476
1790446919562 0 3519 5593 28281476 28260170 0 0 0 0 0 0 17345146 98140 4150370304 29110272 6750208 12276435 7995453 3077393 4380921 19846715
1790446920591 0 6866 3115 28389148 28366499 0 0 0 0 0 0 17435650 98387 4151906304 44093440 6623232 12566768 8175577 3167536 4480496 20208836
1790446921627 0 11495 1145 28493586 28468269 0 0 0 0 0 0 17512369 98633 4152643584 48238592 4579328 12828440 8345900 3242571 4579555 20558701
1790446922661 0 40973 999 28636403 28581804 0 0 0 0 0 0 17606260 98913 4152217600 166551552 3186688 13168260 8559741 3338505 4665374 20861519
1790446923683 0 17415 0 28729937 28699923 0 0 0 0 0 0 17681697 99131 4152696832 49864704 0 13388925 8707999 3411949 4814037 21273674
1790446924709 0 48944 2365 28868294 28804390 0 0 0 0 0 0 17777383 99457 4153151488 202248192 10907648 13736296 8932575 3508923 4965364 21647818
1790446925731 0 22602 606 28956359 28920489 0 0 0 0 0 0 17845135 99673 4153360384 99127296 925696 13974751 9075253 3576388 5072749 22130670
1790446926756 0 15612 1022 29055770 29026524 0 0 0 0 0 0 17925064 99924 4155015168 69627904 4386816 14212761 9243992 3656965 5194163 22543476
1790446927792 0 52642 495 29199243 29133590 0 0 0 0 0 0 18025559 100230 4154048512 217747456 4042752 14564417 9466159 3755011 5282558 22798153
1790446928836 0 16431 5851 29311067 29276115 0 0 0 0 0 0 18102994 100475 4154503168 83673088 13398016 14856449 9648316 3835318 5402974 23239655
1790446929867 0 76550 497 29450877 29361206 0 0 0 0 0 0 18218932 100824 4155244544 307539968 7106560 15202592 9886099 3949989 5471705 23452926
1790446930891 0 23292 0 29534659 29498809 0 0 0 0 0 0 18292964 101036 4155441152 77897728 0 15417147 10027834 4022358 5606768 23984201
1790446931922 0 65811 551 29689866 29611068 0 0 0 0 0 0 18408170 101385 4155793408 263049216 15151104 15807299 10282204 4139931 5715819 24332940
1790446932952 0 24606 525 29785603 29747908 0 0 0 0 0 0 18481613 101596 4155744256 101937152 1810432 16053062 10435464 4211788 5856435 24847437
1790446933974 0 28556 931 29912428 29870205 0 0 0 0 0 0 18565243 101848 4154593280 126328832 8609792 16348635 10630922 4296904 5968198 25315276
1790446935002 0 57872 438 30050833 29979915 0 0 0 0 0 0 18664693 102126 4153720832 235872256 10801152 16681645 10846037 4396624 6090167 25662846
1790446936025 0 14190 746 30142468 30114839 0 0 0 0 0 0 18730452 102307 4153921536 55955456 3551232 16900458 10987021 4462365 6215323 26254583
1790446937050 0 23769 3790 30267952 30227683 0 0 0 0 0 0 18823280 102617 4153425920 111796224 6262784 17211990 11183588 4555597 6330385 26613337
1790446938084 0 29401 451 30401532 30358967 0 0 0 0 0 0 18921370 102924 4153856000 128057344 23818240 17542536 11391341 4653246 6407612 26900513
1790446939126 0 52481 5642 30546948 30476318 0 0 0 0 0 0 19022412 103227 4152881152 236384256 11976704 17904517 11615976 4754275 6547181 27333515
1790446940150 0 29527 5148 30659527 30612368 0 0 0 0 0 0 19091836 103444 4152209408 137494528 8536064 18155604 11767544 4824307 6647053 27736750
1790446941172 0 18501 1053 30774242 30742056 0 0 0 0 0 0 19179099 103705 4151177216 80945152 1708032 18420425 11938722 4908758 6733174 28177363
1790446942203 0 17872 7699 30903474 30865331 0 0 0 0 0 0 19265867 104001 4148961280 100237312 22700032 18719458 12132483 4998079 6844616 28507219
1790446943233 0 43626 3510 31049441 30989700 0 0 0 0 0 0 19344947 104294 4146556928 190423040 3895296 19034470 12321691 5077171 6992003 28968590
1790446944262 0 23666 3249 31153266 31113763 0 0 0 0 0 0 19422129 104556 4145442816 111554560 7045120 19276789 12472833 5153837 7080582 29288120
1790446945301 0 5357 0 31251034 31233025 0 0 0 0 0 0 19489536 104793 4145680384 684032 1585152 19500631 12616345 5219052 7234780 29810569
1790446946331 0 6385 476 31373284 31353777 0 0 0 0 0 0 19582745 105072 4144259072 38678528 2150400 19807139 12809310 5312923 7350742 30201037
1790446947350 0 65225 3474 31538645 31457352 0 0 0 0 0 0 19681287 105433 4142907392 284401664 7933952 20185512 13040796 5413544 7465630 30481412
1790446948372 0 39608 946 31641939 31588794 0 0 0 0 0 0 19749592 105687 4142358528 156889088 4718592 20416289 13186409 5481816 7548388 30898362
1790446949392 0 43030 0 31775135 31719389 0 0 0 0 0 0 19824560 105984 4140511232 154505216 0 20687043 13367041 5554740 7660756 31315668
1790446950415 0 29077 0 31891276 31849563 0 0 0 0 0 0 19914650 106281 4141195264 96632832 0 20984131 13551120 5644032 7830434 31765120
1790446951440 0 20263 0 32013294 31980567 0 0 0 0 0 0 20001657 106611 4142841856 57970688 0 21269301 13741475 5732216 8022186 32267937
1790446952462 0 80362 8297 32174334 32073257 0 0 0 0 0 0 20114636 107024 4142608384 335306752 29089792 21665242 13994087 5846890 8145927 32596342
1790446953486 0 30353 11234 32271505 32217393 0 0 0 0 0 0 20187040 107271 4143353856 163409920 18771968 21894593 14147929 5919202 8270166 33192441
1790446954509 0 19558 1189 32401721 32368423 0 0 0 0 0 0 20278962 107594 4142727168 82243584 4714496 22195007 14345292 6010148 8381057 33559614
1790446955532 0 58946 3 32539906 32468374 0 0 0 0 0 0 20366716 107898 4142526464 219512832 0 22511907 14548626 6096935 8486488 33900126
1790446956561 0 31425 1868 32648466 32602690 0 0 0 0 0 0 20451625 108292 4143501312 122433536 27086848 22790883 14730421 6183347 8750849 34351574
1790446957591 0 9428 0 32753684 32731724 0 0 0 0 0 0 20532856 108874 4144570368 21942272 0 23034301 14894648 6261660 8906044 34768534
1790446958617 0 66966 3397 32927768 32844966 0 0 0 0 0 0 20637209 109296 4143570944 285245440 6930432 23439452 15150266 6369488 9011370 35082988
1790446959644 0 12250 659 33024041 32998626 0 0 0 0 0 0 20715481 109582 4145000448 57397248 2891776 23691903 15305653 6445169 9116952 35538472
1790446960678 0 82874 448 33190270 33094265 0 0 0 0 0 0 20829106 110033 4145184768 336650240 2879488 24086055 15561910 6560974 9201607 35771092
1790446961703 0 7999 949 33278803 33257297 0 0 0 0 0 0 20891361 110255 4144656384 36319232 4456448 24293648 15702229 6621539 9323246 36363783
1790446962743 0 1407 1765 33420626 33404827 0 0 0 0 0 0 20981695 110607 4145979392 29646848 7823360 24619303 15908144 6711375 9404878 36693916
1790446963806 0 5273 8326 33550600 33524510 0 0 0 0 0 0 21054585 110916 4145070080 66732032 16896000 24912836 16099905 6786438 9488570 37027513
1790446964858 0 36035 448 33686179 33637243 0 0 0 0 0 0 21151183 111277 4144754688 154742784 1351680 25239656 16312190 6882463 9615108 37385584
1790446965880 0 32640 664 33807606 33761577 0 0 0 0 0 0 21245145 111620 4146995200 138952704 1970176 25515128 16503870 6975404 9700079 37705949
1790446966902 0 12425 365 33914412 33889234 0 0 0 0 0 0 21336647 111957 4148166656 56496128 8519680 25806162 16690707 7067843 9789019 38075252
1790446967928 0 9718 55 34042352 34020044 0 0 0 0 0 0 21426221 112329 4148293632 31137792 5033984 26113155 16882418 7156718 9883982 38404010
1790446968962 0 31140 65 34170406 34126613 0 0 0 0 0 0 21520308 112679 4147580928 108826624 0 26421161 17077154 7248085 10046718 38808464
1790446969985 0 12734 624 34281521 34255583 0 0 0 0 0 0 21602568 113004 4146819072 60084224 2560000 26711639 17256581 7333277 10151037 39140409
1790446971009 0 5464 379 34392481 34374053 0 0 0 0 0 0 21689236 113366 4147232768 29593600 196608 26991615 17434156 7419572 10249936 39581886
1790446972042 0 10040 4891 34538528 34511088 0 0 0 0 0 0 21776105 113734 4145729536 65925120 20676608 27341159 17643675 7506790 10376559 39971070
1790446973087 0 12464 1923 34656102 34629273 0 0 0 0 0 0 21852888 114051 4145500160 62050304 4005888 27619298 17820797 7584179 10476347 40396293
1790446974120 0 17553 1022 34783715 34752671 0 0 0 0 0 0 21942173 114410 4145221632 77725696 4767744 27912130 18015335 7672524 10580482 40814317
1790446975141 0 6241 0 34904519 34885734 0 0 0 0 0 0 22048523 114827 4146446336 10149888 0 28219461 18215500 7777656 10711294 41183272
1790446976170 0 20562 8415 35039831 34998347 0 0 0 0 0 0 22142953 115200 4146900992 121372672 2543616 28562193 18423586 7874665 10801043 41554169
1790446977193 0 20713 967 35148355 35114219 0 0 0 0 0 0 22229254 115539 4147187712 83308544 2596864 28820997 18589203 7960961 10922247 42010214
1790446978225 0 26971 6195 35264604 35219084 0 0 0 0 0 0 22309650 115923 4146479104 132751360 7929856 29105083 18767390 8040339 11054725 42353259
1790446979249 0 13507 369 35365405 35339043 0 0 0 0 0 0 22395145 116631 4147183616 59318272 3739648 29379385 18933118 8125511 11194944 42804995
1790446980280 0 15936 0 35483841 35455324 0 0 0 0 0 0 22472185 116961 4146851840 44261376 0 29652350 19106895 8202360 11318129 43258199
1790446981308 0 62938 0 35632227 35556702 0 0 0 0 0 0 22580512 117413 4145156096 235401216 0 30009218 19332548 8308918 11505519 43684334
1790446982333 0 70831 0 35751790 35668320 0 0 0 0 0 0 22658869 117778 4144807936 268611584 0 30294275 19510503 8388533 11660842 44181490
1790446983356 0 40482 636 35846542 35792939 0 0 0 0 0 0 22728004 118186 4145119232 164139008 5173248 30534751 19661944 8460737 11912998 44756412
1790446984379 0 30267 755 35954615 35911069 0 0 0 0 0 0 22800599 118753 4144222208 125067264 16121856 30771984 19818450 8532082 12029865 45057018
1790446985413 0 20426 628 36064515 36031029 0 0 0 0 0 0 22886791 119075 4144414720 78958592 2469888 31044260 19991333 8616984 12132100 45475271
1790446986443 0 28058 438 36189167 36148045 0 0 0 0 0 0 22984359 119450 4145250304 120360960 14491648 31381434 20199682 8716068 12248310 45802305
1790446987480 0 32859 320 36313173 36267257 0 0 0 0 0 0 23071684 119779 4144455680 143933440 3715072 31676015 20390581 8802372 12359651 46190657
1790446988506 0 21196 1982 36427807 36392064 0 0 0 0 0 0 23145862 120093 4143468544 94105600 10006528 31945623 20560732 8878116 12511898 46736323
1790446989528 0 83118 384 36582463 36486425 0 0 0 0 0 0 23260873 120550 4143550464 347242496 1228800 32317447 20800978 8991434 12621633 47059971
1790446990559 0 4191 5671 36652878 36630515 0 0 0 0 0 0 23318564 120768 4144369664 14815232 36507648 32497097 20919503 9050829 12753415 47535644
1790446991587 0 103158 601 36831309 36715109 0 0 0 0 0 0 23449802 121299 4143423488 432349184 2433024 32939151 21194495 9179029 12868883 47791130
1790446992614 0 84829 0 36938666 36841345 0 0 0 0 0 0 23527887 121610 4144340992 325349376 0 33189856 21356275 9259150 12999484 48275478
1790446993640 0 8603 46 37011225 36989989 0 0 0 0 0 0 23590588 121846 4145373184 16904192 0 33388121 21477952 9318872 13103305 48801461
1790446994666 0 56276 0 37158366 37089345 0 0 0 0 0 0 23701257 122297 4144238592 208531456 0 33743385 21708514 9429449 13224220 49172568
1790446995707 0 18335 481 37265040 37233720 0 0 0 0 0 0 23784796 122624 4144676864 78090240 23384064 34027745 21887124 9516008 13327177 49604210
1790446996758 0 43291 2107 37413095 37355052 0 0 0 0 0 0 23890322 123084 4145426432 194973696 7434240 34403079 22124142 9621685 13448463 49980445
1790446997794 0 23660 48 37529629 37493433 0 0 0 0 0 0 23969510 123815 4144320512 86290432 0 34675564 22299172 9697159 13569113 50317346
1790446998821 0 40354 0 37668329 37615359 0 0 0 0 0 0 24071479 124211 4144852992 143732736 0 35007313 22515694 9800648 13680802 50684267
1790446999845 0 42906 6354 37803412 37741572 0 0 0 0 0 0 24170046 124601 4144816128 173748224 42496000 35337439 22725800 9902319 13752847 50919184
1790447000869 0 120449 0 37979265 37846130 0 0 0 0 0 0 24289312 125178 4144660480 469274624 0 35746311 22981866 10019008 13889526 51213415
1790447001892 0 59512 1666 38073020 37999236 0 0 0 0 0 0 24363683 125455 4145590272 248868864 3694592 36007791 23139389 10095934 13986869 51585857
1790447002925 0 485 1022 38174731 38160725 0 0 0 0 0 0 24433289 125735 4144541696 3526656 29564928 36238057 23289970 10165300 14103937 52085728
1790447003968 0 17107 0 38306149 38276525 0 0 0 0 0 0 24528091 126113 4143763456 49524736 0 36532747 23491181 10256968 14272569 52503188
1790447005002 0 22685 985 38443180 38406884 0 0 0 0 0 0 24623356 126511 4143943680 95965184 2023424 36864262 23702673 10353537 14415397 52915687
1790447006047 0 7757 32 38569561 38549198 0 0 0 0 0 0 24720466 126902 4145143808 23285760 8699904 37181279 23904373 10447554 14551945 53382835
1790447007095 0 45092 2204 38727140 38667471 0 0 0 0 0 0 24823593 127358 4144046080 205287424 6242304 37548094 24138642 10555561 14671720 53732587
1790447008126 0 21622 0 38829356 38795239 0 0 0 0 0 0 24904134 127651 4144635904 65945600 0 37805005 24299192 10636039 14779066 54097511
1790447009147 0 3257 17 38949318 38933547 0 0 0 0 0 0 24988828 128010 4144549888 17420288 2457600 38102619 24490147 10719516 14905528 54605611
1790447010171 0 8333 566 39084005 39062820 0 0 0 0 0 0 25077023 128343 4143460352 41103360 5025792 38428755 24688871 10808754 15018210 54981785
1790447011194 0 28883 0 39222563 39181097 0 0 0 0 0 0 25163158 128705 4143464448 97005568 0 38723178 24890850 10892816 15123464 55346478
1790447012219 0 3163 3840 39332488 39313031 0 0 0 0 0 0 25261777 129120 4144422912 8491008 28581888 39036177 25090137 10993555 15259533 55796800
1790447013238 0 39861 576 39498771 39445762 0 0 0 0 0 0 25365552 129567 4144099328 169783296 5996544 39409461 25326449 11097773 15389690 56186919
1790447014258 0 76255 0 39642046 39553202 0 0 0 0 0 0 25494870 130073 4147011584 294060032 0 39801042 25566501 11223053 15488330 56428648
1790447015284 0 65259 1241 39773920 39694896 0 0 0 0 0 0 25586235 130427 4145446912 275300352 1912832 40113694 25769293 11317842 15624168 56854782
1790447016312 0 9399 562 39874764 39852501 0 0 0 0 0 0 25660741 130735 4145238016 38748160 2502656 40363572 25924054 11390921 15728046 57215223
1790447017346 0 62013 952 40020868 39945404 0 0 0 0 0 0 25798843 131260 4146900992 260984832 2416640 40772463 26183819 11530059 15858447 57510526
1790447018368 0 6322 323 40122678 40103439 0 0 0 0 0 0 25868173 131523 4146204672 27275264 2330624 41027807 26336684 11598443 15964791 57921951
1790447019389 0 30718 926 40275101 40231077 0 0 0 0 0 0 25965403 131967 4144959488 126115840 5582848 41393284 26558075 11697434 16104738 58322069
1790447020413 0 43664 0 40406262 40350018 0 0 0 0 0 0 26060929 132360 4144549888 158494720 0 41688845 26757288 11789175 16249667 58715450
1790447021438 0 31573 11 40514143 40469783 0 0 0 0 0 0 26154398 132744 4144054272 111558656 0 41962787 26931986 11882531 16422607 59182571
1790447022463 0 25930 0 40641118 40602542 0 0 0 0 0 0 26246700 133144 4145221632 91205632 0 42281734 27130866 11973001 16556233 59617347
1790447023485 0 77243 0 40790470 40700683 0 0 0 0 0 0 26355259 133617 4145786880 293076992 0 42676155 27367890 12086457 16698314 59977759
1790447024510 0 38609 0 40883060 40831759 0 0 0 0 0 0 26436837 133960 4146855936 139714560 0 42912866 27520949 12166534 16800756 60402090
1790447025532 0 50227 1344 41019001 40954906 0 0 0 0 0 0 26524942 134376 4144844800 213680128 7159808 43218896 27724485 12256654 16932018 60847747
1790447026555 0 63292 0 41133111 41057042 0 0 0 0 0 0 26612141 134756 4144291840 238759936 0 43515059 27903276 12341887 17049995 61228414
1790447027579 0 15030 976 41223263 41194642 0 0 0 0 0 0 26680000 135036 4144791552 63324160 5156864 43735298 28047814 12410689 17164543 61707111
1790447028599 0 56952 6274 41359470 41283646 0 0 0 0 0 0 26783147 135476 4144857088 233394176 33480704 44085155 28261036 12515955 17269492 62005907
1790447029637 0 3786 2349 41440694 41421999 0 0 0 0 0 0 26850782 135769 4145606656 28217344 6832128 44297308 28392133 12582012 17395254 62531643
1790447030673 0 15120 334 41568676 41540864 0 0 0 0 0 0 26951256 136206 4145233920 67555328 4415488 44631598 28599584 12682670 17493499 62869157
1790447031708 0 23512 0 41686527 41650530 0 0 0 0 0 0 27045292 136655 4145803264 72364032 0 44915583 28786899 12775701 17628296 63318411
1790447032740 0 16473 14856 41809525 41765744 0 0 0 0 0 0 27133814 137030 4144373760 136478720 6889472 45223653 28979699 12865588 17717170 63605973
1790447033763 0 23828 337 41922294 41885636 0 0 0 0 0 0 27221178 137382 4144893952 93732864 2281472 45511775 29158637 12951873 17812505 64005325
1790447034788 0 21110 500 42044751 42010724 0 0 0 0 0 0 27303917 137794 4144189440 94179328 22581248 45793905 29341206 13035149 17981473 64489363
1790447035821 0 62464 0 42199547 42124440 0 0 0 0 0 0 27416476 138310 4144726016 234467328 0 46165981 29570000 13146212 18100570 64823922
1790447036849 0 45053 659 42314290 42256027 0 0 0 0 0 0 27497693 138676 4144615424 188198912 4804608 46456878 29751483 13230456 18220572 65174589
1790447037868 0 10090 342 42416672 42393764 0 0 0 0 0 0 27577796 139022 4144164864 43687936 3747840 46709164 29913918 13310047 18320194 65559808
1790447038889 0 61666 0 42570446 42496080 0 0 0 0 0 0 27689067 139504 4144922624 229621760 0 47071151 30144498 13418281 18444808 65854805
1790447039919 0 45963 7789 42684227 42618011 0 0 0 0 0 0 27766751 139869 4143640576 185901056 51957760 47354259 30326074 13498972 18573184 66190692
1790447040970 0 16768 584 42781085 42751174 0 0 0 0 0 0 27844782 140223 4144418816 68276224 1122304 47600457 30477651 13576550 18718199 66668249
1790447041999 0 8640 0 42890416 42869153 0 0 0 0 0 0 27933027 140590 4145344512 15790080 0 47862060 30646836 13660876 18815740 67050341
1790447043024 0 48239 73 43043489 42982840 0 0 0 0 0 0 28050467 141087 4145045504 177549312 0 48244891 30886706 13778925 18932303 67439174
1790447044051 0 12215 0 43160393 43135498 0 0 0 0 0 0 28126688 141436 4144648192 35381248 548864 48529683 31060901 13857476 19023357 67816171
1790447045074 0 25462 2526 43310644 43270126 0 0 0 0 0 0 28223835 141894 4144304128 125919232 0 48879523 31288894 13955585 19156634 68174720
1790447046104 0 22421 1525 43440386 43403805 0 0 0 0 0 0 28320953 142321 4144275456 104177664 9076736 49198203 31489866 14052717 19263670 68455794
1790447047138 0 41105 9433 43584912 43521738 0 0 0 0 0 0 28427312 142780 4144250880 215166976 13852672 49541483 31710592 14158547 19373157 68798318
1790447048171 0 55442 743 43729797 43660862 0 0 0 0 0 0 28520013 143233 4144627712 232218624 3366912 49885716 31929730 14251486 19465086 69033613
1790447049193 0 10506 10980 43854747 43820765 0 0 0 0 0 0 28612679 143750 4144984064 47169536 47828992 50191244 32124858 14345411 19593669 69408745
1790447050215 0 14264 345 43994593 43967565 0 0 0 0 0 0 28711192 144190 4144754688 62955520 1425408 50512710 32339128 14442023 19707074 69814675
1790447051235 0 51708 1607 44149547 44083852 0 0 0 0 0 0 28830825 144739 4145180672 220057600 3350528 50901528 32583485 14561071 19857975 70178650
1790447052260 0 47148 794 44285417 44224785 0 0 0 0 0 0 28945225 145293 4146331648 207020032 3420160 51259569 32809124 14675962 19987693 70572170
1790447053292 0 50863 591 44425901 44361973 0 0 0 0 0 0 29047533 145853 4146839552 206499840 32718848 51598145 33023806 14778728 20101200 70936614
1790447054342 0 29807 1460 44557432 44513681 0 0 0 0 0 0 29136394 146232 4145532928 134676480 3395584 51917228 33220965 14868617 20240876 71338252
1790447055363 0 7100 568 44688059 44668009 0 0 0 0 0 0 29221506 147162 4144267264 35713024 3096576 52203226 33409021 14951489 20366441 71819681
1790447056389 0 0 0 44812706 44800186 0 0 0 0 0 0 29314318 147875 4142612480 0 0 52507474 33605245 15047053 20495693 72138125
1790447057407 0 35 0 44812750 44800195 0 0 0 0 0 0 29495472 148375 4172943360 131072 0 52690763 33775716 15224920 20587839 72178538
1790447058427 0 35 0 44812750 44800195 0 0 0 0 0 0 29703844 149033 4177469440 131072 0 52947611 33983281 15433568 20733274 72227884
1790447059446 0 35 0 44812750 44800195 0 0 0 0 0 0 29879746 149636 4182425600 131072 0 53547291 34158339 15609836 20936004 72265809
1790447060465 0 25 0 44812752 44800195 0 0 0 0 0 0 29944472 150933 1844666368 53248 0 53687485 34225736 15677207 21013954 72299167
