1790456703610 0 27 0 661273022 660960646 0 0 0 0 0 0 449913922 1724787 - - - - - - - -
1790456704738 0 148483 2026 661542709 661079930 0 0 0 0 0 0 449913938 1724893 1056231424 581656576 6266880 0 0 16 0 893
1790456705765 0 161673 2002 661694620 661218650 0 0 0 0 0 0 449913938 1724894 1692536832 649109504 8118272 0 0 16 0 49329
1790456706793 0 173758 1934 661840897 661352712 0 0 0 0 0 0 449913938 1724895 2302582784 719859712 8146944 0 0 16 0 214438
1790456707838 0 159405 3873 661962346 661486649 0 0 0 0 0 0 449913938 1724895 2768158720 637976576 15466496 0 0 16 0 417445
1790456708888 0 162729 4092 662095736 661616557 0 0 0 0 0 0 449913938 1724896 3350577152 682430464 8388608 0 0 16 0 689410
1790456709910 0 166022 1956 662223346 661742956 0 0 0 0 0 0 449913938 1724898 3855040512 670564352 8388608 0 0 16 0 959139
1790456710936 0 169582 2079 662354675 661870714 0 0 0 0 0 0 449915435 1724903 4141240320 687943680 8388608 136335 60242 522 31245 1080239
1790456711967 0 182929 1191 662504836 662008278 0 0 0 0 0 0 449923051 1724911 4140236800 739008512 7503872 378223 218362 8576 75041 1224660
1790456713002 0 164287 2112 662619379 662140943 0 0 0 0 0 0 449933149 1724922 4140060672 658231296 8388608 555852 342621 19243 121809 1353271
1790456714028 0 170479 2027 662781586 662296692 0 0 0 0 0 0 449948952 1724944 4139458560 681029632 14372864 788023 520728 33962 157696 1537529
1790456715064 0 103696 3549 662879713 662459903 0 0 0 0 0 0 449964110 1724963 4139806720 401596416 32231424 928792 632615 50212 193718 1648065
1790456716109 0 59930 1964 662988581 662614340 0 0 0 0 0 0 449985012 1725075 4140580864 261537792 11976704 1139631 764441 69538 244310 1860762
1790456717144 0 122538 1927 663161130 662724016 0 0 0 0 0 0 450020914 1725283 4142325760 500137984 10047488 1467764 970895 105989 289362 1996960
1790456718170 0 119804 5271 663293292 662855654 0 0 0 0 0 0 450061523 1725477 4145061888 497979392 16777216 1706076 1142966 147046 357746 2315873
1790456719196 0 143521 0 663425348 662969308 0 0 0 0 0 0 450101005 1725631 4147351552 561942528 0 1935061 1309429 184480 394950 2474545
1790456720230 0 89567 9563 663513304 663101758 0 0 0 0 0 0 450131464 1725738 4149567488 389132288 20525056 2099970 1434582 217501 445742 2571261
1790456721258 0 127561 2977 663656894 663213918 0 0 0 0 0 0 450178192 1725937 4151664640 526442496 13971456 2369588 1624531 264227 546613 2776950
1790456722284 0 65015 0 663728889 663351527 0 0 0 0 0 0 450207993 1726073 4153192448 238915584 0 2508803 1716618 290922 788908 3286619
1790456723313 0 90549 10800 663868049 663454426 0 0 0 0 0 0 450259587 1726286 4155138048 363048960 50413568 2798615 1912769 344601 844081 3543944
1790456724343 0 102239 12260 663999107 663572361 0 0 0 0 0 0 450310304 1726476 4156289024 438910976 25165824 3067654 2096268 396345 916344 3948590
1790456725378 0 113551 4102 664120783 663690858 0 0 0 0 0 0 450372389 1726688 4157943808 477306880 36864 3324212 2277054 456377 963962 4171672
1790456726406 0 73705 19479 664209241 663803780 0 0 0 0 0 0 450422641 1726841 4159565824 335327232 45637632 3526026 2416348 508676 1029338 4506776
1790456727431 0 103283 0 664335955 663920143 0 0 0 0 0 0 450499182 1727084 4161179648 398061568 0 3798405 2610185 581013 1097310 4869912
1790456728455 0 85581 2 664440816 664042998 0 0 0 0 0 0 450573773 1727300 4163395584 328634368 0 4084375 2791136 656884 1164751 5256438
1790456729480 0 83689 33 664562105 664166067 0 0 0 0 0 0 450642579 1727504 4164538368 319315968 0 4367832 2980880 726638 1220138 5568989
1790456730507 0 108822 3118 664700436 664276100 0 0 0 0 0 0 450736158 1727766 4165677056 445620224 21147648 4752720 3219630 822229 1291054 5772481
1790456731529 0 80351 12627 664803356 664398071 0 0 0 0 0 0 450817702 1727985 4167626752 328826880 51884032 5028352 3403308 903739 1390474 6101400
1790456732558 0 108493 0 664923761 664502832 0 0 0 0 0 0 450911871 1728237 4168679424 427208704 0 5325050 3606536 991552 1457751 6352144
1790456733582 0 106093 0 665042112 664623664 0 0 0 0 0 0 451007929 1728512 4168663040 412094464 0 5656669 3822895 1091101 1529264 6598063
1790456734606 0 31476 4 665104040 664760117 0 0 0 0 0 0 451063325 1728701 4169859072 108548096 0 5838606 3939168 1146829 1668409 6961788
1790456735632 0 90508 2873 665249291 664843609 0 0 0 0 0 0 451175866 1729078 4169105408 385282048 11612160 6237872 4194107 1261440 1726180 7121817
1790456736662 0 40204 29 665325725 664973178 0 0 0 0 0 0 451242552 1729286 4168757248 142569472 0 6455676 4326920 1327106 1822925 7535296
1790456737684 0 24971 1893 665434639 665095406 0 0 0 0 0 0 451340078 1729558 4168925184 103673856 6352896 6749866 4515509 1424085 1920784 7849673
1790456738714 0 27826 1772 665555025 665213078 0 0 0 0 0 0 451428895 1729831 4166488064 122163200 6537216 7043791 4702250 1513512 1981886 8076472
1790456739743 0 12373 439 665667012 665341686 0 0 0 0 0 0 451511937 1730059 4165345280 42786816 5775360 7309657 4866543 1596641 2056140 8436681
1790456740769 0 44313 7364 665819986 665455963 0 0 0 0 0 0 451615137 1730347 4162334720 216936448 8699904 7630783 5067063 1700710 2129347 8704749
1790456741803 0 11947 0 665919076 665594681 0 0 0 0 0 0 451675656 1730532 4160339968 23056384 0 7829079 5183261 1760191 2252399 9200811
1790456742831 0 12201 1094 666060387 665734769 0 0 0 0 0 0 451753195 1730769 4156313600 39346176 16101376 8123278 5360029 1839228 2322194 9540147
1790456743852 0 27800 2044 666204062 665862016 0 0 0 0 0 0 451841434 1731014 4152745984 111292416 7180288 8437766 5543813 1927465 2401686 9917779
1790456744872 0 35400 32 666328593 665980756 0 0 0 0 0 0 451931371 1731249 4150718464 123899904 0 8724223 5714117 2011336 2490878 10328360
1790456745903 0 55518 868 666474230 666105499 0 0 0 0 0 0 452022853 1731494 4149223424 221806592 7188480 9058371 5919385 2105961 2576022 10648263
1790456746934 0 11883 730 666586431 666261479 0 0 0 0 0 0 452093230 1731689 4147957760 46485504 23183360 9320802 6076213 2178246 2663606 11006937
1790456747968 0 22008 541 666721776 666386823 0 0 0 0 0 0 452181067 1731997 4145836032 86544384 3702784 9618876 6265386 2266579 2794507 11403309
1790456748987 0 42602 19641 666860409 666485825 0 0 0 0 0 0 452300031 1732353 4147208192 174768128 92004352 9968636 6503833 2386072 2891430 11675279
1790456750026 0 22022 457 666959215 666624457 0 0 0 0 0 0 452360063 1732551 4147175424 96071680 8192 10181046 6641828 2443664 3018779 12124828
1790456751066 0 6955 1354 667084938 666764294 0 0 0 0 0 0 452442562 1732817 4147015680 42422272 9388032 10496088 6835811 2527115 3126377 12452967
1790456752099 0 6195 1035 667213738 666894734 0 0 0 0 0 0 452545932 1733111 4147933184 34721792 1212416 10810121 7045948 2631481 3217635 12818386
1790456753120 0 56166 1325 667371694 667001854 0 0 0 0 0 0 452660849 1733436 4147990528 226607104 1236992 11178006 7285832 2744893 3326472 13140577
1790456754144 0 21371 547 667487876 667153537 0 0 0 0 0 0 452755836 1733715 4149366784 87732224 98304 11477170 7476079 2839817 3414346 13550686
1790456755171 0 36792 3933 667635198 667282157 0 0 0 0 0 0 452854779 1733997 4149157888 174399488 1843200 11827367 7705697 2940389 3499595 13817822
1790456756207 0 18523 43 667750554 667419529 0 0 0 0 0 0 452942317 1734249 4148871168 67735552 4943872 12100540 7882609 3025056 3630025 14207441
1790456757241 0 60267 438 667896495 667523478 0 0 0 0 0 0 453054958 1734579 4150497280 243339264 14581760 12469709 8122231 3139981 3741201 14473750
1790456758260 0 15949 2008 667995039 667664714 0 0 0 0 0 0 453138608 1734803 4151304192 82190336 2383872 12733444 8291130 3222816 3876235 14952013
1790456759279 0 26804 598 668128090 667788257 0 0 0 0 0 0 453229078 1735058 4151361536 110923776 7946240 13050820 8492830 3315181 3975880 15336864
1790456760302 0 48495 0 668268400 667907504 0 0 0 0 0 0 453335994 1735389 4151488512 174215168 0 13404078 8711910 3419465 4118203 15678011
1790456761341 0 10068 59 668388065 668065585 0 0 0 0 0 0 453413282 1735651 4150902784 35844096 5595136 13686788 8893953 3494859 4199249 16001908
1790456762373 0 7690 1523 668515986 668194394 0 0 0 0 0 0 453513263 1735956 4151926784 39165952 11538432 14029182 9111625 3597266 4321648 16396997
1790456763395 0 51444 3157 668659550 668292788 0 0 0 0 0 0 453626464 1736324 4153843712 223232000 10850304 14390935 9356446 3710982 4405849 16649269
1790456764435 0 44837 19872 668803688 668426785 0 0 0 0 0 0 453727071 1736614 4153266176 271822848 28864512 14740480 9578492 3811056 4518305 16989175
1790456765484 0 8321 3273 668910188 668586222 0 0 0 0 0 0 453816910 1736905 4154118144 38555648 0 15025824 9762420 3900465 4641508 17415148
1790456766510 0 13175 3120 669047370 668718645 0 0 0 0 0 0 453919021 1737216 4154314752 59621376 22933504 15358431 9988693 4004552 4752890 17748220
1790456767556 0 31723 7756 669185930 668834225 0 0 0 0 0 0 454015992 1737510 4153778176 174145536 13828096 15696059 10200261 4100620 4859094 18054614
1790456768596 0 25428 1608 669302027 668962676 0 0 0 0 0 0 454108387 1737761 4154785792 113594368 3457024 15989074 10390761 4192588 4959556 18520855
1790456769621 0 109078 0 669479919 669058427 0 0 0 0 0 0 454224455 1738128 4153823232 425660416 0 16401639 10653956 4307407 5034353 18751166
1790456770644 0 99607 438 669608040 669195756 0 0 0 0 0 0 454315744 1738372 4152885248 410648576 0 16715514 10853617 4398844 5138377 19152578
1790456771673 0 10329 14906 669704437 669366849 0 0 0 0 0 0 454372276 1738553 4151566336 92659712 32157696 16935142 10995672 4458331 5213223 19415808
1790456772696 0 37068 888 669781133 669430850 0 0 0 0 0 0 454432848 1738744 4151873536 155680768 1511424 17114480 11114018 4516857 5264866 19515781
1790456773716 0 96975 0 669880449 669471028 0 0 0 0 0 0 454511353 1738968 4152483840 384442368 0 17372366 11274771 4595882 5310100 19615510
1790456774741 0 37924 0 669970453 669620054 0 0 0 0 0 0 454578601 1739172 4152733696 134897664 0 17576929 11407989 4658524 5434065 20050488
1790456775766 0 51652 0 670087588 669723599 0 0 0 0 0 0 454648260 1739383 4151914496 188592128 0 17851446 11578019 4733802 5530001 20297586
1790456776786 0 21447 1 670190697 669856880 0 0 0 0 0 0 454716485 1739577 4151689216 79650816 0 18094771 11726308 4802559 5624684 20619725
1790456777807 0 27149 402 670295978 669956005 0 0 0 0 0 0 454788424 1739807 4150501376 120123392 2199552 18327598 11877325 4872923 5689934 20811464
1790456778830 0 12582 451 670389064 670063645 0 0 0 0 0 0 454853595 1740012 4149317632 48263168 1732608 18538755 12010110 4938623 5775305 21072557
1790456779856 0 13389 69 670502767 670176992 0 0 0 0 0 0 454921007 1740244 4148408320 45203456 4907008 18787473 12165535 5006064 5860524 21326206
1790456780876 0 13442 7461 670621835 670288594 0 0 0 0 0 0 454990735 1740484 4146761728 82878464 18567168 19052724 12331881 5076805 5935205 21494486
1790456781899 0 23700 1 670717897 670381698 0 0 0 0 0 0 455062503 1740718 4146110464 85340160 0 19281628 12469135 5146107 6004768 21670526
1790456782920 0 11166 2774 670808328 670482072 0 0 0 0 0 0 455127594 1740911 4146139136 50335744 0 19498848 12606653 5211188 6096642 21874737
1790456783941 0 6907 477 670895670 670576006 0 0 0 0 0 0 455196926 1741109 4144975872 29294592 1564672 19707719 12741464 5281934 6147652 22105479
1790456784970 0 22086 1752 670998324 670662104 0 0 0 0 0 0 455266106 1741337 4144799744 94892032 0 19942424 12889643 5350706 6197723 22191576
1790456786004 0 9282 13 671093170 670771321 0 0 0 0 0 0 455325606 1741549 4143489024 38350848 4952064 20173959 13027131 5410080 6261972 22404272
1790456787025 0 37578 0 671211439 670861578 0 0 0 0 0 0 455401589 1741828 4142350336 148119552 0 20432985 13189990 5484543 6347934 22626374
1790456788047 0 32658 656 671321581 670975994 0 0 0 0 0 0 455467951 1742087 4141457408 134623232 13746176 20662685 13347978 5553253 6430665 22884684
1790456789091 0 20317 5913 671422725 671084122 0 0 0 0 0 0 455542447 1742339 4141264896 80945152 52359168 20909678 13506264 5627523 6493395 23067352
1790456790113 0 36538 15528 671514418 671150060 0 0 0 0 0 0 455612853 1742582 4142366720 201912320 21028864 21127013 13654687 5698891 6563315 23218638
1790456791150 0 32968 0 671616534 671271224 0 0 0 0 0 0 455682183 1742837 4142440448 113848320 0 21343986 13797185 5766163 6628449 23451206
1790456792191 0 25886 1392 671720917 671381355 0 0 0 0 0 0 455758453 1743124 4142718976 111800320 15429632 21613404 13965011 5842946 6702885 23706679
1790456793221 0 65579 1101 671816095 671437083 0 0 0 0 0 0 455824579 1743345 4143235072 279654400 4603904 21835986 14112422 5909091 6749206 23777812
1790456794250 0 7353 2821 671904347 671581822 0 0 0 0 0 0 455891112 1743583 4143099904 53256192 4263936 22049073 14251884 5974809 6820331 24059389
1790456795282 0 26697 13 672017621 671678599 0 0 0 0 0 0 455969857 1743865 4143132672 90660864 0 22309473 14430976 6055389 6895106 24229960
1790456796302 0 56592 0 672113720 671744875 0 0 0 0 0 0 456044592 1744109 4143570944 223289344 0 22549663 14587379 6129610 6972574 24401177
1790456797329 0 17981 3420 672205368 671871713 0 0 0 0 0 0 456120357 1744363 4145430528 105672704 8966144 22779098 14741570 6204324 7033685 24554906
1790456798357 0 8176 728 672291503 671970268 0 0 0 0 0 0 456188331 1744603 4145655808 37498880 2682880 22985574 14877735 6272787 7120707 24759848
1790456799387 0 40153 0 672397135 672044722 0 0 0 0 0 0 456262907 1744896 4146343936 142880768 0 23234329 15040983 6348776 7169925 24862374
1790456800424 0 4288 2518 672481015 672161803 0 0 0 0 0 0 456322591 1745127 4146679808 25116672 12652544 23452447 15173881 6408514 7254119 25107620
1790456801466 0 38462 0 672588200 672237353 0 0 0 0 0 0 456401917 1745799 4146786304 149712896 0 23701170 15340976 6483950 7342618 25252922
1790456802505 0 76653 0 672691225 672302305 0 0 0 0 0 0 456458154 1746021 4146290688 301899776 0 23925534 15488605 6542725 7451213 25391447
1790456803529 0 65779 49 672790003 672411945 0 0 0 0 0 0 456527018 1746299 4146233344 260665344 0 24175882 15641759 6612601 7532515 25613940
1790456804550 0 7181 0 672876702 672557098 0 0 0 0 0 0 456590659 1746543 4146794496 21168128 0 24380350 15777473 6675762 7638464 25863660
1790456805572 0 28101 0 672985635 672645231 0 0 0 0 0 0 456650333 1746792 4146864128 98275328 0 24612574 15928463 6735188 7690260 25971444
1790456806594 0 28469 0 673091374 672750535 0 0 0 0 0 0 456713004 1747037 4146036736 109641728 0 24843490 16082322 6797186 7783587 26184763
1790456807619 0 44565 55 673197739 672840787 0 0 0 0 0 0 456784742 1747319 4146343936 168427520 0 25092590 16243651 6868391 7865171 26389203
1790456808639 0 8117 142 673286111 672965576 0 0 0 0 0 0 456848165 1747581 4147097600 29597696 0 25292094 16382914 6933246 7954082 26614245
1790456809659 0 17964 0 673378994 673048709 0 0 0 0 0 0 456915496 1747840 4147695616 67284992 0 25502909 16528845 7000523 8024671 26763897
1790456810680 0 18357 66 673468674 673137791 0 0 0 0 0 0 456982912 1748097 4148424704 51888128 0 25713838 16665207 7066427 8122318 26963728
1790456811701 0 19068 0 673560608 673229294 0 0 0 0 0 0 457064071 1748390 4149760000 69656576 0 25962509 16827898 7150116 8207626 27171789
1790456812725 0 71274 0 673662701 673279051 0 0 0 0 0 0 457137498 1748672 4150194176 277032960 0 26214973 16985147 7222004 8280348 27283275
1790456813755 0 11843 2683 673759950 673432980 0 0 0 0 0 0 457205216 1748965 4148748288 63418368 6877184 26452054 17134127 7290800 8358994 27524906
1790456814783 0 37171 0 673862306 673512864 0 0 0 0 0 0 457279705 1749238 4147941376 144183296 0 26691481 17288084 7363703 8432056 27656245
1790456815811 0 30497 1717 673941166 673596697 0 0 0 0 0 0 457343935 1749492 4147961856 136966144 3227648 26889571 17418307 7428433 8496989 27790850
1790456816832 0 76087 0 674050802 673662299 0 0 0 0 0 0 457413237 1749773 4147908608 296906752 0 27141215 17578729 7497755 8605464 27979125
1790456817855 0 39112 1 674147571 673796121 0 0 0 0 0 0 457483272 1750032 4147576832 143310848 0 27387342 17730991 7568570 8702490 28311167
1790456818881 0 34318 0 674238120 673891471 0 0 0 0 0 0 457552882 1750322 4147490816 136450048 0 27608249 17877641 7636387 8773493 28571961
1790456819902 0 52185 1288 674329054 673963262 0 0 0 0 0 0 457611967 1750570 4147073024 221114368 2367488 27840208 18016654 7696493 8858827 28744139
1790456820924 0 7607 3713 674414078 674090382 0 0 0 0 0 0 457678644 1750825 4148035584 55603200 8323072 28042969 18149678 7763232 8921590 28936325
1790456821948 0 24019 0 674516618 674180278 0 0 0 0 0 0 457755928 1751098 4147871744 94081024 0 28303649 18309618 7841766 8993247 29131238
1790456822974 0 85403 0 674613329 674215572 0 0 0 0 0 0 457819362 1751383 4147351552 337276928 0 28522357 18446598 7904932 9045419 29223080
1790456824006 0 51476 0 674721498 674357673 0 0 0 0 0 0 457900233 1751657 4146769920 204353536 0 28779826 18612996 7982173 9126501 29549373
1790456825043 0 68084 0 674822952 674442541 0 0 0 0 0 0 457978553 1751972 4147879936 262275072 0 29029651 18769145 8063264 9213714 29771617
1790456826070 0 42710 0 674924498 674569373 0 0 0 0 0 0 458045601 1752250 4146860032 170696704 0 29266098 18921563 8130107 9328548 30111985
1790456827096 0 49909 0 675018741 674656478 0 0 0 0 0 0 458108740 1752518 4145958912 199458816 0 29491760 19061725 8193293 9398071 30317170
1790456828121 0 34622 0 675103926 674756962 0 0 0 0 0 0 458177931 1752773 4146073600 127315968 819200 29696849 19194496 8258062 9489502 30587225
1790456829152 0 1946 5722 675203752 674884176 0 0 0 0 0 0 458246641 1753078 4145938432 29581312 9252864 29948558 19351167 8331798 9553773 30838139
1790456830187 0 37318 2119 675313568 674961866 0 0 0 0 0 0 458317991 1753378 4145172480 163209216 7729152 30194851 19509192 8401613 9645845 31052832
1790456831229 0 20945 1339 675406296 675071731 0 0 0 0 0 0 458381579 1753637 4144910336 89124864 2613248 30407098 19647997 8466684 9741482 31394767
1790456832254 0 34025 0 675508730 675162377 0 0 0 0 0 0 458458751 1753943 4144201728 122888192 0 30644944 19800340 8542225 9822871 31641375
1790456833273 0 32148 611 675601501 675256412 0 0 0 0 0 0 458531652 1754197 4145197056 131715072 5234688 30877327 19954215 8616660 9911248 31860577
1790456834308 0 25078 1010 675717825 675379414 0 0 0 0 0 0 458611028 1754522 4145180672 112119808 45056 31160085 20132991 8695535 10009003 32218314
1790456835341 0 1289 3277 675802711 675485720 0 0 0 0 0 0 458670061 1754746 4144656384 14176256 19406848 31377836 20267767 8755068 10097736 32506587
1790456836379 0 10300 19 675908893 675586307 0 0 0 0 0 0 458750382 1755048 4144476160 24629248 0 31623254 20426077 8829605 10230556 32862197
1790456837421 0 17755 603 676012658 675682275 0 0 0 0 0 0 458827885 1755360 4144812032 92225536 9256960 31868962 20595816 8912743 10298118 33078050
1790456838462 0 46195 403 676114780 675756002 0 0 0 0 0 0 458900154 1755654 4145266688 188915712 3616768 32117451 20754135 8984679 10362279 33286951
1790456839484 0 43704 327 676201711 675845235 0 0 0 0 0 0 458969019 1755904 4145860608 177217536 2531328 32338679 20898563 9054539 10446896 33572050
1790456840512 0 53107 302 676316922 675951204 0 0 0 0 0 0 459052686 1756231 4145451008 231243776 8130560 32615140 21078513 9136685 10533459 33830013
1790456841545 0 29255 4752 676413477 676067050 0 0 0 0 0 0 459113747 1756496 4144807936 110960640 31518720 32850997 21220791 9199450 10611972 34084329
1790456842576 0 43251 0 676515394 676159644 0 0 0 0 0 0 459202052 1756827 4145917952 153563136 0 33102976 21386945 9285595 10719031 34356306
1790456843609 0 28583 3661 676610534 676265950 0 0 0 0 0 0 459274445 1757111 4145553408 141983744 6373376 33341757 21541889 9358504 10792017 34589350
1790456844646 0 16315 6570 676711347 676376335 0 0 0 0 0 0 459337697 1757387 4144668672 105435136 5472256 33567780 21690221 9423217 10889859 34805736
1790456845677 0 60701 10364 676808203 676424844 0 0 0 0 0 0 459407395 1757676 4144529408 300228608 0 33808835 21840071 9491895 10987825 34966553
1790456846712 0 28592 241 676897914 676556628 0 0 0 0 0 0 459473716 1757941 4145213440 123412480 1302528 34032312 21982279 9557094 11110816 35321070
1790456847738 0 54855 0 676999421 676632261 0 0 0 0 0 0 459555838 1758234 4145700864 206249984 0 34285950 22148441 9639312 11184010 35467576
1790456848761 0 83844 0 677108157 676712196 0 0 0 0 0 0 459624159 1758522 4145115136 332619776 0 34534974 22312800 9709176 11253963 35664492
1790456849790 0 65037 24 677206457 676829054 0 0 0 0 0 0 459688814 1758804 4143759360 256466944 0 34760306 22455617 9772862 11343638 35907490
1790456850821 0 19929 0 677299536 676967183 0 0 0 0 0 0 459757760 1759075 4144320512 79568896 0 35007649 22608206 9842694 11446895 36194130
1790456851844 0 22908 939 677389199 677052892 0 0 0 0 0 0 459825453 1759340 4145213440 95989760 3551232 35211425 22743821 9909959 11512116 36392434
1790456852870 0 12864 39 677493999 677168839 0 0 0 0 0 0 459908658 1759669 4145287168 49217536 0 35474447 22913119 9991127 11596075 36624487
1790456853894 0 21437 143 677588614 677254949 0 0 0 0 0 0 459970825 1759926 4145635328 72077312 7557120 35704754 23054843 10053287 11670436 36788354
1790456854921 0 27131 11975 677688172 677336776 0 0 0 0 0 0 460041197 1760194 4146352128 104607744 63406080 35947914 23214400 10127031 11741167 36940472
1790456855947 0 8156 891 677789861 677468666 0 0 0 0 0 0 460112020 1760457 4145729536 37502976 2428928 36172218 23364762 10196004 11836202 37237776
1790456856975 0 95455 1095 677901704 677492744 0 0 0 0 0 0 460184539 1760750 4144418816 392622080 5079040 36429487 23529237 10269389 11899248 37307066
1790456858000 0 3241 1402 677992097 677675082 0 0 0 0 0 0 460249093 1761002 4143673344 10604544 32739328 36651276 23669802 10333591 12014274 37666881
1790456859048 0 1701 1 678099547 677785437 0 0 0 0 0 0 460328487 1761320 4145033216 10174464 4648960 36895894 23832479 10412165 12074348 37816171
1790456860077 0 18743 12476 678191232 677847732 0 0 0 0 0 0 460393260 1761566 4144705536 86491136 56709120 37121882 23980037 10478271 12134525 37945922
1790456861098 0 20091 0 678292143 677959703 0 0 0 0 0 0 460468756 1761896 4145090560 80183296 0 37364439 24136697 10553657 12238580 38201607
1790456862118 0 24512 2 678390142 678053245 0 0 0 0 0 0 460544742 1762205 4146561024 91942912 0 37605719 24290910 10629431 12314802 38328554
1790456863140 0 29945 871 678479738 678136551 0 0 0 0 0 0 460621476 1762463 4147847168 141127680 0 37849833 24441808 10704948 12374444 38481900
1790456864163 0 30853 0 678580775 678237653 0 0 0 0 0 0 460688139 1762749 4147347456 111198208 0 38076650 24589607 10773791 12445966 38667928
1790456865189 0 56587 0 678672146 678303243 0 0 0 0 0 0 460748870 1762981 4146868224 224018432 0 38303678 24727166 10834388 12506802 38755023
1790456866212 0 1907 40 678767682 678453346 0 0 0 0 0 0 460811528 1763239 4146089984 2138112 2105344 38513612 24867079 10895821 12581090 38985709
1790456867248 0 49075 854 678861958 678499816 0 0 0 0 0 0 460886474 1763517 4146282496 208072704 2441216 38741134 25019263 10969435 12651234 39069331
1790456868275 0 28006 0 678965970 678625707 0 0 0 0 0 0 460963956 1763844 4146806784 107585536 0 39003457 25190321 11049514 12733366 39338634
1790456869301 0 31432 0 679063317 678719536 0 0 0 0 0 0 461043362 1764153 4147048448 123412480 0 39231404 25338995 11124796 12796419 39495289
1790456870335 0 21224 685 679159557 678825264 0 0 0 0 0 0 461120296 1764439 4147789824 99577856 4632576 39476074 25498036 11204467 12924184 39738831
1790456871368 0 57151 1533 679249766 678879043 0 0 0 0 0 0 461191206 1764725 4147482624 246480896 11079680 39710588 25635870 11275192 12969368 39794239
1790456872403 0 52663 7886 679339119 678966238 0 0 0 0 0 0 461263964 1765009 4147503104 273600512 16302080 39949981 25785125 11348209 13061202 39987471
1790456873441 0 60289 1666 679443497 679069348 0 0 0 0 0 0 461326206 1765268 4145958912 249339904 6828032 40183675 25936038 11411756 13112469 40141849
1790456874463 0 5911 1771 679529122 679209291 0 0 0 0 0 0 461394807 1765562 4144730112 44281856 872448 40390595 26068362 11478792 13206312 40496259
1790456875506 0 14892 1669 679617293 679288504 0 0 0 0 0 0 461466192 1765856 4145143808 87412736 8826880 40612489 26209750 11548639 13289831 40823864
1790456876555 0 14030 7257 679705871 679372340 0 0 0 0 0 0 461532455 1766145 4145909760 73658368 20959232 40828843 26351035 11618378 13406556 41164738
1790456877575 0 19858 1172 679795724 679462353 0 0 0 0 0 0 461604102 1766449 4145659904 84410368 913408 41052065 26491046 11688318 13497422 41518227
1790456878596 0 31268 1001 679889909 679545209 0 0 0 0 0 0 461676306 1766745 4146188288 126894080 3502080 41309218 26643489 11762100 13628293 41913952
1790456879627 0 14640 7456 679980755 679646477 0 0 0 0 0 0 461737499 1767030 4144517120 55787520 43978752 41527943 26781589 11823540 13744697 42341953
1790456880648 0 21583 0 680083709 679749936 0 0 0 0 0 0 461830725 1767391 4146167808 76914688 0 41794765 26952221 11914574 13844381 42701763
1790456881669 0 4714 10356 680166979 679839754 0 0 0 0 0 0 461890614 1767670 4145754112 19120128 52310016 42002405 27086356 11976132 13908356 42915585
1790456882688 0 9984 586 680258737 679935651 0 0 0 0 0 0 461963515 1767964 4146151424 42196992 1822720 42232292 27231846 12047010 14046740 43374831
1790456883711 0 44269 0 680366286 680009764 0 0 0 0 0 0 462042613 1768292 4146573312 163442688 0 42494929 27394996 12127117 14134039 43656460
1790456884735 0 21056 429 680458565 680124912 0 0 0 0 0 0 462095546 1768531 4145606656 83861504 2985984 42691851 27524494 12180059 14262599 44131981
1790456885756 0 33468 4 680562780 680216890 0 0 0 0 0 0 462174122 1768879 4144766976 113848320 0 42955680 27685963 12256628 14379298 44460095
1790456886779 0 20137 2482 680654297 680319301 0 0 0 0 0 0 462244045 1769168 4144779264 82313216 19505152 43185228 27839138 12329566 14503897 44983468
1790456887802 0 29176 458 680762232 680420292 0 0 0 0 0 0 462324137 1769510 4145143808 108093440 2383872 43434904 28003468 12408122 14602699 45343361
1790456888824 0 29948 219 680865278 680522972 0 0 0 0 0 0 462402579 1769836 4144807936 123215872 1204224 43693498 28170609 12487161 14712153 45787248
1790456889855 0 27188 608 680953939 680613921 0 0 0 0 0 0 462468442 1770133 4144664576 112795648 2285568 43913193 28305830 12550890 14811043 46097806
1790456890883 0 15639 46 681049133 680721267 0 0 0 0 0 0 462537241 1770452 4144664576 64405504 8962048 44141755 28455629 12621779 14929419 46528497
1790456891922 0 10827 513 681139710 680816130 0 0 0 0 0 0 462605106 1770757 4144533504 75550720 1196032 44371623 28601298 12691177 15000736 46779914
1790456892972 0 91 0 681139849 680827477 0 0 0 0 0 0 462722747 1771200 4170878976 131072 0 44484263 28709403 12805714 15076568 46941087
1790456893992 0 141 0 681139899 680827477 0 0 0 0 0 0 462904031 1771803 4173991936 131072 0 44703819 28890936 12988007 15126733 47001593
1790456895011 0 166 0 681139924 680827477 0 0 0 0 0 0 463088318 1772300 4179902464 131072 0 45012308 29073768 13172282 15297868 47153655
1790456896031 0 191 0 681139949 680827477 0 0 0 0 0 0 463252244 1773312 4181770240 131072 0 45538020 29236239 13335209 15446564 47209100
1790456897050 0 198 0 681139964 680827477 0 0 0 0 0 0 463258932 1773334 227270656 4096 0 45552518 29246013 13344963 15453535 47217296
