1790452483812 0 1 0 388602166 388428710 0 0 0 0 0 0 258650169 1040726 - - - - - - - -
1790452485135 0 149448 3594 388864660 388538163 0 0 0 0 0 0 258650182 1040821 1015439360 590880768 11763712 0 0 13 0 77134
1790452486157 0 149047 4019 389000493 388673872 0 0 0 0 0 0 258650182 1040822 1613856768 622243840 8388608 0 0 13 0 289186
1790452487180 0 149829 3966 389129481 388802217 0 0 0 0 0 0 258650182 1040828 2135437312 619360256 8388608 0 0 13 0 410447
1790452488200 0 147350 2044 389248833 388925897 0 0 0 0 0 0 258650182 1040841 2615709696 594509824 6905856 0 0 13 0 556979
1790452489219 0 151774 2077 389374012 389046803 0 0 0 0 0 0 258650182 1040841 3130691584 616411136 8388608 0 0 13 0 904213
1790452490243 0 150188 2052 389503850 389178100 0 0 0 0 0 0 258650182 1040841 3664715776 613711872 8388608 0 0 13 0 1144256
1790452491262 0 152252 2048 389628294 389300510 0 0 0 0 0 0 258650182 1040841 4160503808 623058944 8388608 19099 3281 13 363 1605563
1790452492281 0 134838 2048 389737313 389426905 0 0 0 0 0 0 258654262 1040847 4159406080 547201024 8388608 222622 115184 4093 91273 1771274
1790452493300 0 145244 2993 389881782 389560090 0 0 0 0 0 0 258663320 1040860 4158668800 598429696 5398528 451895 268524 12655 153444 1883910
1790452494320 0 145906 2052 390019995 389698609 0 0 0 0 0 0 258673511 1040875 4158078976 605528064 8388608 657186 419922 23296 244101 2108106
1790452495347 0 100626 1944 390107815 389831687 0 0 0 0 0 0 258681555 1040887 4157886464 407347200 16777216 784522 512562 31400 335252 2314548
1790452496373 0 115747 1392 390222240 389931721 0 0 0 0 0 0 258696834 1040909 4157931520 468828160 8388608 949089 642470 46619 421922 2436149
1790452497393 0 137135 0 390336819 390026209 0 0 0 0 0 0 258717715 1041016 4158722048 548671488 0 1161619 775875 66541 548821 2625812
1790452498412 0 87679 0 390400024 390138849 0 0 0 0 0 0 258729772 1041100 4158959616 346673152 0 1288393 851250 78838 659048 3027210
1790452499432 0 75635 1470 390478431 390227836 0 0 0 0 0 0 258752040 1041214 4160503808 316112896 8388608 1455153 954107 101323 731908 3208079
1790452500463 0 112954 2044 390582833 390294387 0 0 0 0 0 0 258789907 1041378 4163174400 464744448 8388608 1643264 1094564 139513 861754 3452377
1790452501483 0 148459 2044 390688926 390364998 0 0 0 0 0 0 258828887 1041538 4165971968 620060672 0 1844680 1238009 178156 937675 3633396
1790452502519 0 36268 5879 390718981 390503266 0 0 0 0 0 0 258838103 1041581 4166627328 166842368 16777216 1899460 1277800 187898 992693 4032644
1790452503539 0 118144 0 390840707 390549116 0 0 0 0 0 0 258886024 1041732 4170051584 469381120 0 2120687 1444208 235833 1099969 4252707
1790452504558 0 76435 0 390905515 390655612 0 0 0 0 0 0 258908121 1041832 4171018240 302370816 0 2235704 1530579 256898 1294397 4723736
1790452505588 0 73366 8319 390996406 390741736 0 0 0 0 0 0 258945648 1042000 4173172736 345309184 7974912 2432360 1661266 294918 1541981 5060965
1790452506640 0 100988 4086 391094425 390816006 0 0 0 0 0 0 258982562 1042165 4175048704 430120960 7544832 2627914 1796003 332329 1664241 5347130
1790452507667 0 134580 2082 391193086 390883029 0 0 0 0 0 0 259028743 1042337 4176580608 559407104 8388608 2846717 1940153 378525 1784404 5598377
1790452508692 0 14679 1256 391223941 391034478 0 0 0 0 0 0 259038423 1042372 4176642048 59580416 5292032 2904931 1978568 387766 1878434 6139062
1790452509715 0 140745 5329 391378598 391059270 0 0 0 0 0 0 259094977 1042603 4176523264 597618688 7155712 3209897 2190741 444249 1974981 6193156
1790452510734 0 143104 0 391460278 391143698 0 0 0 0 0 0 259134416 1042725 4177195008 579878912 0 3374260 2307601 481393 2063219 6406279
1790452511754 0 121280 0 391532688 391237906 0 0 0 0 0 0 259180352 1042853 4178132992 486400000 0 3552479 2426305 529152 2138828 6592100
1790452512773 0 121233 0 391624877 391330108 0 0 0 0 0 0 259216285 1043472 4178120704 474947584 0 3730469 2551808 565552 2286372 6859191
1790452513800 0 53198 796 391669640 391442110 0 0 0 0 0 0 259243028 1043864 4178432000 216322048 5357568 3844401 2625501 592726 2328755 7032251
1790452514823 0 84316 49 391759498 391501496 0 0 0 0 0 0 259284824 1044072 4179316736 325545984 0 4026709 2753464 633032 2408208 7203348
1790452515844 0 90291 5142 391838048 391569105 0 0 0 0 0 0 259327936 1044313 4179595264 377589760 8388608 4218467 2878080 677636 2532001 7588314
1790452516864 0 116763 2004 391931000 391638671 0 0 0 0 0 0 259386390 1044493 4181172224 492605440 8388608 4435744 3027805 735578 2613293 7769856
1790452517883 0 57079 3805 391983397 391748938 0 0 0 0 0 0 259418195 1044592 4182253568 233795584 23957504 4568898 3112493 767788 2682705 8175403
1790452518904 0 71446 0 392067192 391822159 0 0 0 0 0 0 259475099 1044743 4182437888 286392320 0 4765241 3249366 822781 2786287 8420328
1790452519925 0 103342 1533 392155710 391877204 0 0 0 0 0 0 259549413 1044942 4184051712 430489600 9207808 5024295 3414422 898619 2861862 8562317
1790452520945 0 105617 2048 392231762 391950521 0 0 0 0 0 0 259619689 1045116 4185948160 450248704 4612096 5236402 3559486 968365 2981099 8754337
1790452521966 0 40777 0 392288054 392073631 0 0 0 0 0 0 259663522 1045225 4187275264 158175232 0 5389037 3656280 1011711 3024798 8903102
1790452522986 0 127915 1752 392403473 392100227 0 0 0 0 0 0 259747620 1045469 4187045888 531353600 15970304 5691521 3858736 1096860 3148584 8950438
1790452524005 0 86415 3380 392470340 392206998 0 0 0 0 0 0 259800197 1045590 4186996736 366321664 11030528 5882290 3976305 1149897 3286680 9223289
1790452525025 0 52059 0 392532805 392307033 0 0 0 0 0 0 259857580 1045737 4187734016 202235904 0 6035582 4087345 1206331 3382340 9679035
1790452526045 0 104959 6132 392638480 392353685 0 0 0 0 0 0 259932560 1045913 4187025408 452550656 8294400 6301724 4258679 1281749 3494661 9827081
1790452527066 0 11320 0 392685299 392500356 0 0 0 0 0 0 259968817 1046006 4186566656 38027264 0 6402647 4329877 1316988 3598264 10426209
1790452528087 0 18558 44 392770707 392578571 0 0 0 0 0 0 260042056 1046215 4187316224 71749632 0 6630873 4470539 1388724 3682435 10533069
1790452529107 0 58185 880 392867800 392635164 0 0 0 0 0 0 260116034 1046469 4186660864 241696768 16777216 6864234 4622437 1465732 3917198 10823457
1790452530127 0 9288 0 392925571 392742681 0 0 0 0 0 0 260173773 1046626 4186595328 38039552 0 7017992 4716285 1519390 4049592 11161978
1790452531148 0 76062 0 393040157 392790541 0 0 0 0 0 0 260254117 1046866 4185202688 301084672 0 7274986 4881896 1602785 4156690 11255319
1790452532169 0 57904 41 393116753 392885085 0 0 0 0 0 0 260304340 1047023 4183519232 229588992 0 7434277 4984685 1652480 4250036 11539195
1790452533190 0 8713 0 393186343 393004022 0 0 0 0 0 0 260346524 1047145 4181708800 20746240 0 7586891 5076370 1696226 4355856 11969120
1790452534211 0 12902 0 393283511 393096966 0 0 0 0 0 0 260397294 1047308 4179075072 40173568 0 7760132 5186211 1746489 4513120 12390838
1790452535232 0 35583 0 393385117 393175806 0 0 0 0 0 0 260466784 1047498 4177408000 132804608 0 7985329 5326245 1815523 4682654 12717990
1790452536252 0 17001 0 393470334 393279771 0 0 0 0 0 0 260525674 1047660 4175564800 63344640 0 8164363 5439615 1872811 4839469 13089196
1790452537271 0 68341 0 393577573 393335424 0 0 0 0 0 0 260604649 1047876 4174774272 269553664 0 8419476 5597640 1952869 5019735 13362794
1790452538291 0 25204 0 393642398 393443621 0 0 0 0 0 0 260647482 1047995 4173234176 94904320 0 8572867 5686447 1995765 5153647 13790019
1790452539321 0 35 11 393724249 393550633 0 0 0 0 0 0 260694532 1048134 4172320768 2134016 27361280 8744446 5794346 2043205 5218678 13934567
1790452540362 0 8747 0 393812742 393630431 0 0 0 0 0 0 260756593 1048312 4171124736 25403392 0 8939064 5920591 2104668 5432651 14231273
1790452541381 0 29827 0 393908970 393705526 0 0 0 0 0 0 260827914 1048503 4170072064 115978240 0 9156510 6062394 2175072 5611318 14478568
1790452542405 0 40416 1888 394001444 393785492 0 0 0 0 0 0 260894594 1048679 4169228288 174809088 7294976 9369446 6203443 2243763 5793831 14821846
1790452543428 0 3107 1349 394067819 393889818 0 0 0 0 0 0 260942068 1048807 4168855552 12726272 13565952 9528564 6301699 2291764 5960938 15229437
1790452544446 0 19565 0 394155772 393962623 0 0 0 0 0 0 261003010 1048972 4168687616 73854976 0 9714453 6429319 2350765 6107098 15464177
1790452545465 0 37404 0 394257096 394046097 0 0 0 0 0 0 261062086 1049129 4166717440 146984960 0 9911058 6564052 2409273 6269592 15742177
1790452546485 0 7730 5725 394335348 394148343 0 0 0 0 0 0 261124215 1049298 4167028736 31662080 35758080 10103695 6693616 2473911 6392255 15945006
1790452547505 0 40092 2583 394435700 394219470 0 0 0 0 0 0 261198619 1049508 4167340032 164212736 25247744 10338465 6851896 2548315 6651926 16189501
1790452548526 0 50339 0 394531964 394307930 0 0 0 0 0 0 261260149 1049673 4167118848 198021120 0 10547220 6987756 2608370 6847770 16493468
1790452549556 0 11139 7396 394614637 394422617 0 0 0 0 0 0 261308451 1049805 4166459392 69414912 29724672 10721877 7108097 2658146 6933901 16722984
1790452550593 0 15930 1955 394708113 394516539 0 0 0 0 0 0 261370568 1050004 4166926336 94924800 2637824 10920250 7247112 2719751 7057548 16989268
1790452551632 0 6189 1027 394777858 394597038 0 0 0 0 0 0 261421409 1050170 4167299072 35811328 4284416 11086095 7357897 2770079 7241583 17436586
1790452552651 0 17490 0 394870966 394679891 0 0 0 0 0 0 261489925 1050400 4167925760 69664768 0 11280396 7496039 2836036 7466746 17729502
1790452553670 0 18919 2701 394965756 394770441 0 0 0 0 0 0 261542963 1050594 4167966720 77574144 23625728 11481489 7632003 2892675 7543292 17839324
1790452554688 0 59106 0 395052703 394819946 0 0 0 0 0 0 261607646 1050783 4168458240 233381888 0 11681252 7767103 2955814 7716253 18165310
1790452555709 0 5969 0 395117929 394938235 0 0 0 0 0 0 261648209 1050896 4168175616 16953344 0 11829024 7863457 2996219 7869161 18637712
1790452556729 0 3648 0 395203188 395025787 0 0 0 0 0 0 261708282 1051086 4168814592 12726272 0 12016449 7992315 3055110 8008649 18787366
1790452557749 0 36514 0 395302801 395092683 0 0 0 0 0 0 261773664 1051289 4168699904 141205504 0 12231941 8142558 3122394 8193846 19106610
1790452558776 0 6726 1831 395392211 395210100 0 0 0 0 0 0 261822492 1051443 4168695808 55193600 6590464 12430067 8272215 3171690 8326770 19328783
1790452559813 0 34112 1606 395483175 395273828 0 0 0 0 0 0 261892389 1051635 4169822208 150523904 8331264 12642673 8421879 3241772 8507733 19551007
1790452560837 0 2068 13223 395562952 395374065 0 0 0 0 0 0 261959552 1051807 4170936320 0 68329472 12833388 8556144 3309247 8671816 19830891
1790452561863 0 6181 1798 395642201 395460653 0 0 0 0 0 0 262023675 1051966 4172115968 25333760 15921152 13035772 8691486 3373206 8777316 19986912
1790452562881 0 38090 0 395734253 395522607 0 0 0 0 0 0 262091372 1052153 4172922880 146685952 0 13266723 8835262 3439580 9039905 20262706
1790452563901 0 10370 0 395810517 395626554 0 0 0 0 0 0 262144745 1052306 4173012992 33832960 0 13451552 8955355 3492942 9199525 20563729
1790452564924 0 4675 20 395889217 395710938 0 0 0 0 0 0 262208173 1052481 4172873728 6369280 0 13657361 9087884 3557356 9352884 20793582
1790452565944 0 70654 2 396005909 395761648 0 0 0 0 0 0 262284129 1052708 4172242944 283287552 0 13919164 9267935 3631790 9553999 20998764
1790452566968 0 29451 876 396078441 395874655 0 0 0 0 0 0 262329562 1052838 4171894784 130629632 2437120 14084893 9378964 3678746 9671284 21235444
1790452567992 0 3612 0 396152098 395974884 0 0 0 0 0 0 262388260 1053004 4173357056 6356992 0 14255672 9500317 3735959 9828991 21554961
1790452569013 0 64157 1752 396263697 396024128 0 0 0 0 0 0 262476081 1053239 4174348288 280788992 5836800 14539515 9690737 3825775 10051422 21701151
1790452570032 0 82781 75 396352148 396095659 0 0 0 0 0 0 262546072 1053422 4175769600 331448320 0 14763723 9840502 3893758 10151223 21874161
1790452571057 0 21109 2560 396420169 396222912 0 0 0 0 0 0 262594336 1053553 4175867904 100458496 5386240 14937930 9955133 3943533 10299934 22085546
1790452572082 0 35523 3650 396518719 396306009 0 0 0 0 0 0 262675388 1053775 4176670720 153710592 31870976 15181204 10121906 4025083 10498354 22322414
1790452573124 0 1061 0 396601492 396426884 0 0 0 0 0 0 262736480 1053969 4176809984 13299712 3616768 15366521 10250950 4084539 10609329 22523279
1790452574148 0 7180 4088 396699658 396514769 0 0 0 0 0 0 262817666 1054169 4177846272 48537600 15241216 15627623 10420129 4166954 10730292 22641083
1790452575169 0 46304 0 396803820 396583904 0 0 0 0 0 0 262908060 1054425 4178751488 177012736 0 15887002 10594583 4256669 10948720 22804710
1790452576188 0 28796 0 396899972 396697504 0 0 0 0 0 0 262975318 1054656 4177580032 111308800 0 16106306 10747119 4323540 11205029 23092498
1790452577211 0 6186 3756 396990876 396807330 0 0 0 0 0 0 263033895 1054847 4176900096 53338112 6164480 16322353 10882173 4383589 11439479 23389137
1790452578237 0 511 21903 397090706 396894721 0 0 0 0 0 0 263102137 1055032 4176535552 101167104 2289664 16554897 11030876 4451325 11597788 23525727
1790452579256 0 32892 0 397192031 396985505 0 0 0 0 0 0 263176537 1055270 4175511552 130379776 0 16770611 11182781 4523204 11719970 23644793
1790452580288 0 1 4515 397290780 397113014 0 0 0 0 0 0 263241899 1055475 4174774272 43270144 5582848 16984419 11330252 4591594 11843292 23856547
1790452581311 0 6415 8 397389913 397209796 0 0 0 0 0 0 263308584 1055709 4174532608 16953344 0 17204324 11467131 4656761 11963258 24079056
1790452582333 0 5216 0 397486859 397308039 0 0 0 0 0 0 263377380 1055921 4174245888 10596352 0 17418058 11611208 4726039 12203543 24386892
1790452583362 0 132343 7713 397631715 397317970 0 0 0 0 0 0 263487316 1056258 4172869632 573861888 20709376 17760863 11835626 4837009 12341861 24415688
1790452584383 0 13899 45 397679091 397491556 0 0 0 0 0 0 263524774 1056368 4172595200 48578560 0 17870588 11905908 4872938 12495481 24801303
1790452585402 0 21665 4495 397788086 397588412 0 0 0 0 0 0 263595116 1056608 4171780096 103710720 16617472 18116695 12064447 4944782 12597414 24930430
1790452586422 0 34700 0 397875929 397667537 0 0 0 0 0 0 263666316 1056800 4171554816 129179648 0 18321955 12196190 5015591 12683022 25022030
1790452587441 0 10213 0 397959930 397776116 0 0 0 0 0 0 263734860 1057003 4171857920 31719424 0 18510470 12327138 5083509 12795849 25182472
1790452588461 0 35332 0 398067519 397858490 0 0 0 0 0 0 263798475 1057212 4169723904 131166208 0 18722487 12468078 5147663 12932446 25425091
1790452589483 0 32305 675 398168309 397961723 0 0 0 0 0 0 263855492 1057403 4168536064 143863808 3567616 18952487 12606627 5204656 13121044 25743693
1790452590507 0 33913 832 398263539 398055223 0 0 0 0 0 0 263925296 1057646 4168368128 147419136 6864896 19156575 12750704 5274476 13379540 26055756
1790452591526 0 51405 0 398362406 398137375 0 0 0 0 0 0 263994196 1057849 4166504448 204337152 0 19371169 12896159 5342199 13478786 26175314
1790452592545 0 39620 0 398464766 398251468 0 0 0 0 0 0 264053084 1058047 4165832704 150122496 0 19581556 13036520 5402265 13643939 26506259
1790452593569 0 8756 3139 398561968 398376545 0 0 0 0 0 0 264111351 1058238 4164820992 52920320 9854976 19793581 13173317 5461025 13741656 26717081
1790452594591 0 4032 0 398655498 398477847 0 0 0 0 0 0 264178552 1058453 4164468736 10616832 0 20005457 13316885 5525683 13961713 26976998
1790452595615 0 1099 14735 398764167 398574811 0 0 0 0 0 0 264262761 1058718 4165128192 86450176 2461696 20254345 13487936 5611926 14164710 27135953
1790452596641 0 2300 6 398860837 398684880 0 0 0 0 0 0 264331046 1058962 4165550080 6025216 5586944 20461667 13632903 5680209 14326176 27386354
1790452597669 0 3299 0 398931570 398754607 0 0 0 0 0 0 264382375 1059130 4165238784 4272128 0 20625309 13739068 5730517 14401419 27556631
1790452598690 0 7705 0 399022995 398841590 0 0 0 0 0 0 264451073 1059389 4165545984 29622272 0 20834936 13882032 5798822 14637445 27826565
1790452599709 0 42334 3942 399109874 398890553 0 0 0 0 0 0 264518415 1059623 4166221824 187510784 0 21041304 14022797 5866565 14735807 28006569
1790452600730 0 60682 12556 399221358 398974571 0 0 0 0 0 0 264586248 1059891 4165316608 248324096 71032832 21291096 14190653 5935922 14976949 28221440
1790452601750 0 94012 0 399325164 399057557 0 0 0 0 0 0 264664523 1060159 4165570560 376852480 0 21524116 14355428 6012713 15165962 28419807
1790452602777 0 1342 1038 399388696 399212813 0 0 0 0 0 0 264723326 1060356 4166897664 29638656 1851392 21683591 14462476 6072488 15341461 28829036
1790452603803 0 4951 21 399486615 399307839 0 0 0 0 0 0 264785963 1060584 4165783552 8486912 0 21898775 14606258 6134619 15540958 29143697
1790452604823 0 69383 0 399601282 399358314 0 0 0 0 0 0 264861941 1060848 4164988928 277643264 0 22163860 14778561 6210098 15668364 29231161
1790452605843 0 7183 0 399670879 399490042 0 0 0 0 0 0 264911229 1061029 4165292032 19058688 0 22315303 14884690 6259886 15735854 29377548
1790452606863 0 8753 62 399756340 399573926 0 0 0 0 0 0 264982033 1061269 4166062080 27508736 0 22530999 15027519 6329706 15843595 29581166
1790452607882 0 22139 0 399849415 399653704 0 0 0 0 0 0 265050463 1061501 4167311360 81362944 0 22744402 15177044 6397849 15940555 29732826
1790452608908 0 1006 0 399937877 399763273 0 0 0 0 0 0 265116913 1061730 4167352320 4210688 4259840 22966046 15321236 6465070 16143877 29981373
1790452609931 0 7129 0 400038216 399857449 0 0 0 0 0 0 265195266 1061989 4169080832 21164032 0 23224532 15485550 6542784 16247984 30102336
1790452610950 0 3950 0 400121555 399943901 0 0 0 0 0 0 265270385 1062240 4169510912 12746752 0 23440470 15633911 6617541 16351417 30266522
1790452611970 0 23149 0 400222047 400025107 0 0 0 0 0 0 265344354 1062495 4169588736 88588288 0 23674685 15794540 6692707 16494441 30500307
1790452612990 0 5624 0 400307415 400128140 0 0 0 0 0 0 265407548 1062705 4170010624 19046400 0 23884925 15931650 6754674 16629689 30727293
1790452614010 0 4627 0 400402098 400223842 0 0 0 0 0 0 265474819 1062962 4170424320 8511488 0 24109137 16079703 6822988 16718808 30896472
1790452615031 0 49294 1374 400514088 400289827 0 0 0 0 0 0 265555714 1063265 4169977856 219439104 4034560 24368425 16256399 6904890 16867595 31040718
1790452616052 0 5155 0 400596452 400417692 0 0 0 0 0 0 265608019 1063473 4169617408 10608640 0 24545308 16376431 6955744 17040296 31389986
1790452617072 0 42662 0 400700364 400484051 0 0 0 0 0 0 265683080 1063762 4169551872 166453248 0 24790622 16538921 7031738 17219447 31584818
1790452618091 0 9729 42 400778098 400594694 0 0 0 0 0 0 265729839 1063955 4169539584 25456640 0 24954351 16650186 7079002 17409644 31981505
1790452619115 0 3024 0 400869157 400692497 0 0 0 0 0 0 265807104 1064215 4170461184 2138112 0 25170631 16802959 7155752 17633118 32299794
1790452620135 0 7734 0 400968579 400787219 0 0 0 0 0 0 265875858 1064481 4170608640 23293952 0 25382813 16949267 7224310 17842330 32574669
1790452621154 0 39937 0 401062645 400849144 0 0 0 0 0 0 265957250 1064766 4171399168 155947008 0 25626864 17109422 7305169 18059568 32824939
1790452622174 0 8193 4161 401143954 400957928 0 0 0 0 0 0 266008837 1064948 4170432512 33767424 31879168 25811520 17230426 7358551 18219240 33165032
1790452623198 0 827 146 401240311 401065675 0 0 0 0 0 0 266070811 1065208 4169691136 6377472 16289792 26018484 17371341 7420485 18491536 33479102
1790452624219 0 41095 0 401344797 401130004 0 0 0 0 0 0 266146506 1065499 4169469952 158035968 0 26260237 17529527 7495200 18603880 33577518
1790452625238 0 59259 803 401451602 401217952 0 0 0 0 0 0 266205039 1065745 4168609792 239054848 0 26485168 17681170 7553232 18724795 33691561
1790452626258 0 6686 12 401519697 401339315 0 0 0 0 0 0 266255925 1065952 4168511488 16949248 0 26652738 17789617 7604085 18954671 34034367
1790452627281 0 3 3705 401612284 401434992 0 0 0 0 0 0 266319641 1066212 4168790016 12288 26034176 26871583 17931540 7669315 19068286 34154882
1790452628299 0 93526 0 401734674 401467534 0 0 0 0 0 0 266404058 1066544 4168507392 376942592 0 27143225 18115367 7751724 19296124 34294196
1790452629326 0 1548 2704 401796854 401619122 0 0 0 0 0 0 266441574 1066690 4168269824 4243456 30924800 27279652 18205064 7791248 19396723 34531249
1790452630349 0 6200 7 401882783 401702962 0 0 0 0 0 0 266496092 1066895 4168237056 17539072 0 27472371 18324095 7844137 19564980 34757901
1790452631369 0 6653 69 401974429 401794095 0 0 0 0 0 0 266564780 1067146 4168228864 16953344 0 27666023 18461318 7912934 19724884 34954651
1790452632391 0 4087 0 402065971 401888245 0 0 0 0 0 0 266625749 1067381 4167872512 2138112 0 27871579 18599260 7975069 19890251 35258128
1790452633412 0 55578 0 402182281 401953055 0 0 0 0 0 0 266708533 1067690 4167413760 221204480 0 28138083 18768288 8056183 20097793 35456386
1790452634436 0 6191 437 402263437 402083319 0 0 0 0 0 0 266761173 1067888 4167163904 38076416 4026368 28321391 18885925 8110336 20205777 35721323
1790452635459 0 0 5 402358677 402185046 0 0 0 0 0 0 266827327 1068137 4166799360 12857344 2981888 28518040 19029449 8176486 20415816 36003333
1790452636482 0 4590 412 402453388 402274869 0 0 0 0 0 0 266894071 1068397 4166230016 24825856 8212480 28740758 19171011 8243235 20612975 36267209
1790452637502 0 9232 0 402552273 402369375 0 0 0 0 0 0 266957697 1068621 4166242304 26103808 0 28946446 19309477 8306356 20721101 36450238
1790452638521 0 12352 0 402638698 402452741 0 0 0 0 0 0 267028514 1068875 4166529024 40161280 0 29154887 19448643 8376686 20923360 36771442
1790452639541 0 54447 0 402745083 402517050 0 0 0 0 0 0 267107506 1069176 4166643712 212729856 0 29394007 19612039 8455693 21144819 37013016
1790452640561 0 58071 0 402837619 402605893 0 0 0 0 0 0 267177129 1069421 4166565888 234258432 0 29605587 19756335 8523731 21350419 37281704
1790452641580 0 28542 0 402916177 402714040 0 0 0 0 0 0 267239526 1069655 4166606848 109633536 0 29790160 19880293 8587838 21534795 37679237
1790452642608 0 8657 12630 403000320 402805460 0 0 0 0 0 0 267311935 1069928 4167667712 97648640 11915264 30010910 20022397 8661113 21748122 38027034
1790452643631 0 23382 1296 403084713 402886437 0 0 0 0 0 0 267380992 1070169 4167786496 103071744 0 30217439 20158632 8729858 21905194 38250188
1790452644655 0 2451 0 403157893 402981823 0 0 0 0 0 0 267444337 1070381 4167675904 1368064 0 30394641 20279390 8792219 22125672 38656008
1790452645676 0 46796 0 403260115 403039799 0 0 0 0 0 0 267526621 1070710 4168540160 183275520 0 30661389 20445241 8875359 22364599 38894230
1790452646700 0 1 3466 403340465 403163441 0 0 0 0 0 0 267579900 1070908 4168450048 4096 28499968 30853724 20572653 8929573 22573286 39268801
1790452647727 0 4609 0 403422805 403244633 0 0 0 0 0 0 267639726 1071147 4167401472 10493952 0 31039709 20693135 8987879 22686400 39447665
1790452648751 0 44262 6958 403532894 403308185 0 0 0 0 0 0 267710885 1071436 4166500352 214786048 9179136 31270736 20855595 9060559 22875289 39708056
1790452649775 0 3650 0 403598740 403421604 0 0 0 0 0 0 267760649 1071627 4166475776 8478720 0 31425724 20957048 9108785 22997319 39926846
1790452650796 0 49842 0 403699570 403476118 0 0 0 0 0 0 267845827 1071934 4168241152 195911680 0 31684014 21130854 9193471 23159619 40054650
1790452651815 0 4415 0 403768013 403589974 0 0 0 0 0 0 267901315 1072135 4168765440 7749632 0 31851192 21241656 9249658 23358954 40500600
1790452652835 0 12339 0 403853330 403667424 0 0 0 0 0 0 267955713 1072353 4168011776 42270720 0 32047464 21369561 9304739 23527955 40782768
1790452653854 0 51082 0 403953154 403728536 0 0 0 0 0 0 268028115 1072621 4168040448 205062144 0 32283134 21523030 9376311 23672425 40975382
1790452654878 0 23285 1455 404032889 403834676 0 0 0 0 0 0 268076460 1072808 4167512064 95375360 16261120 32454411 21640529 9426134 23808574 41213327
1790452655900 0 32472 877 404123377 403916592 0 0 0 0 0 0 268139614 1073079 4167147520 137342976 5087232 32660394 21780567 9489321 23941515 41399536
1790452656920 0 15430 5805 404204192 404009439 0 0 0 0 0 0 268193017 1073269 4166909952 63201280 38178816 32831368 21901021 9542180 24141947 41757879
1790452657945 0 23552 1946 404293152 404094145 0 0 0 0 0 0 268258759 1073513 4167507968 107663360 8929280 33049526 22043893 9608433 24347910 42045535
1790452658964 0 3640 282 404373358 404195980 0 0 0 0 0 0 268315896 1073728 4167856128 22847488 3575808 33226247 22168863 9665422 24547158 42453269
1790452659988 0 39872 5183 404475182 404256625 0 0 0 0 0 0 268397599 1073999 4168015872 192561152 3506176 33483309 22337664 9746762 24680070 42590241
1790452661007 0 13871 0 404546220 404358773 0 0 0 0 0 0 268439205 1074184 4167888896 46485504 0 33632764 22436867 9788118 24788301 42884904
1790452662027 0 77023 0 404653144 404402498 0 0 0 0 0 0 268519740 1074477 4167811072 306057216 0 33874073 22602843 9867910 24952567 43090534
1790452663047 0 13385 0 404720525 404533518 0 0 0 0 0 0 268560511 1074662 4167315456 47603712 0 34014901 22697885 9908502 25176104 43519386
1790452664066 0 22950 0 404805885 404609255 0 0 0 0 0 0 268618630 1074863 4167319552 92807168 0 34201233 22825973 9964713 25407526 43854014
1790452665085 0 60645 0 404913958 404679727 0 0 0 0 0 0 268691117 1075166 4166942720 238006272 0 34446509 22992669 10039705 25628618 44058827
1790452666105 0 41265 0 404991649 404776737 0 0 0 0 0 0 268751958 1075386 4167032832 160784384 0 34622178 23117717 10100296 25728537 44225221
1790452667124 0 84287 0 405098050 404840226 0 0 0 0 0 0 268821969 1075632 4166352896 332673024 0 34839160 23273715 10170668 25950833 44444694
1790452668144 0 22127 1022 405157320 404960656 0 0 0 0 0 0 268861514 1075775 4166098944 100470784 4730880 34985795 23365290 10210710 26127612 44927256
1790452669167 0 105660 787 405276522 404996471 0 0 0 0 0 0 268938383 1076106 4166504448 444678144 1576960 35253473 23544090 10287037 26204988 45027709
1790452670188 0 29679 0 405326816 405123574 0 0 0 0 0 0 268974842 1076253 4167397376 107548672 0 35365302 23622793 10324514 26384283 45372130
1790452671207 0 49287 0 405424102 405201288 0 0 0 0 0 0 269036478 1076518 4166422528 189693952 0 35578626 23762959 10385128 26625620 45655529
1790452672226 0 8123 0 405497561 405315857 0 0 0 0 0 0 269089364 1076715 4166557696 23560192 0 35735711 23872606 10436996 26677247 45795249
1790452673247 0 40178 9338 405595407 405372387 0 0 0 0 0 0 269160758 1076985 4167233536 164569088 48287744 35967967 24029297 10510432 26855580 46059765
1790452674267 0 32669 0 405662703 405456415 0 0 0 0 0 0 269209041 1077200 4167761920 123981824 0 36127124 24129888 10557706 27049991 46460529
1790452675295 0 2066 6 405733328 405557795 0 0 0 0 0 0 269263683 1077411 4167921664 4255744 0 36290203 24237741 10610253 27307046 46860264
1790452676322 0 1531 2178 405819220 405642029 0 0 0 0 0 0 269325614 1077641 4168400896 16924672 8450048 36499511 24371221 10674776 27488738 47217344
1790452677358 0 3148 438 405907784 405730757 0 0 0 0 0 0 269387208 1077866 4168638464 33763328 995328 36691882 24503365 10736880 27551746 47334774
1790452678376 0 10296 0 405991281 405807387 0 0 0 0 0 0 269447178 1078092 4167991296 34136064 0 36881427 24628188 10794986 27738199 47662923
1790452679404 0 660 12 406075676 405901505 0 0 0 0 0 0 269515145 1078345 4169195520 4775936 10047488 37104875 24772131 10863521 27907898 47946806
1790452680431 0 33302 2479 406180459 405971154 0 0 0 0 0 0 269588586 1078630 4168531968 154578944 2834432 37341518 24932063 10937845 28156538 48184953
1790452681454 0 2609 493 406251463 406074818 0 0 0 0 0 0 269633068 1078832 4167983104 17313792 3178496 37486896 25031567 10981939 28389563 48618399
1790452682473 0 13521 0 406345733 406158662 0 0 0 0 0 0 269694029 1079085 4167471104 50696192 0 37706261 25169437 11040524 28615396 48896762
1790452683493 0 0 4659 406422995 406244831 0 0 0 0 0 0 269744989 1079314 4167897088 22245376 11546624 37896131 25289169 11094194 28759900 49064884
1790452684521 0 17115 967 406509471 406317772 0 0 0 0 0 0 269819224 1079585 4168454144 88547328 909312 38108883 25435384 11168399 28997400 49340795
1790452685547 0 65817 1704 406617408 406376366 0 0 0 0 0 0 269895190 1079867 4167659520 286023680 4497408 38349798 25597996 11244865 29111536 49453947
1790452686566 0 25708 0 406685309 406486071 0 0 0 0 0 0 269953660 1080065 4168536064 101220352 0 38527694 25704352 11299765 29327666 49815907
1790452687585 0 17452 0 406771708 406580694 0 0 0 0 0 0 270014230 1080305 4168704000 67284992 0 38724475 25834708 11361351 29515601 50111669
1790452688609 0 38075 803 406862863 406650680 0 0 0 0 0 0 270081795 1080590 4168372224 162115584 6942720 38938280 25984786 11431469 29645223 50370334
1790452689630 0 7706 0 406930237 406748928 0 0 0 0 0 0 270141770 1080802 4168765440 27492352 0 39099592 26098248 11489267 29739489 50537439
1790452690649 0 3077 2 407020243 406843664 0 0 0 0 0 0 270191280 1081000 4167680000 4259840 0 39282922 26222228 11539279 29841812 50843956
1790452691680 0 14 2120 407117402 406941865 0 0 0 0 0 0 270254778 1081244 4166930432 14508032 8749056 39515369 26368984 11604495 29948834 50939299
1790452692711 0 25832 1082 407217795 407017415 0 0 0 0 0 0 270326478 1081552 4167696384 125366272 3178496 39736388 26518245 11675638 30164486 51213312
1790452693734 0 29432 0 407301879 407098809 0 0 0 0 0 0 270387996 1081792 4167491584 111734784 0 39912504 26646898 11736190 30290681 51392359
1790452694753 0 49288 0 407395310 407172452 0 0 0 0 0 0 270448791 1082064 4166930432 193073152 0 40124205 26783662 11796765 30566752 51674060
1790452695784 0 1559 1606 407465882 407289196 0 0 0 0 0 0 270496314 1082257 4167237632 14225408 12296192 40289229 26890803 11845986 30659931 51826948
1790452696811 0 29284 2555 407559500 407354181 0 0 0 0 0 0 270571272 1082569 4168077312 119984128 20103168 40527198 27044390 11920972 30852349 52053111
1790452697834 0 20 2 407626468 407453001 0 0 0 0 0 0 270625762 1082781 4167909376 0 0 40685497 27154151 11975436 31000044 52288083
1790452698853 0 34 0 407626504 407452934 0 0 0 0 0 0 270804242 1083459 4193726464 131072 0 40867612 27322988 12150576 31081185 52342469
1790452699873 0 34 0 407626504 407452934 0 0 0 0 0 0 271015009 1084180 4198133760 131072 0 41125893 27533515 12362179 31141495 52365980
1790452700892 0 34 0 407626504 407452934 0 0 0 0 0 0 271182909 1086346 4200366080 131072 0 41650924 27699796 12529005 31422361 52420768
1790452701911 0 34 0 407626504 407452934 0 0 0 0 0 0 271258786 1086651 2323902464 69632 0 41757680 27779349 12608460 31498480 52449513
