1790467642566 0 3 0 1256591346 1253022472 0 0 0 0 0 0 816184032 4392700 - - - - - - - -
1790467643603 0 154256 0 1256881875 1253158598 0 0 0 0 0 0 816184032 4392816 1140191232 594399232 0 0 0 0 0 4139
1790467644631 0 162076 1387 1257058381 1253326001 0 0 0 0 0 0 816184032 4392818 1881591808 652140544 16142336 0 0 0 0 80817
1790467645666 0 154517 2245 1257198381 1253472569 0 0 0 0 0 0 816184032 4392818 2463383552 647389184 12046336 0 0 0 0 262719
1790467646701 0 167184 2068 1257351896 1253613826 0 0 0 0 0 0 816184032 4392818 3096473600 690872320 8388608 0 0 0 0 329838
1790467647723 0 183059 4086 1257514767 1253758659 0 0 0 0 0 0 816184032 4392818 3763396608 757911552 8388608 0 0 0 0 503698
1790467648745 0 169514 4029 1257646459 1253903810 0 0 0 0 0 0 816184034 4392818 4141944832 687661056 8388608 68092 32931 0 10935 604926
1790467649772 0 189042 4096 1257795347 1254033315 0 0 0 0 0 0 816187077 4392824 4140580864 786616320 8388608 303177 189560 3003 45457 692968
1790467650797 0 177718 4324 1257926653 1254175742 0 0 0 0 0 0 816193154 4392832 4139569152 736866304 25165824 471609 323274 8570 79622 823957
1790467651840 0 177498 2796 1258084484 1254335424 0 0 0 0 0 0 816205086 4392848 4139237376 732491776 25165824 683792 493425 21012 127500 962157
1790467652897 0 176242 4127 1258257715 1254508402 0 0 0 0 0 0 816227290 4392878 4139679744 743002112 24412160 912728 686672 42894 175596 1152276
1790467653949 0 170011 8198 1258406367 1254659167 0 0 0 0 0 0 816243912 4392993 4139720704 735096832 7413760 1143525 854233 59835 214582 1414704
1790467654994 0 83351 2719 1258465747 1254810703 0 0 0 0 0 0 816255724 4393091 4140195840 338489344 8646656 1237608 922967 70694 262730 1698449
1790467656018 0 119914 2015 1258618933 1254928073 0 0 0 0 0 0 816281346 4393271 4141043712 492765184 7729152 1477946 1104449 97360 307750 1891197
1790467657059 0 70853 8203 1258719904 1255071954 0 0 0 0 0 0 816304502 4393386 4142174208 325775360 25165824 1637451 1227273 119925 356951 2247605
1790467658107 0 117096 5101 1258880245 1255189225 0 0 0 0 0 0 816331998 4393552 4143276032 490033152 8019968 1880590 1413460 147410 423320 2468148
1790467659143 0 125751 8870 1259018122 1255314582 0 0 0 0 0 0 816363737 4393687 4145074176 541995008 22577152 2092699 1579580 177695 454551 2741296
1790467660182 0 129336 12114 1259144707 1255434355 0 0 0 0 0 0 816395646 4393841 4146601984 560918528 24367104 2297604 1741234 211572 520207 3036754
1790467661202 0 129004 0 1259251562 1255553709 0 0 0 0 0 0 816422367 4393986 4147474432 501964800 0 2462958 1869603 238297 636197 3344990
1790467662228 0 93713 4167 1259367469 1255700590 0 0 0 0 0 0 816442977 4394117 4147249152 397369344 5013504 2641992 2007456 257878 713862 3693520
1790467663261 0 108994 2055 1259497497 1255817467 0 0 0 0 0 0 816475794 4394278 4147466240 440090624 8052736 2852355 2167790 290254 760288 4025292
1790467664287 0 111537 0 1259623643 1255943143 0 0 0 0 0 0 816508750 4394438 4147580928 432771072 0 3067487 2325367 322918 794804 4187729
1790467665317 0 102385 2046 1259768836 1256095534 0 0 0 0 0 0 816546347 4394614 4148002816 421486592 13344768 3323626 2514286 361398 864729 4468903
1790467666341 0 97021 21376 1259903277 1256216009 0 0 0 0 0 0 816586879 4394777 4148535296 396795904 87556096 3548264 2689686 402803 908617 4727344
1790467667366 0 112778 2782 1260045092 1256360599 0 0 0 0 0 0 816630538 4394952 4149280768 455749632 16777216 3789168 2869911 445948 970869 5083441
1790467668397 0 119066 10282 1260190980 1256492663 0 0 0 0 0 0 816671050 4395118 4148899840 498606080 28340224 4039836 3060074 487018 1002350 5295067
1790467669446 0 114576 13286 1260321002 1256624318 0 0 0 0 0 0 816711492 4395276 4149190656 468963328 53997568 4266624 3230330 527278 1047711 5543099
1790467670485 0 71102 5092 1260418604 1256773539 0 0 0 0 0 0 816759231 4395427 4150394880 288751616 39194624 4460853 3373666 574131 1114730 5856472
1790467671515 0 129541 1748 1260601944 1256901615 0 0 0 0 0 0 816823397 4395629 4150353920 528244736 24190976 4773285 3616034 639326 1176120 6177306
1790467672541 0 122276 945 1260721550 1257029349 0 0 0 0 0 0 816863431 4395777 4150329344 495132672 20410368 4957168 3755376 677827 1229471 6451220
1790467673562 0 94914 716 1260866271 1257201793 0 0 0 0 0 0 816914507 4395945 4148969472 386662400 7794688 5204786 3924559 730443 1278910 6804931
1790467674588 0 52021 361 1260985783 1257364385 0 0 0 0 0 0 816962781 4396093 4148932608 195264512 7331840 5382191 4055037 777680 1333490 7215467
1790467675611 0 31327 60 1261135634 1257535420 0 0 0 0 0 0 817012671 4396256 4147982336 113401856 7069696 5590569 4205702 826927 1388146 7678990
1790467676643 0 86267 2009 1261335256 1257678100 0 0 0 0 0 0 817063384 4396433 4144922624 348233728 33542144 5871296 4400165 878287 1434551 8054825
1790467677678 0 71302 4323 1261507984 1257863517 0 0 0 0 0 0 817104442 4396574 4141867008 306569216 5787648 6149287 4567332 919339 1508154 8444860
1790467678701 0 43002 49 1261672264 1258060315 0 0 0 0 0 0 817160022 4396733 4139761664 164548608 10924032 6426603 4751141 975014 1542596 8752866
1790467679721 0 93099 4154 1261883610 1258217592 0 0 0 0 0 0 817214474 4396915 4135907328 397803520 6459392 6742210 4973643 1029420 1596740 9016607
1790467680760 0 93425 1174 1262058261 1258394767 0 0 0 0 0 0 817265445 4397079 4134211584 394526720 11079680 7034330 5166908 1079240 1672704 9568151
1790467681798 0 126769 1 1262258497 1258562750 0 0 0 0 0 0 817324218 4397336 4133175296 494333952 0 7347949 5392936 1138607 1784391 9881129
1790467682820 0 73568 2663 1262396015 1258751044 0 0 0 0 0 0 817378411 4397547 4133650432 290893824 2273280 7573636 5561542 1193553 1892870 10195155
1790467683843 0 110740 0 1262579447 1258899902 0 0 0 0 0 0 817438645 4397753 4133232640 430104576 0 7865630 5774558 1250510 1957471 10636612
1790467684866 0 102225 2567 1262745302 1259071579 0 0 0 0 0 0 817493939 4397943 4134318080 424980480 7548928 8147196 5979716 1309441 2039544 11094889
1790467685891 0 10509 20826 1262888358 1259288204 0 0 0 0 0 0 817535603 4398110 4133617664 72847360 49381376 8369952 6144964 1351568 2120295 11483619
1790467686913 0 83570 2231 1263092394 1259437888 0 0 0 0 0 0 817596529 4398338 4133142528 335892480 3969024 8670107 6382842 1411144 2197233 11783101
1790467687936 0 82407 2112 1263281684 1259628409 0 0 0 0 0 0 817651741 4398560 4132368384 337686528 26546176 8974017 6609465 1467150 2265902 12079820
1790467688975 0 29910 431 1263443957 1259844719 0 0 0 0 0 0 817701501 4398750 4133498880 115372032 3067904 9223062 6797253 1515429 2354420 12589610
1790467690007 0 97985 0 1263671576 1260004601 0 0 0 0 0 0 817751401 4398970 4132827136 374411264 0 9551881 7055517 1566058 2403495 12794116
1790467691032 0 91079 6491 1263872415 1260205991 0 0 0 0 0 0 817801712 4399170 4131864576 366522368 47919104 9861166 7288962 1617182 2506276 13124751
1790467692056 0 72080 2984 1264041528 1260397552 0 0 0 0 0 0 817847008 4399378 4132069376 304181248 9244672 10108134 7487233 1661914 2575046 13539191
1790467693081 0 27760 669 1264215798 1260618342 0 0 0 0 0 0 817896766 4399559 4132810752 110833664 1757184 10373298 7693621 1709685 2654042 13982728
1790467694121 0 75500 4 1264459553 1260815046 0 0 0 0 0 0 817969989 4399805 4133507072 314638336 3092480 10738091 7985526 1783404 2727812 14252531
1790467695156 0 32506 399 1264632976 1261030996 0 0 0 0 0 0 818024601 4399974 4135223296 139530240 2134016 11016748 8202648 1838358 2814399 14615967
1790467696182 0 69652 0 1264859931 1261221362 0 0 0 0 0 0 818082201 4400190 4135284736 259244032 0 11350723 8457343 1896592 2880692 14934747
1790467697215 0 0 2561 1265018185 1261447050 0 0 0 0 0 0 818128726 4400355 4135809024 47828992 7852032 11597584 8647039 1944650 2973841 15335499
1790467698264 0 98809 1546 1265242258 1261573074 0 0 0 0 0 0 818189604 4400549 4135485440 398462976 3985408 11923020 8896587 2004215 3060355 15635996
1790467699285 0 33216 3011 1265399220 1261793961 0 0 0 0 0 0 818244739 4400706 4136927232 140541952 13557760 12175724 9082686 2060664 3122142 16030711
1790467700314 0 62237 2690 1265609492 1261975814 0 0 0 0 0 0 818310969 4400919 4137242624 238010368 41992192 12474219 9306963 2126325 3181605 16349825
1790467701346 0 42040 1069 1265769834 1262157795 0 0 0 0 0 0 818357706 4401079 4135981056 180285440 3756032 12738397 9483075 2172604 3249441 16746313
1790467702386 0 30557 517 1265961665 1262361800 0 0 0 0 0 0 818410828 4401288 4135026688 139534336 2174976 13032314 9687402 2225733 3332850 17008107
1790467703421 0 91277 0 1266172438 1262512210 0 0 0 0 0 0 818477025 4401536 4133830656 344924160 0 13355910 9920387 2291428 3457813 17348526
1790467704444 0 59480 69 1266324095 1262695709 0 0 0 0 0 0 818526752 4401714 4132937728 243642368 1855488 13609957 10100779 2341726 3527504 17695656
1790467705466 0 77274 907 1266542365 1262895272 0 0 0 0 0 0 818588501 4402009 4131491840 308191232 6459392 13942082 10339386 2404424 3634262 18096579
1790467706487 0 137679 9290 1266753303 1263038005 0 0 0 0 0 0 818662421 4402299 4131893248 595902464 20287488 14286159 10597989 2477831 3716391 18386276
1790467707506 0 110428 1803 1266920513 1263239328 0 0 0 0 0 0 818726172 4402526 4133040128 462749696 3743744 14565801 10800615 2540484 3803107 18799999
1790467708527 0 50822 3457 1267060807 1263437723 0 0 0 0 0 0 818762013 4402681 4132466688 203980800 28192768 14774493 10955424 2577933 3872957 19171837
1790467709546 0 83722 440 1267254233 1263601134 0 0 0 0 0 0 818823647 4402957 4131737600 342958080 16449536 15078826 11184145 2639592 3963048 19499828
1790467710565 0 47880 2732 1267444038 1263824510 0 0 0 0 0 0 818877580 4403186 4131393536 193822720 23830528 15365978 11408611 2692477 4070252 19956113
1790467711585 0 66404 32 1267624302 1263988787 0 0 0 0 0 0 818936121 4403466 4131491840 245665792 0 15649461 11620178 2750547 4146739 20330818
1790467712614 0 19993 566 1267748223 1264159231 0 0 0 0 0 0 818974194 4403672 4131688448 71790592 3104768 15846687 11769600 2788087 4214212 20780579
1790467713656 0 60135 1510 1267936634 1264306152 0 0 0 0 0 0 819035305 4403946 4132073472 258166784 6553600 16142372 11999689 2851223 4323111 21180285
1790467714686 0 60603 1032 1268084400 1264453789 0 0 0 0 0 0 819085150 4404163 4132175872 255258624 6131712 16387248 12179922 2899562 4438800 21625093
1790467715708 0 44643 2827 1268235459 1264619097 0 0 0 0 0 0 819137042 4404372 4131885056 183275520 23330816 16630458 12366252 2952984 4530659 22114760
1790467716728 0 47969 0 1268393702 1264776890 0 0 0 0 0 0 819197651 4404624 4132888576 169877504 0 16877847 12558432 3013108 4588390 22464587
1790467717756 0 84189 1752 1268588649 1264933835 0 0 0 0 0 0 819254215 4404898 4132261888 354168832 5550080 17185791 12790992 3067587 4656426 22733924
1790467718784 0 64818 658 1268761701 1265127402 0 0 0 0 0 0 819304565 4405145 4131672064 269803520 3600384 17455061 12996499 3120032 4733782 23196606
1790467719806 0 92140 453 1268937714 1265276258 0 0 0 0 0 0 819361697 4405433 4132229120 372002816 4222976 17728682 13205763 3177116 4800153 23527103
1790467720830 0 56021 4691 1269098125 1265468540 0 0 0 0 0 0 819408748 4405661 4131913728 240496640 8282112 17981236 13392532 3223656 4874279 23850221
1790467721852 0 30125 0 1269249561 1265650594 0 0 0 0 0 0 819450377 4405891 4131381248 99852288 0 18214269 13562758 3265274 4969076 24297616
1790467722873 0 79738 7149 1269447318 1265791581 0 0 0 0 0 0 819512543 4406162 4131786752 325554176 40779776 18527430 13799526 3328474 5063815 24610694
1790467723892 0 81818 800 1269626619 1265975052 0 0 0 0 0 0 819571855 4406432 4130922496 338935808 2396160 18795591 14002567 3386305 5125664 24889623
1790467724915 0 44459 5547 1269792657 1266173892 0 0 0 0 0 0 819620472 4406660 4131295232 192471040 19214336 19058037 14195971 3435401 5206251 25300355
1790467725941 0 26559 22 1269955738 1266360231 0 0 0 0 0 0 819664904 4406868 4130996224 79097856 0 19288916 14368505 3480092 5306871 25744284
1790467726972 0 34892 14710 1270161738 1266543250 0 0 0 0 0 0 819721807 4407149 4129529856 150249472 54947840 19598889 14592102 3537795 5404904 26121846
1790467727995 0 32150 864 1270354545 1266752726 0 0 0 0 0 0 819769160 4407394 4127444992 132001792 10686464 19876953 14795631 3583544 5461734 26408132
1790467729021 0 124711 1 1270595576 1266901819 0 0 0 0 0 0 819835886 4407681 4126588928 487043072 0 20241622 15060999 3649175 5541514 26689133
1790467730048 0 47241 496 1270776557 1267160004 0 0 0 0 0 0 819876038 4407880 4125769728 203091968 2572288 20500014 15253547 3691957 5608694 27002602
1790467731076 0 17061 2358 1270984463 1267396190 0 0 0 0 0 0 819940200 4408169 4125966336 82239488 1953792 20817788 15495390 3755677 5692301 27348498
1790467732097 0 68769 1985 1271204029 1267564468 0 0 0 0 0 0 820007269 4408488 4126306304 293474304 8708096 21136550 15747779 3821433 5790548 27646081
1790467733117 0 4892 93 1271386052 1267811994 0 0 0 0 0 0 820055848 4408732 4126334976 7954432 14774272 21411209 15952421 3870268 5887543 28034312
1790467734144 0 25721 1034 1271594728 1267999036 0 0 0 0 0 0 820123698 4409028 4126982144 113414144 2789376 21737913 16193857 3937056 5957096 28327321
1790467735175 0 40187 7885 1271821921 1268205017 0 0 0 0 0 0 820184343 4409325 4126203904 160415744 66682880 22069343 16456985 4000099 6041931 28658198
1790467736213 0 35295 2287 1272043044 1268436692 0 0 0 0 0 0 820243437 4409608 4124602368 145403904 10866688 22392489 16701389 4058830 6116079 28898946
1790467737234 0 91912 1975 1272277627 1268614815 0 0 0 0 0 0 820300943 4409875 4124536832 391557120 53248 22723606 16963484 4115834 6219464 29170187
1790467738256 0 68786 1194 1272476827 1268837967 0 0 0 0 0 0 820363602 4410164 4125417472 276385792 2363392 23019300 17196329 4178504 6314318 29564783
1790467739282 0 31374 108 1272653152 1269053041 0 0 0 0 0 0 820409742 4410398 4125945856 127070208 12836864 23271819 17396381 4223253 6393213 29966262
1790467740310 0 31149 4673 1272859963 1269255240 0 0 0 0 0 0 820456676 4410654 4124499968 121532416 35229696 23570694 17622250 4272099 6464695 30222338
1790467741335 0 34373 714 1273056515 1269452554 0 0 0 0 0 0 820523558 4410943 4126482432 129617920 35074048 23880004 17859883 4338895 6554485 30578045
1790467742369 0 60141 1895 1273299822 1269669043 0 0 0 0 0 0 820578455 4411237 4124917760 259596288 5836800 24213484 18116060 4393924 6627538 30814767
1790467743389 0 105575 2017 1273510682 1269834496 0 0 0 0 0 0 820642183 4411528 4124930048 436740096 4673536 24532705 18357170 4456065 6714460 31140831
1790467744412 0 56221 691 1273700273 1270074734 0 0 0 0 0 0 820696604 4411771 4125724672 228433920 22769664 24818686 18581303 4511522 6791720 31498212
1790467745438 0 99310 1431 1273934748 1270265045 0 0 0 0 0 0 820759350 4412123 4125417472 410927104 3964928 25150440 18828508 4574247 6883196 31779908
1790467746466 0 126728 2669 1274150561 1270452180 0 0 0 0 0 0 820809030 4412407 4125614080 510984192 29683712 25470750 19069732 4624665 6960185 32021268
1790467747495 0 20275 2814 1274299834 1270708057 0 0 0 0 0 0 820839622 4412589 4124532736 91652096 17313792 25677213 19221626 4655029 7071390 32557702
1790467748518 0 122986 1 1274540023 1270847987 0 0 0 0 0 0 820909988 4412926 4125118464 478498816 0 26005721 19485039 4725929 7144648 32829993
1790467749542 0 96893 766 1274729856 1271063188 0 0 0 0 0 0 820966960 4413159 4125302784 391397376 2220032 26300732 19699757 4782878 7242559 33234680
1790467750567 0 117152 0 1274954454 1271268267 0 0 0 0 0 0 821034726 4413483 4126158848 454774784 0 26629656 19950829 4847627 7302103 33545752
1790467751591 0 79071 1225 1275134520 1271485240 0 0 0 0 0 0 821088148 4413744 4126208000 324001792 4067328 26906541 20155121 4902532 7392852 33945749
1790467752612 0 9358 11086 1275305763 1271716352 0 0 0 0 0 0 821140046 4413997 4125863936 18432000 63574016 27169052 20346357 4955471 7471103 34270981
1790467753632 0 75916 1088 1275540001 1271894250 0 0 0 0 0 0 821211454 4414344 4125364224 316203008 3956736 27527708 20614879 5026413 7552924 34515706
1790467754653 0 77242 1241 1275739233 1272091663 0 0 0 0 0 0 821273692 4414642 4125655040 317444096 2789376 27819798 20840920 5089096 7637578 34794313
1790467755679 0 48258 8528 1275937541 1272312003 0 0 0 0 0 0 821336397 4414943 4125790208 233230336 20877312 28120957 21070939 5152316 7733297 35138734
1790467756704 0 105123 908 1276174451 1272499456 0 0 0 0 0 0 821402673 4415277 4124704768 433467392 8368128 28470067 21336648 5218192 7813660 35375088
1790467757728 0 36228 1460 1276350946 1272744580 0 0 0 0 0 0 821451546 4415557 4124192768 160915456 1331200 28721876 21528079 5266441 7903202 35712824
1790467758749 0 53779 2748 1276560589 1272935137 0 0 0 0 0 0 821517077 4415923 4124250112 236474368 9129984 29050838 21776499 5332530 7973568 35958648
1790467759789 0 8875 502 1276725731 1273147381 0 0 0 0 0 0 821571386 4416222 4125499392 54808576 8192 29306588 21969062 5385342 8070647 36355420
1790467760821 0 66011 2116 1276971303 1273334331 0 0 0 0 0 0 821646151 4416661 4125868032 284286976 7147520 29687295 22256124 5461638 8152386 36612094
1790467761847 0 52044 1132 1277167413 1273545243 0 0 0 0 0 0 821707379 4416947 4126248960 207548416 17797120 29972672 22478151 5522787 8219616 36863954
1790467762877 0 38399 3236 1277374605 1273764034 0 0 0 0 0 0 821763515 4417282 4125777920 176594944 2842624 30291540 22712045 5578229 8295674 37084980
1790467763902 0 52970 1520 1277574597 1273951418 0 0 0 0 0 0 821819908 4417578 4126130176 222818304 4337664 30582527 22933852 5634788 8408163 37416546
1790467764928 0 48086 0 1277765660 1274148540 0 0 0 0 0 0 821877940 4417891 4125933568 173731840 0 30863715 23152642 5691357 8486873 37736526
1790467765952 0 44065 1025 1277957672 1274343881 0 0 0 0 0 0 821934425 4418168 4125843456 184115200 2686976 31162747 23369320 5747416 8561575 37979397
1790467766976 0 51007 994 1278160974 1274540260 0 0 0 0 0 0 821995096 4418480 4126531584 205742080 5513216 31476910 23601939 5809573 8632977 38267828
1790467767997 0 21800 1256 1278349579 1274757580 0 0 0 0 0 0 822043563 4418753 4125638656 89116672 2564096 31765173 23810670 5858237 8701331 38609975
1790467769018 0 17505 366 1278543365 1274956672 0 0 0 0 0 0 822106235 4419063 4125814784 76300288 2666496 32081475 24037976 5920291 8791648 39038466
1790467770038 0 21949 584 1278737845 1275146267 0 0 0 0 0 0 822170788 4419404 4126670848 95682560 4521984 32390633 24268497 5984759 8903320 39412458
1790467771059 0 39548 1007 1278951779 1275342349 0 0 0 0 0 0 822228971 4419698 4125278208 148668416 25526272 32735299 24507099 6044377 9008303 39794387
1790467772097 0 1362 7070 1279146849 1275569597 0 0 0 0 0 0 822292188 4420014 4125704192 36397056 11583488 33049291 24734655 6107087 9079555 40134428
1790467773126 0 90416 10681 1279382648 1275712627 0 0 0 0 0 0 822351817 4420346 4124745728 409268224 0 33397414 24996662 6167229 9160544 40376400
1790467774150 0 34315 1072 1279560789 1275956729 0 0 0 0 0 0 822404149 4420597 4123889664 150802432 2519040 33677163 25202394 6219089 9204389 40668396
1790467775172 0 54348 112 1279777087 1276153858 0 0 0 0 0 0 822470283 4420925 4124065792 198504448 0 34005203 25448166 6285168 9312864 40995564
1790467776195 0 18591 0 1279938424 1276350907 0 0 0 0 0 0 822519095 4421197 4124229632 51326976 0 34254647 25638579 6333622 9418417 41364590
1790467777236 0 9194 590 1280129767 1276551010 0 0 0 0 0 0 822572108 4421460 4123725824 51236864 1376256 34545548 25851922 6385844 9507194 41670796
1790467778260 0 134153 0 1280384715 1276681763 0 0 0 0 0 0 822661015 4421901 4124938240 523870208 0 34940939 26162075 6474896 9598954 41894769
1790467779282 0 12838 7807 1280533883 1276944420 0 0 0 0 0 0 822708167 4422151 4125356032 46096384 52244480 35182033 26340682 6523720 9704058 42416694
1790467780320 0 69826 1057 1280758119 1277118550 0 0 0 0 0 0 822782810 4422500 4125679616 264511488 0 35548287 26602162 6596300 9807398 42724824
1790467781345 0 30062 1030 1280951612 1277351766 0 0 0 0 0 0 822825044 4422775 4123488256 118964224 1302528 35829869 26813329 6639435 9904982 43098191
1790467782371 0 32831 672 1281152078 1277549716 0 0 0 0 0 0 822879441 4423090 4122521600 137453568 6770688 36130068 27039314 6693906 9993830 43408844
1790467783394 0 93660 1825 1281361430 1277697067 0 0 0 0 0 0 822942705 4423415 4122230784 387620864 10166272 36438606 27282535 6757606 10081423 43758303
1790467784415 0 57989 2542 1281558290 1277928943 0 0 0 0 0 0 823005430 4423732 4122550272 256581632 4546560 36739953 27516380 6819817 10165528 44148229
1790467785435 0 67340 2576 1281747087 1278108361 0 0 0 0 0 0 823072203 4424050 4125040640 288342016 4939776 37038656 27742680 6887628 10238560 44403056
1790467786461 0 43217 159 1281916565 1278304295 0 0 0 0 0 0 823119993 4424274 4125024256 159555584 2629632 37297306 27935262 6932856 10303042 44690827
1790467787485 0 53301 737 1282117596 1278494801 0 0 0 0 0 0 823179454 4424587 4125347840 219856896 5234688 37620601 28167341 6994441 10403716 45071818
1790467788507 0 59798 1241 1282310425 1278680680 0 0 0 0 0 0 823238777 4424891 4124938240 228204544 0 37907379 28384938 7050634 10485640 45393648
1790467789534 0 115207 604 1282540435 1278855849 0 0 0 0 0 0 823305702 4425254 4124073984 472956928 1794048 38251986 28641974 7121109 10568339 45639166
1790467790561 0 20850 4478 1282697739 1279103755 0 0 0 0 0 0 823343652 4425959 4123533312 102146048 26718208 38481589 28816437 7158623 10630114 45980190
1790467791594 0 88035 2838 1282934224 1279274438 0 0 0 0 0 0 823400731 4426317 4121886720 366006272 10784768 38825310 29070462 7215230 10707573 46252002
1790467792615 0 67467 1032 1283107866 1279470566 0 0 0 0 0 0 823462485 4426606 4123742208 288174080 3739648 39099839 29285718 7278420 10793748 46575416
1790467793635 0 57044 819 1283313132 1279686604 0 0 0 0 0 0 823521115 4426920 4123537408 225972224 20512768 39401045 29515600 7336025 10873812 46907423
1790467794673 0 71553 368 1283513668 1279872898 0 0 0 0 0 0 823589045 4427230 4124426240 304082944 8531968 39716210 29748029 7403163 10929558 47146295
1790467795716 0 61923 2138 1283722627 1280089633 0 0 0 0 0 0 823649156 4427547 4124782592 274341888 1232896 40043115 29987550 7463645 11016675 47519919
1790467796744 0 27878 1324 1283907673 1280309857 0 0 0 0 0 0 823699081 4427855 4123406336 127365120 2322432 40328747 30196179 7515011 11082591 47819023
1790467797763 0 48029 2919 1284105505 1280485810 0 0 0 0 0 0 823754830 4428174 4122501120 205627392 15486976 40617080 30418791 7570057 11148555 48041906
1790467798784 0 135812 653 1284342542 1280637365 0 0 0 0 0 0 823828122 4428561 4122882048 553152512 4825088 40983824 30691912 7642537 11251258 48307897
1790467799806 0 80152 969 1284497347 1280847485 0 0 0 0 0 0 823873339 4428829 4123389952 325967872 22171648 41221615 30871950 7689258 11328375 48722312
1790467800834 0 61773 4826 1284642703 1281007597 0 0 0 0 0 0 823912934 4429079 4122636288 262393856 13647872 41433855 31031731 7728872 11424930 49193578
1790467801867 0 41765 1210 1284788438 1281176662 0 0 0 0 0 0 823960802 4429341 4123717632 175611904 7081984 41669494 31207873 7775842 11554154 49647550
1790467802890 0 101437 2 1285016779 1281346641 0 0 0 0 0 0 824020863 4429706 4123701248 386936832 0 42003145 31460554 7835902 11670621 49965549
1790467803917 0 85042 723 1285172089 1281517583 0 0 0 0 0 0 824067315 4429996 4123521024 342532096 5885952 42250979 31646916 7883255 11748812 50320439
1790467804944 0 39684 64 1285302695 1281694050 0 0 0 0 0 0 824105775 4430206 4123762688 148410368 10416128 42441950 31798305 7919260 11841666 50777505
1790467805969 0 90126 348 1285474657 1281815253 0 0 0 0 0 0 824165537 4430525 4125089792 359985152 3141632 42715121 32009635 7979923 11947499 51222313
1790467806997 0 44615 10485 1285611150 1281987159 0 0 0 0 0 0 824209177 4430770 4124897280 218144768 12681216 42929943 32170644 8024662 12047134 51764543
1790467808037 0 54927 521 1285759016 1282134868 0 0 0 0 0 0 824252943 4431470 4125495296 224694272 2498560 43164579 32343068 8067868 12108302 52125419
1790467809056 0 72839 6205 1285932507 1282284753 0 0 0 0 0 0 824317653 4431788 4125769728 321794048 11112448 43452297 32554433 8133142 12170222 52437657
1790467810076 0 87766 1798 1286064314 1282406105 0 0 0 0 0 0 824352742 4432013 4125798400 357437440 5550080 43643481 32699953 8168660 12264190 52922271
1790467811097 0 82527 944 1286178257 1282525956 0 0 0 0 0 0 824386386 4432187 4125085696 343162880 6848512 43819025 32832262 8201028 12315100 53393646
1790467812117 0 46264 1461 1286361564 1282745049 0 0 0 0 0 0 824440351 4432486 4124590080 190521344 6606848 44107689 33039394 8254524 12405116 53804632
1790467813145 0 23452 2407 1286501649 1282906902 0 0 0 0 0 0 824483048 4432750 4124278784 94171136 23588864 44323938 33203708 8298493 12483752 54238311
1790467814174 0 103809 2196 1286705273 1283030387 0 0 0 0 0 0 824542734 4433116 4124049408 422834176 9744384 44641233 33432798 8358140 12543062 54570048
1790467815195 0 102747 9046 1286832629 1283152205 0 0 0 0 0 0 824587953 4433347 4124737536 433119232 33820672 44850631 33588913 8403394 12620656 54945612
1790467816216 0 107874 1223 1286984861 1283306938 0 0 0 0 0 0 824631202 4433603 4123975680 450510848 3309568 45090675 33760742 8446096 12681219 55288765
1790467817237 0 128864 2410 1287154835 1283454885 0 0 0 0 0 0 824674943 4433897 4123340800 538656768 4759552 45345381 33947945 8489332 12772422 55746455
1790467818256 0 33 10 1287157116 1283588270 0 0 0 0 0 0 824675999 4433904 4121800704 0 0 45352168 33953472 8491926 12776520 55796504
1790467819277 0 132 0 1287157215 1283588280 0 0 0 0 0 0 824820707 4434502 4152991744 131072 0 45500975 34088293 8634362 12877130 55928193
1790467820297 0 157 0 1287157240 1283588280 0 0 0 0 0 0 824990115 4435265 4159516672 131072 0 45706854 34256330 8803992 12952715 55962225
1790467821322 0 185 0 1287157268 1283588280 0 0 0 0 0 0 825105576 4435577 4144496640 126976 0 45868930 34372104 8921496 13013571 55990892
