1790483844587 0 7 0 1938314978 1934200740 0 0 0 0 0 0 1053882190 5498632 - - - - - - - -
1790483845760 0 116711 2070 1938510946 1934278005 0 0 0 0 0 0 1053882190 5498745 782364672 494292992 8388608 0 0 0 0 5102
1790483846809 0 181207 1999 1938692696 1934395260 0 0 0 0 0 0 1053882190 5498745 1516564480 732811264 8368128 0 0 0 0 62127
1790483847840 0 175024 4054 1938813943 1934520561 0 0 0 0 0 0 1053882190 5498746 2023788544 727719936 4141056 0 0 0 0 154119
1790483848869 0 186727 1035 1938954571 1934652640 0 0 0 0 0 0 1053882190 5498754 2580779008 755548160 8151040 0 0 0 0 208954
1790483849904 0 162525 3422 1939063010 1934782752 0 0 0 0 0 0 1053882190 5498755 3043340288 676589568 8388608 0 0 0 0 366886
1790483850927 0 164624 2035 1939193829 1934912794 0 0 0 0 0 0 1053882190 5498755 3574771712 677883904 8388608 0 0 0 0 510673
1790483851970 0 149408 8214 1939334836 1935063006 0 0 0 0 0 0 1053882190 5498773 4142354432 647974912 16777216 7991 1947 0 1531 654394
1790483853018 0 85350 1721 1939388057 1935186681 0 0 0 0 0 0 1053882688 5498970 4141973504 342122496 16777216 100023 51271 0 38772 654394
1790483854065 0 161192 3319 1939610847 1935332064 0 0 0 0 0 0 1053888797 5498982 4140040192 664600576 25165824 416080 280348 6099 78452 714417
1790483855091 0 144521 4046 1939725634 1935462800 0 0 0 0 0 0 1053896897 5498993 4139569152 578805760 8048640 571888 399963 14194 125919 823125
1790483856122 0 187805 2022 1939903234 1935599172 0 0 0 0 0 0 1053911627 5499014 4139139072 761335808 11759616 805116 593989 28926 162183 959261
1790483857160 0 172731 8217 1940031955 1935736830 0 0 0 0 0 0 1053929939 5499039 4139520000 707252224 33554432 979060 746154 47749 202985 1153018
1790483858201 0 79103 3804 1940095266 1935898374 0 0 0 0 0 0 1053938745 5499098 4139814912 330530816 16777216 1085655 817641 56555 245569 1374740
1790483859235 0 120315 5968 1940227721 1935987459 0 0 0 0 0 0 1053957319 5499497 4140138496 494415872 27598848 1297737 967736 75129 279443 1645350
1790483860291 0 131755 4088 1940349293 1936099112 0 0 0 0 0 0 1053978338 5499632 4140621824 550412288 41046016 1486834 1108841 96148 320955 1850155
1790483861342 0 134608 2939 1940483891 1936231983 0 0 0 0 0 0 1054005546 5499774 4142096384 551260160 11538432 1690334 1267336 122759 366247 2156803
1790483862377 0 87138 13286 1940574948 1936360290 0 0 0 0 0 0 1054023883 5499873 4143071232 353730560 54484992 1837718 1379013 141618 409154 2508309
1790483863430 0 139147 15476 1940717277 1936448543 0 0 0 0 0 0 1054054000 5500009 4144668672 608706560 15450112 2052159 1546978 171899 457129 2798073
1790483864452 0 153455 1914 1940857163 1936587549 0 0 0 0 0 0 1054083251 5500134 4146094080 553086976 8302592 2240964 1698423 200621 484498 3146696
1790483865473 0 130816 1069 1940968439 1936722291 0 0 0 0 0 0 1054113312 5500265 4147326976 495697920 8388608 2422769 1837738 230387 567507 3492245
1790483866494 0 75893 5473 1941062869 1936867242 0 0 0 0 0 0 1054128570 5500383 4147068928 328712192 13185024 2566238 1950938 246375 677888 3784002
1790483867526 0 38298 9140 1941173400 1937011588 0 0 0 0 0 0 1054156505 5500519 4147617792 197705728 41840640 2743326 2085677 273848 772307 4260073
1790483868569 0 132390 1409 1941338490 1937090499 0 0 0 0 0 0 1054199603 5500805 4148256768 508530688 7860224 3008433 2283870 316535 803315 4428456
1790483869607 0 133924 1877 1941464935 1937214743 0 0 0 0 0 0 1054233679 5501137 4148736000 483315712 35495936 3210737 2435847 351487 842308 4738988
1790483870654 0 116895 7054 1941583836 1937345443 0 0 0 0 0 0 1054263450 5501278 4148441088 470396928 48857088 3407708 2586869 380234 896955 5009304
1790483871704 0 125295 17835 1941712864 1937455553 0 0 0 0 0 0 1054302740 5501439 4149026816 459358208 77713408 3641394 2757402 420557 956372 5237661
1790483872730 0 73958 66 1941795834 1937607666 0 0 0 0 0 0 1054326866 5501539 4149071872 241999872 8175616 3772467 2861333 444162 990441 5518423
1790483873752 0 94864 4001 1941934538 1937721491 0 0 0 0 0 0 1054362853 5501706 4149022720 380944384 24727552 4015490 3038201 480662 1019773 5680354
1790483874781 0 110684 7030 1942070497 1937838508 0 0 0 0 0 0 1054416988 5501891 4150104064 473567232 10973184 4256571 3224122 533713 1066974 5867474
1790483875811 0 93206 836 1942186391 1937978126 0 0 0 0 0 0 1054459818 5502032 4150214656 384028672 14188544 4472225 3384532 576892 1096899 6071031
1790483876836 0 78008 2415 1942318425 1938123794 0 0 0 0 0 0 1054504056 5502182 4149743616 325328896 8388608 4688998 3555791 620552 1150856 6320124
1790483877867 0 78873 4798 1942452436 1938254623 0 0 0 0 0 0 1054557412 5502353 4150546432 319262720 31641600 4925896 3732736 674818 1192428 6472856
1790483878900 0 75826 3418 1942589793 1938396037 0 0 0 0 0 0 1054606767 5502515 4150091776 313274368 13430784 5154565 3891256 723054 1250982 6683208
1790483879926 0 75769 12444 1942721641 1938519165 0 0 0 0 0 0 1054655042 5502671 4149506048 353873920 12562432 5350836 4036190 771902 1290960 6830483
1790483880953 0 82834 9 1942843627 1938646393 0 0 0 0 0 0 1054691105 5502807 4148383744 316788736 0 5517339 4157029 807996 1321175 6964357
1790483881989 0 38515 2097 1942957964 1938803228 0 0 0 0 0 0 1054726217 5502930 4146708480 158220288 16781312 5680139 4269654 842545 1354933 7142725
1790483883037 0 34827 672 1943077157 1938927143 0 0 0 0 0 0 1054757617 5503041 4145000448 139902976 8286208 5846754 4381277 874547 1395726 7428689
1790483884085 0 66026 6110 1943223679 1939037105 0 0 0 0 0 0 1054798645 5503173 4143386624 308166656 3252224 6087481 4532336 915476 1450788 7558470
1790483885132 0 96384 2511 1943348610 1939135391 0 0 0 0 0 0 1054835206 5503296 4141375488 402919424 10457088 6285808 4666019 953137 1505227 7711299
1790483886156 0 108794 7833 1943480333 1939249426 0 0 0 0 0 0 1054873964 5503418 4139778048 445575168 45715456 6502284 4813411 991852 1548415 7863185
1790483887177 0 96591 19400 1943598613 1939368311 0 0 0 0 0 0 1054902463 5503522 4136648704 395452416 91578368 6677188 4932496 1020266 1582873 8113436
1790483888220 0 3375 155 1943695547 1939577744 0 0 0 0 0 0 1054929808 5503605 4135350272 9682944 2465792 6822061 5036146 1046084 1611661 8370648
1790483889269 0 54601 1172 1943863849 1939693811 0 0 0 0 0 0 1054979922 5503765 4133957632 213958656 7766016 7098151 5226743 1097721 1680625 8587528
1790483890299 0 42299 2281 1944010982 1939852678 0 0 0 0 0 0 1055018172 5503934 4133220352 185577472 12845056 7301318 5379791 1135362 1741760 8795939
1790483891322 0 13619 1965 1944136520 1940006682 0 0 0 0 0 0 1055067199 5504131 4133203968 64069632 8876032 7509709 5530607 1184492 1867703 9138261
1790483892351 0 15912 2974 1944287458 1940154466 0 0 0 0 0 0 1055115252 5504322 4132700160 84873216 679936 7739759 5701916 1232265 1931907 9338410
1790483893385 0 50499 1939 1944448012 1940281354 0 0 0 0 0 0 1055160458 5504521 4132839424 207650816 2924544 8002356 5890721 1276745 1991046 9609395
1790483894408 0 19000 738 1944598356 1940464491 0 0 0 0 0 0 1055209987 5504725 4133531648 71909376 5488640 8230545 6057499 1326273 2043006 9842157
1790483895433 0 87358 0 1944785834 1940584070 0 0 0 0 0 0 1055269599 5504997 4133060608 331567104 0 8503462 6276299 1386434 2113192 10076508
1790483896456 0 112003 2031 1944952058 1940723803 0 0 0 0 0 0 1055318749 5505312 4131999744 450572288 22069248 8769169 6478439 1436038 2191720 10315155
1790483897477 0 46742 0 1945066202 1940904892 0 0 0 0 0 0 1055348516 5505940 4132175872 167792640 0 8928519 6603900 1462950 2258834 10708552
1790483898500 0 79325 763 1945246623 1941052711 0 0 0 0 0 0 1055395204 5506121 4133253120 279556096 1597440 9181995 6792161 1511008 2332409 11070280
1790483899533 0 21175 1054 1945368838 1941232443 0 0 0 0 0 0 1055423658 5506231 4133621760 36098048 3518464 9325978 6904352 1539919 2410295 11497308
1790483900562 0 53601 2246 1945527675 1941357980 0 0 0 0 0 0 1055458833 5506367 4133220352 183615488 26521600 9530864 7067998 1576634 2477247 11767614
1790483901600 0 86386 2390 1945678190 1941475266 0 0 0 0 0 0 1055494548 5506513 4131917824 355282944 8134656 9755104 7235841 1611444 2568158 12168409
1790483902637 0 74147 3522 1945784900 1941592831 0 0 0 0 0 0 1055519933 5506626 4132167680 310190080 10592256 9916521 7358935 1637732 2632859 12460704
1790483903671 0 86717 3738 1945920975 1941716249 0 0 0 0 0 0 1055554610 5506766 4132765696 361906176 7254016 10127459 7521492 1672412 2725846 12891729
1790483904705 0 82263 1042 1946026359 1941828797 0 0 0 0 0 0 1055582997 5506873 4132392960 329236480 19374080 10279570 7643568 1699806 2799142 13338978
1790483905742 0 106908 59 1946162052 1941940803 0 0 0 0 0 0 1055629200 5507003 4134051840 431431680 8613888 10501127 7818275 1746500 2886667 13757674
1790483906766 0 118085 590 1946317621 1942084801 0 0 0 0 0 0 1055674158 5507156 4134432768 485933056 8531968 10739923 8003141 1790438 2942317 14090789
1790483907789 0 45750 2045 1946438464 1942276502 0 0 0 0 0 0 1055705694 5507275 4134457344 183341056 28426240 10920892 8142494 1823010 2992269 14527576
1790483908819 0 141121 1452 1946645670 1942388821 0 0 0 0 0 0 1055766230 5507484 4135436288 582717440 4726784 11241080 8383702 1881323 3047630 14675573
1790483909841 0 103268 1000 1946776232 1942557783 0 0 0 0 0 0 1055801218 5507621 4135735296 423346176 2641920 11433291 8531766 1917779 3093304 15039751
1790483910883 0 5631 15 1946884872 1942764854 0 0 0 0 0 0 1055829427 5507722 4135518208 0 0 11582938 8651739 1943677 3125301 15295743
1790483911926 0 116146 4504 1947107899 1942872989 0 0 0 0 0 0 1055887364 5507922 4135350272 469094400 28299264 11916838 8902883 2004655 3182380 15549825
1790483912962 0 90689 715 1947242777 1943037122 0 0 0 0 0 0 1055937429 5508072 4136345600 377638912 2473984 12118023 9057230 2052672 3242243 15906105
1790483913991 0 98795 2184 1947414325 1943199436 0 0 0 0 0 0 1055992571 5508254 4136882176 406802432 3330048 12377756 9251040 2109415 3303209 16278096
1790483915013 0 109333 1222 1947582696 1943357845 0 0 0 0 0 0 1056044833 5508424 4136083456 442097664 2473984 12638379 9436680 2161110 3374007 16613081
1790483916035 0 67926 198 1947723269 1943541067 0 0 0 0 0 0 1056085641 5508587 4135481344 262709248 7168000 12865762 9588764 2201915 3468985 16933166
1790483917073 0 35700 2098 1947870218 1943718066 0 0 0 0 0 0 1056126351 5508741 4134457344 157405184 3964928 13094008 9746954 2242625 3560800 17224467
1790483918102 0 28798 3021 1948023547 1943877354 0 0 0 0 0 0 1056174838 5508929 4133318656 115097600 7172096 13329509 9922620 2292062 3643806 17464481
1790483919128 0 57741 4746 1948177736 1944000936 0 0 0 0 0 0 1056225816 5509101 4132270080 236343296 32894976 13578308 10097545 2343620 3705177 17872546
1790483920157 0 65936 3876 1948294625 1944110598 0 0 0 0 0 0 1056253834 5509221 4131131392 288653312 10563584 13758173 10221759 2371512 3781695 18205041
1790483921196 0 76245 942 1948406063 1944214543 0 0 0 0 0 0 1056291116 5509370 4131098624 313757696 86016 13928339 10347660 2407515 3876751 18667234
1790483922229 0 42266 993 1948489102 1944331553 0 0 0 0 0 0 1056322204 5509486 4131250176 163725312 4214784 14067747 10447598 2438358 3964323 19122031
1790483923251 0 40028 3043 1948623345 1944465938 0 0 0 0 0 0 1056360461 5509662 4131123200 176332800 2781184 14271550 10604223 2477603 4054632 19512673
1790483924271 0 96572 1985 1948775359 1944562854 0 0 0 0 0 0 1056419373 5509880 4131663872 397049856 3284992 14522038 10790435 2537170 4122647 19884387
1790483925294 0 66434 1392 1948893784 1944711804 0 0 0 0 0 0 1056451877 5510021 4130435072 265125888 3645440 14697289 10917635 2569676 4183457 20268768
1790483926330 0 38252 1 1949020725 1944868145 0 0 0 0 0 0 1056491162 5510200 4131180544 138006528 2519040 14898689 11068250 2608449 4292802 20717812
1790483927359 0 41710 1416 1949139938 1944982543 0 0 0 0 0 0 1056526206 5510352 4130639872 173309952 6930432 15086098 11211770 2644010 4383840 21166923
1790483928379 0 21386 1496 1949249763 1945112630 0 0 0 0 0 0 1056564591 5510529 4131016704 85417984 7806976 15264160 11347240 2681882 4484215 21550983
1790483929402 0 41744 2073 1949382842 1945224762 0 0 0 0 0 0 1056602869 5511213 4130746368 173387776 13201408 15471407 11504139 2719130 4565384 22065302
1790483930428 0 88537 1466 1949532878 1945328573 0 0 0 0 0 0 1056652635 5511408 4131463168 353673216 3244032 15709702 11684760 2768899 4632061 22353392
1790483931463 0 53986 8181 1949631380 1945454878 0 0 0 0 0 0 1056683150 5511565 4131688448 253419520 8507392 15860253 11800034 2800454 4736190 22836114
1790483932506 0 46367 5939 1949759213 1945592849 0 0 0 0 0 0 1056724482 5511742 4131598336 210870272 12378112 16057771 11958552 2841803 4787691 23082149
1790483933534 0 15553 4118 1949883329 1945749424 0 0 0 0 0 0 1056771448 5511936 4131586048 78917632 14098432 16263970 12115016 2888643 4860025 23483893
1790483934555 0 58864 845 1950042360 1945868329 0 0 0 0 0 0 1056826136 5512163 4131934208 240414720 3035136 16522056 12308399 2942891 4912204 23729594
1790483935576 0 57936 1482 1950169346 1945995523 0 0 0 0 0 0 1056868886 5512346 4132540416 242118656 2125824 16721941 12460863 2985144 4991074 24139078
1790483936598 0 126578 0 1950339027 1946098036 0 0 0 0 0 0 1056922023 5512613 4131921920 494202880 0 16985178 12659801 3037038 5050263 24391434
1790483937641 0 114727 8475 1950460750 1946223237 0 0 0 0 0 0 1056954664 5512772 4132188160 489988096 5554176 17181680 12805676 3071953 5125203 24903484
1790483938680 0 127778 3333 1950608001 1946362613 0 0 0 0 0 0 1057004816 5513015 4131602432 532107264 6303744 17413685 12987079 3121086 5212093 25362376
1790483939708 0 109777 2527 1950731581 1946505040 0 0 0 0 0 0 1057040009 5513184 4131074048 455913472 10350592 17605782 13130465 3156783 5299096 25776021
1790483940734 0 113222 1361 1950857355 1946628396 0 0 0 0 0 0 1057079270 5513380 4131807232 472059904 4583424 17803138 13280155 3196558 5396277 26210538
1790483941763 0 106416 969 1950974997 1946753255 0 0 0 0 0 0 1057109782 5513543 4131581952 435789824 12345344 17984535 13416145 3227105 5500763 26646993
1790483942793 0 98757 2247 1951100126 1946884793 0 0 0 0 0 0 1057151569 5513761 4131430400 411598848 1761280 18190847 13567416 3268937 5592902 27066625
1790483943816 0 108241 1509 1951225906 1947001875 0 0 0 0 0 0 1057189370 5513937 4131438592 442040320 6754304 18386850 13708304 3306147 5637940 27462649
1790483944843 0 95440 891 1951346263 1947135594 0 0 0 0 0 0 1057231655 5514102 4132118528 384086016 10731520 18571789 13854314 3349459 5708346 27914285
1790483945867 0 101197 514 1951483233 1947267489 0 0 0 0 0 0 1057267211 5514288 4131196928 399331328 1224704 18765347 13997993 3383111 5784406 28304129
1790483946892 0 66598 309 1951630752 1947449294 0 0 0 0 0 0 1057308360 5514468 4131176448 267923456 5222400 18992004 14166838 3425700 5834570 28635362
1790483947920 0 120639 2338 1951824097 1947586790 0 0 0 0 0 0 1057365248 5514735 4131241984 493150208 3629056 19290684 14383302 3482035 5904349 28852949
1790483948956 0 67972 430 1951908768 1947726180 0 0 0 0 0 0 1057390535 5514856 4130328576 281006080 1777664 19403178 14472831 3506515 5963934 29415683
1790483950002 0 111081 838 1952095061 1947868995 0 0 0 0 0 0 1057442271 5515097 4128202752 445214720 1896448 19683915 14676040 3558527 6031415 29718306
1790483951032 0 131024 2433 1952246204 1947998432 0 0 0 0 0 0 1057480518 5515275 4127178752 534749184 10715136 19922099 14843291 3597294 6121347 30066161
1790483952057 0 123734 1752 1952377812 1948138114 0 0 0 0 0 0 1057515137 5515424 4126965760 508588032 5996544 20127302 14988801 3632421 6186315 30475095
1790483953081 0 90650 774 1952496636 1948290757 0 0 0 0 0 0 1057548131 5515562 4126478336 356855808 3072000 20300349 15116018 3663918 6255829 30916091
1790483954117 0 80407 3887 1952654954 1948456360 0 0 0 0 0 0 1057593127 5515766 4125962240 343527424 17551360 20539167 15301898 3710438 6327456 31274631
1790483955146 0 52646 1764 1952806053 1948637379 0 0 0 0 0 0 1057639132 5515974 4125761536 217030656 18808832 20774211 15477227 3756421 6430287 31740156
1790483956176 0 32159 4320 1952921782 1948770973 0 0 0 0 0 0 1057678518 5516142 4126560256 137424896 6635520 20956221 15614497 3795856 6499357 32120105
1790483957207 0 37289 48 1953079028 1948927391 0 0 0 0 0 0 1057718637 5516358 4125818880 149860352 5488640 21174988 15780774 3834896 6610701 32572657
1790483958235 0 29025 835 1953215967 1949071933 0 0 0 0 0 0 1057762523 5516560 4126109696 116252672 2269184 21391170 15943699 3878797 6706748 32964988
1790483959258 0 53138 4892 1953365273 1949193075 0 0 0 0 0 0 1057804916 5516753 4125736960 241684480 0 21617498 16111363 3921041 6782301 33392001
1790483960279 0 37252 750 1953483037 1949330758 0 0 0 0 0 0 1057841596 5516923 4126408704 150228992 10096640 21802033 16254008 3958895 6879250 33824566
1790483961300 0 9880 1097 1953633331 1949508125 0 0 0 0 0 0 1057881421 5517102 4124930048 39051264 20312064 22024039 16425680 3999223 6955939 34229446
1790483962324 0 41059 2131 1953787330 1949630161 0 0 0 0 0 0 1057925834 5517283 4124835840 176390144 11943936 22261958 16607108 4042955 7023803 34540086
1790483963353 0 78639 338 1953958082 1949764756 0 0 0 0 0 0 1057968816 5517515 4123996160 308633600 8314880 22513859 16794742 4086105 7096208 34840882
1790483964381 0 94447 2094 1954113268 1949902463 0 0 0 0 0 0 1058008922 5517712 4123414528 389013504 4194304 22732702 16968543 4125688 7154645 35146137
1790483965410 0 88457 802 1954254625 1950051168 0 0 0 0 0 0 1058040029 5517887 4122513408 359702528 8503296 22929702 17127572 4157322 7274986 35600273
1790483966435 0 97654 146 1954408106 1950196128 0 0 0 0 0 0 1058085527 5518099 4123033600 394018816 2301952 23155074 17304746 4199751 7377469 36044137
1790483967471 0 51361 441 1954551056 1950385041 0 0 0 0 0 0 1058122813 5518309 4124033024 221081600 2392064 23370543 17468724 4239077 7473484 36450281
1790483968498 0 60268 6373 1954739795 1950559124 0 0 0 0 0 0 1058177719 5518566 4124291072 238112768 39919616 23652203 17690881 4294512 7550926 36709907
1790483969522 0 72142 680 1954880634 1950693375 0 0 0 0 0 0 1058225181 5518777 4125630464 289816576 14295040 23868557 17859140 4342506 7650021 37085527
1790483970555 0 83992 3939 1955058102 1950855970 0 0 0 0 0 0 1058272803 5519009 4125708288 354652160 26816512 24134365 18061939 4390612 7712205 37382566
1790483971585 0 22944 440 1955198058 1951060563 0 0 0 0 0 0 1058306916 5519185 4124712960 88961024 3084288 24333152 18209826 4423608 7801406 37763816
1790483972606 0 59347 805 1955387914 1951213572 0 0 0 0 0 0 1058361952 5519439 4124753920 247934976 7892992 24625631 18428290 4478329 7882752 38132924
1790483973627 0 52335 949 1955548971 1951381645 0 0 0 0 0 0 1058406419 5519646 4125548544 217153536 5689344 24852656 18609548 4524225 7969539 38561412
1790483974648 0 53645 7488 1955727259 1951551951 0 0 0 0 0 0 1058449239 5519888 4124073984 213401600 41660416 25104427 18796496 4567209 8047087 38844973
1790483975674 0 113042 15460 1955921031 1951678222 0 0 0 0 0 0 1058500875 5520152 4123877376 508616704 2981888 25376011 19001729 4618161 8126957 39180581
1790483976713 0 93318 776 1956056772 1951848347 0 0 0 0 0 0 1058538177 5520328 4124839936 384946176 12660736 25577967 19157459 4655100 8193743 39479014
1790483977756 0 92850 930 1956222817 1952014774 0 0 0 0 0 0 1058574562 5520526 4124311552 381280256 1314816 25808952 19333932 4690821 8276272 39941800
1790483978781 0 65473 390 1956346387 1952166366 0 0 0 0 0 0 1058612847 5520698 4124786688 261779456 3170304 26000746 19476689 4730705 8330113 40348329
1790483979808 0 46708 0 1956480469 1952319407 0 0 0 0 0 0 1058653136 5521415 4124676096 165785600 0 26200240 19626821 4767937 8398103 40743197
1790483980830 0 76770 1461 1956671402 1952478971 0 0 0 0 0 0 1058704282 5521692 4124983296 319418368 6975488 26489681 19842394 4821695 8464074 41054048
1790483981860 0 112060 5490 1956855502 1952623688 0 0 0 0 0 0 1058763790 5521963 4126478336 469794816 29818880 26782955 20055720 4881077 8529003 41270618
1790483982890 0 91435 1426 1956985585 1952778342 0 0 0 0 0 0 1058805091 5522165 4126568448 375656448 8593408 26993195 20207352 4922377 8643289 41781106
1790483983910 0 60491 1130 1957113424 1952937709 0 0 0 0 0 0 1058843281 5522349 4126908416 249901056 1449984 27183086 20349468 4960105 8726934 42248266
1790483984932 0 48633 1195 1957236800 1953072634 0 0 0 0 0 0 1058885973 5522565 4126453760 201535488 8372224 27387579 20494417 5002835 8804263 42558767
1790483985966 0 62341 3727 1957381623 1953201251 0 0 0 0 0 0 1058924831 5522771 4125741056 278818816 5287936 27584617 20648262 5041100 8876383 42903689
1790483987029 0 60200 2959 1957511485 1953334146 0 0 0 0 0 0 1058964092 5522967 4124770304 260128768 8044544 27779623 20792451 5079872 8958816 43280179
1790483988071 0 45926 1527 1957648454 1953486701 0 0 0 0 0 0 1059009576 5523171 4125409280 193814528 15441920 28006867 20958841 5127370 9049256 43676905
1790483989111 0 47747 1306 1957804377 1953640911 0 0 0 0 0 0 1059063250 5523421 4125908992 207331328 2777088 28238796 21137694 5177651 9107372 43991831
1790483990149 0 96225 460 1957957511 1953746599 0 0 0 0 0 0 1059108154 5523654 4125052928 387354624 1265664 28462623 21310106 5223947 9158527 44201157
1790483991176 0 84501 1360 1958073514 1953873537 0 0 0 0 0 0 1059138324 5523821 4124565504 347308032 3801088 28630744 21438887 5254701 9245416 44543851
1790483992198 0 72715 379 1958211591 1954024279 0 0 0 0 0 0 1059177671 5524028 4124004352 294649856 3149824 28834371 21591600 5294416 9323029 44909391
1790483993221 0 87239 3550 1958360020 1954154811 0 0 0 0 0 0 1059219863 5524290 4123951104 366358528 16039936 29071189 21765294 5337152 9435111 45287640
1790483994253 0 12839 15 1958445778 1954318514 0 0 0 0 0 0 1059248799 5524436 4124430336 43806720 2584576 29200552 21867329 5366080 9560965 45884336
1790483995279 0 39602 694 1958628609 1954474007 0 0 0 0 0 0 1059303580 5524713 4125245440 176279552 2584576 29480319 22079063 5420864 9651537 46237379
1790483996312 0 25409 13579 1958776282 1954623000 0 0 0 0 0 0 1059355625 5524967 4125986816 161595392 9760768 29719541 22255845 5472723 9729050 46624410
1790483997335 0 32969 585 1958921544 1954773875 0 0 0 0 0 0 1059392801 5525203 4124811264 134889472 5885952 29924229 22411888 5510167 9822601 47010173
1790483998361 0 153322 878 1959125652 1954857210 0 0 0 0 0 0 1059450780 5525519 4124803072 616685568 4874240 30231123 22641865 5568585 9899829 47265564
1790483999383 0 138076 2214 1959256964 1955002413 0 0 0 0 0 0 1059488514 5525710 4124381184 567881728 7872512 30436372 22794799 5605343 9991993 47756695
1790484000402 0 88438 1057 1959386089 1955182122 0 0 0 0 0 0 1059527245 5525914 4124581888 370696192 4096000 30621078 22941110 5644108 10061993 48111294
1790484001424 0 120890 623 1959569997 1955334126 0 0 0 0 0 0 1059573881 5526214 4124061696 498012160 5545984 30885709 23136915 5690684 10138688 48427004
1790484002448 0 111491 1249 1959705356 1955478289 0 0 0 0 0 0 1059613169 5526405 4124565504 454033408 7217152 31099975 23289438 5730463 10211068 48789497
1790484003470 0 106369 1102 1959821325 1955599726 0 0 0 0 0 0 1059650876 5526581 4125143040 438427648 3809280 31268226 23418506 5768162 10302067 49316594
1790484004497 0 102779 1693 1959966814 1955747929 0 0 0 0 0 0 1059695284 5526807 4125687808 415604736 8433664 31489698 23589693 5813082 10404362 49760257
1790484005520 0 81198 1025 1960081415 1955884873 0 0 0 0 0 0 1059728856 5526975 4125007872 330801152 3891200 31665102 23721005 5846175 10500395 50271721
1790484006545 0 50307 1613 1960206423 1956040200 0 0 0 0 0 0 1059765071 5527164 4125589504 202883072 14082048 31865695 23863414 5882363 10585782 50564840
1790484007577 0 36253 0 1960346763 1956196135 0 0 0 0 0 0 1059809160 5527862 4125323264 119308288 0 32076477 24017567 5925727 10666258 51022663
1790484008599 0 119133 6573 1960561710 1956321826 0 0 0 0 0 0 1059869919 5528182 4124655616 511397888 6610944 32404718 24257079 5987724 10723649 51242226
1790484009620 0 82239 1629 1960712011 1956513862 0 0 0 0 0 0 1059915832 5528405 4124966912 337428480 2244608 32636675 24426517 6033692 10808394 51615128
1790484010641 0 67435 598 1960874710 1956692407 0 0 0 0 0 0 1059962862 5528632 4124200960 266162176 5009408 32889825 24612254 6080206 10878978 51952133
1790484011661 0 51508 621 1961008927 1956842528 0 0 0 0 0 0 1060009790 5528837 4124913664 210923520 2543616 33116301 24770665 6127171 10975839 52388933
1790484012684 0 23848 880 1961127061 1956988039 0 0 0 0 0 0 1060043446 5529007 4124889088 100466688 2506752 33289379 24900210 6159720 11056294 52741218
1790484013710 0 52993 0 1961304241 1957136965 0 0 0 0 0 0 1060093878 5529270 4124758016 190353408 0 33548478 25098738 6209363 11143727 53177436
1790484014735 0 4409 27 1961441568 1957322757 0 0 0 0 0 0 1060135161 5529476 4123828224 13246464 2527232 33770640 25257885 6250402 11239560 53572152
1790484015757 0 81812 694 1961659709 1957462707 0 0 0 0 0 0 1060195098 5529763 4123377664 318705664 2572288 34098953 25503149 6311373 11325393 53841288
1790484016780 0 74881 1246 1961791415 1957601457 0 0 0 0 0 0 1060229784 5529949 4122267648 308555776 2428928 34303507 25655260 6345550 11399901 54145119
1790484017802 0 65964 891 1961938922 1957757849 0 0 0 0 0 0 1060271636 5530189 4122271744 259620864 36864 34513075 25817750 6387964 11491862 54545837
1790484018826 0 90369 1 1962096826 1957892169 0 0 0 0 0 0 1060324841 5530477 4123082752 344477696 0 34761889 26007472 6441164 11573715 54811515
1790484019849 0 88790 999 1962247329 1958043179 0 0 0 0 0 0 1060372906 5530717 4123983872 367915008 9289728 35001843 26187874 6488694 11679857 55129027
1790484020889 0 26612 333 1962367688 1958226650 0 0 0 0 0 0 1060414678 5530903 4125421568 130621440 7942144 35191637 26333448 6531480 11755577 55559960
1790484021928 0 48781 127 1962557596 1958394335 0 0 0 0 0 0 1060494518 5531249 4126859264 174149632 0 35516538 26576185 6609331 11826208 55808920
1790484022959 0 4626 8410 1962708842 1958581415 0 0 0 0 0 0 1060527802 5531461 4125376512 62885888 2473984 35736295 26739725 6645584 11889882 56055437
1790484023989 0 24734 2291 1962897916 1958756691 0 0 0 0 0 0 1060577017 5531749 4123815936 94638080 24715264 36017782 26949712 6693788 11989755 56417405
1790484025012 0 64326 600 1963069085 1958889893 0 0 0 0 0 0 1060623099 5532037 4123484160 254894080 1265664 36282171 27147078 6740928 12045005 56705318
1790484026050 0 60398 1547 1963217789 1959041623 0 0 0 0 0 0 1060659873 5532268 4122632192 243331072 20017152 36500538 27315856 6777712 12123171 57036630
1790484027073 0 32735 10160 1963384438 1959227161 0 0 0 0 0 0 1060703242 5532547 4121395200 150155264 44343296 36743300 27499513 6820632 12245921 57379150
1790484028102 0 4420 10956 1963553294 1959424056 0 0 0 0 0 0 1060758303 5532877 4123049984 66310144 16642048 36995163 27697178 6876178 12351153 57678095
1790484029139 0 54411 15 1963730790 1959562017 0 0 0 0 0 0 1060821341 5533180 4124393472 213934080 8118272 37281023 27912687 6937095 12430953 58021590
1790484030174 0 77975 2285 1963904925 1959710319 0 0 0 0 0 0 1060869453 5533443 4123906048 312795136 36024320 37551170 28111208 6986228 12490258 58270602
1790484031221 0 7603 18248 1964030383 1959890191 0 0 0 0 0 0 1060909269 5533637 4124844032 130973696 15466496 37760431 28263799 7027070 12555048 58509714
1790484032264 0 98 0 1964030505 1959916144 0 0 0 0 0 0 1061023503 5534082 4154798080 131072 0 37874439 28369182 7139766 12595315 58626057
1790484033285 0 157 0 1964030565 1959916144 0 0 0 0 0 0 1061194829 5534636 4162600960 131072 0 38074606 28537086 7309575 12659042 58645141
1790484034305 0 183 0 1964030591 1959916161 0 0 0 0 0 0 1061341476 5535271 4169035776 131072 0 38269639 28685248 7459291 12735685 58679559
