1790446547436 0 0 0 358039 345428 0 0 0 0 0 0 0 31814 - - - - - - - -
1790446548814 0 110509 1120 535512 411240 0 0 0 0 0 0 0 31868 706547712 474759168 12615680 0 0 0 0 909
1790446549864 0 177636 2056 734777 542404 0 0 0 0 0 0 0 31868 1515855872 729751552 8388608 0 0 0 0 47918
1790446550894 0 182423 2052 878666 681566 0 0 0 0 0 0 0 31868 2097328128 734916608 7659520 0 0 0 0 176478
1790446551916 0 181520 2056 999031 802839 0 0 0 0 0 0 0 31868 2600275968 747982848 7671808 0 0 0 0 413687
1790446552941 0 169529 6212 1097154 908862 0 0 0 0 0 0 0 31868 3011018752 694382592 25165824 0 0 0 0 520586
1790446553976 0 166885 2716 1223384 1041172 0 0 0 0 0 0 0 31868 3512647680 681586688 16322560 0 0 0 0 754406
1790446555019 0 161562 2513 1347709 1171120 0 0 0 0 0 0 0 31868 4022734848 662704128 7921664 0 0 0 0 874008
1790446556040 0 172755 1654 1495648 1308479 0 0 0 0 0 0 4862 31875 4141051904 689782784 9138176 235372 120103 4552 49207 1005706
1790446557073 0 140477 8192 1619267 1457987 0 0 0 0 0 0 11116 31881 4140101632 575373312 33554432 442526 256099 11116 87823 1091891
1790446558116 0 190358 1978 1795994 1590921 0 0 0 0 0 0 27881 31900 4139757568 774012928 8011776 691524 444227 27371 137907 1268318
1790446559146 0 194770 4096 1935969 1724263 0 0 0 0 0 0 46221 31928 4139802624 808660992 8388608 896298 605003 45713 175368 1393124
1790446560187 0 149783 6148 2050214 1881654 0 0 0 0 0 0 67618 32009 4140601344 647045120 33554432 1096528 739358 66587 233994 1703483
1790446561235 0 109165 16717 2149566 2010936 0 0 0 0 0 0 86410 32152 4141252608 497582080 12480512 1293179 857493 86406 286191 1858111
1790446562270 0 24643 0 2205690 2168366 0 0 0 0 0 0 97164 32212 4141735936 77733888 0 1388623 920295 96651 339682 2070092
1790446563302 0 71539 10058 2361503 2267262 0 0 0 0 0 0 142823 32449 4144705536 313327616 16216064 1684450 1125623 142820 381341 2167186
1790446564333 0 128935 7515 2525691 2376696 0 0 0 0 0 0 192586 32649 4147822592 567320576 16777216 1970126 1337411 192585 445766 2284052
1790446565370 0 119633 20482 2652229 2499503 0 0 0 0 0 0 232840 32795 4149866496 490004480 83886080 2198033 1505318 232837 495076 2503811
1790446566394 0 137936 13943 2772062 2607600 0 0 0 0 0 0 273464 33010 4152123392 564756480 57020416 2425980 1664894 273462 615713 2831616
1790446567418 0 33123 9771 2815199 2759628 0 0 0 0 0 0 295524 33097 4153507840 169553920 22470656 2530897 1728060 295522 711116 3324211
1790446568443 0 134578 1456 2998716 2849882 0 0 0 0 0 0 361590 33361 4155559936 549490688 7987200 2887273 1973901 360493 766705 3516633
1790446569466 0 102517 9117 3096771 2972504 0 0 0 0 0 0 404354 33541 4156497920 408100864 50900992 3094331 2115407 404270 818602 3831471
1790446570496 0 53445 86 3169589 3103439 0 0 0 0 0 0 441947 33665 4157562880 216014848 34742272 3244539 2222555 439945 855420 4122042
1790446571551 0 96840 8196 3315995 3198326 0 0 0 0 0 0 518844 33907 4159590400 438771712 3186688 3580353 2448115 518293 927202 4405865
1790446572590 0 121298 1997 3434064 3298146 0 0 0 0 0 0 589362 34121 4161007616 494645248 13103104 3844638 2633999 587273 986497 4744830
1790446573619 0 77712 0 3506168 3415816 0 0 0 0 0 0 639893 34256 4162703360 294281216 0 4028145 2751534 636717 1059605 5239059
1790446574645 0 71567 8192 3613371 3520977 0 0 0 0 0 0 703480 34454 4163993600 294047744 33046528 4295103 2930673 703402 1123004 5538107
1790446575675 0 94748 3406 3730346 3619793 0 0 0 0 0 0 775119 34655 4164501504 387657728 10051584 4584890 3113597 773558 1238421 5824993
1790446576719 0 87778 10114 3827480 3717009 0 0 0 0 0 0 858395 34953 4166144000 397451264 15933440 4874273 3296470 857634 1315761 6093276
1790446577772 0 121132 4080 3946791 3808797 0 0 0 0 0 0 939589 35463 4167843840 493764608 39673856 5174984 3496560 939447 1443490 6322981
1790446578828 0 37801 8122 4005671 3947101 0 0 0 0 0 0 979965 35562 4167208960 163364864 12681216 5303271 3585991 977267 1508576 6823968
1790446579864 0 115354 2861 4152661 4021815 0 0 0 0 0 0 1097605 35908 4168339456 446230528 10817536 5711407 3849577 1095958 1601577 7049814
1790446580889 0 108732 2103 4249189 4125617 0 0 0 0 0 0 1171158 36171 4168609792 426680320 10178560 5961365 4014287 1170029 1702426 7276720
1790446581914 0 71381 0 4314748 4230704 0 0 0 0 0 0 1226243 36349 4168392704 254935040 0 6133872 4120082 1219881 1873197 7736592
1790446582947 0 27014 10388 4390749 4340742 0 0 0 0 0 0 1290029 36584 4168626176 107909120 90075136 6354262 4260544 1289392 1928853 8120796
1790446584019 0 1093 4669 4470331 4452027 0 0 0 0 0 0 1351630 36936 4168867840 5668864 9879552 6541469 4377134 1346352 2026883 8670173
1790446585076 0 30026 0 4579696 4536930 0 0 0 0 0 0 1444173 37679 4168048640 104431616 18866176 6838960 4563182 1439358 2142333 9093908
1790446586126 0 27271 2108 4685480 4643528 0 0 0 0 0 0 1521964 38184 4166422528 101265408 20062208 7099504 4728515 1521835 2251101 9412464
1790446587150 0 52481 2580 4812454 4744645 0 0 0 0 0 0 1603000 38410 4164595712 221573120 3211264 7366806 4896497 1601870 2316794 9627383
1790446588205 0 1168 431 4894253 4879906 0 0 0 0 0 0 1656078 38808 4162936832 15302656 14397440 7523109 4995047 1652956 2399857 10161075
1790446589271 0 10352 1089 5019124 4995048 0 0 0 0 0 0 1730875 39179 4160172032 59031552 3932160 7764566 5141049 1729190 2488989 10483261
1790446590328 0 46261 6582 5152370 5086862 0 0 0 0 0 0 1807105 39432 4156182528 214577152 17956864 8051831 5307268 1806447 2586077 10745413
1790446591363 0 70701 0 5274193 5190784 0 0 0 0 0 0 1882354 39643 4153339904 268988416 0 8319645 5459216 1880600 2675822 11052070
1790446592402 0 14002 5080 5349472 5317795 0 0 0 0 0 0 1935120 39764 4152221696 82989056 7380992 8493692 5567567 1934069 2776399 11498248
1790446593436 0 26302 0 5456229 5417224 0 0 0 0 0 0 1998752 39950 4149506048 88944640 0 8716417 5701303 1995053 2841505 11732927
1790446594469 0 11926 3922 5559082 5530584 0 0 0 0 0 0 2061370 40133 4148113408 69718016 5787648 8951977 5845369 2060048 2918267 11991953
1790446595517 0 30 3140 5651209 5635526 0 0 0 0 0 0 2124588 40306 4147617792 22810624 3739648 9168850 5974102 2122903 3002162 12232978
1790446596555 0 42258 2579 5780976 5723470 0 0 0 0 0 0 2203595 40549 4145672192 186384384 8155136 9442335 6152817 2202964 3063138 12460100
1790446597587 0 5150 7 5854077 5836347 0 0 0 0 0 0 2261589 40729 4145033216 94208 2568192 9602451 6258842 2255319 3151254 12687499
1790446598636 0 14070 9709 5961698 5925227 0 0 0 0 0 0 2341331 40972 4145221632 96526336 0 9867972 6429770 2337120 3221040 12818373
1790446599662 0 3095 542 6042182 6026019 0 0 0 0 0 0 2404916 41157 4146651136 11100160 2224128 10068330 6563928 2402799 3303471 13103485
1790446600689 0 3575 19650 6140621 6104711 0 0 0 0 0 0 2461720 41369 4146008064 10612736 94707712 10306884 6709875 2461170 3346840 13214549
1790446601717 0 12494 73 6217040 6191847 0 0 0 0 0 0 2528446 41571 4146888704 34197504 0 10499528 6840985 2527418 3404048 13423944
1790446602751 0 2455 831 6293105 6277392 0 0 0 0 0 0 2578866 41716 4146601984 14807040 1708032 10679965 6951132 2577185 3447285 13559824
1790446603784 0 35170 13946 6394780 6333129 0 0 0 0 0 0 2651974 41912 4146356224 195805184 17047552 10921821 7111641 2651937 3499444 13652354
1790446604812 0 71750 69 6487715 6402937 0 0 0 0 0 0 2711036 42083 4146196480 279900160 0 11131483 7241669 2709320 3555991 13756655
1790446605842 0 19034 1242 6557955 6525373 0 0 0 0 0 0 2766849 42245 4147134464 83845120 8097792 11309836 7359600 2766489 3601676 13959543
1790446606865 0 22163 880 6651227 6615594 0 0 0 0 0 0 2839763 42441 4148289536 101183488 5464064 11541336 7510966 2837625 3652606 14103594
1790446607891 0 31857 82 6758102 6713415 0 0 0 0 0 0 2898076 42638 4147011584 106733568 0 11758379 7652775 2896114 3700478 14298091
1790446608915 0 76291 10577 6894480 6794901 0 0 0 0 0 0 3002253 43122 4148084736 312430592 54505472 12098739 7878371 3001999 3755499 14529509
1790446609938 0 35131 59 6956106 6908366 0 0 0 0 0 0 3049094 43251 4148379648 123432960 0 12233942 7970242 3044708 3824549 14871628
1790446610966 0 11606 1074 7049415 7024341 0 0 0 0 0 0 3135580 43476 4149714944 51380224 1544192 12478695 8139219 3134628 3883781 15072343
1790446612006 0 19766 11621 7168821 7124827 0 0 0 0 0 0 3221791 43728 4150644736 132767744 23076864 12789620 8331417 3220182 3985419 15336680
1790446613046 0 11576 1 7265353 7241194 0 0 0 0 0 0 3295176 43929 4151771136 27512832 0 13043829 8477110 3292992 4077072 15620882
1790446614073 0 11073 750 7386603 7362183 0 0 0 0 0 0 3366533 44145 4150837248 50237440 1748992 13323289 8656160 3365359 4203761 15949172
1790446615104 0 52682 1549 7520981 7453998 0 0 0 0 0 0 3456927 44455 4149919744 229855232 3829760 13653349 8866121 3455244 4290245 16100822
1790446616149 0 5106 0 7600189 7582452 0 0 0 0 0 0 3525085 44651 4151189504 4775936 0 13860408 8998377 3520173 4374118 16518001
1790446617176 0 24133 1022 7718193 7680336 0 0 0 0 0 0 3618106 44934 4153061376 98676736 15093760 14162112 9204169 3617956 4464772 16810338
1790446618196 0 1874 34 7815645 7801303 0 0 0 0 0 0 3680788 45130 4152262656 3457024 0 14396057 9352536 3679615 4531409 17017538
1790446619219 0 27608 29 7923373 7883091 0 0 0 0 0 0 3758313 45820 4153110528 110813184 4915200 14671541 9522510 3757653 4589893 17182779
1790446620254 0 63656 1010 8051587 7974436 0 0 0 0 0 0 3869672 46141 4154519552 280027136 2269184 15000028 9745134 3868619 4687551 17366995
1790446621293 0 51 2071 8135674 8120923 0 0 0 0 0 0 3936355 46331 4154060800 15486976 4919296 15209073 9885119 3935184 4781909 17640796
1790446622320 0 10847 4891 8256678 8228370 0 0 0 0 0 0 4021075 46597 4153303040 59142144 0 15485350 10065018 4018682 4868475 17821870
1790446623351 0 11808 23 8360360 8335933 0 0 0 0 0 0 4094050 46833 4153851904 28090368 0 15732924 10226040 4089812 4950746 18102413
1790446624384 0 44187 0 8485168 8428331 0 0 0 0 0 0 4187804 47109 4154085376 161374208 0 16030144 10423043 4184108 5044640 18281169
1790446625407 0 51553 0 8590627 8526442 0 0 0 0 0 0 4248828 47280 4153307136 189505536 0 16286889 10578048 4244665 5125312 18536057
1790446626428 0 2058 65 8672078 8657312 0 0 0 0 0 0 4314503 47458 4152963072 4263936 6348800 16501694 10718700 4311880 5205152 18816951
1790446627454 0 29495 1935 8797836 8753837 0 0 0 0 0 0 4400294 47726 4152553472 131104768 4042752 16792651 10908535 4399971 5250738 18994336
1790446628478 0 42124 2627 8902469 8845470 0 0 0 0 0 0 4475707 47934 4152090624 170594304 20471808 17048271 11073544 4475581 5308844 19197126
1790446629502 0 70124 0 9030411 8947569 0 0 0 0 0 0 4574737 48238 4152385536 274063360 0 17358569 11268826 4566948 5411499 19498852
1790446630537 0 36409 798 9123649 9073755 0 0 0 0 0 0 4639133 48461 4152582144 156442624 2715648 17592163 11416158 4636514 5509160 19879365
1790446631574 0 42278 816 9238759 9183040 0 0 0 0 0 0 4715616 48692 4152152064 180412416 3678208 17855406 11580840 4711097 5611584 20136265
1790446632612 0 5910 429 9341170 9322253 0 0 0 0 0 0 4784461 48903 4151156736 36503552 1835008 18093813 11734167 4784325 5686214 20364179
1790446633637 0 14730 14 9454057 9426649 0 0 0 0 0 0 4864913 49154 4150501376 36184064 0 18348960 11889339 4859801 5760478 20609473
1790446634679 0 32750 494 9578421 9532446 0 0 0 0 0 0 4958678 49450 4149972992 147394560 4583424 18647174 12082723 4954985 5865261 20884309
1790446635721 0 16281 13547 9695819 9653421 0 0 0 0 0 0 5022485 49679 4147351552 58433536 68538368 18907282 12240295 5021837 5952366 21130671
1790446636745 0 523 584 9795741 9782042 0 0 0 0 0 0 5087441 49906 4146311168 11198464 1445888 19134519 12384356 5086308 6053983 21466948
1790446637774 0 31873 0 9927041 9882504 0 0 0 0 0 0 5201129 50258 4147232768 109903872 0 19464047 12597177 5197933 6161459 21699735
1790446638802 0 1579 0 10038401 10024129 0 0 0 0 0 0 5260477 50483 4144910336 6881280 2666496 19693128 12742788 5257964 6241169 21920540
1790446639841 0 22307 439 10163872 10128513 0 0 0 0 0 0 5356144 50804 4144340992 97841152 1650688 20019755 12938088 5354469 6328039 22213399
1790446640873 0 52044 841 10309416 10243916 0 0 0 0 0 0 5441282 51138 4143259648 219086848 6434816 20335476 13136720 5441247 6394903 22434687
1790446641895 0 30448 1825 10424986 10380067 0 0 0 0 0 0 5512438 51413 4141105152 135495680 3596288 20589052 13301015 5511849 6491983 22741184
1790446642915 0 69198 18884 10566642 10465853 0 0 0 0 0 0 5609732 51778 4140830720 334786560 35041280 20922502 13517872 5609367 6550193 22892634
1790446643936 0 48827 0 10657517 10596050 0 0 0 0 0 0 5666477 51988 4141457408 177143808 0 21106957 13646195 5664814 6667429 23205367
1790446644969 0 4346 14 10744373 10727357 0 0 0 0 0 0 5739400 52239 4142305280 4259840 13369344 21341635 13790764 5736689 6750297 23621091
1790446646003 0 45174 5085 10890624 10827796 0 0 0 0 0 0 5843114 52631 4143218688 214769664 15011840 21696181 14021087 5842854 6832820 23859433
1790446647041 0 50860 449 11010872 10947075 0 0 0 0 0 0 5923107 52919 4142997504 211488768 4431872 21981516 14203980 5921271 6918422 24074032
1790446648069 0 3938 0 11107114 11090599 0 0 0 0 0 0 5988210 53163 4142178304 3407872 0 22201490 14341528 5980500 7009969 24425358
1790446649101 0 2512 575 11230334 11214734 0 0 0 0 0 0 6072653 53477 4143292416 4743168 27688960 22504481 14541980 6072504 7078158 24628982
1790446650139 0 23730 0 11355788 11319278 0 0 0 0 0 0 6172853 53814 4145233920 77492224 0 22808448 14739142 6170193 7199966 24873240
1790446651161 0 14625 0 11477047 11449696 0 0 0 0 0 0 6247089 54097 4145340416 28147712 0 23067524 14911993 6245437 7276259 25188864
1790446652191 0 20640 775 11594939 11560921 0 0 0 0 0 0 6335902 54419 4146229248 96165888 6234112 23374298 15099684 6334696 7359551 25533888
1790446653232 0 6114 0 11708643 11689782 0 0 0 0 0 0 6403072 54692 4146434048 184320 2232320 23624689 15257078 6399276 7441025 25821603
1790446654253 0 12862 9709 11832564 11797544 0 0 0 0 0 0 6496071 55045 4146954240 52748288 39432192 23939990 15460889 6495928 7517667 26004904
1790446655275 0 46298 0 11970716 11911959 0 0 0 0 0 0 6580202 55367 4146855936 143142912 0 24216019 15645815 6577474 7575483 26236828
1790446656304 0 37533 0 12076964 12026811 0 0 0 0 0 0 6656095 55653 4146622464 136220672 0 24480631 15811440 6653939 7637889 26521861
1790446657335 0 34733 0 12185250 12137706 0 0 0 0 0 0 6719472 55915 4146241536 122486784 0 24712160 15965623 6716762 7683155 26663737
1790446658374 0 1727 106 12279230 12265053 0 0 0 0 0 0 6773930 56158 4145942528 7479296 5238784 24924386 16102950 6771256 7737679 26924167
1790446659409 0 28971 732 12374691 12332465 0 0 0 0 0 0 6831892 56375 4145373184 123949056 4222976 25150021 16243665 6831279 7793266 27079467
1790446660445 0 22047 5831 12445476 12405132 0 0 0 0 0 0 6883756 56580 4146712576 120270848 14635008 25312388 16358455 6883643 7855545 27208432
1790446661486 0 21924 85 12543844 12509384 0 0 0 0 0 0 6956509 56867 4147376128 78069760 0 25536366 16507358 6952880 7911678 27305983
1790446662529 0 23825 49 12618496 12581954 0 0 0 0 0 0 7028305 57099 4148649984 88600576 0 25738432 16645030 7026853 7995494 27503615
1790446663559 0 69289 464 12730673 12648306 0 0 0 0 0 0 7103271 57623 4148871168 282435584 16617472 26013312 16813484 7103130 8062328 27639697
1790446664583 0 68787 0 12847468 12766121 0 0 0 0 0 0 7192050 57972 4148953088 263225344 0 26308967 16993326 7188955 8162040 27989460
1790446665606 0 30622 3231 12943922 12897529 0 0 0 0 0 0 7257138 58275 4148011008 139194368 7491584 26541520 17146037 7256989 8228390 28337380
1790446666628 0 43817 6957 13065504 13002332 0 0 0 0 0 0 7352660 58670 4147372032 177106944 42680320 26834170 17338946 7352005 8304423 28673001
1790446667651 0 8034 996 13172539 13150875 0 0 0 0 0 0 7426716 58983 4147687424 41308160 2822144 27098047 17501339 7424410 8361740 28942214
1790446668673 0 27299 373 13312532 13272373 0 0 0 0 0 0 7527213 59348 4147863552 113811456 9269248 27435849 17711418 7525020 8449055 29265876
1790446669702 0 40603 0 13445267 13392116 0 0 0 0 0 0 7619616 59706 4147167232 146194432 0 27745644 17911174 7615945 8513990 29530298
1790446670727 0 57217 2 13580554 13510457 0 0 0 0 0 0 7723209 60112 4146704384 215035904 0 28081231 18126843 7719064 8600840 29874400
1790446671750 0 2579 1988 13658284 13641171 0 0 0 0 0 0 7786976 60359 4147695616 23166976 3534848 28296676 18261879 7786323 8707885 30340822
1790446672771 0 90226 414 13823194 13720174 0 0 0 0 0 0 7899072 60807 4147449856 376729600 1699840 28683704 18509686 7898489 8785711 30539634
1790446673792 0 10139 992 13887803 13864049 0 0 0 0 0 0 7942810 61081 4146626560 48889856 1372160 28834770 18603595 7940617 8899163 31052246
1790446674814 0 25799 0 14013324 13974943 0 0 0 0 0 0 8036866 61493 4146765824 83111936 0 29128816 18792543 8032068 9003555 31419828
1790446675843 0 9209 69 14114711 14092860 0 0 0 0 0 0 8113246 61907 4146839552 15761408 0 29377793 18947899 8108953 9111446 31646958
1790446676871 0 552 597 14227441 14213684 0 0 0 0 0 0 8178050 62198 4146667520 7864320 2105344 29598253 19089511 8176388 9166775 31914425
1790446677891 0 17133 12994 14345370 14302834 0 0 0 0 0 0 8260109 62519 4145840128 100339712 28037120 29891425 19268620 8260018 9247080 32178227
1790446678915 0 10103 350 14439375 14416314 0 0 0 0 0 0 8327467 62808 4145958912 46411776 1400832 30111860 19408655 8327335 9340094 32479480
1790446679945 0 19536 1294 14558131 14524770 0 0 0 0 0 0 8412751 63169 4144754688 97021952 5275648 30390374 19591636 8411813 9444407 32791452
1790446680997 0 44490 365 14682099 14624676 0 0 0 0 0 0 8494342 63523 4144021504 196329472 2584576 30680084 19770563 8492246 9514537 33016572
1790446682042 0 12506 7860 14782030 14749390 0 0 0 0 0 0 8575187 63841 4144926720 98136064 7221248 30951250 19938130 8574650 9611766 33303520
1790446683079 0 53617 10585 14919215 14842510 0 0 0 0 0 0 8689262 64285 4145442816 217362432 56537088 31297594 20167908 8689155 9691461 33508040
1790446684103 0 28499 10 15006766 14965683 0 0 0 0 0 0 8753500 64523 4144762880 92958720 0 31492743 20294099 8749305 9790244 33908278
1790446685126 0 23380 316 15122103 15085797 0 0 0 0 0 0 8824553 64805 4144013312 95047680 4026368 31764539 20463201 8824437 9886651 34170221
1790446686165 0 46484 15283 15255281 15180855 0 0 0 0 0 0 8904705 65147 4142981120 263852032 14815232 32056828 20649515 8903531 9977625 34427378
1790446687226 0 13378 4364 15334287 15303992 0 0 0 0 0 0 8961684 65364 4143349760 79720448 6287360 32238981 20768515 8960509 10039921 34687890
1790446688271 0 35268 0 15448458 15400587 0 0 0 0 0 0 9054979 65706 4144046080 115843072 0 32512551 20951474 9052243 10143570 35018014
1790446689299 0 34718 960 15563422 15515122 0 0 0 0 0 0 9129830 66032 4144103424 141328384 1404928 32777131 21123598 9128142 10264611 35329540
1790446690350 0 29936 711 15667943 15624625 0 0 0 0 0 0 9189688 66295 4143046656 115924992 34693120 33016570 21267639 9189541 10356742 35699827
1790446691395 0 54319 0 15773252 15706165 0 0 0 0 0 0 9275109 66642 4144250880 200593408 0 33275422 21432244 9271609 10443060 35989751
1790446692421 0 1572 1596 15845235 15829518 0 0 0 0 0 0 9326339 66856 4145016832 3526656 27422720 33449878 21544343 9325168 10535535 36441440
1790446693456 0 23473 978 15963686 15926826 0 0 0 0 0 0 9415771 67204 4144627712 103673856 2555904 33724278 21726172 9414087 10610821 36704548
1790446694486 0 6438 2221 16065011 16043738 0 0 0 0 0 0 9484343 67484 4144914432 33935360 7200768 33974538 21880888 9484018 10700841 36999508
1790446695511 0 31071 0 16180314 16136675 0 0 0 0 0 0 9564725 67818 4145344512 103329792 0 34260294 22057191 9560558 10817162 37320826
1790446696535 0 33053 1022 16293112 16246577 0 0 0 0 0 0 9646933 68132 4144865280 131309568 15597568 34547344 22235313 9646784 10908071 37707374
1790446697557 0 11049 0 16395438 16371808 0 0 0 0 0 0 9718137 68459 4145131520 29188096 0 34768121 22385515 9713887 10975701 37990228
1790446698583 0 46380 3504 16525270 16462837 0 0 0 0 0 0 9815596 68851 4144652288 211787776 0 35088788 22592657 9815039 11048633 38147024
1790446699610 0 14295 602 16611564 16584038 0 0 0 0 0 0 9867855 69090 4144168960 64487424 1318912 35274970 22709721 9866341 11115239 38387036
1790446700653 0 43147 0 16710309 16654463 0 0 0 0 0 0 9934653 69343 4144599040 161914880 0 35504256 22857335 9932089 11178314 38511651
1790446701698 0 0 1278 16775748 16762028 0 0 0 0 0 0 9982019 69531 4144865280 16519168 6017024 35671463 22962041 9980375 11228983 38676224
1790446702741 0 39106 134 16877223 16825478 0 0 0 0 0 0 10067622 69852 4145090560 148459520 0 35931619 23132430 10066379 11295359 38794662
1790446703791 0 61647 70 16961952 16887680 0 0 0 0 0 0 10123925 70078 4145045504 238620672 0 36136239 23259814 10121834 11376495 38956578
1790446704823 0 4437 2065 17038473 17019485 0 0 0 0 0 0 10182179 70313 4145295360 29212672 8798208 36316110 23384248 10181324 11447216 39226878
1790446705850 0 11364 734 17133106 17108480 0 0 0 0 0 0 10248747 70594 4145790976 52596736 3813376 36540501 23524131 10247055 11518518 39400966
1790446706893 0 2909 657 17249454 17233391 0 0 0 0 0 0 10329366 70907 4145889280 34193408 5345280 36823184 23705010 10327802 11632753 39705628
1790446707929 0 10053 0 17359991 17337339 0 0 0 0 0 0 10411392 71250 4145811456 21807104 0 37082245 23871057 10406269 11699496 39944652
1790446708952 0 32421 0 17475573 17430479 0 0 0 0 0 0 10482940 71572 4145295360 111599616 0 37337736 24038525 10480188 11800325 40238777
1790446709986 0 22569 575 17584374 17548698 0 0 0 0 0 0 10567297 71910 4145614848 100036608 3690496 37606764 24213264 10564943 11868113 40491191
1790446711023 0 15376 1711 17692543 17662785 0 0 0 0 0 0 10638729 72211 4145725440 64389120 11948032 37874501 24379372 10638078 11991422 40839717
1790446712044 0 6809 885 17790850 17770495 0 0 0 0 0 0 10703515 72479 4145369088 31195136 6803456 38120706 24526558 10702276 12084451 41158773
1790446713071 0 12485 52 17905607 17880632 0 0 0 0 0 0 10780832 72799 4144758784 31813632 0 38380443 24699302 10778155 12152999 41409326
1790446714097 0 32937 7933 18045042 17991537 0 0 0 0 0 0 10871808 73177 4144095232 163467264 11960320 38702796 24913760 10871659 12269490 41681914
1790446715122 0 39908 590 18161953 18108848 0 0 0 0 0 0 10965803 73538 4146118656 168103936 2277376 38983158 25099512 10964627 12395583 42025932
1790446716145 0 60115 606 18289823 18216583 0 0 0 0 0 0 11063798 73912 4146778112 250556416 1826816 39291665 25302946 11062442 12496898 42331295
1790446717169 0 7218 32 18379592 18359749 0 0 0 0 0 0 11138031 74227 4146569216 10444800 0 39531859 25444917 11135320 12575061 42622980
1790446718204 0 0 9688 18501544 18479374 0 0 0 0 0 0 11229947 74616 4147294208 31608832 25051136 39857458 25642397 11229310 12694002 42983678
1790446719232 0 10831 5627 18620486 18591569 0 0 0 0 0 0 11320318 74989 4146409472 44306432 32636928 40153120 25832735 11319656 12784416 43294596
1790446720270 0 26050 1581 18747033 18706964 0 0 0 0 0 0 11414257 75352 4146118656 131624960 2502656 40476198 26025173 11413596 12888147 43542098
1790446721320 0 9806 654 18839559 18816680 0 0 0 0 0 0 11482590 75629 4145790976 38957056 2441216 40687732 26167075 11481413 12991577 43910214
1790446722348 0 30168 577 18957580 18914135 0 0 0 0 0 0 11571682 76012 4144988160 123568128 2469888 40989430 26352238 11570191 13098344 44197623
1790446723372 0 7225 425 19053955 19033644 0 0 0 0 0 0 11640964 76313 4145856512 24813568 2576384 41232952 26499855 11640306 13194864 44520550
1790446724395 0 18049 13578 19175399 19131244 0 0 0 0 0 0 11728288 76682 4144902144 131215360 0 41535548 26685092 11725835 13323172 44820449
1790446725420 0 28526 4913 19280331 19234336 0 0 0 0 0 0 11803604 76999 4144545792 116842496 20123648 41785213 26849165 11803454 13423126 45137996
1790446726454 0 23571 949 19386479 19349374 0 0 0 0 0 0 11897923 77343 4145762304 113152000 4837376 42056995 27023632 11895849 13522771 45471731
1790446727498 0 29244 6949 19510276 19461522 0 0 0 0 0 0 11980921 77716 4146401280 161030144 11583488 42367577 27214328 11980770 13610576 45770862
1790446728546 0 15675 0 19612143 19583943 0 0 0 0 0 0 12056416 78033 4146724864 41312256 0 42628645 27363943 12052929 13709708 46151861
1790446729569 0 32665 0 19725871 19680657 0 0 0 0 0 0 12134363 78394 4146229248 113393664 0 42889677 27534613 12131752 13771107 46385567
1790446730599 0 28757 6935 19840917 19792699 0 0 0 0 0 0 12211299 78771 4144480256 146575360 16953344 43148875 27711773 12210644 13883542 46669235
1790446731632 0 13340 0 19933606 19907677 0 0 0 0 0 0 12288547 79110 4143923200 35688448 0 43374615 27853265 12281909 13989493 46959689
1790446732655 0 31734 1770 20051939 20005970 0 0 0 0 0 0 12383760 79526 4145917952 135434240 7815168 43701280 28055290 12383621 14096478 47253308
1790446733675 0 80359 0 20189152 20095995 0 0 0 0 0 0 12498194 79965 4146733056 308318208 0 44047723 28278090 12496016 14170991 47480217
1790446734700 0 6116 2 20259961 20241187 0 0 0 0 0 0 12555149 80193 4146548736 10625024 0 44235432 28394373 12548892 14306918 47957430
1790446735728 0 2638 1033 20358771 20342402 0 0 0 0 0 0 12628112 80511 4146462720 16117760 1191936 44490119 28555544 12626913 14401187 48240385
1790446736761 0 16858 352 20470558 20440652 0 0 0 0 0 0 12718518 80902 4145995776 79454208 4820992 44763252 28733462 12715915 14500589 48553109
1790446737798 0 12457 372 20576490 20551217 0 0 0 0 0 0 12795036 81272 4146294784 54898688 671744 45007170 28898363 12793380 14591243 48824294
1790446738819 0 16014 4307 20688316 20655414 0 0 0 0 0 0 12880135 81642 4145737728 81936384 10088448 45291960 29076545 12878962 14745578 49172819
1790446739843 0 10952 7 20789035 20765441 0 0 0 0 0 0 12944488 81947 4146036736 23793664 0 45530782 29223376 12941655 14823217 49403423
1790446740869 0 10480 7301 20910086 20879747 0 0 0 0 0 0 13025946 82300 4145332224 76107776 6983680 45832310 29411894 13025869 14904730 49661005
1790446741898 0 31466 15109 21038237 20979074 0 0 0 0 0 0 13129621 82712 4145102848 213082112 5271552 46127744 29612436 13128521 15002719 49939466
1790446742941 0 19555 575 21141105 21108495 0 0 0 0 0 0 13201075 83060 4145057792 83603456 2342912 46370521 29769446 13199388 15092725 50245960
1790446743975 0 7147 48 21240960 21221259 0 0 0 0 0 0 13279577 83396 4144828416 9564160 0 46625137 29928885 13275518 15209834 50638668
1790446745000 0 55670 0 21398632 21330314 0 0 0 0 0 0 13385398 83860 4144869376 204349440 0 46994478 30160922 13383220 15333322 50868968
1790446746022 0 44342 8261 21525387 21460174 0 0 0 0 0 0 13470176 84226 4143808512 182009856 46792704 47303034 30357025 13470067 15411655 51168894
1790446747041 0 35957 523 21632391 21583376 0 0 0 0 0 0 13539508 84540 4143034368 149352448 1200128 47540135 30506845 13536812 15515379 51466569
1790446748080 0 0 13 21730746 21718221 0 0 0 0 0 0 13627668 84905 4144033792 39608320 1298432 47814065 30678674 13627531 15598989 51774450
1790446749127 0 34 0 21730830 21718240 0 0 0 0 0 0 13792500 85495 4171673600 131072 0 47979232 30833802 13789407 15678356 51827624
1790446750147 0 34 0 21730830 21718240 0 0 0 0 0 0 13998229 86263 4174618624 131072 0 48224033 31038419 13994743 15764064 51864127
1790446751166 0 34 0 21730830 21718240 0 0 0 0 0 0 14180161 86819 4180398080 131072 0 48830898 31220512 14178247 15914785 51891566
1790446752185 0 23 0 21730831 21718240 0 0 0 0 0 0 14267139 88192 2647416832 86016 0 49014870 31309024 14266989 15991632 51930578
