1790452232777 0 0 0 369800546 369627707 0 0 0 0 0 0 246180656 996348 - - - - - - - -
1790452233953 0 106795 0 370003545 369723853 0 0 0 0 0 0 246180664 996451 798629888 415830016 0 0 0 8 0 1468
1790452234974 0 153243 2993 370173552 369844477 0 0 0 0 0 0 246180664 996451 1504219136 628817920 8388608 0 0 8 0 107815
1790452235992 0 152193 1985 370302302 369975287 0 0 0 0 0 0 246180664 996451 2038460416 628695040 8388608 0 0 8 0 369061
1790452237012 0 152630 1602 370429070 370102023 0 0 0 0 0 0 246180664 996451 2542399488 610263040 12910592 0 0 8 0 747822
1790452238037 0 150690 2064 370548920 370223263 0 0 0 0 0 0 246180664 996451 3041574912 618717184 8388608 0 0 8 0 1232986
1790452239057 0 149461 2628 370673647 370348646 0 0 0 0 0 0 246180664 996451 3551227904 616755200 8388608 0 0 8 0 1657511
1790452240076 0 147553 2052 370801916 370479513 0 0 0 0 0 0 246180664 996451 4069273600 591810560 16777216 0 0 8 0 1896511
1790452241098 0 142894 2536 370927671 370609404 0 0 0 0 0 0 246184229 996456 4159188992 591568896 8388608 212393 108602 3062 51189 2049066
1790452242120 0 149353 1928 371070925 370746833 0 0 0 0 0 0 246193305 996465 4158517248 614080512 7770112 442981 260180 12139 121503 2221651
1790452243139 0 131821 2075 371190121 370883422 0 0 0 0 0 0 246200898 996477 4157870080 539611136 8388608 611686 386485 19990 219393 2435562
1790452244161 0 92695 2048 371286168 371018591 0 0 0 0 0 0 246210027 996489 4157595648 366473216 12283904 756122 489508 29371 324454 2623010
1790452245180 0 110419 4096 371403222 371115881 0 0 0 0 0 0 246224171 996512 4157743104 448487424 25165824 927278 623795 43567 401666 2781730
1790452246198 0 114081 0 371506006 371219057 0 0 0 0 0 0 246237940 996571 4158164992 454692864 0 1098087 737220 56788 525259 3075334
1790452247229 0 129174 9079 371604561 371293469 0 0 0 0 0 0 246262121 996739 4159262720 528568320 37187584 1313125 862810 81383 645481 3213529
1790452248263 0 86442 3938 371668825 371405678 0 0 0 0 0 0 246279490 996825 4160319488 373587968 33554432 1438128 942766 98750 763846 3463740
1790452249283 0 126702 4056 371777681 371474084 0 0 0 0 0 0 246319338 997001 4163158016 534556672 12926976 1637806 1090170 138160 868104 3671040
1790452250307 0 132894 0 371867030 371561271 0 0 0 0 0 0 246348085 997125 4164837376 538234880 0 1797233 1205017 164829 1006377 3905854
1790452251326 0 26931 4818 371902545 371697976 0 0 0 0 0 0 246364515 997226 4166389760 127504384 8388608 1873797 1259939 183775 1078339 4138390
1790452252345 0 132557 0 372036796 371730703 0 0 0 0 0 0 246416551 997461 4169838592 532451328 0 2115117 1440689 234282 1150209 4199673
1790452253364 0 90374 0 372103111 371839247 0 0 0 0 0 0 246438072 997560 4170780672 360464384 0 2233001 1528363 255859 1253534 4454132
1790452254389 0 65868 4021 372181725 371938338 0 0 0 0 0 0 246469995 997706 4172492800 287563776 13504512 2401560 1641461 288744 1418126 4683380
1790452255423 0 72057 408 372275688 372030151 0 0 0 0 0 0 246504878 997869 4174372864 305524736 8388608 2589990 1768051 323625 1545576 5057746
1790452256455 0 107870 2046 372381968 372098568 0 0 0 0 0 0 246555140 998053 4176695296 447725568 8388608 2824797 1925223 374402 1706033 5305575
1790452257474 0 35469 0 372433928 372224962 0 0 0 0 0 0 246575003 998125 4176900096 137007104 0 2926618 1993508 392498 1811310 5609574
1790452258496 0 106342 466 372557362 372276881 0 0 0 0 0 0 246619834 998311 4176658432 440586240 5808128 3169150 2163472 438070 1963985 5831940
1790452259521 0 116822 13225 372652766 372349249 0 0 0 0 0 0 246660868 998446 4177096704 478494720 53960704 3362865 2301271 480130 2085676 6045882
1790452260541 0 145675 6076 372746198 372420950 0 0 0 0 0 0 246716527 998598 4177870848 625184768 0 3583382 2447891 534260 2235259 6264985
1790452261560 0 137008 0 372824304 372513790 0 0 0 0 0 0 246748284 998720 4177965056 550719488 0 3739305 2555450 566055 2327210 6609535
1790452262584 0 8840 1142 372848484 372664938 0 0 0 0 0 0 246764227 998760 4178436096 46444544 45314048 3798899 2598366 582974 2409403 7136774
1790452263603 0 148437 0 372996977 372674993 0 0 0 0 0 0 246839345 998994 4179496960 605810688 0 4120624 2818077 655016 2554565 7188108
1790452264622 0 149719 0 373090355 372767153 0 0 0 0 0 0 246894720 999162 4180905984 600883200 0 4351813 2967396 713993 2722130 7455934
1790452265647 0 112198 12703 373159904 372861498 0 0 0 0 0 0 246935230 999286 4181303296 459649024 51896320 4521937 3080148 754525 2796426 7648366
1790452266668 0 34471 0 373196285 372988343 0 0 0 0 0 0 246956750 999342 4182110208 128425984 0 4601239 3134652 776059 2910597 8039006
1790452267692 0 127480 1240 373316486 373014302 0 0 0 0 0 0 247054169 999593 4183482368 525254656 8368128 4926695 3353583 872915 3122760 8181794
1790452268710 0 11835 0 373335585 373150204 0 0 0 0 0 0 247071571 999641 4184145920 38072320 0 4984429 3387717 890344 3212288 8724791
1790452269730 0 147385 0 373471143 373150204 0 0 0 0 0 0 247184257 999923 4187000832 592822272 0 5351957 3634683 1002949 3406276 8744800
1790452270749 0 127120 0 373540933 373240316 0 0 0 0 0 0 247225710 1000041 4186509312 512536576 0 5519504 3745077 1042950 3517768 8944452
1790452271768 0 7746 0 373569407 373388136 0 0 0 0 0 0 247248811 1000110 4186505216 25407488 0 5597014 3796826 1066023 3596988 9249235
1790452272787 0 139731 0 373701354 373388136 0 0 0 0 0 0 247364498 1000390 4187267072 564269056 0 5970245 4041387 1181674 3834089 9272964
1790452273806 0 111316 6118 373778427 373487447 0 0 0 0 0 0 247419871 1000516 4187492352 462094336 33554432 6156341 4167841 1239128 3963391 9439804
1790452274825 0 32891 2 373824634 373618345 0 0 0 0 0 0 247452151 1000593 4187123712 122265600 0 6270995 4238134 1270927 4055855 9668672
1790452275844 0 52914 0 373913705 373687253 0 0 0 0 0 0 247528209 1000779 4186939392 204341248 0 6490284 4386519 1347074 4187987 9897945
1790452276863 0 39562 0 373986776 373773721 0 0 0 0 0 0 247580643 1000951 4186955776 153853952 0 6668716 4495722 1398436 4263454 10060609
1790452277887 0 52296 1546 374071577 373844244 0 0 0 0 0 0 247656151 1001196 4186763264 222539776 6295552 6891705 4638598 1474726 4474492 10385340
1790452278906 0 22082 0 374131811 373936184 0 0 0 0 0 0 247710706 1001347 4186849280 78114816 0 7040153 4731835 1529342 4664483 10817353
1790452279928 0 86075 1453 374244875 373983957 0 0 0 0 0 0 247790672 1001591 4184707072 361717760 3973120 7297161 4896045 1609651 4847735 11073659
1790452280949 0 67007 856 374320515 374079108 0 0 0 0 0 0 247839104 1001737 4183093248 269578240 0 7449729 4994107 1656644 4977449 11473679
1790452281973 0 0 1 374375102 374201644 0 0 0 0 0 0 247873330 1001837 4181471232 2142208 4333568 7577220 5071368 1692075 5144377 11985006
1790452282993 0 19436 46 374471867 374279028 0 0 0 0 0 0 247923551 1001985 4179165184 69840896 0 7748323 5178463 1741307 5339975 12330996
1790452284012 0 27899 1 374568193 374366706 0 0 0 0 0 0 247985225 1002162 4177215488 106008576 0 7950840 5305219 1802612 5537736 12638629
1790452285035 0 1940 6666 374651026 374469040 0 0 0 0 0 0 248045430 1002317 4175949824 40112128 8355840 8140766 5422862 1864686 5689758 13007020
1790452286056 0 52428 0 374751850 374525945 0 0 0 0 0 0 248117225 1002523 4175003648 206446592 0 8363423 5562533 1935006 5871143 13267286
1790452287075 0 4632 0 374816793 374638577 0 0 0 0 0 0 248163448 1002639 4174041088 10629120 0 8523066 5658286 1981395 6056876 13726605
1790452288099 0 9424 9657 374909796 374717258 0 0 0 0 0 0 248218882 1002803 4172652544 61227008 20934656 8722363 5782427 2038137 6154246 13911495
1790452289118 0 752 16488 374988067 374797245 0 0 0 0 0 0 248272788 1002960 4171468800 52711424 27136000 8902118 5894971 2092044 6348048 14293997
1790452290154 0 8465 3390 375066846 374881521 0 0 0 0 0 0 248334286 1003116 4170567680 48156672 20180992 9080029 6016618 2153080 6441745 14442035
1790452291174 0 6160 0 375143493 374963788 0 0 0 0 0 0 248384032 1003265 4169527296 16969728 0 9239407 6119351 2200807 6628429 14878710
1790452292194 0 19003 0 375230381 375037852 0 0 0 0 0 0 248449791 1003430 4168892416 67530752 0 9441255 6250690 2268022 6845330 15166938
1790452293218 0 21222 1874 375313692 375117112 0 0 0 0 0 0 248503920 1003590 4168597504 97091584 7692288 9628806 6374002 2322664 6968806 15528157
1790452294238 0 71941 0 375420109 375174703 0 0 0 0 0 0 248571112 1003754 4167753728 280035328 0 9848819 6518848 2389860 7045430 15612868
1790452295257 0 19014 11721 375484980 375280989 0 0 0 0 0 0 248630134 1003915 4167864320 77881344 60563456 10015321 6634146 2449390 7252310 15993819
1790452296280 0 26 16217 375564263 375374495 0 0 0 0 0 0 248678884 1004062 4167188480 44359680 31838208 10177854 6744995 2498140 7431732 16394061
1790452297305 0 4745 19 375642216 375463760 0 0 0 0 0 0 248736853 1004221 4167692288 6365184 0 10355140 6865812 2555093 7599267 16765855
1790452298326 0 50306 0 375745868 375521990 0 0 0 0 0 0 248804544 1004411 4167438336 195907584 0 10584853 7018592 2622842 7729726 16957880
1790452299346 0 63216 0 375842499 375605833 0 0 0 0 0 0 248859509 1004564 4167266304 249360384 0 10781579 7153065 2677748 7899940 17275650
1790452300380 0 0 4696 375901733 375723538 0 0 0 0 0 0 248900247 1004701 4167139328 0 40038400 10921165 7247384 2719503 8009512 17585743
1790452301403 0 553 3577 375976395 375798815 0 0 0 0 0 0 248955650 1004891 4167557120 2125824 27402240 11096439 7367252 2774976 8165706 17911666
1790452302429 0 2990 6 376057791 375881245 0 0 0 0 0 0 249012945 1005079 4167839744 6348800 0 11264460 7485262 2830193 8302626 18221341
1790452303451 0 8785 5 376145257 375963011 0 0 0 0 0 0 249065966 1005266 4168138752 23277568 0 11449202 7611158 2884507 8410205 18467418
1790452304470 0 60664 0 376250212 376016091 0 0 0 0 0 0 249139630 1005487 4168458240 240103424 0 11691395 7773289 2957645 8521385 18624707
1790452305490 0 11049 0 376314945 376130303 0 0 0 0 0 0 249178692 1005600 4168667136 33824768 0 11837667 7867303 2997453 8656510 19068726
1790452306509 0 7543 14601 376396966 376201311 0 0 0 0 0 0 249235195 1005775 4168507392 30863360 73572352 12013656 7991904 3053940 8800989 19333329
1790452307530 0 19457 0 376480856 376287801 0 0 0 0 0 0 249285733 1005935 4168237056 69656576 0 12188854 8110171 3104062 8924658 19711509
1790452308550 0 56199 0 376583462 376353632 0 0 0 0 0 0 249351394 1006127 4168679424 224849920 0 12422184 8265102 3168636 9043074 19916126
1790452309569 0 5118 0 376648510 376469850 0 0 0 0 0 0 249402065 1006269 4169265152 16973824 0 12576602 8374165 3218329 9176820 20259839
1790452310592 0 7213 716 376736951 376555657 0 0 0 0 0 0 249476607 1006456 4170649600 41500672 4087808 12798558 8524622 3294896 9338807 20577823
1790452311617 0 24309 15257 376832145 376619069 0 0 0 0 0 0 249549490 1006648 4171931648 97603584 76111872 13032503 8683681 3368776 9463430 20793733
1790452312637 0 11001 32 376902115 376717639 0 0 0 0 0 0 249603881 1006789 4171808768 34627584 0 13211905 8792858 3421618 9590060 21052648
1790452313662 0 23279 3545 376995798 376795476 0 0 0 0 0 0 249667040 1006970 4172488704 97128448 20422656 13444630 8942839 3486278 9698345 21208231
1790452314680 0 18546 0 377075059 376883034 0 0 0 0 0 0 249729359 1007139 4172402688 69308416 0 13639033 9071124 3546573 9794239 21371156
1790452315700 0 85281 0 377187139 376928352 0 0 0 0 0 0 249795099 1007344 4171223040 343191552 0 13880713 9237588 3612292 10008013 21616291
1790452316719 0 19854 5 377238373 377045075 0 0 0 0 0 0 249842249 1007468 4172386304 69648384 0 14023409 9331599 3661027 10144236 22081794
1790452317738 0 32946 24966 377340921 377109605 0 0 0 0 0 0 249911944 1007681 4172591104 253624320 3313664 14254051 9492354 3730716 10391866 22311245
1790452318768 0 2105 6935 377406761 377224225 0 0 0 0 0 0 249968400 1007834 4173815808 43802624 15503360 14423998 9605795 3787126 10659148 22775852
1790452319790 0 24460 0 377488430 377290409 0 0 0 0 0 0 250030699 1007988 4174471168 93396992 0 14620869 9739756 3848441 10841881 23087209
1790452320814 0 17998 3212 377566791 377372197 0 0 0 0 0 0 250092817 1008163 4175544320 88535040 8396800 14836859 9879280 3912055 11032434 23429260
1790452321833 0 44470 0 377659740 377441691 0 0 0 0 0 0 250160023 1008351 4176228352 172769280 0 15058640 10028743 3978246 11180182 23642005
1790452322852 0 33943 0 377739157 377531660 0 0 0 0 0 0 250231275 1008538 4176506880 132812800 0 15253493 10166522 4048518 11286061 23811722
1790452323871 0 16937 0 377822453 377631922 0 0 0 0 0 0 250295622 1008737 4176969728 68476928 0 15444998 10300105 4110829 11376215 23966324
1790452324890 0 18285 0 377907138 377715201 0 0 0 0 0 0 250362049 1008889 4177682432 65433600 0 15669680 10440351 4179820 11647044 24282459
1790452325914 0 38982 1096 378002444 377788979 0 0 0 0 0 0 250443711 1009142 4178980864 159449088 21073920 15911514 10606090 4262949 11860042 24506129
1790452326933 0 27789 0 378086329 377885071 0 0 0 0 0 0 250504801 1009341 4178321408 107552768 0 16104544 10737475 4321995 11960462 24665961
1790452327959 0 36024 1664 378185480 377974329 0 0 0 0 0 0 250567886 1009554 4177285120 166391808 9392128 16339777 10884751 4387122 12243279 24945756
1790452328981 0 46792 0 378276007 378055678 0 0 0 0 0 0 250628601 1009726 4176879616 183308288 0 16544797 11015230 4445841 12440461 25094316
1790452330001 0 9294 23 378351798 378168990 0 0 0 0 0 0 250685650 1009910 4176433152 29413376 0 16716234 11137297 4503865 12534465 25320173
1790452331020 0 42677 0 378464910 378248663 0 0 0 0 0 0 250761535 1010146 4175376384 160165888 0 16950607 11300031 4580816 12611036 25412115
1790452332047 0 54596 2658 378567743 378337065 0 0 0 0 0 0 250834443 1010371 4174921728 247369728 6516736 17181198 11451314 4652655 12840248 25589571
1790452333079 0 3215 803 378646979 378469605 0 0 0 0 0 0 250889846 1010536 4174893056 39895040 3457024 17359035 11569173 4708573 12990418 25929358
1790452334113 0 21651 0 378742163 378547050 0 0 0 0 0 0 250965780 1010766 4174172160 79618048 0 17580910 11714237 4782974 13086890 26091182
1790452335140 0 25018 2136 378835697 378635066 0 0 0 0 0 0 251034842 1010966 4173791232 126726144 3461120 17794709 11857415 4853238 13265409 26409251
1790452336163 0 16424 0 378925753 378735812 0 0 0 0 0 0 251086227 1011155 4172201984 57032704 0 17994755 11979661 4903951 13416934 26735593
1790452337182 0 27212 12362 379028543 378815489 0 0 0 0 0 0 251171947 1011388 4172607488 183287808 0 18241610 12145160 4991270 13575062 26858899
1790452338200 0 13349 0 379108956 378922042 0 0 0 0 0 0 251236613 1011575 4172386304 46489600 0 18414244 12262559 5053821 13719225 27190152
1790452339220 0 9861 0 379202670 379019288 0 0 0 0 0 0 251303326 1011765 4171055104 35913728 0 18614260 12395109 5119525 13863434 27417587
1790452340239 0 78010 0 379329085 379077467 0 0 0 0 0 0 251376700 1012009 4169322496 313339904 0 18890576 12568120 5193935 14068680 27596266
1790452341262 0 10293 536 379399586 379215294 0 0 0 0 0 0 251420404 1012173 4168609792 45731840 10362880 19039510 12667766 5239572 14258008 28009716
1790452342285 0 10866 4964 379499959 379310697 0 0 0 0 0 0 251487132 1012391 4167725056 42205184 41545728 19248678 12812576 5306370 14469664 28270181
1790452343304 0 43160 0 379596114 379379464 0 0 0 0 0 0 251561017 1012609 4166942720 169418752 0 19461573 12957992 5378207 14682084 28573560
1790452344323 0 112723 0 379725456 379439135 0 0 0 0 0 0 251633420 1012865 4165754880 448364544 0 19727025 13132327 5452649 14776362 28637153
1790452345343 0 16936 0 379790579 379600084 0 0 0 0 0 0 251673561 1013003 4165099520 63324160 0 19878680 13228323 5491165 14870172 28896714
1790452346362 0 53989 0 379896425 379668999 0 0 0 0 0 0 251755561 1013264 4165586944 212766720 0 20122475 13395301 5573803 15003768 29015395
1790452347382 0 93637 0 380007125 379739973 0 0 0 0 0 0 251833579 1013514 4165156864 370462720 0 20360361 13561456 5652328 15191178 29223816
1790452348401 0 9777 0 380076588 379893258 0 0 0 0 0 0 251883822 1013693 4165869568 29646848 0 20522509 13668423 5701629 15392449 29620695
1790452349425 0 24476 2190 380180390 379980400 0 0 0 0 0 0 251958885 1013960 4165783552 113729536 11055104 20761609 13830421 5778124 15556259 29820162
1790452350444 0 7787 0 380257646 380076443 0 0 0 0 0 0 252022291 1014177 4166578176 24002560 0 20938721 13953411 5839216 15700554 30040935
1790452351463 0 24167 0 380356450 380158757 0 0 0 0 0 0 252090301 1014434 4166283264 93954048 0 21166491 14108379 5908006 15903361 30319210
1790452352489 0 4261 1898 380454681 380275027 0 0 0 0 0 0 252150391 1014646 4165595136 42627072 7323648 21380658 14252807 5969629 16094215 30623584
1790452353515 0 54422 453 380561580 380333158 0 0 0 0 0 0 252241777 1014965 4166688768 223514624 17240064 21637469 14432477 6061015 16246524 30780859
1790452354534 0 25024 0 380639183 380440574 0 0 0 0 0 0 252294881 1015139 4166299648 88600576 0 21804258 14546595 6114131 16338205 30947600
1790452355553 0 6304 0 380731539 380551600 0 0 0 0 0 0 252364206 1015391 4165685248 21180416 0 22019506 14689642 6181275 16501440 31218862
1790452356573 0 44216 6 380840359 380622582 0 0 0 0 0 0 252427239 1015611 4165251072 174907392 0 22250777 14846092 6244455 16689087 31453512
1790452357592 0 11596 0 380916980 380731940 0 0 0 0 0 0 252486287 1015822 4165795840 37044224 0 22438799 14971548 6304525 16876116 31837588
1790452358611 0 6169 13497 381012749 380819884 0 0 0 0 0 0 252565153 1016067 4166815744 25268224 77938688 22668865 15136652 6383880 17108879 32082643
1790452359630 0 38050 0 381111975 380900460 0 0 0 0 0 0 252635449 1016310 4167856128 142925824 0 22899386 15292092 6454211 17335497 32339350
1790452360649 0 18542 0 381193406 381001276 0 0 0 0 0 0 252698047 1016517 4168704000 61222912 0 23105084 15422673 6517332 17530074 32680479
1790452361669 0 8547 0 381281647 381099573 0 0 0 0 0 0 252765312 1016760 4169203712 25391104 0 23319579 15569140 6583557 17677034 32940801
1790452362688 0 11407 61 381360273 381175290 0 0 0 0 0 0 252847644 1017006 4170518528 40157184 0 23541250 15720790 6665398 17870526 33186051
1790452363709 0 10037 6378 381454804 381264778 0 0 0 0 0 0 252912200 1017237 4170518528 65413120 18284544 23757745 15866237 6730997 17996892 33412350
1790452364730 0 50864 0 381552582 381328146 0 0 0 0 0 0 252988504 1017496 4171010048 198270976 0 24000904 16023824 6806744 18232146 33665757
1790452365749 0 53874 0 381643066 381415602 0 0 0 0 0 0 253050939 1017742 4171038720 209797120 0 24205261 16162192 6869157 18382879 33965076
1790452366768 0 15312 0 381725649 381536770 0 0 0 0 0 0 253108940 1017966 4170563584 54333440 0 24395096 16291443 6927190 18560585 34290637
1790452367787 0 38545 0 381829216 381617138 0 0 0 0 0 0 253172704 1018231 4169748480 149155840 0 24615444 16440433 6990900 18748246 34539783
1790452368808 0 541 8322 381905362 381722973 0 0 0 0 0 0 253236858 1018463 4170469376 0 48963584 24810630 16570580 7056096 18853239 34736535
1790452369828 0 28558 0 382000478 381798363 0 0 0 0 0 0 253299993 1018709 4170641408 106668032 0 25022381 16714137 7118326 19025185 35057451
1790452370847 0 42673 0 382091512 381875369 0 0 0 0 0 0 253372711 1018967 4171329536 164495360 0 25225973 16859526 7191163 19234526 35340750
1790452371873 0 3072 2 382167144 381990619 0 0 0 0 0 0 253426346 1019176 4171321344 159744 0 25386401 16972287 7245080 19431626 35727481
1790452372894 0 26930 0 382262033 382061560 0 0 0 0 0 0 253506658 1019461 4171894784 105152512 0 25630574 17129672 7323882 19564942 35957802
1790452373924 0 0 3723 382344742 382167563 0 0 0 0 0 0 253558560 1019658 4170964992 17596416 16404480 25816125 17251947 7377287 19713644 36182375
1790452374943 0 37040 0 382440530 382230029 0 0 0 0 0 0 253620147 1019907 4170125312 141209600 0 26022670 17388472 7437870 19818200 36358273
1790452375962 0 34075 0 382528124 382320500 0 0 0 0 0 0 253680990 1020152 4170059776 130678784 0 26230688 17521518 7498739 20048803 36687499
1790452376981 0 27730 0 382615870 382414607 0 0 0 0 0 0 253736776 1020393 4169654272 105443328 0 26420474 17656203 7555020 20148501 36874360
1790452378010 0 5742 17739 382709488 382512490 0 0 0 0 0 0 253797078 1020643 4168343552 65900544 54280192 26648372 17798679 7616316 20373901 37143990
1790452379036 0 9715 14527 382801040 382603427 0 0 0 0 0 0 253861200 1020906 4168568832 39575552 72302592 26856353 17935919 7680438 20472361 37293450
1790452380054 0 61106 0 382899262 382664636 0 0 0 0 0 0 253936682 1021202 4168871936 242401280 0 27078874 18087086 7754390 20674709 37520362
1790452381074 0 25203 0 382979643 382780830 0 0 0 0 0 0 253978260 1021367 4168163328 94912512 0 27242781 18194855 7796507 20779628 37785339
1790452382093 0 22585 1336 383080291 382882995 0 0 0 0 0 0 254045525 1021612 4168138752 105607168 3006464 27476837 18342945 7864786 20918205 37991890
1790452383117 0 82 1 383167376 382993814 0 0 0 0 0 0 254110253 1021848 4168380416 4329472 2994176 27661238 18472046 7928978 21031396 38192033
1790452384137 0 6154 0 383260978 383081331 0 0 0 0 0 0 254172309 1022079 4167688192 12722176 0 27864692 18609035 7991101 21139718 38353030
1790452385160 0 30475 3467 383376122 383168695 0 0 0 0 0 0 254251826 1022370 4166791168 139972608 15257600 28129633 18776192 8071064 21353112 38583937
1790452386183 0 29706 1007 383461537 383257351 0 0 0 0 0 0 254309342 1022583 4166823936 121675776 17833984 28314942 18899183 8128580 21488420 38797637
1790452387207 0 36383 3829 383556172 383342455 0 0 0 0 0 0 254376425 1022841 4166352896 172154880 12636160 28520889 19043126 8195662 21710474 39093470
1790452388229 0 21068 0 383633336 383438797 0 0 0 0 0 0 254432802 1023059 4166189056 75988992 0 28697219 19158536 8250627 21943814 39461346
1790452389252 0 1469 1039 383713574 383537606 0 0 0 0 0 0 254487306 1023237 4166307840 18014208 6356992 28872571 19275810 8306033 22026795 39674358
1790452390279 0 2044 0 383803149 383627622 0 0 0 0 0 0 254542777 1023462 4165537792 24576 0 29074156 19402588 8360484 22193437 40048630
1790452391306 0 7821 1465 383894724 383711973 0 0 0 0 0 0 254615217 1023722 4166287360 51195904 5914624 29280665 19546187 8433652 22319508 40227842
1790452392329 0 9272 4 383977514 383794833 0 0 0 0 0 0 254681242 1023977 4166742016 29614080 0 29473650 19679441 8498982 22539046 40550444
1790452393359 0 10339 737 384060771 383876345 0 0 0 0 0 0 254746988 1024206 4167069696 60108800 1085440 29672798 19812627 8566227 22664531 40768610
1790452394378 0 19567 0 384141572 383948623 0 0 0 0 0 0 254813931 1024440 4167729152 73863168 0 29877638 19941809 8631183 22734126 40889197
1790452395398 0 40111 0 384236261 384022689 0 0 0 0 0 0 254888881 1024716 4167389184 158068736 0 30093871 20091028 8706626 22903299 41160729
1790452396417 0 17156 10658 384312943 384111615 0 0 0 0 0 0 254957141 1024942 4167725056 108535808 14364672 30301937 20225761 8776434 23109862 41512983
1790452397440 0 19096 3914 384395264 384198829 0 0 0 0 0 0 255020345 1025174 4167819264 89554944 20062208 30494204 20353863 8839582 23298339 41830055
1790452398466 0 12596 2409 384478667 384290327 0 0 0 0 0 0 255090654 1025431 4168687616 68726784 6467584 30717716 20495947 8909890 23416591 41972895
1790452399484 0 34745 0 384569188 384361061 0 0 0 0 0 0 255153526 1025685 4168462336 134000640 0 30920241 20632320 8970234 23606092 42237077
1790452400503 0 14926 0 384649153 384460642 0 0 0 0 0 0 255212325 1025919 4167135232 56991744 0 31103365 20754902 9029052 23742054 42534878
1790452401526 0 2902 1453 384731333 384553577 0 0 0 0 0 0 255265555 1026140 4167131136 24727552 3891200 31279200 20875648 9084280 23916908 42957700
1790452402545 0 28692 0 384820344 384618220 0 0 0 0 0 0 255336753 1026411 4167094272 111255552 0 31496829 21017684 9153642 24017317 43120975
1790452403569 0 8929 1609 384897453 384713576 0 0 0 0 0 0 255397979 1026633 4168810496 67366912 8916992 31692574 21148418 9216737 24220733 43485073
1790452404588 0 19564 0 384979946 384786903 0 0 0 0 0 0 255461214 1026872 4168753152 69165056 0 31886721 21278604 9280001 24346330 43676279
1790452405607 0 12910 0 385060702 384874411 0 0 0 0 0 0 255511586 1027076 4167884800 46465024 0 32068323 21397345 9328812 24541431 44082088
1790452406627 0 61137 0 385163063 384928455 0 0 0 0 0 0 255588012 1027351 4167512064 239230976 0 32314666 21558069 9406756 24768129 44334399
1790452407646 0 12333 0 385229435 385043711 0 0 0 0 0 0 255628560 1027516 4167184384 42246144 0 32456985 21652158 9445291 24850914 44562295
1790452408670 0 41023 7081 385331266 385109732 0 0 0 0 0 0 255695905 1027806 4166803456 195325952 23683072 32683987 21811656 9515142 24971380 44756922
1790452409696 0 1047 8894 385405820 385222531 0 0 0 0 0 0 255753868 1027989 4167458816 40996864 10240000 32856222 21928299 9573106 25129359 45164700
1790452410720 0 11540 12037 385496537 385299582 0 0 0 0 0 0 255817745 1028240 4167966720 105254912 4243456 33076462 22070863 9636982 25309815 45376198
1790452411743 0 41895 584 385589980 385374098 0 0 0 0 0 0 255881417 1028495 4167749632 179556352 2940928 33293217 22215966 9700664 25498874 45566073
1790452412769 0 16985 73 385659972 385469566 0 0 0 0 0 0 255939420 1028682 4168298496 81129472 3682304 33466411 22332160 9758144 25592156 45743408
1790452413793 0 2611 0 385741777 385565766 0 0 0 0 0 0 255988210 1028881 4167745536 2101248 2105344 33643722 22448121 9806426 25785577 46131028
1790452414818 0 89886 0 385861504 385598201 0 0 0 0 0 0 256074418 1029205 4167745536 362078208 0 33913787 22629570 9892175 26013129 46289049
1790452415837 0 44319 0 385936625 385718870 0 0 0 0 0 0 256123341 1029396 4167110656 173281280 0 34068423 22739402 9941468 26138937 46665375
1790452416856 0 36517 0 386025596 385815656 0 0 0 0 0 0 256181827 1029606 4167057408 139247616 0 34268202 22872771 9999563 26273023 46944737
1790452417876 0 21117 0 386103844 385909289 0 0 0 0 0 0 256234771 1029826 4166590464 80207872 0 34446857 22993845 10051979 26434996 47335328
1790452418902 0 29812 15635 386199988 385981138 0 0 0 0 0 0 256303209 1030086 4166238208 123858944 80547840 34658071 23144229 10122447 26670360 47615509
1790452419924 0 86125 2849 386303329 386040924 0 0 0 0 0 0 256368496 1030336 4165419008 373948416 1449984 34867358 23293125 10187732 26904480 47869334
1790452420947 0 3 6958 386352267 386171884 0 0 0 0 0 0 256405968 1030467 4165328896 32083968 8237056 34992985 23372077 10224695 27035048 48264900
1790452421968 0 94166 778 386475588 386207253 0 0 0 0 0 0 256486072 1030804 4166217728 399667200 3485696 35270868 23557914 10304302 27178806 48400799
1790452422989 0 29659 9636 386532719 386320023 0 0 0 0 0 0 256528166 1030964 4166549504 179081216 0 35409011 23649534 10347011 27386784 48846586
1790452424008 0 42912 0 386615710 386399397 0 0 0 0 0 0 256580567 1031194 4165898240 170790912 0 35580644 23764571 10397270 27598425 49217752
1790452425046 0 2038 0 386690643 386515121 0 0 0 0 0 0 256633496 1031407 4166270976 7430144 8585216 35744485 23877219 10452221 27702663 49485569
1790452426091 0 21248 16717 386790386 386578997 0 0 0 0 0 0 256707941 1031670 4167176192 109506560 62107648 35982514 24036333 10526668 27832876 49621133
1790452427116 0 19514 12119 386868642 386663514 0 0 0 0 0 0 256763972 1031925 4167143424 135188480 7225344 36168102 24156840 10583210 27934765 49818066
1790452428138 0 13758 0 386941128 386753844 0 0 0 0 0 0 256820401 1032141 4167798784 46481408 0 36340025 24266365 10638155 28126325 50197006
1790452429157 0 8212 0 387022456 386840740 0 0 0 0 0 0 256880419 1032378 4168130560 29650944 0 36530312 24390996 10697884 28340021 50567502
1790452430188 0 2251 1802 387106831 386929365 0 0 0 0 0 0 256938968 1032588 4168441856 28516352 4222976 36715940 24518267 10757694 28462369 50751829
1790452431206 0 11765 0 387193191 387007985 0 0 0 0 0 0 257003093 1032839 4168286208 40165376 0 36917768 24651892 10820666 28703055 51097504
1790452432225 0 15404 0 387276656 387087754 0 0 0 0 0 0 257066221 1033085 4168863744 54108160 0 37133677 24786331 10883468 28809988 51291767
1790452433245 0 10586 0 387358291 387174221 0 0 0 0 0 0 257121429 1033309 4168224768 32182272 0 37316804 24907972 10939645 28896352 51487164
1790452434264 0 41364 0 387455946 387241116 0 0 0 0 0 0 257185112 1033567 4167335936 159870976 0 37531750 25051548 11003357 29111520 51759921
1790452435288 0 2847 23 387525002 387348596 0 0 0 0 0 0 257230859 1033762 4167307264 2134016 0 37692144 25154489 11049421 29314251 52155236
1790452436308 0 5387 0 387611982 387433083 0 0 0 0 0 0 257287610 1034006 4167716864 12730368 0 37897529 25284169 11105520 29437854 52364730
1790452437338 0 2896 23 387688929 387512564 0 0 0 0 0 0 257359211 1034250 4169138176 4243456 1544192 38091220 25420204 11178450 29608097 52570406
1790452438360 0 66439 5710 387800995 387555510 0 0 0 0 0 0 257438250 1034542 4167790592 296640512 8208384 38343425 25592680 11257487 29830400 52769191
1790452439389 0 6 476 387852005 387677989 0 0 0 0 0 0 257473169 1034688 4167667712 8486912 2113536 38464740 25663956 11291388 29987457 53290874
1790452440408 0 28657 12 387947083 387744859 0 0 0 0 0 0 257551127 1034976 4169101312 105435136 0 38702783 25817187 11369250 30078570 53423792
1790452441432 0 46494 1150 388039264 387818118 0 0 0 0 0 0 257609650 1035220 4168040448 199901184 4644864 38905309 25958208 11428649 30217117 53573044
1790452442455 0 14348 365 388109194 387921154 0 0 0 0 0 0 257676405 1035460 4168126464 63291392 7344128 39085602 26081981 11495643 30324142 53775291
1790452443478 0 31892 10887 388207460 387991202 0 0 0 0 0 0 257735941 1035708 4167450624 158830592 21184512 39290976 26223582 11555203 30446727 53992585
1790452444504 0 8939 1296 388281464 388097679 0 0 0 0 0 0 257785769 1035895 4167438336 52310016 3104768 39466568 26335817 11605006 30543484 54188345
1790452445531 0 17521 584 388369496 388178102 0 0 0 0 0 0 257847339 1036142 4167544832 67416064 12267520 39661305 26463871 11666577 30660797 54437866
1790452446553 0 33508 857 388455990 388248298 0 0 0 0 0 0 257912221 1036407 4167733248 151998464 1982464 39851686 26599400 11731014 30754740 54647789
1790452447573 0 36155 0 388534213 388324588 0 0 0 0 0 0 257967015 1036654 4167036928 141942784 0 40013161 26714697 11784230 30847009 54841137
1790452448593 0 4625 0 388597945 388419945 0 0 0 0 0 0 258007614 1036839 4167188480 12713984 0 40165512 26807436 11824813 30968278 55060001
1790452449613 0 33 0 388601656 388428200 0 0 0 0 0 0 258173466 1037454 4194611200 131072 0 40339747 26969689 11989157 31069598 55129070
1790452450633 0 34 0 388601657 388428200 0 0 0 0 0 0 258382849 1038153 4198461440 131072 0 40592963 27177663 12198071 31143598 55156474
1790452451652 0 34 0 388601657 388428200 0 0 0 0 0 0 258553854 1039827 4201304064 131072 0 41114332 27349676 12370778 31438265 55215108
1790452452671 0 34 0 388601657 388428200 0 0 0 0 0 0 258650140 1040708 2615255040 77824 0 41251715 27448411 12469378 31503757 55243868
