1790467350878 0 34 0 1229515968 1225947095 0 0 0 0 0 0 808352309 4356673 - - - - - - - -
1790467352008 0 112497 4019 1229794301 1226108762 0 0 0 0 0 0 808352311 4356869 1098514432 499036160 12361728 0 0 2 0 3806
1790467353067 0 155591 1893 1229975145 1226248842 0 0 0 0 0 0 808352311 4356869 1858813952 640638976 4378624 0 0 2 0 45919
1790467354107 0 130275 1995 1230097720 1226396520 0 0 0 0 0 0 808352311 4356870 2333069312 531066880 9891840 0 0 2 0 202618
1790467355148 0 164771 1984 1230266655 1226531061 0 0 0 0 0 0 808352311 4356870 3050569728 676159488 9134080 0 0 2 0 365158
1790467356176 0 163212 3682 1230398476 1226662732 0 0 0 0 0 0 808352311 4356870 3590070272 685912064 8388608 0 0 2 0 546411
1790467357209 0 158963 2048 1230530728 1226800863 0 0 0 0 0 0 808352311 4356870 4110934016 643280896 8388608 0 0 2 0 672379
1790467358240 0 178039 2032 1230679394 1226930485 0 0 0 0 0 0 808354367 4356876 4141031424 711008256 8388608 236121 142469 2016 38002 698723
1790467359263 0 159037 884 1230792761 1227063864 0 0 0 0 0 0 808359380 4356893 4140199936 636674048 8388608 389011 260182 6583 73441 891946
1790467360284 0 190878 5129 1230959200 1227194321 0 0 0 0 0 0 808371136 4356908 4139573248 805232640 9347072 621779 443505 17762 127395 1025113
1790467361305 0 179640 1976 1231083608 1227333027 0 0 0 0 0 0 808382353 4356928 4139352064 715251712 8388608 778321 572746 29493 172730 1163323
1790467362326 0 186709 6132 1231236348 1227474529 0 0 0 0 0 0 808401231 4356958 4139712512 783384576 16777216 980083 749780 48880 201436 1248947
1790467363346 0 137301 4064 1231314742 1227604506 0 0 0 0 0 0 808409472 4357039 4139507712 569520128 8388608 1115581 837732 57123 245708 1501083
1790467364366 0 141614 0 1231435838 1227725323 0 0 0 0 0 0 808427446 4357208 4139954176 555413504 0 1295556 968997 73553 290199 1922933
1790467365388 0 68749 3386 1231506360 1227865341 0 0 0 0 0 0 808443721 4357288 4140797952 296321024 8388608 1413685 1060256 90503 329624 2138018
1790467366428 0 103681 66 1231653364 1227980701 0 0 0 0 0 0 808474682 4357456 4142264320 437178368 24600576 1639905 1234673 121821 376763 2355024
1790467367476 0 124576 0 1231798984 1228105613 0 0 0 0 0 0 808502603 4357609 4143296512 486322176 0 1862123 1403898 147296 420036 2596719
1790467368498 0 144641 0 1231944016 1228230541 0 0 0 0 0 0 808531384 4357742 4144996352 567705600 0 2081595 1578625 178081 457430 2817172
1790467369521 0 107671 1551 1232057686 1228379593 0 0 0 0 0 0 808559696 4357853 4146384896 427352064 23293952 2269158 1723625 207344 508086 3241319
1790467370542 0 111378 2020 1232190190 1228507908 0 0 0 0 0 0 808591526 4358043 4147286016 450314240 7208960 2480299 1886486 238736 562991 3416477
1790467371565 0 133382 9267 1232343849 1228632240 0 0 0 0 0 0 808622438 4358215 4147445760 578953216 33554432 2718908 2071334 270099 635773 3642404
1790467372608 0 122800 10218 1232466031 1228764199 0 0 0 0 0 0 808659962 4358389 4148219904 535199744 39546880 2929808 2230842 306592 678623 3848583
1790467373635 0 116297 2838 1232597303 1228909682 0 0 0 0 0 0 808693375 4358559 4148473856 477446144 8388608 3151180 2392934 339512 725857 4160093
1790467374667 0 125994 1863 1232749902 1229053347 0 0 0 0 0 0 808728415 4358726 4148211712 496869376 27992064 3394629 2579071 375044 764983 4402215
1790467375711 0 66946 1093 1232859839 1229222888 0 0 0 0 0 0 808770533 4358889 4149043200 291086336 70737920 3598621 2731590 416135 808762 4733873
1790467376777 0 109085 7527 1233040768 1229355245 0 0 0 0 0 0 808820004 4359091 4149555200 485310464 43470848 3903907 2963651 467186 866677 4942475
1790467377810 0 104507 10181 1233173850 1229490213 0 0 0 0 0 0 808861641 4359253 4149460992 427945984 41943040 4136544 3140520 509297 914309 5077666
1790467378839 0 95636 0 1233303612 1229639097 0 0 0 0 0 0 808914501 4359422 4150444032 381968384 10637312 4381686 3318656 560623 952213 5409278
1790467379865 0 109243 1006 1233451279 1229772175 0 0 0 0 0 0 808966347 4359593 4150390784 439709696 9797632 4630625 3514807 612977 1011005 5748109
1790467380890 0 87716 16778 1233569950 1229896631 0 0 0 0 0 0 809011505 4359734 4150853632 358424576 68481024 4844105 3676207 659163 1054090 5948270
1790467381910 0 4208 493 1233660572 1230086998 0 0 0 0 0 0 809043281 4359844 4150177792 8724480 2129920 4981339 3778646 688679 1102939 6245637
1790467382951 0 68607 1502 1233851828 1230213017 0 0 0 0 0 0 809113091 4360080 4149374976 298344448 8388608 5292576 3995502 759205 1154330 6450486
1790467383996 0 23561 2001 1233967846 1230373359 0 0 0 0 0 0 809150329 4360207 4147937280 110858240 2371584 5454737 4114393 796173 1186492 6688901
1790467385035 0 28315 2075 1234109838 1230510613 0 0 0 0 0 0 809192613 4360343 4146704384 121446400 24465408 5657400 4261109 840216 1236010 6888320
1790467386073 0 3599 4151 1234236549 1230660479 0 0 0 0 0 0 809234121 4360477 4145205248 34750464 16060416 5851728 4391138 881375 1273253 7071884
1790467387109 0 38702 11902 1234397048 1230777621 0 0 0 0 0 0 809267816 4360605 4142465024 171401216 47431680 6100080 4545653 915482 1321121 7228855
1790467388149 0 9388 40 1234513721 1230935368 0 0 0 0 0 0 809304788 4360702 4141166592 7086080 2580480 6281128 4664075 951411 1379712 7455546
1790467389210 0 14119 1842 1234667547 1231082688 0 0 0 0 0 0 809350989 4360852 4138815488 89796608 4579328 6532708 4834404 998634 1429036 7700914
1790467390258 0 41742 446 1234829175 1231218192 0 0 0 0 0 0 809391567 4360989 4135534592 184791040 7114752 6770008 5006815 1039213 1481659 7855665
1790467391298 0 557 12074 1234950660 1231369218 0 0 0 0 0 0 809425967 4361096 4134400000 57139200 9945088 6980688 5145932 1073612 1540102 8072296
1790467392328 0 45692 2062 1235119338 1231502744 0 0 0 0 0 0 809479093 4361264 4133470208 205316096 12083200 7234763 5333184 1126745 1596992 8277923
1790467393361 0 9945 959 1235234329 1231654770 0 0 0 0 0 0 809514566 4361423 4133130240 52973568 3325952 7418978 5465735 1161698 1692749 8593084
1790467394396 0 26511 7751 1235394275 1231791130 0 0 0 0 0 0 809573114 4361655 4133101568 143257600 19566592 7686411 5660991 1220772 1763788 8734550
1790467395426 0 34039 0 1235538500 1231935602 0 0 0 0 0 0 809613557 4361809 4132814848 113168384 0 7907577 5819598 1260230 1837770 8911828
1790467396452 0 58006 3579 1235705118 1232074612 0 0 0 0 0 0 809666753 4362007 4133011456 264355840 5009408 8186233 6024807 1313887 1897651 9037309
1790467397501 0 118242 1168 1235886236 1232197874 0 0 0 0 0 0 809720956 4362201 4132605952 481865728 53030912 8465549 6238923 1368091 1961609 9207385
1790467398566 0 48883 6766 1236001311 1232377212 0 0 0 0 0 0 809756408 4362340 4132311040 247115776 5177344 8641842 6374275 1403032 2013045 9419976
1790467399598 0 31421 0 1236132971 1232532729 0 0 0 0 0 0 809791864 4362475 4131160064 105713664 0 8839088 6521529 1437607 2092924 9628101
1790467400621 0 79410 803 1236296060 1232646961 0 0 0 0 0 0 809841180 4362661 4132286464 305729536 0 9082767 6716930 1485769 2132756 9772914
1790467401643 0 58975 1 1236413338 1232785398 0 0 0 0 0 0 809875081 4362773 4132835328 219869184 0 9262418 6854170 1521198 2217952 9991399
1790467402669 0 15286 0 1236538027 1232953715 0 0 0 0 0 0 809900770 4362884 4132343808 39895040 0 9449563 6994918 1547406 2258283 10121031
1790467403700 0 78773 1738 1236720226 1233070755 0 0 0 0 0 0 809942422 4363074 4131450880 330416128 1736704 9716421 7201682 1589556 2321578 10331999
1790467404722 0 35270 11 1236818992 1233214966 0 0 0 0 0 0 809969634 4363180 4131090432 122638336 0 9864411 7313465 1614331 2374305 10493598
1790467405748 0 3147 520 1236946257 1233373676 0 0 0 0 0 0 810001015 4363312 4131737600 15310848 3428352 10054101 7466892 1648660 2426469 10649171
1790467406771 0 21918 0 1237102922 1233512042 0 0 0 0 0 0 810044158 4363476 4131864576 64258048 0 10275560 7646726 1690412 2472772 10788693
1790467407809 0 65650 5045 1237283123 1233643616 0 0 0 0 0 0 810097549 4363648 4132958208 317485056 2523136 10559109 7868392 1745196 2527557 10907005
1790467408863 0 62462 696 1237429090 1233797284 0 0 0 0 0 0 810141206 4363793 4134146048 284233728 3911680 10777299 8041307 1787854 2572938 11067295
1790467409909 0 5212 584 1237536810 1233962187 0 0 0 0 0 0 810170459 4363889 4134223872 24350720 7782400 10952973 8174162 1817610 2621656 11253833
1790467410929 0 15063 4132 1237702998 1234114986 0 0 0 0 0 0 810213130 4364052 4134842368 80060416 17182720 11198402 8363156 1860264 2687545 11412223
1790467411949 0 27565 0 1237862722 1234266265 0 0 0 0 0 0 810257785 4364209 4134670336 89677824 0 11423465 8540712 1904442 2776966 11639383
1790467412971 0 10223 18684 1238014711 1234416985 0 0 0 0 0 0 810295829 4364344 4134658048 41873408 89239552 11651934 8718754 1943474 2812030 11669807
1790467414012 0 14540 897 1238159357 1234575140 0 0 0 0 0 0 810331254 4364456 4134694912 90554368 6086656 11857601 8871391 1978385 2851642 11774771
1790467415065 0 16037 7198 1238312792 1234720917 0 0 0 0 0 0 810383105 4364616 4135391232 93466624 25333760 12086734 9046431 2030239 2917404 11919941
1790467416092 0 8199 24 1238453004 1234875843 0 0 0 0 0 0 810431343 4364759 4137144320 7454720 0 12285385 9199437 2077995 2955103 12054492
1790467417121 0 29073 0 1238605987 1235008061 0 0 0 0 0 0 810481136 4364920 4136890368 96501760 0 12519030 9368394 2127759 2997660 12202626
1790467418143 0 4088 5482 1238727032 1235148724 0 0 0 0 0 0 810519595 4365046 4136448000 14811136 44298240 12724056 9513239 2167285 3039347 12323660
1790467419167 0 38172 4582 1238882639 1235270988 0 0 0 0 0 0 810560087 4365179 4135067648 154537984 30482432 12971272 9680014 2207802 3080089 12480279
1790467420190 0 94614 0 1239035524 1235372063 0 0 0 0 0 0 810610614 4365381 4134957056 362139648 0 13214230 9846837 2256874 3125693 12569956
1790467421211 0 44229 2212 1239136347 1235521131 0 0 0 0 0 0 810642920 4365506 4133724160 185757696 9482240 13374014 9962405 2290053 3196766 12763937
1790467422237 0 8560 26 1239231617 1235654089 0 0 0 0 0 0 810671653 4365617 4132802560 13766656 0 13515704 10064338 2317311 3256971 12988178
1790467423260 0 35465 0 1239386469 1235782186 0 0 0 0 0 0 810712778 4365815 4131516416 124051456 0 13744689 10233414 2357875 3306125 13139237
1790467424282 0 9459 0 1239513251 1235934888 0 0 0 0 0 0 810760170 4365991 4131663872 17973248 0 13951503 10385293 2405327 3371281 13367127
1790467425306 0 65652 0 1239690316 1236055817 0 0 0 0 0 0 810817662 4366244 4132216832 247177216 0 14224630 10592913 2463207 3440267 13474982
1790467426344 0 53457 953 1239834393 1236210987 0 0 0 0 0 0 810875803 4366481 4133408768 238739456 3203072 14475721 10776115 2520381 3501789 13668669
1790467427379 0 6882 130 1239962256 1236386271 0 0 0 0 0 0 810904095 4366630 4132065280 851968 0 14664774 10907796 2550207 3570437 13879387
1790467428407 0 25855 41 1240124208 1236529452 0 0 0 0 0 0 810958928 4366868 4132827136 82509824 0 14913805 11103857 2604659 3630480 14044009
1790467429430 0 77312 0 1240302753 1236656592 0 0 0 0 0 0 811011507 4367125 4130914304 294883328 0 15175866 11307454 2656796 3695084 14176451
1790467430456 0 19089 635 1240416727 1236828297 0 0 0 0 0 0 811046952 4367287 4131889152 88129536 1646592 15359999 11447172 2693596 3754272 14320395
1790467431485 0 88981 0 1240586417 1236928542 0 0 0 0 0 0 811101954 4367544 4131966976 342953984 0 15629387 11651087 2747044 3826827 14452810
1790467432518 0 4761 84 1240667968 1237094473 0 0 0 0 0 0 811132851 4367665 4133273600 2428928 303104 15766688 11752663 2776847 3893720 14684821
1790467433542 0 57132 30 1240827528 1237201621 0 0 0 0 0 0 811177812 4367884 4132372480 233426944 3096576 16000879 11939286 2823130 3956783 14944520
1790467434579 0 18299 12456 1240959982 1237360427 0 0 0 0 0 0 811220553 4368078 4132601856 143204352 13312000 16208680 12096549 2866795 4002848 15085868
1790467435628 0 100714 5442 1241141327 1237466318 0 0 0 0 0 0 811284603 4368339 4132888576 442462208 7720960 16496963 12322177 2931234 4085582 15240581
1790467436662 0 11976 73 1241224240 1237643530 0 0 0 0 0 0 811310791 4368451 4132904960 24240128 0 16621402 12412019 2956392 4142472 15502730
1790467437695 0 14939 10586 1241363358 1237768916 0 0 0 0 0 0 811353259 4368663 4132859904 59105280 59506688 16849008 12585357 3000904 4224970 15758946
1790467438779 0 50571 763 1241536796 1237916824 0 0 0 0 0 0 811403820 4368899 4131917824 237301760 1413120 17109558 12784673 3049695 4281749 15965047
1790467439821 0 7596 4353 1241655222 1238074732 0 0 0 0 0 0 811441835 4369075 4132118528 26718208 39641088 17292827 12929043 3089483 4347763 16164988
1790467440848 0 51306 15255 1241815115 1238179731 0 0 0 0 0 0 811495791 4369323 4132044800 285544448 0 17548935 13119625 3142949 4417328 16309197
1790467441875 0 18593 1120 1241926577 1238338333 0 0 0 0 0 0 811524096 4369468 4132126720 86093824 3538944 17706393 13243117 3171148 4464128 16561159
1790467442900 0 47957 0 1242074032 1238457060 0 0 0 0 0 0 811563708 4369657 4132073472 172302336 0 17929395 13410705 3210285 4516422 16726236
1790467443924 0 107737 813 1242259463 1238582120 0 0 0 0 0 0 811622779 4369948 4131561472 463028224 2797568 18244866 13633804 3270427 4570467 16816068
1790467444954 0 1011 2925 1242349152 1238776414 0 0 0 0 0 0 811660252 4370096 4132904960 8192 26075136 18387130 13747199 3307900 4629915 17115076
1790467445978 0 42805 3356 1242530047 1238915218 0 0 0 0 0 0 811708820 4370347 4131524608 187072512 24354816 18646722 13946174 3356095 4691152 17308553
1790467447005 0 43771 16937 1242696130 1239066534 0 0 0 0 0 0 811757050 4370577 4131405824 260743168 0 18893498 14130869 3404240 4753247 17502641
1790467448025 0 15417 1742 1242836111 1239250094 0 0 0 0 0 0 811798205 4370749 4131717120 62898176 29110272 19121965 14292214 3445850 4802310 17709062
1790467449048 0 43511 58 1243029720 1239417369 0 0 0 0 0 0 811858301 4371027 4131741696 155144192 0 19398653 14501758 3504433 4854438 17898542
1790467450073 0 10717 14886 1243204654 1239610458 0 0 0 0 0 0 811910148 4371252 4129595392 90800128 36519936 19664270 14698490 3557356 4898962 18010565
1790467451096 0 7892 1 1243368195 1239791270 0 0 0 0 0 0 811949252 4371441 4128702464 12070912 0 19917369 14871953 3594577 4948101 18185220
1790467452119 0 8824 20 1243536407 1239958652 0 0 0 0 0 0 811989336 4371639 4127338496 15757312 0 20173747 15056784 3635440 5000214 18355702
1790467453140 0 27871 2625 1243720377 1240121048 0 0 0 0 0 0 812040735 4371888 4126822400 109940736 27279360 20447291 15264666 3688381 5064349 18536982
1790467454164 0 7022 2992 1243900734 1240322135 0 0 0 0 0 0 812101800 4372178 4126875648 63266816 5849088 20719129 15476759 3748505 5120352 18735310
1790467455197 0 13143 368 1244061051 1240478529 0 0 0 0 0 0 812148330 4372399 4126679040 58191872 5541888 20962971 15658436 3795533 5190202 18927212
1790467456222 0 9829 3764 1244235364 1240652988 0 0 0 0 0 0 812195728 4372658 4126605312 35885056 41734144 21236461 15858277 3842863 5251199 19089937
1790467457250 0 51537 1958 1244414871 1240792606 0 0 0 0 0 0 812258922 4372947 4127465472 221249536 3690496 21521451 16071724 3905548 5312373 19270455
1790467458270 0 94453 0 1244588860 1240925426 0 0 0 0 0 0 812301555 4373158 4126461952 362868736 0 21767947 16260152 3948740 5375960 19434271
1790467459299 0 39746 1107 1244736705 1241127005 0 0 0 0 0 0 812341161 4373355 4125483008 182259712 1892352 21998067 16431368 3987857 5435259 19654788
1790467460325 0 65698 0 1244920320 1241285613 0 0 0 0 0 0 812390947 4373604 4125499392 244940800 0 22264336 16637647 4035683 5474168 19740519
1790467461353 0 9293 1064 1245076338 1241497105 0 0 0 0 0 0 812431204 4373798 4124876800 67256320 3043328 22489508 16821036 4078845 5527770 19889989
1790467462396 0 2094 25 1245236247 1241665197 0 0 0 0 0 0 812469764 4373990 4123357184 14086144 25407488 22716650 16999045 4117408 5585509 20075270
1790467463420 0 25934 15616 1245421013 1241810633 0 0 0 0 0 0 812514960 4374210 4123369472 187318272 0 22983263 17207589 4162107 5654922 20188750
1790467464444 0 50309 4745 1245579093 1241955215 0 0 0 0 0 0 812555890 4374424 4123947008 205365248 33873920 23217751 17392198 4203244 5701161 20362135
1790467465482 0 3674 0 1245716143 1242143649 0 0 0 0 0 0 812600533 4374643 4124733440 12722176 11546624 23414406 17550471 4244887 5749510 20556738
1790467466526 0 94252 1483 1245932084 1242267542 0 0 0 0 0 0 812670160 4374934 4126089216 401465344 5148672 23750514 17814502 4317821 5805757 20662921
1790467467546 0 52314 0 1246072018 1242450845 0 0 0 0 0 0 812703591 4375121 4125548544 189419520 0 23941291 17960085 4350235 5866205 20879219
1790467468569 0 9056 0 1246217356 1242639418 0 0 0 0 0 0 812741668 4375306 4125937664 11595776 0 24159767 18123276 4386845 5906185 21034409
1790467469597 0 18116 0 1246370075 1242782978 0 0 0 0 0 0 812783807 4375505 4125683712 48074752 0 24389792 18294836 4431323 5978442 21233028
1790467470618 0 81141 634 1246559759 1242909186 0 0 0 0 0 0 812843906 4375768 4125310976 343080960 2338816 24681626 18520132 4491569 6034713 21372596
1790467471640 0 7657 9584 1246679895 1243093722 0 0 0 0 0 0 812869896 4375933 4124483584 27160576 53587968 24847845 18645799 4517540 6101576 21581610
1790467472661 0 48811 0 1246857347 1243239586 0 0 0 0 0 0 812914412 4376152 4124426240 178089984 0 25096562 18829456 4559173 6160016 21708700
1790467473685 0 29989 1045 1247010207 1243410193 0 0 0 0 0 0 812956742 4376366 4125630464 127098880 1650688 25316688 18997640 4603891 6221563 21996271
1790467474708 0 83955 0 1247203678 1243550799 0 0 0 0 0 0 813003039 4376600 4125134848 319414272 0 25579463 19200804 4649152 6274704 22130347
1790467475742 0 93573 1128 1247372614 1243709394 0 0 0 0 0 0 813047724 4376808 4124622848 407457792 9342976 25830362 19392137 4694877 6326891 22276837
1790467476772 0 2677 974 1247485012 1243912376 0 0 0 0 0 0 813080072 4376973 4124577792 16924672 4861952 25994504 19514046 4726717 6381658 22514940
1790467477795 0 23455 2009 1247654586 1244060219 0 0 0 0 0 0 813129665 4377227 4125859840 102846464 7073792 26248808 19707085 4776804 6468038 22701805
1790467478819 0 65107 1097 1247844386 1244209445 0 0 0 0 0 0 813192529 4377524 4126769152 272257024 11169792 26546484 19929431 4840236 6536468 22957553
1790467479841 0 48763 0 1247980810 1244362877 0 0 0 0 0 0 813226842 4377691 4126511104 174948352 0 26749240 20076326 4873113 6596885 23162983
1790467480865 0 11788 600 1248121355 1244540116 0 0 0 0 0 0 813274699 4377911 4127457280 46489600 25784320 26989562 20252492 4922418 6647805 23329799
1790467481892 0 66210 1 1248299445 1244664156 0 0 0 0 0 0 813327705 4378182 4126937088 245620736 0 27242026 20442755 4974912 6714113 23541719
1790467482916 0 18151 0 1248415882 1244828738 0 0 0 0 0 0 813359660 4378353 4126408704 50053120 0 27414161 20571239 5005186 6775236 23759050
1790467483938 0 63441 0 1248607638 1244975268 0 0 0 0 0 0 813426868 4378653 4125790208 239157248 0 27714309 20798804 5072260 6850318 23945592
1790467484959 0 64703 1390 1248766717 1245131901 0 0 0 0 0 0 813467041 4378886 4125614080 277188608 1609728 27951583 20979965 5114178 6901500 24126835
1790467485990 0 3084 71 1248881174 1245309271 0 0 0 0 0 0 813508154 4379091 4126224384 0 20025344 28134606 21116116 5154263 6971334 24338995
1790467487020 0 73659 0 1249079820 1245437259 0 0 0 0 0 0 813564109 4379384 4125356032 273551360 0 28419479 21335062 5210273 7051055 24558546
1790467488047 0 5037 4508 1249190693 1245612179 0 0 0 0 0 0 813597556 4379546 4125450240 45924352 8597504 28590456 21467011 5245202 7107529 24755453
1790467489072 0 69366 2316 1249390655 1245750120 0 0 0 0 0 0 813647992 4379852 4124311552 305995776 6909952 28887525 21693134 5295637 7155463 24949519
1790467490100 0 45298 485 1249546546 1245932040 0 0 0 0 0 0 813696242 4380090 4124504064 201924608 5439488 29128303 21873065 5342917 7206218 25083417
1790467491122 0 63163 1096 1249719393 1246086303 0 0 0 0 0 0 813740475 4380331 4124028928 269832192 10727424 29383056 22067967 5387243 7275957 25238516
1790467492145 0 60187 0 1249879064 1246249906 0 0 0 0 0 0 813791986 4380614 4124680192 223285248 0 29619337 22250229 5438670 7327701 25468511
1790467493166 0 68798 0 1250034735 1246397184 0 0 0 0 0 0 813836977 4380857 4125396992 253317120 0 29852901 22427973 5482867 7371165 25593470
1790467494188 0 39 7145 1250178661 1246602640 0 0 0 0 0 0 813874605 4381092 4125417472 34582528 12771328 30070928 22593609 5522249 7427308 25815960
1790467495212 0 55030 5360 1250371018 1246741990 0 0 0 0 0 0 813934852 4381414 4126068736 259903488 15568896 30369635 22819839 5581986 7491712 25963863
1790467496247 0 36225 2037 1250536989 1246930230 0 0 0 0 0 0 813983206 4381695 4126445568 171814912 1581056 30610347 23004379 5629827 7551697 26161067
1790467497282 0 89470 146 1250755768 1247097587 0 0 0 0 0 0 814045334 4381991 4126232576 383950848 1126400 30931236 23249718 5692475 7605903 26274370
1790467498307 0 184 8379 1250874815 1247297514 0 0 0 0 0 0 814078744 4382151 4126416896 43495424 3158016 31104560 23380534 5726391 7647010 26493933
1790467499332 0 4306 67 1251044035 1247470879 0 0 0 0 0 0 814137837 4382417 4127383552 1695744 2031616 31368970 23582536 5783949 7704616 26683338
1790467500353 0 64280 9490 1251249850 1247607320 0 0 0 0 0 0 814198481 4382731 4127088640 262746112 51249152 31694552 23819046 5846137 7766401 26863581
1790467501379 0 19267 13285 1251406671 1247805356 0 0 0 0 0 0 814238873 4382976 4126969856 139886592 16330752 31928229 23991108 5886518 7834950 27065605
1790467502405 0 761 3553 1251570294 1247997362 0 0 0 0 0 0 814284381 4383237 4125786112 40136704 1781760 32179898 24173543 5932029 7883913 27232599
1790467503432 0 31627 1427 1251748944 1248147091 0 0 0 0 0 0 814341443 4383523 4125532160 133894144 6516736 32455191 24380056 5988583 7941408 27435600
1790467504453 0 130557 1095 1251974627 1248274202 0 0 0 0 0 0 814417202 4383894 4126044160 548495360 3526656 32808418 24647849 6064409 7999198 27548023
1790467505475 0 66270 37 1252124373 1248489234 0 0 0 0 0 0 814459377 4384089 4125888512 247361536 0 33035645 24812233 6106524 8061187 27747214
1790467506497 0 22248 292 1252264748 1248673035 0 0 0 0 0 0 814500021 4384316 4125843456 97394688 2592768 33253018 24975702 6147154 8108419 27944642
1790467507520 0 32977 0 1252443847 1248841905 0 0 0 0 0 0 814554772 4384590 4125487104 109228032 0 33538292 25182424 6200238 8168426 28093862
1790467508543 0 65748 584 1252629986 1248994715 0 0 0 0 0 0 814602619 4384857 4124639232 264761344 0 33808731 25387579 6248221 8241188 28239703
1790467509567 0 12890 459 1252782309 1249199930 0 0 0 0 0 0 814645288 4385087 4124102656 64192512 2662400 34044939 25561514 6292439 8321257 28443667
1790467510596 0 1040 1497 1252939950 1249368525 0 0 0 0 0 0 814694674 4385368 4124176384 2129920 38359040 34291985 25745946 6342322 8379389 28650807
1790467511629 0 19512 0 1253115003 1249526503 0 0 0 0 0 0 814740505 4385655 4123807744 55771136 0 34541182 25934910 6387643 8449557 28881698
1790467512657 0 31731 3033 1253300853 1249697316 0 0 0 0 0 0 814799584 4385953 4124512256 128221184 33554432 34844257 26156952 6446748 8504825 29051508
1790467513676 0 38442 733 1253472309 1249864408 0 0 0 0 0 0 814865885 4386234 4127244288 174030848 782336 35137438 26377065 6511488 8580081 29284680
1790467514696 0 72736 13505 1253666117 1250011106 0 0 0 0 0 0 814930071 4386535 4127068160 337637376 30949376 35443049 26606615 6577738 8627654 29415673
1790467515717 0 69623 16572 1253838184 1250182959 0 0 0 0 0 0 814978370 4386812 4125880320 371011584 0 35701005 26796790 6626098 8706237 29699208
1790467516753 0 93948 2960 1254012934 1250347425 0 0 0 0 0 0 815027553 4387079 4125929472 422359040 2400256 35974455 26999669 6674184 8765319 29848801
1790467517779 0 29851 5 1254145289 1250546632 0 0 0 0 0 0 815068173 4387284 4125597696 97099776 0 36184963 27155707 6714797 8840442 30128162
1790467518820 0 115654 6570 1254374595 1250683644 0 0 0 0 0 0 815119641 4387612 4123176960 513245184 41979904 36508839 27407852 6766300 8888248 30247732
1790467519863 0 42181 0 1254506354 1250895389 0 0 0 0 0 0 815157071 4387818 4122959872 146509824 0 36706763 27552924 6802061 8953231 30473887
1790467520887 0 67434 0 1254682603 1251046346 0 0 0 0 0 0 815209404 4388093 4123713536 254111744 0 36970093 27755207 6855003 9001871 30626631
1790467521913 0 11352 948 1254816322 1251235226 0 0 0 0 0 0 815253612 4388305 4123815936 56176640 819200 37190505 27921725 6898572 9067588 30883933
1790467522940 0 47362 12503 1255014988 1251386366 0 0 0 0 0 0 815308719 4388602 4124594176 203812864 58585088 37498942 28154383 6956411 9122081 31032812
1790467523962 0 26082 0 1255160473 1251565496 0 0 0 0 0 0 815355003 4388812 4124860416 82694144 0 37708039 28313233 7000611 9189590 31284602
1790467524986 0 34983 293 1255330979 1251726805 0 0 0 0 0 0 815402279 4389086 4123508736 141352960 0 37949219 28498445 7046903 9231076 31429547
1790467526012 0 4514 9038 1255486221 1251903859 0 0 0 0 0 0 815442900 4389298 4122718208 65757184 3637248 38183430 28669014 7090612 9291611 31659032
1790467527033 0 46831 0 1255664037 1252048320 0 0 0 0 0 0 815490260 4389546 4122828800 168615936 0 38452425 28866938 7137908 9343009 31795356
1790467528073 0 55572 9269 1255854851 1252220994 0 0 0 0 0 0 815541664 4389831 4122480640 307077120 10702848 38737003 29085525 7189308 9407954 31986595
1790467529108 0 37803 1 1256012864 1252406111 0 0 0 0 0 0 815592474 4390097 4122509312 132255744 0 38966875 29265579 7237631 9465285 32186344
1790467530148 0 21847 16322 1256179540 1252572627 0 0 0 0 0 0 815645487 4390373 4123115520 191803392 2510848 39220070 29466878 7293164 9520088 32322220
1790467531177 0 15775 35 1256339587 1252754950 0 0 0 0 0 0 815688211 4390628 4122816512 40087552 0 39458143 29642181 7334319 9588443 32581972
1790467532203 0 52279 2344 1256528130 1252904647 0 0 0 0 0 0 815735069 4390927 4122931200 234541056 4419584 39736928 29852139 7382209 9653973 32766559
1790467533228 0 114 0 1256590306 1253021353 0 0 0 0 0 0 815796918 4391292 4149813248 131072 0 39864323 29958066 7441497 9699844 32924102
1790467534248 0 148 0 1256590340 1253021353 0 0 0 0 0 0 815968254 4391962 4156170240 131072 0 40058173 30128906 7613889 9772635 32952910
1790467535268 0 172 0 1256590364 1253021353 0 0 0 0 0 0 816146255 4392494 4166344704 131072 0 40279948 30303928 7791395 9842508 32973379
1790467536288 0 185 0 1256590393 1253021353 0 0 0 0 0 0 816184029 4392691 1620353024 53248 0 40335878 30343720 7831674 9858907 32989567
