1790458941432 0 4 0 819658298 819240819 0 0 0 0 0 0 555952736 2128202 - - - - - - - -
1790458942469 0 149307 0 819917248 819350296 0 0 0 0 0 0 555952744 2128314 1009881088 573083648 0 0 0 8 0 509
1790458943490 0 161594 1949 820080538 819499482 0 0 0 0 0 0 555952744 2128316 1704587264 658391040 8388608 0 0 8 0 37969
1790458944531 0 164292 1692 820219790 819636272 0 0 0 0 0 0 555952744 2128316 2250387456 664436736 6148096 0 0 8 0 230923
1790458945584 0 152002 4107 820337801 819764127 0 0 0 0 0 0 555952744 2128316 2727849984 583569408 37072896 0 0 8 0 338244
1790458946623 0 167407 3204 820471677 819883526 0 0 0 0 0 0 555952744 2128317 3297697792 673746944 8388608 0 0 8 0 413207
1790458947659 0 163144 2012 820589823 820007116 0 0 0 0 0 0 555952744 2128317 3778482176 667987968 8159232 0 0 8 0 550048
1790458948685 0 170598 2052 820721401 820131348 0 0 0 0 0 0 555952787 2128321 4141441024 690528256 16777216 104789 42789 8 8924 709875
1790458949706 0 177939 4091 820861907 820262387 0 0 0 0 0 0 555959347 2128329 4140167168 732762112 16158720 341010 192671 6569 58714 826867
1790458950725 0 174922 4094 820978704 820382172 0 0 0 0 0 0 555971410 2128340 4140056576 725311488 8388608 524965 319532 17696 93064 977706
1790458951746 0 183443 1655 821112075 820509546 0 0 0 0 0 0 555981624 2128354 4139442176 747016192 8388608 717765 463226 28854 134187 1104150
1790458952784 0 188771 2072 821271702 820663342 0 0 0 0 0 0 556002914 2128384 4139581440 786894848 15310848 940506 640763 49681 168763 1269383
1790458953840 0 130057 3017 821356360 820805837 0 0 0 0 0 0 556019819 2128467 4140359680 529145856 16777216 1108375 744976 66523 211238 1521672
1790458954882 0 133498 4086 821477181 820922113 0 0 0 0 0 0 556045211 2128632 4141760512 560128000 30007296 1346330 891259 91922 258066 1752305
1790458955908 0 48556 3298 821549229 821079790 0 0 0 0 0 0 556063649 2128713 4142530560 210587648 6856704 1480277 978800 108317 308434 2022781
1790458956942 0 94231 4527 821704473 821188262 0 0 0 0 0 0 556109331 2128944 4145414144 400224256 32964608 1752947 1180997 156042 375544 2227154
1790458957985 0 69372 18570 821804334 821298867 0 0 0 0 0 0 556140621 2129064 4147712000 284270592 76062720 1935727 1312599 187867 430598 2438759
1790458959012 0 125058 8138 821969670 821419071 0 0 0 0 0 0 556197731 2129259 4150829056 511475712 33554432 2238992 1533795 244989 482792 2734430
1790458960049 0 119047 14421 822099736 821548802 0 0 0 0 0 0 556239876 2129449 4152729600 487014400 58720256 2485221 1704006 286074 575467 3124959
1790458961083 0 14619 8529 822146507 821705872 0 0 0 0 0 0 556260902 2129538 4153974784 65449984 31227904 2590647 1770837 307977 697109 3529131
1790458962108 0 116973 0 822313710 821779165 0 0 0 0 0 0 556323372 2129791 4155736064 458121216 0 2909596 1994105 368674 755136 3730477
1790458963131 0 100938 0 822419681 821901208 0 0 0 0 0 0 556369134 2129969 4156653568 391319552 0 3129652 2143748 413280 828890 4006841
1790458964158 0 102817 0 822542384 822022041 0 0 0 0 0 0 556432139 2130174 4158431232 397987840 0 3403666 2328952 476801 887525 4450755
1790458965200 0 75702 0 822636182 822142873 0 0 0 0 0 0 556485007 2130348 4159791104 283062272 0 3610448 2474507 530171 941755 4742054
1790458966252 0 67979 17716 822750221 822247051 0 0 0 0 0 0 556553239 2130557 4161179648 276930560 72843264 3881915 2663050 598924 1023849 5163329
1790458967298 0 144530 8156 822907461 822337292 0 0 0 0 0 0 556651096 2130845 4164157440 591327232 33554432 4278083 2918587 698391 1092773 5340138
1790458968317 0 133733 17232 823027749 822459222 0 0 0 0 0 0 556722006 2131059 4164468736 593858560 17084416 4572837 3106854 768714 1162969 5661532
1790458969354 0 66607 1937 823098635 822612657 0 0 0 0 0 0 556778424 2131209 4165443584 284708864 9973760 4773873 3230263 823083 1210338 6136188
1790458970390 0 148141 5894 823253259 822682061 0 0 0 0 0 0 556892332 2131515 4167614464 610406400 0 5169027 3495628 937520 1273978 6346100
1790458971414 0 122072 0 823339285 822799760 0 0 0 0 0 0 556966643 2131709 4167643136 486162432 0 5404625 3653729 1007448 1357468 6688659
1790458972444 0 59965 6124 823418775 822935069 0 0 0 0 0 0 557025248 2131876 4167495680 260067328 15446016 5628539 3799866 1071710 1453849 7132560
1790458973468 0 70806 4964 823531010 823037789 0 0 0 0 0 0 557118138 2132155 4169510912 300974080 8269824 5937907 4000875 1164888 1538166 7387173
1790458974496 0 5084 1508 823607941 823183722 0 0 0 0 0 0 557178496 2132363 4169109504 30822400 5513216 6147479 4131803 1224726 1677011 7795572
1790458975524 0 52128 1103 823742059 823271342 0 0 0 0 0 0 557297734 2132744 4169273344 210997248 7548928 6529789 4371759 1343282 1758936 7997477
1790458976547 0 44728 3044 823845034 823379809 0 0 0 0 0 0 557387458 2133009 4169383936 190349312 8392704 6801786 4544928 1433661 1857425 8390609
1790458977593 0 21306 1080 823940625 823500928 0 0 0 0 0 0 557457245 2133232 4167233536 94887936 10223616 7032924 4690473 1501907 1915972 8719257
1790458978628 0 67023 1248 824068719 823582952 0 0 0 0 0 0 557548364 2133513 4165509120 266276864 0 7323484 4874880 1594556 2006534 9090993
1790458979669 0 40750 555 824185940 823727397 0 0 0 0 0 0 557623209 2133726 4163129344 173879296 19365888 7558817 5023253 1667857 2082097 9403814
1790458980719 0 5153 2706 824289839 823864682 0 0 0 0 0 0 557684756 2133917 4160471040 28942336 7471104 7779464 5149306 1731517 2157804 9676280
1790458981739 0 30968 0 824427772 823979310 0 0 0 0 0 0 557763274 2134153 4156735488 103211008 0 8060574 5317792 1808480 2238111 9915748
1790458982764 0 15539 17302 824537273 824086970 0 0 0 0 0 0 557830072 2134332 4153573376 136339456 0 8302317 5454765 1874956 2295892 10213095
1790458983787 0 9645 1114 824641656 824213398 0 0 0 0 0 0 557893485 2134515 4152016896 47083520 2719744 8529985 5595885 1940173 2393637 10541902
1790458984812 0 27695 1390 824765627 824318999 0 0 0 0 0 0 557978370 2134740 4149981184 117329920 12025856 8827499 5772571 2025589 2461469 10778525
1790458985840 0 12972 580 824876756 824446170 0 0 0 0 0 0 558048307 2134935 4149329920 63266816 2134016 9066779 5918390 2093987 2526309 10980983
1790458986892 0 12688 1163 825003958 824572492 0 0 0 0 0 0 558123709 2135167 4147154944 89092096 524288 9336934 6088390 2169527 2616583 11246414
1790458987942 0 3150 12063 825121380 824688700 0 0 0 0 0 0 558219203 2135430 4146585600 68923392 626688 9621535 6279344 2265399 2730821 11548206
1790458988978 0 4814 1599 825226879 824802986 0 0 0 0 0 0 558304945 2135711 4147765248 31125504 2117632 9870808 6447224 2351134 2836749 11840101
1790458990018 0 19946 0 825350480 824912946 0 0 0 0 0 0 558374768 2135954 4146888704 57323520 0 10147358 6620452 2419446 2915956 12018964
1790458991051 0 33951 921 825477740 825025195 0 0 0 0 0 0 558461831 2136256 4147458048 157921280 2494464 10475203 6824868 2507494 3004735 12222615
1790458992083 0 16589 3797 825580187 825142389 0 0 0 0 0 0 558553866 2136505 4148121600 72749056 21667840 10744056 7001119 2601153 3104393 12495959
1790458993106 0 60616 1656 825713430 825233617 0 0 0 0 0 0 558638537 2136763 4147929088 248729600 22413312 11032067 7193506 2685831 3159950 12656448
1790458994136 0 39483 0 825812547 825355368 0 0 0 0 0 0 558717090 2136974 4148690944 143826944 0 11276151 7348397 2759886 3225803 12998933
1790458995161 0 14768 0 825913261 825480916 0 0 0 0 0 0 558787393 2137176 4149362688 36233216 0 11512832 7503833 2831717 3291195 13180887
1790458996186 0 7089 469 826031172 825606057 0 0 0 0 0 0 558860137 2137402 4148412416 32354304 2117632 11784780 7677915 2906574 3358634 13346813
1790458997229 0 27835 538 826157148 825711293 0 0 0 0 0 0 558960914 2137684 4149280768 132689920 8245248 12103930 7883888 3006083 3440653 13575220
1790458998268 0 12643 752 826253038 825822488 0 0 0 0 0 0 559032095 2137896 4150173696 51712000 11517952 12343689 8039313 3079315 3522274 13855358
1790458999293 0 42344 0 826378430 825918540 0 0 0 0 0 0 559151432 2138203 4152586240 153300992 0 12684581 8258604 3194385 3580764 14032744
1790459000323 0 2564 1001 826476201 826055183 0 0 0 0 0 0 559215098 2138398 4152422400 22528000 2605056 12924784 8411163 3262315 3664390 14321699
1790459001351 0 10145 4 826593612 826165950 0 0 0 0 0 0 559298051 2138639 4152389632 20484096 0 13222026 8586424 3342865 3745784 14495210
1790459002393 0 7657 12219 826730650 826293231 0 0 0 0 0 0 559389591 2138951 4151033856 103473152 20078592 13561823 8801011 3434766 3880729 14773418
1790459003437 0 4826 935 826845625 826422362 0 0 0 0 0 0 559477910 2139250 4151910400 23285760 1785856 13857228 8992598 3523162 3952398 14991773
1790459004472 0 6834 4964 826975277 826545970 0 0 0 0 0 0 559579214 2139573 4153528320 70447104 8204288 14176402 9207590 3624898 4040332 15258325
1790459005532 0 8632 441 827092440 826665926 0 0 0 0 0 0 559656813 2139828 4154077184 49352704 3551232 14457165 9388555 3703444 4128940 15594525
1790459006570 0 64205 1268 827243550 826760565 0 0 0 0 0 0 559775455 2140189 4154601472 261341184 17154048 14860854 9643248 3822724 4216549 15737230
1790459007607 0 47970 1346 827357192 826890495 0 0 0 0 0 0 559863240 2140733 4154183680 213708800 5165056 15128628 9828322 3908940 4270942 15902421
1790459008652 0 63120 0 827469435 826988941 0 0 0 0 0 0 559952649 2141007 4153995264 239452160 0 15413326 10012345 3998228 4348435 16201332
1790459009679 0 5485 0 827557240 827134187 0 0 0 0 0 0 560013970 2141203 4154277888 131072 1769472 15630652 10143602 4057204 4462253 16530249
1790459010708 0 5559 1034 827684427 827260475 0 0 0 0 0 0 560106758 2141569 4154200064 35262464 4845568 15942679 10347789 4153021 4539083 16817085
1790459011734 0 37183 44 827820066 827365271 0 0 0 0 0 0 560187966 2141963 4153315328 132186112 0 16250808 10542694 4232221 4616776 16976428
1790459012761 0 48350 10065 827955258 827479289 0 0 0 0 0 0 560278435 2142236 4153012224 259084288 3739648 16573657 10753113 4325140 4693612 17114383
1790459013817 0 13586 930 828065944 827634057 0 0 0 0 0 0 560351657 2142486 4151836672 74608640 3362816 16816634 10913328 4396014 4766456 17356360
1790459014848 0 42520 4734 828151400 827686597 0 0 0 0 0 0 560413793 2142688 4152000512 174321664 36831232 17032050 11050054 4461108 4817789 17389291
1790459015884 0 39065 479 828251286 827794238 0 0 0 0 0 0 560492392 2142924 4152643584 169910272 5312512 17268177 11204159 4537049 4905723 17615606
1790459016921 0 88464 0 828359290 827853344 0 0 0 0 0 0 560576811 2143197 4153548800 349491200 0 17557470 11382590 4623550 4976204 17757709
1790459017966 0 8091 0 828436025 828010395 0 0 0 0 0 0 560618862 2143332 4152594432 10940416 0 17714356 11482487 4662730 5050929 18051825
1790459019004 0 27166 1425 828569829 828123657 0 0 0 0 0 0 560699685 2143578 4151345152 119205888 1810432 18022407 11673452 4745432 5107259 18212276
1790459020042 0 11457 2443 828668288 828236802 0 0 0 0 0 0 560766450 2143780 4150165504 43102208 50479104 18224876 11812051 4812642 5182561 18493760
1790459021091 0 9473 4004 828786251 828355273 0 0 0 0 0 0 560853770 2144048 4149293056 55611392 14704640 18501837 11990695 4899963 5261082 18675543
1790459022138 0 5422 0 828898604 828475562 0 0 0 0 0 0 560923468 2144288 4147884032 4096 2134016 18742695 12141099 4968155 5357072 18934887
1790459023166 0 8551 1129 828992979 828565897 0 0 0 0 0 0 560983028 2144499 4146712576 48529408 0 18952117 12275246 5028685 5430785 19178102
1790459024187 0 16871 0 829107956 828673624 0 0 0 0 0 0 561066290 2144781 4146634752 56545280 0 19236550 12447992 5111978 5545506 19487558
1790459025206 0 26869 0 829197665 828753287 0 0 0 0 0 0 561137030 2144999 4146614272 107728896 0 19466142 12592342 5183811 5625743 19656390
1790459026226 0 19566 74 829291896 828854928 0 0 0 0 0 0 561202726 2145195 4145643520 78069760 0 19673471 12725272 5248461 5698661 19870763
1790459027254 0 67924 0 829391985 828906450 0 0 0 0 0 0 561268450 2145411 4144693248 265359360 0 19908877 12865927 5314131 5768932 19988791
1790459028287 0 543 5500 829471223 829047751 0 0 0 0 0 0 561321348 2145607 4144574464 20480 30031872 20097878 12986422 5368058 5855883 20329709
1790459029313 0 28556 1118 829600584 829153376 0 0 0 0 0 0 561397695 2145892 4143034368 133668864 6799360 20372859 13164995 5444912 5938819 20563685
1790459030342 0 73299 0 829723445 829232511 0 0 0 0 0 0 561480008 2146192 4142174208 289464320 0 20649067 13342537 5524743 6038083 20802894
1790459031379 0 29168 393 829800736 829353725 0 0 0 0 0 0 561529244 2146353 4141887488 138686464 4464640 20822274 13455383 5573247 6103057 20987308
1790459032415 0 42707 0 829921538 829461446 0 0 0 0 0 0 561612255 2146654 4142133248 167956480 0 21103583 13640211 5658474 6217477 21250166
1790459033435 0 27340 0 830010342 829565531 0 0 0 0 0 0 561682529 2146903 4142911488 107536384 0 21314315 13781978 5728599 6280305 21437281
1790459034456 0 59464 0 830111934 829635119 0 0 0 0 0 0 561759195 2147211 4143714304 235888640 0 21570681 13942596 5805444 6355772 21595783
1790459035480 0 37331 2277 830201774 829744816 0 0 0 0 0 0 561818295 2147430 4143714304 167342080 5390336 21779639 14078421 5864490 6416892 21765010
1790459036503 0 578 14512 830299588 829867322 0 0 0 0 0 0 561888386 2147688 4142903296 49483776 28872704 22018105 14234204 5935609 6497027 22022205
1790459037526 0 34519 0 830415655 829963670 0 0 0 0 0 0 561958494 2147953 4142608384 134451200 0 22264157 14399145 6005390 6563836 22229014
1790459038545 0 26270 13926 830504835 830047197 0 0 0 0 0 0 562022653 2148173 4142829568 118620160 51216384 22481242 14541009 6069363 6625763 22409825
1790459039569 0 20613 6505 830592266 830147700 0 0 0 0 0 0 562092481 2148416 4143898624 82350080 45031424 22694185 14682747 6139699 6699515 22628078
1790459040590 0 41144 5548 830692594 830228481 0 0 0 0 0 0 562167899 2148677 4145143808 195940352 0 22937188 14841605 6213371 6774506 22807782
1790459041613 0 20557 7081 830792221 830347203 0 0 0 0 0 0 562235047 2148953 4145528832 109166592 14839808 23182908 14994796 6281687 6830566 22950313
1790459042635 0 55928 805 830886804 830412753 0 0 0 0 0 0 562307045 2149221 4146634752 239185920 3870720 23412394 15146993 6352789 6899366 23040475
1790459043657 0 7059 372 830974195 830549434 0 0 0 0 0 0 562379300 2149476 4147527680 44322816 2134016 23653373 15294281 6426558 6960681 23247029
1790459044681 0 87343 0 831079641 830574819 0 0 0 0 0 0 562441898 2149737 4146814976 349097984 0 23881147 15445035 6487598 7006701 23282880
1790459045714 0 44277 1 831180060 830718350 0 0 0 0 0 0 562508120 2149988 4146536448 168574976 0 24114759 15596831 6553802 7089013 23493088
1790459046751 0 55441 0 831274184 830801352 0 0 0 0 0 0 562576435 2150259 4147118080 218873856 0 24334672 15744436 6621100 7169764 23681039
1790459047786 0 10327 0 831359177 830931445 0 0 0 0 0 0 562625735 2150453 4146757632 18243584 0 24517310 15862121 6671426 7232748 23895115
1790459048820 0 7421 21 831457287 831032355 0 0 0 0 0 0 562682954 2150708 4146900992 4648960 0 24725906 16002315 6727952 7288220 24108874
1790459049856 0 84413 0 831594617 831092747 0 0 0 0 0 0 562764758 2151033 4146335744 330555392 0 25036281 16203657 6809474 7373707 24224839
1790459050888 0 943 1262 831666500 831246865 0 0 0 0 0 0 562819728 2151254 4147306496 12718080 3256320 25220745 16322340 6865952 7478865 24588970
1790459051916 0 20149 1168 831762931 831324063 0 0 0 0 0 0 562891077 2151502 4148076544 98586624 1388544 25446621 16473919 6936261 7556078 24776269
1790459052952 0 16331 991 831866821 831432151 0 0 0 0 0 0 562963956 2151791 4148473856 78028800 7950336 25693216 16636751 7010210 7611769 24893962
1790459053977 0 11828 7553 831940964 831504203 0 0 0 0 0 0 563033318 2152038 4150112256 70897664 20013056 25895285 16768103 7080542 7658687 25131356
1790459054998 0 126911 0 832069045 831524631 0 0 0 0 0 0 563117031 2152367 4149989376 507179008 0 26192279 16958284 7163736 7706009 25193782
1790459056027 0 6400 646 832127166 831702571 0 0 0 0 0 0 563163109 2152554 4148994048 41172992 10113024 26333766 17048172 7207842 7811694 25608072
1790459057064 0 43536 15572 832260575 831783931 0 0 0 0 0 0 563264440 2152947 4148346880 258752512 0 26682609 17264123 7311604 7895188 25731198
1790459058089 0 45168 2810 832345567 831880143 0 0 0 0 0 0 563320896 2153185 4148457472 204525568 5095424 26888603 17391191 7367690 7963317 25945093
1790459059124 0 525 55 832433093 832015188 0 0 0 0 0 0 563385630 2153443 4148023296 10555392 11145216 27107951 17529332 7431355 8020720 26110750
1790459060159 0 27684 0 832550823 832105542 0 0 0 0 0 0 563459561 2153737 4147183616 106340352 0 27384241 17696114 7504806 8082311 26253657
1790459061199 0 41279 1079 832638897 832179235 0 0 0 0 0 0 563521287 2154002 4146909184 175493120 5361664 27587100 17830494 7566456 8135394 26358104
1790459062225 0 59757 0 832746293 832269118 0 0 0 0 0 0 563588821 2154273 4145823744 236224512 0 27827348 17986307 7635018 8230655 26485173
1790459063246 0 54006 0 832835891 832364419 0 0 0 0 0 0 563657087 2154533 4147040256 218796032 0 28051404 18128476 7703801 8290356 26616789
1790459064266 0 0 5206 832928168 832505467 0 0 0 0 0 0 563731561 2154824 4147703808 29597696 2441216 28288252 18278517 7778268 8380559 26889092
1790459065298 0 37464 957 833022858 832567190 0 0 0 0 0 0 563792542 2155066 4146671616 156409856 3444736 28496213 18410869 7838369 8441160 27057704
1790459066337 0 59255 435 833130501 832653513 0 0 0 0 0 0 563871656 2155373 4146712576 254398464 2211840 28745874 18576836 7916830 8539491 27241407
1790459067387 0 38325 7995 833232417 832768620 0 0 0 0 0 0 563954858 2155714 4147167232 200740864 28614656 29013342 18739722 8000543 8635676 27492663
1790459068434 0 38122 10074 833336829 832871275 0 0 0 0 0 0 564027296 2155984 4146679808 208543744 0 29257977 18896789 8072558 8732749 27843276
1790459069453 0 79760 0 833437865 832940612 0 0 0 0 0 0 564104564 2156274 4146528256 322330624 0 29511269 19052555 8150759 8808525 28012212
1790459070476 0 13072 1 833516140 833085680 0 0 0 0 0 0 564157803 2156495 4145967104 36995072 0 29687981 19167472 8199974 8905463 28313617
1790459071516 0 5498 0 833620377 833197369 0 0 0 0 0 0 564238810 2157162 4146114560 3211264 0 29949676 19336046 8281706 9001659 28568863
1790459072544 0 41769 1 833730366 833271206 0 0 0 0 0 0 564305347 2157458 4144603136 154324992 0 30185589 19490223 8347985 9081940 28792844
1790459073568 0 58294 2752 833835398 833357107 0 0 0 0 0 0 564385824 2157792 4145074176 250793984 4435968 30460854 19663112 8432598 9179002 29090106
1790459074588 0 78382 0 833931226 833435257 0 0 0 0 0 0 564457618 2158057 4144631808 304390144 0 30670507 19805241 8501335 9283467 29398175
1790459075618 0 23893 1250 833985750 833543243 0 0 0 0 0 0 564507502 2158222 4145815552 112054272 3731456 30834040 19904432 8553745 9359651 29765731
1790459076658 0 45523 3594 834085008 833618541 0 0 0 0 0 0 564582447 2158498 4145704960 205574144 3706880 31090869 20066365 8628647 9442360 30055100
1790459077696 0 6334 422 834149458 833725490 0 0 0 0 0 0 564628630 2158672 4145582080 25227264 950272 31241159 20165870 8675341 9495465 30355317
1790459078723 0 15432 2243 834246342 833811263 0 0 0 0 0 0 564705891 2158975 4145049600 79372288 8110080 31489226 20325015 8752597 9555766 30665152
1790459079779 0 36535 1103 834358589 833903546 0 0 0 0 0 0 564777215 2159274 4144484352 171483136 3883008 31746138 20485347 8821841 9640717 30981000
1790459080835 0 3406 61 834429900 834009213 0 0 0 0 0 0 564820275 2159441 4144578560 6385664 2985984 31890413 20584853 8865076 9732709 31393703
1790459081888 0 29585 880 834534001 834086036 0 0 0 0 0 0 564899679 2159772 4144320512 130646016 2441216 32158428 20752047 8943682 9798571 31684306
1790459082943 0 29867 595 834622582 834174501 0 0 0 0 0 0 564977755 2160050 4145209344 130646016 4730880 32382499 20905621 9023262 9882721 31983696
1790459083992 0 37519 11295 834725925 834259726 0 0 0 0 0 0 565047848 2160342 4145299456 202133504 2043904 32634121 21063961 9094556 9956408 32298396
1790459085025 0 39269 373 834811801 834354610 0 0 0 0 0 0 565114348 2160603 4144734208 160399360 2342912 32862650 21198376 9158726 10036644 32563544
1790459086055 0 23303 1525 834898685 834456515 0 0 0 0 0 0 565182042 2160868 4145111040 100278272 6004736 33085845 21341718 9227957 10134046 32880245
1790459087079 0 40753 4025 834997522 834535648 0 0 0 0 0 0 565265533 2161173 4146069504 164888576 24322048 33341802 21510202 9312240 10212629 33122850
1790459088119 0 65340 5083 835105991 834618217 0 0 0 0 0 0 565342058 2161476 4145111040 282648576 16797696 33586040 21673513 9388254 10302707 33396530
1790459089156 0 42643 865 835181772 834720798 0 0 0 0 0 0 565402116 2161718 4145893376 170647552 11685888 33781034 21799323 9449354 10369315 33743928
1790459090189 0 57359 652 835285630 834810279 0 0 0 0 0 0 565477594 2162040 4146282496 236675072 3444736 34046963 21961534 9522774 10466317 34029618
1790459091242 0 23697 967 835351547 834909529 0 0 0 0 0 0 565523806 2162233 4146413568 101765120 3919872 34212655 22065233 9568249 10537908 34335690
1790459092266 0 21715 1183 835446902 835006523 0 0 0 0 0 0 565599807 2162531 4146417664 92045312 1654784 34464783 22220307 9644976 10647149 34658182
1790459093287 0 13317 0 835538937 835108158 0 0 0 0 0 0 565668589 2162806 4146647040 33845248 0 34681694 22365256 9713541 10737140 35001842
1790459094313 0 39061 1506 835661764 835203801 0 0 0 0 0 0 565741323 2163106 4144947200 169598976 7262208 34967566 22542494 9788028 10813220 35275492
1790459095360 0 95073 1313 835795207 835281435 0 0 0 0 0 0 565844910 2163520 4145315840 417685504 12095488 35308481 22758567 9891102 10876943 35446005
1790459096430 0 36184 584 835864021 835409822 0 0 0 0 0 0 565887787 2163701 4144783360 153489408 2465792 35454750 22853878 9932042 10982723 35866130
1790459097467 0 569 890 835940526 835521661 0 0 0 0 0 0 565946847 2163929 4145430528 32768 15982592 35645032 22981742 9994063 11059929 36199450
1790459098487 0 6754 38 836049990 835625861 0 0 0 0 0 0 566025804 2164213 4144664576 23121920 5464064 35910653 23147042 10071486 11165434 36594446
1790459099514 0 5353 10812 836161183 835727952 0 0 0 0 0 0 566098768 2164505 4145119232 19791872 59629568 36162802 23313804 10145991 11228963 36829663
1790459100551 0 8242 1414 836258767 835831663 0 0 0 0 0 0 566159393 2164744 4144168960 51531776 1191936 36385226 23452437 10205584 11335482 37177252
1790459101588 0 128499 0 836404778 835858813 0 0 0 0 0 0 566274028 2165190 4145192960 522633216 0 36775996 23693862 10320171 11438721 37333909
1790459102626 0 86287 960 836461836 835957421 0 0 0 0 0 0 566310511 2165346 4144549888 342790144 31744000 36896643 23776250 10357048 11511123 37650558
1790459103673 0 23568 842 836530343 836088513 0 0 0 0 0 0 566360826 2165552 4144988160 99397632 2715648 37049929 23878238 10406507 11581026 38007831
1790459104695 0 34521 0 836622604 836170685 0 0 0 0 0 0 566435499 2165834 4145577984 131276800 0 37294167 24030265 10481692 11668078 38344203
1790459105734 0 42602 753 836711952 836251210 0 0 0 0 0 0 566492720 2166077 4145401856 183148544 13623296 37484190 24157777 10538693 11741741 38605283
1790459106784 0 23811 16 836792294 836350987 0 0 0 0 0 0 566552975 2166310 4145618944 79884288 0 37676796 24277154 10596467 11830440 38932282
1790459107808 0 33115 74 836894654 836444083 0 0 0 0 0 0 566616488 2166576 4145229824 113373184 0 37913072 24426092 10660630 11925564 39251681
1790459108835 0 54823 3885 837004009 836527885 0 0 0 0 0 0 566695593 2166900 4145127424 241598464 3686400 38197879 24598870 10742299 11997310 39552654
1790459109871 0 34083 1606 837088448 836635472 0 0 0 0 0 0 566754078 2167118 4144504832 156692480 7487488 38380576 24718954 10800315 12066275 39913899
1790459110912 0 29365 0 837185201 836738425 0 0 0 0 0 0 566812338 2167354 4144353280 102195200 0 38577235 24855693 10855436 12150410 40201092
1790459111948 0 19955 21 837271042 836833708 0 0 0 0 0 0 566890869 2167648 4144840704 66387968 0 38808733 25009547 10933499 12251450 40524844
1790459112975 0 98205 0 837410629 836894971 0 0 0 0 0 0 566995152 2168080 4146053120 395780096 0 39166496 25240337 11040828 12325421 40697704
1790459114001 0 64134 3281 837498680 837013845 0 0 0 0 0 0 567071095 2168380 4147052544 256303104 23846912 39411357 25385155 11118345 12429612 41210518
1790459115039 0 2049 577 837558584 837138614 0 0 0 0 0 0 567115309 2168569 4146712576 23257088 622592 39555430 25474964 11161504 12525297 41665442
1790459116094 0 18891 60 837657830 837221464 0 0 0 0 0 0 567188729 2168884 4146733056 71749632 4665344 39790305 25628762 11233938 12611114 41972030
1790459117115 0 81400 0 837792085 837293253 0 0 0 0 0 0 567284046 2169262 4145729536 316186624 0 40124191 25834023 11330750 12709857 42237553
1790459118145 0 3151 553 837838941 837417887 0 0 0 0 0 0 567316420 2169406 4145131520 12566528 4489216 40239606 25901956 11361601 12776550 42664574
1790459119176 0 31127 5958 837959617 837505076 0 0 0 0 0 0 567405001 2169757 4145029120 127504384 35352576 40531288 26087285 11452268 12848230 42935631
1790459120199 0 90039 0 838069318 837561731 0 0 0 0 0 0 567489537 2170108 4143742976 365449216 0 40806347 26263979 11535731 12951569 43187482
1790459121223 0 70734 570 838131964 837643048 0 0 0 0 0 0 567544979 2170320 4144324608 286552064 2117632 40978884 26366925 11590503 13036767 43475896
1790459122249 0 42221 659 838212749 837752535 0 0 0 0 0 0 567594838 2170557 4143742976 176439296 4599808 41164607 26486612 11641544 13142297 43825024
1790459123270 0 35500 0 838300145 837847041 0 0 0 0 0 0 567658733 2170814 4144685056 123355136 0 41377174 26617798 11704421 13204037 44093890
1790459124297 0 33234 7112 838391481 837933732 0 0 0 0 0 0 567729091 2171094 4144021504 136126464 36474880 41628226 26769768 11775798 13282014 44466977
1790459125316 0 4308 1114 838464245 838041377 0 0 0 0 0 0 567779129 2171305 4143747072 23265280 2494464 41779279 26877197 11825350 13342995 44757815
1790459126344 0 2652 0 838555437 838135214 0 0 0 0 0 0 567865212 2171642 4144930816 4108288 1011712 42017030 27027246 11910090 13459958 45144286
1790459127391 0 2076 259 838655416 838235641 0 0 0 0 0 0 567933625 2171953 4144984064 2174976 33415168 42271198 27182835 11980329 13551717 45473271
1790459128436 0 4355 3677 838753779 838328398 0 0 0 0 0 0 567999284 2172242 4144803840 17424384 24109056 42518371 27328952 12046572 13657101 45818427
1790459129458 0 27011 929 838866906 838421565 0 0 0 0 0 0 568079807 2172573 4145168384 116174848 1667072 42791397 27495437 12124624 13720499 46044957
1790459130508 0 46592 332 838978328 838514062 0 0 0 0 0 0 568150553 2172915 4143607808 204251136 3858432 43034637 27657817 12196615 13813114 46360792
1790459131562 0 68827 1789 839073028 838585356 0 0 0 0 0 0 568222984 2173238 4142583808 296935424 3416064 43268818 27807927 12268671 13912928 46636378
1790459132620 0 76415 1173 839155686 838660842 0 0 0 0 0 0 568294858 2173530 4143788032 324861952 3432448 43484612 27951156 12340544 13992400 46935979
1790459133645 0 57611 1241 839238673 838762474 0 0 0 0 0 0 568359357 2173829 4145291264 235798528 12525568 43688035 28081525 12406577 14082206 47243253
1790459134666 0 71 0 839272267 838854755 0 0 0 0 0 0 568387891 2173950 4149104640 131072 0 43771230 28136268 12433090 14156813 47558118
1790459135686 0 105 0 839272327 838854817 0 0 0 0 0 0 568563075 2174586 4172656640 131072 0 43951931 28303707 12606279 14263117 47719617
1790459136706 0 126 0 839272348 838854817 0 0 0 0 0 0 568742541 2175151 4176756736 131072 0 44171070 28484147 12787720 14347277 47817645
1790459137726 0 139 0 839272361 838854817 0 0 0 0 0 0 568909920 2175582 4181929984 131072 0 44655227 28650471 12955307 14461223 47883631
1790459138748 0 201 0 839272423 838854817 0 0 0 0 0 0 569042990 2177060 4182908928 131072 0 44993667 28785132 13090207 14685724 47959379
