1790456431113 0 0 0 641419616 641107231 0 0 0 0 0 0 436567888 1674400 - - - - - - - -
1790456432234 0 112858 2250 641671349 641243873 0 0 0 0 0 0 436567897 1674510 983293952 433123328 16789504 0 0 9 0 4840
1790456433278 0 167208 3865 641873692 641390128 0 0 0 0 0 0 436567897 1674510 1824821248 706396160 6582272 0 0 9 0 15626
1790456434343 0 178098 1984 642000326 641507886 0 0 0 0 0 0 436567897 1674511 2355646464 739979264 6340608 0 0 9 0 120846
1790456435374 0 186018 1979 642105170 641604618 0 0 0 0 0 0 436567897 1674511 2775220224 762155008 8138752 0 0 9 0 212797
1790456436414 0 171755 2556 642213881 641727441 0 0 0 0 0 0 436567897 1674511 3219009536 713093120 8388608 0 0 9 0 387480
1790456437450 0 162773 2048 642337168 641859969 0 0 0 0 0 0 436567897 1674512 3731726336 659791872 8388608 0 0 9 0 452837
1790456438478 0 156060 4086 642461667 641989106 0 0 0 0 0 0 436567939 1674515 4141711360 615010304 25165824 55905 19890 9 9954 511205
1790456439500 0 192025 3005 642622661 642115253 0 0 0 0 0 0 436574020 1674523 4140290048 786972672 8388608 335149 189950 6090 60861 595713
1790456440521 0 196957 2043 642749561 642238096 0 0 0 0 0 0 436585619 1674540 4140072960 785158144 16142336 531510 325118 17251 98752 673335
1790456441562 0 150435 8172 642843514 642372552 0 0 0 0 0 0 436594675 1674653 4139638784 662315008 34770944 673857 431368 26780 124045 989337
1790456442623 0 148286 1867 642994247 642531706 0 0 0 0 0 0 436618325 1674691 4139999232 616566784 25165824 887938 602921 49664 173879 1188904
1790456443672 0 144507 2067 643139949 642680880 0 0 0 0 0 0 436642054 1674788 4140662784 596594688 7651328 1146673 769952 72619 218979 1500599
1790456444714 0 140971 5023 643259190 642800708 0 0 0 0 0 0 436667189 1674944 4142034944 596291584 16777216 1380394 915236 98747 265005 1727268
1790456445757 0 87529 2784 643339965 642937342 0 0 0 0 0 0 436691253 1675053 4143677440 366682112 8388608 1536453 1022216 122826 310997 2003424
1790456446777 0 136785 4092 643496197 643042848 0 0 0 0 0 0 436731957 1675249 4145954816 557412352 16777216 1804188 1216448 163070 351890 2228848
1790456447797 0 148460 3869 643622865 643158113 0 0 0 0 0 0 436776652 1675398 4148973568 616435712 0 2036483 1384834 208209 414038 2377507
1790456448838 0 134449 8206 643746752 643291732 0 0 0 0 0 0 436814036 1675545 4150886400 587018240 16363520 2265428 1548202 245616 457937 2583407
1790456449874 0 140158 13197 643867815 643402060 0 0 0 0 0 0 436856657 1675768 4152807424 574218240 54046720 2506876 1713870 288797 554720 2818904
1790456450901 0 58518 4043 643926041 643550984 0 0 0 0 0 0 436883411 1675880 4154699776 241664000 8388608 2621399 1790815 313962 606930 3281353
1790456451930 0 115868 3657 644075089 643643093 0 0 0 0 0 0 436933143 1676075 4155179008 466509824 7798784 2910597 1989036 363718 664151 3536891
1790456452955 0 115704 9087 644187137 643749934 0 0 0 0 0 0 436994658 1676271 4157423616 473288704 37220352 3163300 2168709 426769 713289 3780718
1790456454002 0 118270 3702 644312174 643877969 0 0 0 0 0 0 437055167 1676471 4159115264 504356864 85442560 3425036 2348623 485229 775238 4101751
1790456455060 0 115254 2739 644434294 644004073 0 0 0 0 0 0 437120369 1676680 4160450560 487014400 51253248 3688191 2533781 550903 848743 4387519
1790456456109 0 116399 6144 644553752 644118854 0 0 0 0 0 0 437204405 1676922 4162781184 484884480 22175744 4007659 2741619 635996 920766 4650990
1790456457140 0 48891 11 644633685 644272363 0 0 0 0 0 0 437250009 1677057 4163674112 175845376 0 4188801 2860457 680735 975089 5037306
1790456458168 0 71617 3561 644774843 644387280 0 0 0 0 0 0 437333693 1677314 4164792320 305377280 18804736 4540252 3090088 765197 1039081 5236442
1790456459203 0 74956 4924 644881823 644489558 0 0 0 0 0 0 437422165 1677561 4166811648 303915008 37142528 4858122 3284466 853209 1087585 5456533
1790456460233 0 98753 0 645005539 644594289 0 0 0 0 0 0 437510191 1677806 4168155136 382652416 0 5160946 3490224 940727 1170287 5775783
1790456461260 0 91079 0 645118610 644715121 0 0 0 0 0 0 437604400 1678046 4167974912 356106240 0 5470318 3694101 1030517 1245614 6073956
1790456462289 0 36130 1895 645207645 644857235 0 0 0 0 0 0 437669797 1678291 4168425472 159678464 8388608 5716343 3854972 1100838 1393704 6403262
1790456463313 0 120220 17564 645375238 644925075 0 0 0 0 0 0 437806394 1678749 4168884224 490045440 80334848 6177514 4152249 1238461 1479878 6617794
1790456464357 0 5630 0 645426061 645108042 0 0 0 0 0 0 437858405 1678899 4169383936 38395904 10530816 6325227 4246702 1288495 1534349 7003602
1790456465421 0 22035 1816 645561230 645224785 0 0 0 0 0 0 437968806 1679233 4168433664 107450368 9818112 6685698 4473357 1397161 1629844 7260292
1790456466450 0 20906 625 645692120 645358098 0 0 0 0 0 0 438071485 1679549 4167319552 89595904 7446528 7026236 4683941 1502529 1776973 7600302
1790456467480 0 13413 188 645816839 645490782 0 0 0 0 0 0 438162774 1679801 4165517312 55463936 5713920 7312233 4865792 1593360 1853957 7860885
1790456468506 0 33514 445 645962995 645616767 0 0 0 0 0 0 438257041 1680084 4162441216 136929280 7041024 7611156 5047741 1687583 1924523 8141986
1790456469546 0 21289 1332 646077491 645742420 0 0 0 0 0 0 438324292 1680299 4159770624 90832896 16240640 7849153 5187394 1755333 2009197 8465861
1790456470596 0 9923 950 646198604 645875523 0 0 0 0 0 0 438394039 1680492 4155994112 54960128 1822720 8106029 5337687 1825013 2083146 8736649
1790456471630 0 27734 1979 646328353 645986203 0 0 0 0 0 0 438479243 1680730 4153020416 124215296 5894144 8393690 5508126 1910809 2151364 9026111
1790456472668 0 12467 2010 646441846 646114935 0 0 0 0 0 0 438545685 1680925 4150468608 48898048 50540544 8632962 5656205 1977278 2209902 9274726
1790456473724 0 1295 516 646552046 646237837 0 0 0 0 0 0 438621907 1681132 4149489664 12890112 4812800 8883495 5809414 2052963 2331201 9612523
1790456474754 0 62452 1 646706995 646332015 0 0 0 0 0 0 438719302 1681411 4148391936 228392960 0 9215510 6015822 2148556 2397505 9782656
1790456475777 0 2845 16498 646797178 646465568 0 0 0 0 0 0 438770724 1681557 4146081792 11399168 82382848 9416492 6141257 2202796 2488105 10082410
1790456476820 0 0 5822 646901351 646583177 0 0 0 0 0 0 438853407 1681825 4146176000 53035008 3354624 9665631 6306053 2283305 2555196 10258762
1790456477849 0 23346 5221 647036759 646695735 0 0 0 0 0 0 438957901 1682167 4146466816 119070720 8400896 9989245 6525996 2389517 2652378 10503916
1790456478887 0 8908 0 647144511 646823229 0 0 0 0 0 0 439021337 1682373 4146069504 14475264 0 10230467 6677737 2451093 2711553 10787685
1790456479916 0 2568 2071 647265040 646947843 0 0 0 0 0 0 439110412 1682645 4146814976 4239360 25329664 10533576 6872885 2542487 2796083 11036642
1790456480955 0 38113 232 647409756 647059032 0 0 0 0 0 0 439220197 1682950 4146925568 163676160 3633152 10872333 7098698 2650742 2870805 11223537
1790456481984 0 19387 2 647519160 647187255 0 0 0 0 0 0 439287065 1683141 4146298880 58265600 0 11113354 7250242 2715915 2960238 11522991
1790456483007 0 20345 1367 647638658 647304518 0 0 0 0 0 0 439389509 1683421 4148400128 97058816 0 11432801 7455667 2819034 3041978 11733237
1790456484030 0 20888 123 647758180 647424869 0 0 0 0 0 0 439464365 1683650 4148039680 83591168 25227264 11695682 7633542 2896500 3127561 11983951
1790456485081 0 3996 1171 647864234 647546657 0 0 0 0 0 0 439545472 1683874 4147871744 21172224 10502144 11971867 7802152 2977026 3223806 12273812
1790456486106 0 65819 1975 648012676 647632520 0 0 0 0 0 0 439660269 1684192 4149993472 276099072 8167424 12326206 8036870 3090439 3287592 12440258
1790456487153 0 12379 890 648101795 647776194 0 0 0 0 0 0 439741436 1684409 4150996992 62816256 708608 12572707 8194364 3169465 3365267 12691358
1790456488183 0 54351 0 648245463 647878719 0 0 0 0 0 0 439845667 1684706 4151951360 204247040 0 12922774 8417490 3274770 3447285 12855166
1790456489211 0 11357 3691 648343063 648015460 0 0 0 0 0 0 439913957 1684917 4151963648 60588032 21508096 13183428 8575045 3346026 3505303 13029877
1790456490252 0 5785 0 648450683 648132419 0 0 0 0 0 0 439989364 1685181 4151848960 0 2265088 13439932 8739473 3419306 3601756 13288385
1790456491306 0 84317 684 648611011 648213591 0 0 0 0 0 0 440102995 1685545 4152049664 362438656 5709824 13826300 8995433 3532494 3705825 13515244
1790456492351 0 24232 0 648695973 648359336 0 0 0 0 0 0 440178875 1685785 4153913344 83087360 0 14063213 9144761 3605821 3806251 13757532
1790456493376 0 6761 17228 648817463 648481135 0 0 0 0 0 0 440259697 1686047 4154077184 111755264 0 14355099 9340577 3691283 3876986 13924496
1790456494397 0 26420 0 648939850 648600926 0 0 0 0 0 0 440341819 1686293 4153098240 92815360 0 14652748 9522446 3767475 3941300 14122213
1790456495439 0 980 9737 649055973 648732679 0 0 0 0 0 0 440443440 1686594 4155215872 56311808 22192128 14982029 9734942 3873477 4027870 14417672
1790456496490 0 10849 0 649175140 648851814 0 0 0 0 0 0 440533568 1686868 4154560512 23113728 0 15243990 9923156 3960721 4136739 14645032
1790456497523 0 8509 36 649291642 648970667 0 0 0 0 0 0 440621124 1687112 4154478592 13553664 0 15546012 10107181 4050325 4209239 14862584
1790456498549 0 89920 0 649454638 649052281 0 0 0 0 0 0 440744173 1687496 4154638336 344154112 0 15937369 10366132 4173104 4282870 15011781
1790456499575 0 12850 0 649536464 649211177 0 0 0 0 0 0 440789856 1687637 4153618432 28368896 0 16117028 10483275 4219876 4374288 15349788
1790456500599 0 67360 0 649687320 649307501 0 0 0 0 0 0 440896872 1687952 4153622528 255733760 0 16512768 10721702 4325593 4475564 15526219
1790456501640 0 14341 643 649784505 649457460 0 0 0 0 0 0 440963762 1688160 4152963072 77131776 6139904 16736185 10869559 4394867 4565355 15874753
1790456502679 0 24668 0 649878827 649541681 0 0 0 0 0 0 441032066 1688365 4151971840 90710016 0 16966342 11014945 4464179 4621394 15949443
1790456503701 0 90500 0 649972502 649569563 0 0 0 0 0 0 441100392 1688590 4152201216 364208128 0 17191669 11160979 4531441 4705685 16074587
1790456504722 0 42024 0 650054159 649699683 0 0 0 0 0 0 441154537 1688761 4151992320 150736896 0 17388368 11280958 4583607 4787843 16365069
1790456505751 0 73336 0 650172657 649786789 0 0 0 0 0 0 441248261 1689052 4152750080 286056448 0 17691485 11472565 4678419 4888505 16655249
1790456506784 0 39911 1752 650264916 649910936 0 0 0 0 0 0 441308858 1689250 4151427072 174145536 5668864 17906837 11603854 4738365 4971799 16850012
1790456507808 0 57707 2 650387035 650016734 0 0 0 0 0 0 441388276 1689484 4150030336 225370112 0 18182952 11777923 4819957 5061072 17023688
1790456508831 0 66734 0 650491178 650112032 0 0 0 0 0 0 441469437 1689738 4149903360 258433024 0 18432828 11935810 4900027 5132181 17243664
1790456509857 0 24136 0 650574141 650237400 0 0 0 0 0 0 441529011 1689929 4149755904 73977856 0 18616292 12056807 4959043 5229698 17515925
1790456510891 0 3315 2117 650684563 650366737 0 0 0 0 0 0 441588580 1690135 4147482624 32620544 13398016 18866778 12207005 5020141 5325086 17765218
1790456511920 0 17425 7296 650800547 650463355 0 0 0 0 0 0 441668146 1690399 4146016256 67362816 44761088 19146163 12376222 5100226 5398283 17954224
1790456512960 0 1607 0 650888841 650574753 0 0 0 0 0 0 441737127 1690623 4146208768 3399680 30126080 19360725 12517025 5168085 5471595 18095591
1790456514015 0 20732 2568 650992265 650656551 0 0 0 0 0 0 441808473 1690849 4145000448 105242624 15396864 19592034 12667332 5240058 5559836 18241945
1790456515059 0 6101 14894 651091029 650757527 0 0 0 0 0 0 441880113 1691080 4144099328 117370880 9355264 19827606 12814599 5310371 5611705 18378869
1790456516105 0 45371 0 651207804 650850080 0 0 0 0 0 0 441954957 1691332 4143321088 165339136 0 20099507 12978004 5384025 5701870 18614766
1790456517148 0 37172 2085 651314677 650962986 0 0 0 0 0 0 442023775 1691575 4143239168 172634112 7925760 20337546 13136293 5454368 5777697 18776076
1790456518203 0 46332 0 651435146 651076395 0 0 0 0 0 0 442099470 1691858 4141072384 179032064 0 20588748 13299146 5528046 5869353 19093250
1790456519248 0 19060 3431 651532390 651197539 0 0 0 0 0 0 442163779 1692092 4140875776 76689408 26914816 20820791 13448176 5595774 5919968 19212136
1790456520268 0 35647 0 651633492 651285355 0 0 0 0 0 0 442236318 1692339 4142211072 138022912 0 21052493 13603896 5668384 5985288 19384713
1790456521291 0 11376 0 651718036 651394251 0 0 0 0 0 0 442295357 1692563 4142133248 26587136 0 21240032 13726224 5723354 6055684 19560151
1790456522317 0 65776 0 651834810 651456609 0 0 0 0 0 0 442377533 1692856 4141953024 250941440 0 21522711 13907023 5807035 6124042 19702670
1790456523364 0 2441 73 651923620 651608730 0 0 0 0 0 0 442440727 1693112 4142637056 12779520 9469952 21738595 14047270 5871258 6218331 19901182
1790456524408 0 103907 0 652025228 651608831 0 0 0 0 0 0 442509022 1693345 4142268416 415739904 0 21977544 14205254 5940068 6285949 19911717
1790456525446 0 11306 406 652107641 651783597 0 0 0 0 0 0 442562312 1693534 4141989888 58908672 6557696 22159946 14325589 5992699 6365133 20221698
1790456526487 0 17432 497 652223073 651892603 0 0 0 0 0 0 442647938 1693839 4142202880 80146432 2506752 22430854 14507026 6079048 6444476 20409279
1790456527528 0 4161 365 652315512 651998524 0 0 0 0 0 0 442724871 1694085 4143980544 20799488 39796736 22663025 14660311 6153388 6510879 20601479
1790456528574 0 8959 14892 652417937 652081718 0 0 0 0 0 0 442790876 1694331 4144287744 98578432 7290880 22897917 14816809 6222942 6563915 20718827
1790456529593 0 21651 32 652520592 652186572 0 0 0 0 0 0 442867733 1694631 4144893952 78061568 0 23146776 14974026 6299436 6659625 20992160
1790456530614 0 33303 0 652611197 652265515 0 0 0 0 0 0 442933081 1694894 4145930240 134230016 0 23370723 15118354 6364673 6711317 21118273
1790456531640 0 34446 13649 652697709 652337169 0 0 0 0 0 0 442998654 1695112 4146036736 176783360 39763968 23579297 15255969 6430671 6772475 21245296
1790456532663 0 44806 0 652803804 652446613 0 0 0 0 0 0 443071175 1695373 4145991680 181211136 0 23848231 15420054 6502583 6852841 21441017
1790456533694 0 24799 0 652907362 652570294 0 0 0 0 0 0 443138331 1695627 4146040832 90726400 0 24076214 15571462 6568542 6930344 21650168
1790456534715 0 4919 60 652973647 652656270 0 0 0 0 0 0 443189060 1695818 4146016256 4337664 1454080 24247118 15676301 6617577 7012798 21837142
1790456535738 0 23181 0 653100490 652764952 0 0 0 0 0 0 443275893 1696158 4146089984 91578368 0 24545970 15874408 6707476 7093656 21969517
1790456536757 0 45397 0 653202699 652844883 0 0 0 0 0 0 443328567 1696384 4145152000 178368512 0 24755421 16013068 6758092 7140291 22070444
1790456537797 0 4784 0 653306790 652989568 0 0 0 0 0 0 443387692 1696628 4144930816 4182016 10723328 24988751 16153561 6816130 7229876 22336704
1790456538851 0 11150 440 653399352 653075622 0 0 0 0 0 0 443448051 1696865 4145496064 64315392 1355776 25211380 16300773 6879100 7320939 22510118
1790456539884 0 20773 1 653505365 653172200 0 0 0 0 0 0 443535798 1697180 4147261440 71880704 0 25463890 16476580 6966335 7418125 22732955
1790456540907 0 101395 4672 653600327 653182012 0 0 0 0 0 0 443606672 1697455 4148125696 434331648 16531456 25681348 16629780 7038232 7463384 22744263
1790456541936 0 13430 0 653683803 653358167 0 0 0 0 0 0 443672901 1697698 4148981760 42041344 0 25884096 16761218 7101857 7558897 23209125
1790456542957 0 7859 8468 653789350 653460543 0 0 0 0 0 0 443753712 1697983 4149456896 29388800 50216960 26155959 16933152 7184815 7650415 23372049
1790456543982 0 40429 14231 653883674 653516762 0 0 0 0 0 0 443821274 1698247 4148862976 237772800 2236416 26379372 17078169 7251817 7719412 23471277
1790456545002 0 30772 0 653982135 653638800 0 0 0 0 0 0 443898593 1698556 4148256768 122568704 0 26633666 17234279 7329687 7818451 23727820
1790456546034 0 30728 36 654079538 653736364 0 0 0 0 0 0 443970414 1698848 4147630080 103337984 0 26874117 17385141 7400557 7908009 23932408
1790456547070 0 56082 1026 654161789 653792554 0 0 0 0 0 0 444025465 1699056 4147433472 244494336 1298432 27072850 17510746 7457542 7968743 24033783
1790456548103 0 61736 0 654278188 653904149 0 0 0 0 0 0 444112784 1699396 4147601408 235876352 0 27361612 17690200 7543899 8085806 24275409
1790456549128 0 42825 2568 654361476 654003735 0 0 0 0 0 0 444169429 1699646 4147392512 186675200 5357568 27560156 17821307 7601516 8142391 24431127
1790456550146 0 57696 0 654465025 654094985 0 0 0 0 0 0 444250548 1699944 4146601984 229838848 0 27811863 17984208 7681090 8244552 24663280
1790456551168 0 36609 0 654544333 654195353 0 0 0 0 0 0 444300576 1700151 4146544640 132718592 0 27990560 18099855 7730654 8338227 24851864
1790456552194 0 19855 0 654649917 654317752 0 0 0 0 0 0 444386813 1700474 4146819072 72744960 0 28260459 18268660 7817196 8413427 25058049
1790456553219 0 47870 0 654753968 654393795 0 0 0 0 0 0 444460905 1700780 4147097600 181587968 0 28509466 18424495 7889101 8481646 25207576
1790456554256 0 0 2381 654841087 654526498 0 0 0 0 0 0 444524833 1701063 4147470336 2555904 20725760 28729432 18561901 7956079 8579228 25482466
1790456555274 0 39801 0 654953370 654601095 0 0 0 0 0 0 444607526 1701411 4147060736 157523968 0 29004099 18732488 8037027 8687880 25672340
1790456556295 0 34436 681 655048179 654700863 0 0 0 0 0 0 444678410 1701676 4146999296 153239552 5828608 29243067 18884197 8109453 8742821 25828868
1790456557318 0 28822 492 655135737 654794072 0 0 0 0 0 0 444741075 1701931 4146896896 120524800 19496960 29465142 19019101 8171607 8809840 26006377
1790456558345 0 9226 674 655235279 654913092 0 0 0 0 0 0 444821194 1702247 4146384896 49082368 2482176 29722397 19177602 8251187 8892804 26232913
1790456559370 0 38500 0 655340015 654989294 0 0 0 0 0 0 444888507 1702552 4146098176 147046400 0 29963184 19330455 8319041 8952270 26357436
1790456560403 0 2085 2628 655415865 655098903 0 0 0 0 0 0 444951524 1702811 4145799168 13434880 0 30156535 19452309 8379248 9012988 26537242
1790456561432 0 51107 0 655535291 655171915 0 0 0 0 0 0 445036909 1703150 4145745920 199344128 0 30443187 19635160 8466423 9078783 26701176
1790456562465 0 45658 0 655637268 655279209 0 0 0 0 0 0 445111386 1703437 4145799168 178556928 0 30679923 19789654 8540909 9136650 26859138
1790456563494 0 53529 0 655743963 655378036 0 0 0 0 0 0 445180777 1703687 4144660480 197881856 0 30920053 19946131 8610808 9223767 27065951
1790456564527 0 3030 12684 655829420 655501414 0 0 0 0 0 0 445240360 1703915 4144345088 41914368 39342080 31140283 20081034 8672427 9307009 27380110
1790456565551 0 74452 0 655944088 655557268 0 0 0 0 0 0 445324002 1704237 4144394240 294764544 0 31403220 20258329 8754566 9368276 27488885
1790456566574 0 1548 6368 656039018 655718978 0 0 0 0 0 0 445386450 1704508 4143722496 0 42221568 31623000 20403293 8818515 9446234 27740490
1790456567610 0 47487 4168 656149228 655785582 0 0 0 0 0 0 445468074 1704833 4143128576 236187648 7741440 31881320 20571948 8898483 9530391 27892448
1790456568651 0 17932 0 656245060 655914645 0 0 0 0 0 0 445541007 1705117 4145074176 58728448 0 32113063 20724866 8971536 9629093 28236702
1790456569684 0 6980 12 656322251 656002851 0 0 0 0 0 0 445593576 1705341 4144590848 36409344 10735616 32288427 20839816 9023943 9691995 28419120
1790456570729 0 54698 29 656449669 656082469 0 0 0 0 0 0 445685513 1705727 4144644096 210317312 0 32606481 21036746 9114522 9787378 28630689
1790456571763 0 542 1795 656542171 656227548 0 0 0 0 0 0 445750493 1706006 4144635904 16887808 4870144 32837467 21183390 9181098 9886412 28976277
1790456572788 0 13375 0 656634894 656309117 0 0 0 0 0 0 445824390 1706300 4145459200 39112704 0 33061210 21330558 9253985 9952610 29142451
1790456573817 0 10639 1841 656723802 656398974 0 0 0 0 0 0 445901985 1706581 4145954816 59146240 3493888 33302793 21485804 9333028 10036272 29380557
1790456574840 0 10840 0 656835728 656512524 0 0 0 0 0 0 445971161 1706867 4145082368 29368320 0 33548262 21641188 9400263 10103039 29604212
1790456575860 0 12470 2821 656928601 656600858 0 0 0 0 0 0 446032607 1707117 4145057792 65368064 10244096 33767340 21784250 9464691 10188920 29760257
1790456576886 0 7059 342 657020120 656700486 0 0 0 0 0 0 446099907 1707402 4145278976 34258944 2662400 34000262 21928956 9531471 10270707 29936575
1790456577915 0 7217 50 657104565 656784877 0 0 0 0 0 0 446171954 1707673 4146356224 8519680 0 34213700 22067034 9599412 10366364 30196641
1790456578951 0 8936 0 657210406 656888964 0 0 0 0 0 0 446252632 1708002 4147101696 8921088 0 34482142 22244729 9683518 10449020 30409056
1790456579981 0 1063 59 657334351 657020884 0 0 0 0 0 0 446327879 1708319 4145385472 18989056 15065088 34763655 22425409 9759133 10537842 30627224
1790456581034 0 33602 966 657427030 657080248 0 0 0 0 0 0 446404430 1708598 4145668096 155160576 2781184 34990394 22579061 9834378 10613570 30738732
1790456582064 0 86394 0 657526280 657127569 0 0 0 0 0 0 446483186 1708896 4146409472 351551488 0 35239709 22742711 9913261 10694313 30854811
1790456583094 0 9549 6368 657616688 657288346 0 0 0 0 0 0 446553041 1709165 4146941952 72343552 13582336 35462153 22886600 9984619 10789125 31124718
1790456584121 0 975 10702 657725063 657401179 0 0 0 0 0 0 446621237 1709460 4146409472 2240512 56565760 35706262 23042460 10052333 10871965 31337575
1790456585141 0 62229 7673 657822898 657440679 0 0 0 0 0 0 446685797 1709720 4146593792 254889984 50311168 35942233 23189210 10117774 10946760 31423674
1790456586169 0 55077 7 657925436 657558013 0 0 0 0 0 0 446768728 1710019 4147060736 215232512 0 36202206 23353160 10198866 11057703 31739423
1790456587188 0 74 6068 658021942 657703619 0 0 0 0 0 0 446827314 1710280 4146008064 23232512 9977856 36413865 23491138 10258880 11170638 32086596
1790456588210 0 99327 0 658121182 657709525 0 0 0 0 0 0 446899935 1710555 4145393664 400551936 0 36644160 23646470 10330559 11230186 32121805
1790456589232 0 74824 2646 658222645 657832932 0 0 0 0 0 0 446971859 1711048 4145455104 297807872 26468352 36894893 23801105 10403418 11290243 32406377
1790456590255 0 32880 0 658322514 657977312 0 0 0 0 0 0 447052241 1711385 4146556928 116248576 0 37135637 23962157 10482783 11364847 32687082
1790456591285 0 579 3156 658407687 658091626 0 0 0 0 0 0 447113405 1711660 4146401280 17928192 14106624 37351497 24102229 10544960 11434513 32848461
1790456592309 0 23886 0 658515388 658179192 0 0 0 0 0 0 447195547 1711974 4147011584 91361280 0 37613841 24266536 10625666 11518420 33024331
1790456593330 0 22353 2 658605126 658270337 0 0 0 0 0 0 447259674 1712249 4147752960 86523904 0 37825692 24405191 10690817 11589384 33133337
1790456594352 0 46787 0 658703768 658344671 0 0 0 0 0 0 447333654 1712627 4147355648 191438848 0 38089817 24561048 10763167 11672848 33246677
1790456595376 0 20093 0 658807851 658475422 0 0 0 0 0 0 447391276 1712866 4145897472 68243456 0 38309125 24699016 10820276 11735599 33436121
1790456596405 0 6704 343 658894937 658575544 0 0 0 0 0 0 447453139 1713095 4145987584 19185664 34603008 38531818 24840011 10885202 11819973 33578665
1790456597446 0 45928 1307 658993824 658634217 0 0 0 0 0 0 447518851 1713369 4145074176 202690560 2527232 38749403 24986153 10948147 11882900 33642156
1790456598477 0 46569 0 659095763 658736850 0 0 0 0 0 0 447597724 1713699 4144615424 188329984 0 39000841 25153826 11028778 11960759 33884041
1790456599498 0 15625 0 659194352 658866412 0 0 0 0 0 0 447672364 1714008 4145528832 43991040 0 39227198 25300724 11097704 12040789 34198768
1790456600527 0 35464 0 659289957 658942124 0 0 0 0 0 0 447755965 1714326 4147068928 130711552 0 39489153 25466596 11185569 12137217 34395137
1790456601566 0 36453 8111 659381513 659024632 0 0 0 0 0 0 447840484 1714664 4148248576 192925696 15364096 39753642 25625958 11271544 12214953 34517705
1790456602592 0 30868 4435 659470119 659122447 0 0 0 0 0 0 447905676 1714922 4147789824 124301312 38559744 39968339 25765982 11337264 12284681 34703174
1790456603636 0 3100 0 659568656 659253251 0 0 0 0 0 0 447971676 1715179 4146290688 10485760 3162112 40176143 25899669 11398626 12373202 34986995
1790456604676 0 37093 0 659675197 659325794 0 0 0 0 0 0 448037472 1715467 4144910336 149651456 0 40441599 26057383 11469028 12438075 35123000
1790456605700 0 5535 11 659750949 659432968 0 0 0 0 0 0 448102521 1715734 4145074176 8417280 0 40613655 26175076 11529913 12524216 35409379
1790456606723 0 29410 0 659848434 659506695 0 0 0 0 0 0 448186674 1716065 4146302976 107847680 0 40895586 26346014 11617724 12616465 35613423
1790456607747 0 52305 2309 659936531 659569546 0 0 0 0 0 0 448253397 1716349 4145512448 234668032 4276224 41117538 26488639 11685008 12701016 35728909
1790456608787 0 14011 0 660029290 659702961 0 0 0 0 0 0 448322769 1716659 4146118656 40325120 0 41341574 26628759 11751585 12748923 35906705
1790456609823 0 60430 0 660132679 659759885 0 0 0 0 0 0 448393659 1716953 4145917952 239812608 0 41597167 26786129 11823325 12828242 36038499
1790456610850 0 26702 2075 660231109 659890019 0 0 0 0 0 0 448465520 1717252 4145025024 107417600 34381824 41844449 26944425 11897618 12902660 36234653
1790456611886 0 46241 1 660322823 659964300 0 0 0 0 0 0 448535821 1717534 4145307648 180039680 0 42064409 27085215 11966627 12989199 36375516
1790456612910 0 30820 0 660419828 660076705 0 0 0 0 0 0 448611190 1717846 4145401856 114532352 0 42302175 27235696 12039840 13053596 36554398
1790456613948 0 15617 14133 660500701 660158677 0 0 0 0 0 0 448677434 1718106 4146262016 130596864 7077888 42523627 27372194 12109498 13125409 36793308
1790456614970 0 84985 0 660603776 660206383 0 0 0 0 0 0 448752071 1718395 4146507776 337035264 0 42775035 27527147 12182409 13178882 36903251
1790456615994 0 44513 0 660696706 660339841 0 0 0 0 0 0 448828932 1718742 4146298880 180350976 0 43024826 27679527 12260035 13286488 37201054
1790456617032 0 27612 841 660789842 660448829 0 0 0 0 0 0 448896710 1719041 4145721344 122634240 4481024 43254341 27819364 12326234 13359078 37373770
1790456618086 0 5240 966 660864645 660546107 0 0 0 0 0 0 448951768 1719279 4145659904 31739904 6930432 43431425 27939604 12383318 13462180 37826652
1790456619128 0 17938 2294 660972751 660640376 0 0 0 0 0 0 449034203 1719620 4144852992 68993024 22183936 43715941 28114357 12465756 13556211 38125283
1790456620159 0 18938 651 661070243 660738226 0 0 0 0 0 0 449108845 1719920 4144869376 84320256 2351104 43960271 28267913 12539660 13648448 38448179
1790456621187 0 12405 0 661160863 660836082 0 0 0 0 0 0 449175942 1720214 4145065984 26206208 0 44173663 28405649 12606985 13757449 38759094
1790456622228 0 16233 1476 661248484 660918500 0 0 0 0 0 0 449249385 1720531 4145324032 77316096 2347008 44401710 28551963 12679911 13885207 39162734
1790456623272 0 106 0 661272141 660959718 0 0 0 0 0 0 449344101 1720910 4171423744 131072 0 44538037 28658350 12771663 13926878 39278368
1790456624292 0 132 0 661272167 660959718 0 0 0 0 0 0 449520621 1721576 4173692928 131072 0 44742803 28836930 12950797 14051469 39428546
1790456625312 0 153 0 661272188 660959718 0 0 0 0 0 0 449699506 1722082 4178042880 131072 0 44977732 29013636 13128565 14164007 39551756
1790456626332 0 179 0 661272214 660959718 0 0 0 0 0 0 449858544 1724072 4182401024 131072 0 45597564 29171782 13287775 14337283 39608690
1790456627351 0 189 0 661272235 660959718 0 0 0 0 0 0 449913904 1724776 1789067264 53248 0 45671080 29230026 13345970 14365162 39622122
