1790456160616 0 144 0 621507297 621194732 0 0 0 0 0 0 423237160 1624100 - - - - - - - -
1790456161780 0 131426 4071 621752846 621304926 0 0 0 0 0 0 423237176 1624219 993628160 537133056 16777216 0 0 16 0 2461
1790456162808 0 165161 494 621944337 621466249 0 0 0 0 0 0 423237176 1624220 1762889728 673607680 8175616 0 0 16 0 53014
1790456163838 0 167874 1744 622086440 621604328 0 0 0 0 0 0 423237176 1624221 2331828224 686518272 8228864 0 0 16 0 167500
1790456164903 0 114126 3796 622169548 621739142 0 0 0 0 0 0 423237176 1624235 2687037440 489652224 16482304 0 0 16 0 200711
1790456165949 0 157246 9937 622333353 621854249 0 0 0 0 0 0 423237176 1624254 3348520960 671678464 958464 0 0 16 0 223007
1790456166976 0 145342 6115 622426175 621962297 0 0 0 0 0 0 423237176 1624258 3737636864 613617664 13524992 0 0 16 0 231728
1790456168002 0 145559 6174 622564602 622100454 0 0 0 0 0 0 423237712 1624285 4141502464 607895552 8388608 98171 40352 512 28250 365889
1790456169048 0 89067 53 622650357 622248739 0 0 0 0 0 0 423242273 1624322 4140969984 359329792 20668416 243484 125561 5071 71757 426783
1790456170100 0 185476 2295 622864756 622364922 0 0 0 0 0 0 423256954 1624359 4140044288 754003968 6856704 570041 353839 19325 106631 478524
1790456171128 0 176154 2044 622995003 622504326 0 0 0 0 0 0 423270737 1624376 4139819008 702861312 8388608 760269 496981 33021 146442 626293
1790456172156 0 163806 8046 623119029 622635075 0 0 0 0 0 0 423288009 1624404 4139839488 676700160 33554432 943683 644719 50807 184604 793471
1790456173181 0 87237 11388 623186945 622775831 0 0 0 0 0 0 423303771 1624456 4140662784 396234752 30920704 1071057 726044 66129 235672 1065945
1790456174227 0 44912 6168 623275000 622911421 0 0 0 0 0 0 423320232 1624596 4141088768 206790656 42352640 1251561 830003 82009 283503 1229465
1790456175275 0 131880 4449 623451312 623002778 0 0 0 0 0 0 423364797 1624817 4143747072 563433472 33259520 1578597 1050853 127595 340651 1366722
1790456176341 0 127686 4142 623574888 623130652 0 0 0 0 0 0 423398149 1624974 4145684480 548122624 16777216 1793192 1205495 159923 385510 1533575
1790456177397 0 128323 2086 623699130 623256346 0 0 0 0 0 0 423438914 1625119 4148412416 539054080 54923264 2009647 1365725 200189 436875 1756747
1790456178458 0 113718 4474 623817633 623386945 0 0 0 0 0 0 423479422 1625262 4150734848 491679744 48791552 2235313 1527574 241211 488659 1926377
1790456179514 0 121895 7495 623942764 623500835 0 0 0 0 0 0 423525709 1625500 4153303040 512081920 22523904 2480244 1699014 288006 637322 2274320
1790456180560 0 26980 6104 623997748 623652080 0 0 0 0 0 0 423553105 1625610 4154839040 134946816 8204288 2600358 1777592 313521 722037 2709593
1790456181602 0 100652 6249 624165722 623746441 0 0 0 0 0 0 423609570 1625832 4155641856 447741952 4636672 2928303 2003188 371355 796473 3009315
1790456182646 0 112632 5721 624292579 623861778 0 0 0 0 0 0 423667719 1626040 4157509632 472612864 8318976 3183065 2184568 430003 857568 3237709
1790456183682 0 81207 7146 624399374 623998505 0 0 0 0 0 0 423721050 1626213 4158840832 363810816 16289792 3422926 2346551 483751 907746 3511431
1790456184709 0 74788 2039 624508621 624119357 0 0 0 0 0 0 423785441 1626415 4160344064 319139840 8388608 3666847 2519468 546203 944782 3653727
1790456185763 0 81154 8153 624636402 624234640 0 0 0 0 0 0 423871140 1626666 4162572288 364642304 16777216 3980589 2731277 632401 1009706 3887054
1790456186799 0 140620 5101 624796408 624338324 0 0 0 0 0 0 423960374 1626940 4163907584 575987712 28717056 4365955 2982829 722681 1084326 4167705
1790456187820 0 149791 2086 624915140 624451209 0 0 0 0 0 0 424049809 1627166 4165783552 624947200 0 4695819 3187530 811344 1157286 4457776
1790456188842 0 131762 0 625011406 624567126 0 0 0 0 0 0 424134713 1627395 4168261632 518008832 0 4966439 3363753 895754 1255531 4856747
1790456189864 0 115708 31 625114116 624685896 0 0 0 0 0 0 424189918 1627557 4167430144 453570560 0 5208450 3521565 950609 1338699 5227001
1790456190886 0 103697 0 625220881 624804694 0 0 0 0 0 0 424289587 1627799 4168175616 404852736 0 5516876 3724937 1047558 1427360 5529594
1790456191910 0 37356 1520 625304073 624952737 0 0 0 0 0 0 424342468 1628006 4168347648 148381696 20160512 5734915 3867703 1103762 1612021 5942669
1790456192941 0 103364 24703 625468990 625028533 0 0 0 0 0 0 424481103 1628458 4168015872 511221760 44822528 6192715 4163742 1242530 1742266 6175279
1790456193965 0 49123 524 625538834 625176651 0 0 0 0 0 0 424556122 1628679 4169625600 200110080 5660672 6401017 4300166 1318419 1810298 6594669
1790456195006 0 1995 47 625637109 625322734 0 0 0 0 0 0 424630320 1628917 4168495104 16404480 13647872 6649434 4457799 1392325 1920756 7126916
1790456196057 0 37902 1160 625781643 625429928 0 0 0 0 0 0 424741753 1629400 4166307840 155242496 2379776 7020555 4682202 1501527 2045884 7416207
1790456197093 0 25359 3886 625903557 625561816 0 0 0 0 0 0 424834625 1629680 4165406720 130633728 8249344 7308641 4870830 1595951 2122485 7714930
1790456198129 0 20128 555 626034760 625701721 0 0 0 0 0 0 424913743 1629912 4162138112 83886080 2084864 7556884 5027778 1673196 2228053 8006445
1790456199157 0 16953 10823 626172768 625832731 0 0 0 0 0 0 424992515 1630133 4158472192 74530816 53534720 7834072 5191772 1755355 2312745 8328375
1790456200185 0 24525 0 626302971 625966019 0 0 0 0 0 0 425074064 1630375 4155441152 77594624 0 8102590 5351899 1832329 2390382 8573430
1790456201213 0 1599 2591 626419347 626102988 0 0 0 0 0 0 425139265 1630549 4153044992 2146304 33787904 8350765 5501051 1901034 2484608 8937549
1790456202267 0 4900 7462 626552377 626227492 0 0 0 0 0 0 425231575 1630813 4151664640 59518976 12324864 8668867 5688478 1993858 2568148 9137711
1790456203301 0 14521 39 626670552 626343582 0 0 0 0 0 0 425304933 1631020 4149526528 37416960 0 8915249 5841827 2063374 2639963 9329117
1790456204325 0 20240 2042 626797829 626463114 0 0 0 0 0 0 425394464 1631279 4148068352 90734592 1925120 9221787 6027678 2155726 2710379 9620929
1790456205365 0 71 4673 626912351 626595219 0 0 0 0 0 0 425468318 1631508 4146532352 33849344 21389312 9473252 6189067 2228208 2805327 9936265
1790456206412 0 25120 0 627034528 626696839 0 0 0 0 0 0 425564904 1631811 4146642944 104464384 0 9769122 6382401 2326158 2915284 10221427
1790456207432 0 7697 1101 627154021 626832787 0 0 0 0 0 0 425639623 1632044 4146855936 40120320 4382720 10024364 6560274 2400892 2982902 10494208
1790456208456 0 44558 0 627302353 626945251 0 0 0 0 0 0 425747384 1632366 4147322880 159637504 0 10381628 6788556 2504038 3081450 10705947
1790456209486 0 43336 0 627429155 627073312 0 0 0 0 0 0 425838008 1632640 4147863552 159997952 0 10691673 6983306 2595927 3179705 10984894
1790456210516 0 36930 8444 627573615 627215788 0 0 0 0 0 0 425939317 1632924 4147863552 187305984 10309632 11039611 7208772 2702110 3243896 11173279
1790456211541 0 19294 23 627687938 627356231 0 0 0 0 0 0 426022411 1633161 4148113408 59039744 0 11303802 7381259 2782177 3322240 11465484
1790456212573 0 2047 367 627801161 627486366 0 0 0 0 0 0 426101741 1633392 4148297728 14757888 77824 11582586 7558435 2861976 3437524 11728708
1790456213600 0 66322 2 627958162 627579351 0 0 0 0 0 0 426203432 1633706 4148162560 247832576 0 11943060 7793147 2962732 3521836 11907646
1790456214628 0 57061 12486 628081606 627699822 0 0 0 0 0 0 426303033 1633983 4149141504 282849280 7589888 12254578 8003244 3065371 3614412 12182712
1790456215656 0 8821 508 628162360 627840623 0 0 0 0 0 0 426366184 1634160 4149911552 42307584 1769472 12449850 8131478 3127236 3699634 12510364
1790456216688 0 44995 1473 628292677 627933676 0 0 0 0 0 0 426476473 1634467 4152025088 191815680 1843200 12806200 8355669 3236258 3801758 12725746
1790456217715 0 86151 0 628435713 628036979 0 0 0 0 0 0 426571489 1634745 4152184832 330706944 0 13155733 8569627 3331747 3865599 12906702
1790456218741 0 43764 1241 628544261 628186992 0 0 0 0 0 0 426642098 1634970 4150738944 183910400 1957888 13426411 8740730 3403867 3958035 13234234
1790456219765 0 250 451 628635905 628322568 0 0 0 0 0 0 426721833 1635222 4152086528 5832704 929792 13657337 8899592 3483155 4044224 13577806
1790456220805 0 7196 7373 628769758 628443016 0 0 0 0 0 0 426818656 1635526 4152893440 55341056 27369472 13998659 9117487 3581461 4109775 13747073
1790456221834 0 16364 0 628891491 628562607 0 0 0 0 0 0 426908806 1635803 4153810944 50876416 0 14302340 9309418 3665354 4178222 13897471
1790456222861 0 30156 1752 629035479 628691142 0 0 0 0 0 0 427004620 1636112 4153413632 126365696 24145920 14641833 9539968 3767413 4258841 14083138
1790456223890 0 49164 3140 629172509 628807724 0 0 0 0 0 0 427113653 1636444 4153729024 206209024 0 14985035 9762894 3874919 4343637 14274770
1790456224917 0 4355 1 629267932 628951104 0 0 0 0 0 0 427192201 1636676 4154765312 2371584 0 15234769 9924759 3951415 4420204 14537005
1790456225941 0 529 55 629406297 629093275 0 0 0 0 0 0 427287546 1636949 4153688064 6352896 14446592 15577907 10140291 4049402 4518831 14739489
1790456226970 0 60300 0 629570741 629197899 0 0 0 0 0 0 427405450 1637287 4154134528 223707136 0 15966160 10390084 4166054 4606404 14945866
1790456227992 0 29678 0 629690802 629348579 0 0 0 0 0 0 427481886 1637521 4153466880 102731776 0 16232229 10568318 4241036 4676935 15206069
1790456229018 0 25363 30 629810240 629472471 0 0 0 0 0 0 427567837 1637780 4153319424 82079744 0 16539739 10761954 4329141 4785766 15481172
1790456230043 0 34814 2612 629940725 629590949 0 0 0 0 0 0 427655883 1638048 4151934976 142471168 27262976 16851366 10964589 4418700 4851913 15597453
1790456231066 0 69907 1 630010839 629628375 0 0 0 0 0 0 427715337 1638215 4151664640 278802432 0 17019964 11075302 4476699 4902789 15609918
1790456232106 0 1574 0 630086416 629772388 0 0 0 0 0 0 427772095 1638381 4152578048 4829184 2113536 17200875 11191489 4530743 4957223 15866361
1790456233144 0 50413 6113 630211245 629842156 0 0 0 0 0 0 427863474 1638679 4152725504 242049024 17174528 17513633 11391793 4626267 5032427 16003420
1790456234191 0 13982 461 630299687 629972821 0 0 0 0 0 0 427925399 1639201 4152541184 65753088 6909952 17713352 11520310 4685126 5105010 16295996
1790456235233 0 45517 0 630430160 630072116 0 0 0 0 0 0 428007695 1639456 4151275520 177184768 0 18024280 11705673 4769891 5190421 16476556
1790456236280 0 30967 377 630515812 630172117 0 0 0 0 0 0 428062278 1639630 4149526528 141025280 2707456 18199395 11817161 4821052 5263229 16636858
1790456237307 0 19632 6 630635833 630303830 0 0 0 0 0 0 428149292 1639927 4148785152 63348736 0 18468711 11991031 4908738 5370001 16906147
1790456238330 0 23528 15 630736174 630400220 0 0 0 0 0 0 428212811 1640124 4148301824 78094336 0 18699242 12137344 4972899 5438073 17080929
1790456239359 0 23853 47 630847195 630510806 0 0 0 0 0 0 428283236 1640376 4146769920 76042240 0 18953786 12290804 5042958 5538833 17349746
1790456240395 0 5086 3 630953429 630635824 0 0 0 0 0 0 428364231 1640652 4146700288 2129920 24391680 19224977 12457535 5124465 5630357 17559775
1790456241448 0 23497 0 631050868 630714776 0 0 0 0 0 0 428435864 1640885 4145680384 81956864 0 19447817 12603552 5197144 5705220 17700884
1790456242473 0 72536 0 631154509 630769457 0 0 0 0 0 0 428504386 1641094 4144324608 285884416 0 19681132 12753737 5266669 5747550 17766762
1790456243508 0 35362 5442 631245585 630892317 0 0 0 0 0 0 428568956 1641297 4144467968 183414784 12611584 19911208 12891587 5330217 5822897 17990408
1790456244548 0 24430 0 631354800 631017914 0 0 0 0 0 0 428633144 1641545 4143513600 80166912 0 20144781 13038285 5393400 5893089 18198656
1790456245569 0 39162 1593 631471535 631118618 0 0 0 0 0 0 428713503 1641830 4142231552 177004544 0 20398357 13211741 5475286 5990267 18424547
1790456246593 0 23526 466 631564431 631228087 0 0 0 0 0 0 428779755 1642072 4142223360 108658688 2498560 20601317 13353125 5540493 6044600 18563878
1790456247621 0 28170 0 631674439 631333900 0 0 0 0 0 0 428851377 1642328 4141551616 111738880 0 20860651 13518027 5613659 6103445 18737378
1790456248644 0 72819 1870 631770679 631383721 0 0 0 0 0 0 428921176 1642561 4142735360 315793408 2940928 21095230 13669396 5683980 6179341 18810424
1790456249670 0 25608 0 631864940 631527000 0 0 0 0 0 0 428987011 1642814 4142567424 99344384 0 21304898 13812842 5747778 6258966 19093813
1790456250692 0 67304 0 631964504 631584661 0 0 0 0 0 0 429063285 1643069 4142596096 267194368 0 21544155 13971519 5824064 6316889 19174232
1790456251735 0 38 2 632062153 631749919 0 0 0 0 0 0 429125890 1643304 4142784512 15466496 26693632 21773375 14115485 5887183 6391481 19407267
1790456252780 0 4777 45 632150446 631833211 0 0 0 0 0 0 429191692 1643517 4142718976 7073792 2105344 21982158 14252001 5949819 6459680 19560730
1790456253811 0 64621 13359 632271880 631881496 0 0 0 0 0 0 429267150 1643794 4142546944 338976768 0 22269497 14438022 6027913 6524431 19628520
1790456254843 0 15122 75 632367929 632040270 0 0 0 0 0 0 429338622 1644066 4143374336 50802688 0 22501950 14589839 6099764 6637175 19869227
1790456255887 0 164 6101 632459341 632140629 0 0 0 0 0 0 429410222 1644315 4145176576 52842496 6402048 22737831 14742536 6171508 6691327 20014501
1790456256917 0 99344 0 632558565 632146824 0 0 0 0 0 0 429475881 1644567 4145324032 398356480 0 22961778 14894006 6238528 6754273 20046343
1790456257960 0 36062 0 632660941 632312570 0 0 0 0 0 0 429551958 1644839 4145569792 130695168 0 23211934 15052602 6312752 6827089 20215403
1790456258997 0 34775 4082 632757816 632406536 0 0 0 0 0 0 429614234 1645080 4146053120 160231424 0 23441585 15203978 6375168 6904252 20339554
1790456260020 0 31319 652 632856612 632512316 0 0 0 0 0 0 429676301 1645350 4145713152 136220672 7008256 23674544 15351425 6437045 6957743 20423226
1790456261041 0 25783 9126 632939586 632592359 0 0 0 0 0 0 429735813 1645590 4145582080 105357312 54353920 23872270 15484691 6498621 7021651 20586424
1790456262066 0 33151 2266 633047876 632700346 0 0 0 0 0 0 429801076 1645883 4145115136 165273600 4632576 24106246 15641370 6563891 7088824 20763292
1790456263098 0 9522 0 633139614 632817720 0 0 0 0 0 0 429871581 1646136 4145397760 23277568 0 24322231 15781355 6629451 7157706 21037245
1790456264119 0 12290 15327 633253121 632913174 0 0 0 0 0 0 429945051 1646418 4145975296 132792320 0 24591158 15957945 6707877 7218935 21185326
1790456265141 0 75273 12621 633354416 632954173 0 0 0 0 0 0 430003116 1646642 4146298880 316497920 59785216 24801920 16103943 6764891 7280371 21252920
1790456266166 0 2224 1124 633438848 633123194 0 0 0 0 0 0 430056496 1646849 4145557504 6909952 23867392 25001189 16231251 6819319 7338123 21516743
1790456267196 0 0 8396 633539405 633218626 0 0 0 0 0 0 430134066 1647157 4146757632 25063424 27398144 25244804 16396002 6896859 7424651 21690622
1790456268238 0 30513 0 633640543 633297507 0 0 0 0 0 0 430208494 1647449 4147249152 104611840 0 25459390 16541151 6967198 7508261 21898403
1790456269267 0 41713 0 633739247 633385229 0 0 0 0 0 0 430285502 1647753 4148305920 166477824 0 25715688 16711871 7047284 7604454 22104974
1790456270303 0 43 1095 633827807 633514250 0 0 0 0 0 0 430344567 1647991 4148531200 28540928 2093056 25915341 16840294 7105359 7700159 22302863
1790456271343 0 37098 0 633934910 633585432 0 0 0 0 0 0 430426185 1648269 4149145600 143859712 0 26204680 17014854 7186077 7765481 22397459
1790456272374 0 54898 0 634036335 633668989 0 0 0 0 0 0 430495746 1648916 4148195328 220483584 0 26434864 17166334 7255564 7832430 22536819
1790456273405 0 47730 0 634131436 633771200 0 0 0 0 0 0 430569556 1649187 4148219904 175853568 0 26658456 17313426 7328727 7913980 22778669
1790456274430 0 63219 0 634214183 633838640 0 0 0 0 0 0 430645618 1649448 4148842496 244285440 0 26898723 17461418 7405981 7977158 22926735
1790456275460 0 15390 1 634301252 633973508 0 0 0 0 0 0 430704834 1649680 4148834304 42033152 0 27103137 17590493 7463909 8057445 23203107
1790456276482 0 27321 0 634415150 634075524 0 0 0 0 0 0 430774048 1649968 4148035584 105451520 0 27386988 17755222 7536333 8145481 23398708
1790456277502 0 3316 1032 634497437 634180762 0 0 0 0 0 0 430826258 1650190 4146999296 25366528 8192 27559052 17874207 7588545 8241094 23656286
1790456278525 0 58153 0 634610842 634240241 0 0 0 0 0 0 430902775 1650509 4146143232 227504128 0 27835720 18040776 7663311 8294125 23768568
1790456279549 0 33463 0 634698338 634352509 0 0 0 0 0 0 430976193 1650770 4147154944 128630784 0 28055236 18186630 7736730 8374710 23998396
1790456280571 0 2830 13506 634788934 634460388 0 0 0 0 0 0 431047373 1651029 4147019776 75943936 5414912 28284076 18331461 7809631 8442955 24216126
1790456281594 0 25100 0 634895659 634558113 0 0 0 0 0 0 431119817 1651335 4146442240 80322560 0 28519427 18479323 7878322 8537227 24481204
1790456282627 0 59110 510 634998645 634626778 0 0 0 0 0 0 431189908 1651640 4146597888 276774912 5468160 28771272 18640091 7952233 8600074 24589163
1790456283669 0 74748 0 635099938 634712675 0 0 0 0 0 0 431273304 1651949 4147105792 298692608 0 29033804 18803742 8033617 8698678 24831999
1790456284697 0 28759 1917 635172023 634829002 0 0 0 0 0 0 431336013 1652192 4147695616 124956672 6852608 29224717 18923618 8097282 8782025 25155169
1790456285727 0 9232 0 635288605 634966986 0 0 0 0 0 0 431413097 1652524 4146024448 18071552 0 29477056 19088167 8172116 8901588 25449003
1790456286765 0 15285 89 635377730 635049981 0 0 0 0 0 0 431478087 1652823 4146028544 41558016 2134016 29700826 19226205 8238253 8968847 25600292
1790456287806 0 13162 73 635469784 635144262 0 0 0 0 0 0 431543247 1653102 4145602560 44331008 2793472 29918163 19368825 8303494 9068229 25897045
1790456288838 0 47864 0 635591163 635230893 0 0 0 0 0 0 431630535 1653458 4145295360 183283712 0 30208695 19555992 8392347 9136868 26060838
1790456289862 0 60409 2119 635693114 635318159 0 0 0 0 0 0 431709392 1653746 4145491968 263929856 2617344 30469366 19721917 8470964 9212143 26233537
1790456290890 0 38629 0 635795609 635444559 0 0 0 0 0 0 431775490 1654038 4144783360 149602304 0 30700657 19868480 8535361 9278701 26499892
1790456291940 0 21668 1093 635894912 635559830 0 0 0 0 0 0 431844941 1654317 4144816128 114470912 8785920 30951242 20025779 8606198 9359651 26691310
1790456292975 0 42726 12993 635979764 635611776 0 0 0 0 0 0 431916819 1654614 4144820224 205352960 41644032 31165727 20169308 8679115 9433074 26815641
1790456294002 0 3092 4988 636061111 635740639 0 0 0 0 0 0 431989817 1654858 4145676288 10608640 47677440 31389652 20309461 8751952 9504984 27086542
1790456295046 0 32421 2836 636188986 635841242 0 0 0 0 0 0 432063130 1655183 4144164864 153993216 7061504 31646722 20479861 8824902 9576880 27268138
1790456296083 0 55212 407 636282059 635914044 0 0 0 0 0 0 432123881 1655419 4143058944 229502976 24248320 31866575 20616246 8886189 9641355 27426797
1790456297134 0 6799 9 636378485 636059294 0 0 0 0 0 0 432197900 1655693 4143738880 5844992 0 32088042 20762806 8954463 9724130 27792361
1790456298172 0 511 8571 636492473 636170993 0 0 0 0 0 0 432287192 1656057 4144488448 38027264 10665984 32386488 20958296 9049986 9815533 28051247
1790456299193 0 55495 6488 636585593 636211358 0 0 0 0 0 0 432358180 1656317 4144947200 224968704 43503616 32618034 21109370 9120315 9864459 28145411
1790456300223 0 6899 0 636689888 636370571 0 0 0 0 0 0 432423239 1656583 4143493120 6725632 0 32853305 21254325 9182961 9945810 28362148
1790456301247 0 24243 0 636789090 636452542 0 0 0 0 0 0 432509925 1656898 4145348608 88608768 0 33106925 21425458 9272224 10024806 28537279
1790456302272 0 8822 0 636885812 636564472 0 0 0 0 0 0 432580842 1657162 4145430528 7835648 0 33332545 21570809 9341001 10093308 28740532
1790456303301 0 24242 0 636984102 636647514 0 0 0 0 0 0 432666783 1657491 4146515968 94937088 0 33599108 21745767 9428041 10180190 28991864
1790456304321 0 21554 0 637074972 636740911 0 0 0 0 0 0 432724726 1657760 4145680384 79859712 0 33803772 21876524 9486512 10260592 29211225
1790456305345 0 2864 23 637145809 636830454 0 0 0 0 0 0 432778378 1657983 4146155520 6348800 3080192 33991793 21990284 9538902 10342108 29461829
1790456306368 0 37440 1825 637264428 636912759 0 0 0 0 0 0 432870027 1658340 4146401280 174141440 3022848 34310380 22185278 9632625 10416872 29609606
1790456307392 0 92368 0 637373473 636968807 0 0 0 0 0 0 432944475 1658643 4145999872 367841280 0 34552083 22351186 9705744 10488858 29734890
1790456308420 0 12526 2127 637472442 637145487 0 0 0 0 0 0 433002981 1658881 4144476160 67768320 5525504 34781246 22495968 9764752 10554267 29952629
1790456309442 0 31873 0 637572060 637227787 0 0 0 0 0 0 433080296 1659183 4144967680 119762944 0 35026482 22651081 9841280 10638288 30125037
1790456310472 0 28773 1753 637674616 637331719 0 0 0 0 0 0 433148310 1659461 4144951296 132739072 4268032 35250239 22802894 9910616 10694796 30253899
1790456311493 0 90503 0 637773407 637370531 0 0 0 0 0 0 433225631 1659756 4145565696 363499520 0 35491872 22962258 9986389 10766590 30331984
1790456312519 0 9370 2118 637860268 637536510 0 0 0 0 0 0 433295733 1660019 4146692096 47546368 15540224 35716624 23105471 10056509 10843288 30568733
1790456313539 0 24167 0 637958288 637621702 0 0 0 0 0 0 433361528 1660295 4147175424 75194368 0 35931462 23249727 10124318 10923478 30791741
1790456314561 0 41041 0 638059162 637705789 0 0 0 0 0 0 433440269 1660577 4146966528 153288704 0 36197094 23414430 10202299 10987214 30944243
1790456315583 0 26780 66 638163276 637824047 0 0 0 0 0 0 433519834 1660878 4147040256 103342080 0 36469677 23582404 10282131 11066675 31138594
1790456316607 0 8710 1501 638250176 637927652 0 0 0 0 0 0 433569646 1661093 4145037312 31391744 28565504 36644211 23702843 10331439 11125367 31296468
1790456317631 0 25988 0 638361834 638023477 0 0 0 0 0 0 433656746 1661434 4145602560 90259456 0 36928460 23880997 10417065 11218174 31512839
1790456318662 0 20343 730 638462374 638129175 0 0 0 0 0 0 433734961 1661738 4146212864 102940672 4964352 37171128 24044331 10496217 11283087 31625457
1790456319699 0 91480 0 638563662 638159840 0 0 0 0 0 0 433807863 1662060 4146733056 360677376 0 37413419 24198233 10568135 11362178 31711617
1790456320731 0 23634 0 638666728 638330674 0 0 0 0 0 0 433866980 1662327 4145586176 73961472 0 37651272 24341894 10629268 11443131 31939256
1790456321756 0 27114 1899 638766105 638424959 0 0 0 0 0 0 433932196 1662592 4145819648 132726784 2093056 37878785 24492978 10693453 11499170 32106499
1790456322795 0 25182 0 638865009 638527422 0 0 0 0 0 0 434003499 1662876 4145131520 94502912 0 38120324 24642046 10763637 11557068 32285887
1790456323845 0 4596 805 638956079 638638398 0 0 0 0 0 0 434059424 1663103 4144537600 40087552 5095424 38316049 24773670 10819658 11624746 32418568
1790456324883 0 87041 33 639055624 638656250 0 0 0 0 0 0 434132295 1663380 4144492544 367648768 3596288 38553921 24936502 10893551 11697983 32443517
1790456325913 0 84917 0 639151395 638754081 0 0 0 0 0 0 434208227 1663670 4145463296 334319616 0 38793932 25092394 10969467 11769017 32569683
1790456326946 0 33705 1859 639233121 638885350 0 0 0 0 0 0 434273964 1663903 4146294784 160485376 6987776 38994633 25227195 11036770 11826320 32723936
1790456327974 0 13662 440 639330900 639004338 0 0 0 0 0 0 434354743 1664199 4146159616 64110592 3637248 39238147 25384745 11114985 11935463 32999679
1790456328997 0 5755 0 639423696 639105412 0 0 0 0 0 0 434432611 1664513 4147531776 6512640 0 39484936 25533172 11189544 12020000 33231928
1790456330022 0 24781 11242 639515766 639167344 0 0 0 0 0 0 434493553 1664760 4147462144 123158528 41041920 39720276 25679312 11254827 12092075 33343104
1790456331058 0 57733 4470 639615482 639241122 0 0 0 0 0 0 434577274 1665098 4147412992 270782464 10813440 39968634 25842864 11338030 12165503 33514682
1790456332099 0 33979 0 639720186 639373773 0 0 0 0 0 0 434652223 1665410 4147273728 128581632 0 40219949 26000224 11412473 12262987 33809308
1790456333125 0 35439 0 639804685 639456791 0 0 0 0 0 0 434720545 1665698 4146110464 138600448 0 40440111 26137884 11482314 12336157 34000743
1790456334149 0 49007 2 639889950 639528535 0 0 0 0 0 0 434792609 1665969 4146511872 188375040 0 40657412 26275336 11552820 12389100 34108153
1790456335193 0 37149 61 639980588 639630990 0 0 0 0 0 0 434857103 1666230 4146569216 136388608 0 40877818 26411852 11616893 12441793 34300357
1790456336239 0 18212 647 640058951 639727586 0 0 0 0 0 0 434907199 1666458 4146094080 104148992 8228864 41075633 26527014 11666240 12501802 34481056
1790456337295 0 32131 636 640174449 639829562 0 0 0 0 0 0 434987216 1666838 4145803264 145223680 1347584 41377392 26704307 11747212 12595323 34706501
1790456338322 0 33995 0 640284954 639938579 0 0 0 0 0 0 435070950 1667194 4145311744 134885376 0 41631245 26879062 11831351 12708652 34966390
1790456339350 0 23735 801 640375599 640038921 0 0 0 0 0 0 435146289 1667509 4144992256 113848320 716800 41856383 27024582 11906668 12800070 35206999
1790456340378 0 67367 3252 640470880 640087786 0 0 0 0 0 0 435216788 1667793 4146450432 299941888 7700480 42096170 27176172 11979581 12871859 35273602
1790456341406 0 25191 2767 640564427 640224181 0 0 0 0 0 0 435286045 1668063 4146262016 122683392 11264000 42345726 27325561 12047813 12980649 35558720
1790456342438 0 45305 0 640660340 640302621 0 0 0 0 0 0 435354380 1668376 4146450432 179085312 0 42586220 27470607 12115144 13062875 35745177
1790456343488 0 40983 0 640758422 640404997 0 0 0 0 0 0 435422680 1668708 4146348032 151756800 0 42795479 27616182 12183942 13148619 35896067
1790456344523 0 47679 1944 640847971 640486124 0 0 0 0 0 0 435485600 1668979 4145086464 211406848 1363968 43008758 27755142 12247375 13231620 36051178
1790456345548 0 24729 0 640954508 640617251 0 0 0 0 0 0 435568204 1669317 4144402432 82259968 0 43265007 27916752 12326727 13319116 36290154
1790456346570 0 43699 0 641060847 640704795 0 0 0 0 0 0 435652008 1669674 4145528832 176644096 0 43548798 28096434 12412758 13380647 36395590
1790456347610 0 25719 1 641162779 640824670 0 0 0 0 0 0 435730538 1669993 4146302976 85450752 0 43803267 28255944 12491591 13461123 36588749
1790456348646 0 46322 0 641264774 640906111 0 0 0 0 0 0 435804212 1670298 4145524736 173244416 0 44047743 28413448 12564637 13537587 36783202
1790456349669 0 31903 0 641362253 641017957 0 0 0 0 0 0 435877175 1670608 4145135616 127082496 0 44304578 28571366 12639498 13633434 36997552
1790456350692 0 78 0 641419003 641106572 0 0 0 0 0 0 435922290 1670814 4150935552 131072 0 44441281 28660936 12682008 13675373 37088719
1790456351711 0 106 0 641419031 641106572 0 0 0 0 0 0 436121617 1671552 4172681216 131072 0 44653402 28854975 12881356 13785639 37133995
1790456352731 0 127 0 641419052 641106572 0 0 0 0 0 0 436329519 1672173 4177829888 131072 0 44918397 29060638 13088283 13902100 37169919
1790456353751 0 150 0 641419075 641106572 0 0 0 0 0 0 436503255 1673659 4182257664 131072 0 45533911 29234306 13263025 14078896 37196212
1790456354770 0 149 0 641419086 641106572 0 0 0 0 0 0 436567886 1674390 920866816 28672 0 45614006 29302169 13330679 14125581 37213672
