1790319764657 0 8 0 2163598232 2117835970 0 0 0 0 0 0 840339796 18726845 - - - - - - - -
1790319766246 0 162067 949 2163914895 2117989472 0 0 0 0 0 0 840339796 18726913 1125830656 665702400 16777216 0 0 0 0 37501
1790319767440 0 175478 1970 2164081005 2118141156 0 0 0 0 0 0 840339796 18726914 1940848640 710832128 16490496 0 0 0 0 95953
1790319768474 0 167549 1926 2164211702 2118280224 0 0 0 0 0 0 840339796 18726916 2488639488 683094016 14835712 0 0 0 0 214179
1790319769498 0 154670 4096 2164341428 2118420408 0 0 0 0 0 0 840339796 18726916 3028193280 641671168 16777216 0 0 0 0 436221
1790319770522 0 147072 10274 2164497111 2118577437 0 0 0 0 0 0 840339796 18726916 3663970304 644567040 8388608 0 0 0 0 563534
1790319771546 0 156369 2124 2164655339 2118734322 0 0 0 0 0 0 840339796 18726916 4141244416 641724416 4198400 90099 36435 0 11688 649628
1790319772571 0 191118 3642 2164831871 2118874859 0 0 0 0 0 0 840348843 18726924 4140261376 771301376 8388608 386190 220303 9118 45358 776243
1790319773599 0 189407 955 2164962564 2119009978 0 0 0 0 0 0 840361021 18726937 4139933696 769646592 10145792 584197 365401 20791 86879 896319
1790319774620 0 159948 12279 2165087230 2119152645 0 0 0 0 0 0 840375202 18726957 4139593728 692150272 2007040 768172 502255 33990 122304 1032148
1790319775641 0 177567 4084 2165228519 2119284581 0 0 0 0 0 0 840392073 18726983 4139851776 705204224 25165824 962450 660267 52276 155428 1214034
1790319776665 0 119754 4061 2165306976 2119420739 0 0 0 0 0 0 840408406 18727076 4140507136 495501312 3166208 1123443 755065 68608 197613 1485671
1790319777709 0 123213 11800 2165434918 2119537772 0 0 0 0 0 0 840434079 18727251 4141731840 554307584 29200384 1376544 910405 94284 246589 1802767
1790319778757 0 92063 1486 2165534912 2119679116 0 0 0 0 0 0 840461773 18727381 4143476736 378429440 4378624 1563022 1035807 121980 297518 2173992
1790319779791 0 98229 9283 2165664749 2119795399 0 0 0 0 0 0 840498174 18727551 4145635328 410693632 18628608 1791562 1200689 158402 340538 2425057
1790319780815 0 81706 3195 2165774318 2119927093 0 0 0 0 0 0 840533051 18727682 4147728384 345358336 8110080 1987401 1345657 191182 381833 2713101
1790319781848 0 104707 1141 2165915909 2120047854 0 0 0 0 0 0 840582304 18727863 4150513664 422551552 28819456 2246614 1536092 241485 454320 3055438
1790319782895 0 129274 0 2166042026 2120150376 0 0 0 0 0 0 840619710 18728042 4152123392 502984704 0 2480571 1694354 279498 562848 3245397
1790319783925 0 39089 6250 2166108092 2120300445 0 0 0 0 0 0 840656693 18728170 4154413056 159174656 35086336 2633044 1799023 316385 616018 3545282
1790319784956 0 102021 14662 2166276462 2120397457 0 0 0 0 0 0 840718248 18728424 4155781120 417701888 60248064 2966543 2032643 378454 689115 3870262
1790319785987 0 89173 21020 2166398328 2120525847 0 0 0 0 0 0 840778741 18728621 4157816832 449236992 47718400 3221890 2210534 437920 747409 4115670
1790319787012 0 99399 7207 2166516887 2120648013 0 0 0 0 0 0 840843868 18728829 4159905792 407150592 46264320 3499216 2396514 503567 795827 4383657
1790319788038 0 94293 0 2166636700 2120780203 0 0 0 0 0 0 840907494 18729037 4161318912 364249088 0 3749725 2572904 566177 845731 4611538
1790319789061 0 44816 4849 2166739244 2120927226 0 0 0 0 0 0 840973129 18729226 4163006464 203673600 5320704 4021259 2743424 631753 933014 4902650
1790319790087 0 105062 11114 2166895391 2121017009 0 0 0 0 0 0 841072650 18729530 4164956160 430362624 45535232 4405513 3001958 732861 990648 5050896
1790319791115 0 97722 0 2167020129 2121160171 0 0 0 0 0 0 841155756 18729764 4165013504 381665280 0 4719472 3199949 811163 1070260 5358299
1790319792138 0 101893 4733 2167149197 2121280336 0 0 0 0 0 0 841250654 18730019 4167360512 412930048 27013120 5072891 3430780 910344 1152913 5589011
1790319793162 0 84053 33 2167265661 2121419200 0 0 0 0 0 0 841352136 18730275 4168634368 329330688 0 5389607 3640365 1006845 1219360 5859964
1790319794188 0 3106 1 2167367494 2121602133 0 0 0 0 0 0 841429412 18730494 4169228288 12722176 14491648 5663620 3827728 1089102 1354621 6180197
1790319795216 0 111155 41 2167563740 2121690225 0 0 0 0 0 0 841558682 18730974 4167143424 431976448 0 6134809 4124523 1215900 1473301 6375738
1790319796247 0 60204 1287 2167700912 2121877573 0 0 0 0 0 0 841644950 18731255 4165238784 248659968 18456576 6472072 4335366 1302867 1545106 6662202
1790319797291 0 103753 12736 2167896347 2122017702 0 0 0 0 0 0 841731668 18731574 4160311296 425046016 111992832 6860405 4583633 1391898 1633091 6888274
1790319798343 0 85959 100 2168043378 2122195053 0 0 0 0 0 0 841782952 18731763 4155715584 330801152 8388608 7105554 4748505 1441864 1703020 7109984
1790319799375 0 18235 0 2168174277 2122393757 0 0 0 0 0 0 841809767 18731888 4151963648 48611328 7049216 7287613 4875970 1469457 1765477 7338195
1790319800422 0 84054 3358 2168389462 2122539865 0 0 0 0 0 0 841829304 18732013 4142796800 383418368 7307264 7543627 5049098 1489509 1814927 7429469
1790319801449 0 146988 0 2168590956 2122681560 0 0 0 0 0 0 841836895 18732117 4134817792 574140416 0 7740511 5192012 1496720 1872466 7594571
1790319802470 0 81332 23266 2168729062 2122862194 0 0 0 0 0 0 841845715 18732204 4129058816 329154560 116494336 7907390 5311944 1505986 1926792 7739008
1790319803492 0 101863 0 2168907194 2123043034 0 0 0 0 0 0 841862348 18732285 4125270016 393584640 0 8125148 5475006 1522039 1995081 7916709
1790319804514 0 128680 5767 2169097973 2123201252 0 0 0 0 0 0 841891700 18732400 4122660864 557056000 12656640 8374861 5678257 1551406 2057651 8067477
1790319805538 0 44342 0 2169206361 2123399739 0 0 0 0 0 0 841910555 18732458 4121403392 157933568 0 8511025 5784302 1569787 2107111 8264665
1790319806567 0 136193 1284 2169414852 2123515109 0 0 0 0 0 0 841946538 18732600 4121944064 562319360 9629696 8814409 6016357 1606745 2189609 8397844
1790319807589 0 85369 4019 2169558661 2123706988 0 0 0 0 0 0 841975283 18732711 4123648000 349671424 43360256 9024352 6183421 1635485 2236590 8573906
1790319808625 0 54997 0 2169724962 2123907674 0 0 0 0 0 0 842013569 18732842 4125380608 202534912 0 9248690 6365129 1671736 2285920 8693304
1790319809666 0 127057 0 2169925042 2124035609 0 0 0 0 0 0 842087283 18733046 4129460224 498761728 0 9571877 6625156 1742407 2365074 8815775
1790319810706 0 111856 11792 2170092874 2124207223 0 0 0 0 0 0 842149847 18733245 4133990400 454045696 89112576 9863498 6858762 1810089 2435067 9062218
1790319811725 0 120493 15991 2170267483 2124368787 0 0 0 0 0 0 842210923 18733477 4136755200 491458560 91779072 10154655 7088622 1870636 2526255 9255219
1790319812745 0 124957 0 2170415536 2124528157 0 0 0 0 0 0 842279219 18733714 4140310528 492142592 0 10444144 7296727 1937919 2616070 9456515
1790319813769 0 136465 0 2170584681 2124685853 0 0 0 0 0 0 842368938 18734001 4144906240 539750400 0 10781133 7549153 2024155 2672700 9551073
1790319814793 0 1470 2605 2170692660 2124926284 0 0 0 0 0 0 842417958 18734165 4147150848 3928064 37699584 11002502 7713477 2077649 2759579 9849912
1790319815816 0 125593 0 2170895735 2125007750 0 0 0 0 0 0 842529046 18734492 4152135680 496373760 0 11449303 8016680 2184139 2830968 9943168
1790319816844 0 70468 13044 2171037779 2125191958 0 0 0 0 0 0 842625089 18735270 4156260352 364253184 15298560 11813296 8260945 2284266 2925001 10156206
1790319817879 0 93355 10877 2171203576 2125336997 0 0 0 0 0 0 842739992 18735591 4158300160 410390528 37359616 12202618 8532556 2400194 3005505 10281333
1790319818901 0 133336 0 2171369244 2125473674 0 0 0 0 0 0 842847225 18735911 4159918080 523968512 0 12607646 8787855 2505890 3085970 10426068
1790319819927 0 7274 1409 2171465551 2125694608 0 0 0 0 0 0 842919520 18736112 4159782912 52641792 3313664 12867678 8957486 2576147 3168450 10679098
1790319820952 0 125381 0 2171669379 2125781620 0 0 0 0 0 0 843052137 18736521 4160155648 494252032 0 13329061 9274995 2709218 3248161 10765116
1790319821978 0 110155 0 2171805693 2125933175 0 0 0 0 0 0 843132632 18736759 4158824448 429535232 0 13642442 9480886 2792286 3325826 10962642
1790319823006 0 102777 20367 2171972491 2126087058 0 0 0 0 0 0 843221267 18737078 4156485632 525873152 3477504 13989979 9722143 2880961 3428744 11193868
1790319824031 0 98095 0 2172117322 2126256988 0 0 0 0 0 0 843275935 18737280 4153237504 379957248 0 14247398 9894798 2935126 3479937 11313467
1790319825054 0 63185 0 2172278275 2126452754 0 0 0 0 0 0 843356572 18737597 4151296000 239300608 0 14576018 10111672 3012753 3573932 11589844
1790319826080 0 50407 6544 2172452939 2126633822 0 0 0 0 0 0 843414815 18737959 4148318208 241295360 22953984 14867737 10317667 3074514 3638199 11799070
1790319827116 0 96864 477 2172637079 2126777346 0 0 0 0 0 0 843457552 18738515 4142854144 412983296 2953216 15155717 10508738 3116289 3695688 11954376
1790319828154 0 66845 0 2172800053 2126970901 0 0 0 0 0 0 843485054 18738663 4139028480 244985856 0 15374026 10661342 3144516 3739532 12063887
1790319829187 0 88725 455 2172959726 2127108387 0 0 0 0 0 0 843511522 18738788 4134211584 366080000 86016 15576037 10814157 3171727 3784625 12240803
1790319830207 0 28772 761 2173098958 2127307160 0 0 0 0 0 0 843527480 18738895 4129472512 130625536 2334720 15752660 10945474 3187686 3832113 12397938
1790319831233 0 107777 1679 2173285921 2127414249 0 0 0 0 0 0 843550074 18739031 4124831744 441348096 21696512 15981907 11120723 3210276 3903649 12527281
1790319832257 0 90872 26 2173426125 2127572993 0 0 0 0 0 0 843565466 18739148 4122529792 344416256 0 16145554 11250688 3225155 3973106 12750595
1790319833281 0 103496 915 2173610071 2127743233 0 0 0 0 0 0 843592616 18739314 4120514560 433270784 2818048 16383022 11440548 3252374 4037816 12896824
1790319834305 0 131356 0 2173785102 2127891486 0 0 0 0 0 0 843627012 18739504 4120064000 514641920 0 16626108 11633888 3286268 4102620 13026586
1790319835328 0 59552 0 2173935692 2128113792 0 0 0 0 0 0 843662650 18739655 4121018368 220164096 0 16846566 11808602 3321112 4160817 13259785
1790319836350 0 107598 782 2174131919 2128261197 0 0 0 0 0 0 843722007 18739866 4123721728 443961344 9695232 17163441 12053602 3381189 4228598 13436943
1790319837370 0 104957 856 2174317180 2128449155 0 0 0 0 0 0 843784012 18740088 4127555584 442671104 3579904 17466181 12290703 3443736 4300256 13630419
1790319838393 0 72778 46 2174475237 2128640156 0 0 0 0 0 0 843846083 18740327 4130783232 276713472 0 17745119 12498152 3502221 4378417 13809206
1790319839418 0 102851 15 2174667147 2128801958 0 0 0 0 0 0 843916834 18740642 4133838848 402239488 0 18080173 12756013 3573541 4454392 13937248
1790319840442 0 86935 440 2174832817 2128983325 0 0 0 0 0 0 843999297 18740993 4138541056 374493184 2916352 18415836 13005197 3659018 4507549 14064947
1790319841464 0 60918 1326 2174993268 2129168710 0 0 0 0 0 0 844079909 18741280 4142387200 247496704 22200320 18744352 13244103 3740116 4574740 14293200
1790319842483 0 131483 11096 2175199131 2129294286 0 0 0 0 0 0 844185092 18741657 4145451008 610861056 7888896 19163104 13543610 3845315 4676683 14437071
1790319843505 0 105705 0 2175358524 2129490562 0 0 0 0 0 0 844267887 18742001 4146978816 413057024 0 19485009 13768564 3923230 4750990 14622390
1790319844534 0 94952 4380 2175526817 2129665337 0 0 0 0 0 0 844343607 18742335 4147675136 441851904 0 19828804 14007049 4002849 4838101 14801401
1790319845567 0 6 730 2175672233 2129909207 0 0 0 0 0 0 844399534 18742599 4146380800 22876160 528384 20098468 14190706 4058548 4918262 15047831
1790319846591 0 122400 11899 2175895188 2129998488 0 0 0 0 0 0 844508882 18743033 4147253248 562855936 0 20549789 14505241 4168665 4983352 15128817
1790319847619 0 48128 0 2176019898 2130209427 0 0 0 0 0 0 844570262 18743291 4147613696 176758784 0 20801692 14679631 4226884 5051933 15334357
1790319848643 0 117251 6919 2176227985 2130341591 0 0 0 0 0 0 844677078 18743671 4148113408 514064384 21536768 21238500 14973708 4337283 5108010 15434652
1790319849671 0 62500 1168 2176385661 2130559912 0 0 0 0 0 0 844735502 18743863 4145950720 273342464 3076096 21517359 15159622 4394718 5226703 15679012
1790319850702 0 38617 0 2176558986 2130758049 0 0 0 0 0 0 844793556 18744103 4142927872 135757824 0 21816717 15361970 4453773 5280563 15860537
1790319851724 0 116480 0 2176766875 2130888098 0 0 0 0 0 0 844867112 18744398 4139896832 455385088 0 22176438 15623051 4526123 5346791 15994741
1790319852746 0 83221 0 2176931324 2131085758 0 0 0 0 0 0 844916693 18744628 4137545728 319004672 0 22434423 15811650 4575937 5418571 16160902
1790319853769 0 130245 0 2177122664 2131230117 0 0 0 0 0 0 844981426 18744922 4136718336 513540096 0 22771664 16050508 4640442 5519872 16357122
1790319854793 0 75268 1738 2177276702 2131437377 0 0 0 0 0 0 845021540 18745099 4134760448 320188416 23678976 23009112 16222645 4681231 5588513 16598113
1790319855825 0 25234 1094 2177432347 2131643769 0 0 0 0 0 0 845046188 18745236 4130516992 116133888 1478656 23214396 16372690 4705877 5655583 16805091
1790319856849 0 106341 2352 2177634310 2131763340 0 0 0 0 0 0 845089601 18745437 4127481856 433508352 34492416 23505530 16588817 4748780 5702319 16932530
1790319857876 0 67978 1819 2177790505 2131958414 0 0 0 0 0 0 845120404 18745609 4124962816 290115584 9818112 23720481 16752752 4780607 5777437 17150324
1790319858903 0 94393 68 2177956325 2132099465 0 0 0 0 0 0 845154623 18745754 4123992064 379707392 2596864 23958298 16931841 4813945 5835578 17281317
1790319859939 0 67515 7420 2178127014 2132289851 0 0 0 0 0 0 845200356 18745934 4124311552 315375616 15876096 24221788 17129719 4860558 5906207 17454293
1790319860986 0 19532 1124 2178277878 2132494851 0 0 0 0 0 0 845239827 18746106 4124954624 92524544 14999552 24445085 17306756 4899558 5983427 17627256
1790319862015 0 85443 1403 2178471391 2132622375 0 0 0 0 0 0 845308596 18746376 4128129024 363945984 9666560 24771838 17553956 4968872 6066237 17738229
1790319863040 0 128577 4277 2178653233 2132758110 0 0 0 0 0 0 845376803 18746638 4130516992 524730368 42352640 25089975 17797142 5037043 6130304 17881566
1790319864060 0 100292 0 2178769196 2132906420 0 0 0 0 0 0 845427363 18746825 4132732928 390234112 0 25302457 17953637 5084720 6189569 18006701
1790319865083 0 77250 2 2178931403 2133091752 0 0 0 0 0 0 845492516 18747089 4135653376 316215296 1187840 25605898 18179042 5151915 6255274 18186413
1790319866109 0 79605 401 2179097442 2133255251 0 0 0 0 0 0 845579464 18747424 4140150784 351477760 24281088 25943819 18428018 5238144 6352645 18385495
1790319867155 0 88081 7716 2179288548 2133430516 0 0 0 0 0 0 845648262 18747727 4140081152 388272128 35598336 26270219 18664254 5307983 6445289 18591102
1790319868176 0 52867 550 2179432804 2133617088 0 0 0 0 0 0 845703335 18747968 4140126208 216825856 23756800 26533067 18850280 5362960 6520031 18827224
1790319869200 0 141376 0 2179643106 2133739289 0 0 0 0 0 0 845785119 18748349 4140433408 555761664 0 26915583 19120911 5443786 6605773 18975803
1790319870225 0 94828 0 2179794935 2133937951 0 0 0 0 0 0 845850802 18748606 4140306432 368238592 0 27198278 19322131 5508462 6669807 19107640
1790319871252 0 105753 5422 2179960419 2134086950 0 0 0 0 0 0 845937954 18748945 4143161344 462917632 5230592 27551239 19572975 5596931 6763879 19307170
1790319872273 0 81873 7424 2180123202 2134271636 0 0 0 0 0 0 846014122 18749503 4143685632 336457728 50135040 27867088 19797774 5674398 6833743 19532997
1790319873296 0 72508 8 2180277650 2134442778 0 0 0 0 0 0 846094268 18749823 4144513024 274141184 0 28188455 20015310 5752368 6930306 19811645
1790319874321 0 87159 760 2180473927 2134623790 0 0 0 0 0 0 846154284 18750100 4141735936 368119808 1290240 28520225 20243481 5812477 7018495 19997524
1790319875346 0 137710 0 2180662351 2134762321 0 0 0 0 0 0 846221788 18750375 4140519424 541179904 0 28849264 20479848 5880228 7090235 20187592
1790319876372 0 64087 688 2180786678 2134959831 0 0 0 0 0 0 846277190 18750621 4139585536 283242496 1400832 29075243 20651446 5936304 7167444 20390267
1790319877402 0 105888 18 2180979600 2135111565 0 0 0 0 0 0 846347298 18750914 4138369024 410554368 0 29391832 20881429 6004400 7246990 20568835
1790319878440 0 57924 1280 2181124179 2135302710 0 0 0 0 0 0 846403908 18751136 4139073536 258437120 2007040 29654005 21066229 6062588 7339503 20821799
1790319879468 0 106240 0 2181315881 2135447508 0 0 0 0 0 0 846482880 18751429 4139446272 411238400 0 30001511 21314508 6141716 7411789 20984470
1790319880495 0 65349 14454 2181453388 2135611323 0 0 0 0 0 0 846538835 18751662 4139175936 340287488 1339392 30267456 21501919 6199036 7480289 21189313
1790319881531 0 93804 18106 2181634562 2135760404 0 0 0 0 0 0 846587030 18751882 4136648704 486981632 3198976 30549039 21702839 6246784 7560119 21360112
1790319882559 0 114221 0 2181805260 2135928784 0 0 0 0 0 0 846641492 18752132 4134436864 445665280 0 30815245 21903323 6300175 7628220 21563751
1790319883581 0 48182 967 2181929535 2136118134 0 0 0 0 0 0 846677470 18752303 4132896768 212328448 3227648 31009759 22051070 6337164 7714264 21825549
1790319884606 0 127398 1168 2182141129 2136250251 0 0 0 0 0 0 846758014 18752624 4133228544 536817664 1949696 31378825 22317276 6416002 7795495 21964045
1790319885632 0 61506 14527 2182284432 2136446226 0 0 0 0 0 0 846799651 18752818 4133277696 317038592 15933440 31608821 22484847 6458830 7885344 22248351
1790319886657 0 91751 0 2182463748 2136609755 0 0 0 0 0 0 846852536 18753059 4132446208 356225024 0 31899811 22694384 6509672 7951592 22429007
1790319887680 0 3411 558 2182561876 2136796016 0 0 0 0 0 0 846885867 18753210 4132569088 23715840 880640 32081876 22822567 6544022 8018594 22787692
1790319888705 0 116432 0 2182774641 2136895966 0 0 0 0 0 0 846960308 18753540 4133011456 451411968 0 32434258 23089679 6619303 8110914 22929923
1790319889727 0 136119 361 2182947614 2137048913 0 0 0 0 0 0 847008901 18753788 4132065280 569462784 5074944 32714156 23295310 6669149 8175530 23131728
1790319890747 0 73763 949 2183070925 2137234135 0 0 0 0 0 0 847045106 18753972 4131790848 318570496 1896448 32911859 23434929 6705184 8256677 23350596
1790319891770 0 124062 0 2183270856 2137384550 0 0 0 0 0 0 847107741 18754249 4131794944 486060032 0 33219360 23667648 6766125 8334489 23507343
1790319892796 0 113089 0 2183437374 2137561961 0 0 0 0 0 0 847172409 18754542 4132831232 440381440 0 33501137 23884826 6830727 8422883 23694167
1790319893824 0 115096 23 2183601125 2137723755 0 0 0 0 0 0 847240698 18754850 4134354944 454705152 0 33804442 24106652 6896658 8503807 23864097
1790319894848 0 98151 8253 2183760382 2137891688 0 0 0 0 0 0 847302274 18755104 4135993344 399933440 52420608 34101160 24319360 6961823 8570289 24071148
1790319895869 0 91459 0 2183919416 2138065776 0 0 0 0 0 0 847372537 18755390 4138127360 351907840 0 34399943 24531001 7031054 8647074 24283928
1790319896894 0 101138 0 2184090839 2138227568 0 0 0 0 0 0 847459716 18755716 4140613632 393302016 0 34745025 24779265 7118239 8730665 24500714
1790319897919 0 51226 0 2184223981 2138410465 0 0 0 0 0 0 847537677 18756053 4143013888 189636608 0 35025552 24984192 7195265 8810434 24731391
1790319898947 0 118729 2117 2184414653 2138531462 0 0 0 0 0 0 847645976 18756485 4145446912 509558784 1404928 35452853 25281331 7305031 8879820 24860635
1790319899970 0 69444 12647 2184563625 2138719359 0 0 0 0 0 0 847714287 18756781 4145356800 302600192 51908608 35747717 25478193 7373837 8931111 24999900
1790319900992 0 74917 11536 2184729786 2138881273 0 0 0 0 0 0 847778472 18757064 4143525888 352931840 37269504 36060961 25687610 7437016 9001149 25166842
1790319902025 0 83137 13448 2184909748 2139050887 0 0 0 0 0 0 847836031 18757322 4140097536 429539328 2916352 36355321 25896776 7496092 9062124 25335602
1790319903048 0 101252 4088 2185091045 2139223524 0 0 0 0 0 0 847897551 18757614 4137746432 412581888 38801408 36657825 26116297 7557190 9129054 25489986
1790319904079 0 94979 146 2185231291 2139374024 0 0 0 0 0 0 847953182 18757845 4136583168 365268992 0 36895470 26287562 7612217 9212356 25745724
1790319905109 0 48021 1 2185365472 2139555269 0 0 0 0 0 0 847996823 18758054 4135837696 183500800 0 37124079 26453976 7653813 9302058 26050281
1790319906132 0 96950 46 2185562908 2139703744 0 0 0 0 0 0 848089921 18758404 4136108032 379252736 0 37508469 26722070 7744809 9391246 26224129
1790319907160 0 88361 5 2185713980 2139863546 0 0 0 0 0 0 848146262 18758637 4136218624 338657280 0 37767275 26910407 7803809 9472048 26436613
1790319908191 0 31889 0 2185867272 2140073168 0 0 0 0 0 0 848203760 18758895 4135227392 108875776 0 38042500 27104636 7861251 9552559 26614982
1790319909218 0 71199 0 2186046949 2140213458 0 0 0 0 0 0 848276963 18759195 4135104512 269213696 0 38367879 27333610 7934511 9629563 26792666
1790319910242 0 108309 0 2186222259 2140351699 0 0 0 0 0 0 848348336 18759481 4134703104 424411136 0 38684531 27560685 8004312 9711671 26936390
1790319911273 0 93620 14208 2186394655 2140524636 0 0 0 0 0 0 848399653 18759700 4133105664 486662144 7356416 38982902 27765956 8059714 9792718 27126488
1790319912310 0 73913 67 2186552264 2140716275 0 0 0 0 0 0 848445869 18759913 4131930112 276819968 0 39213854 27936184 8103875 9871905 27307970
1790319913338 0 14121 5092 2186702339 2140920938 0 0 0 0 0 0 848485411 18760094 4130820096 90222592 12374016 39454079 28112873 8144445 9949504 27516752
1790319914373 0 57286 2 2186880812 2141061270 0 0 0 0 0 0 848539768 18760358 4129247232 211230720 0 39739450 28317992 8197527 10026367 27690124
1790319915398 0 33851 12 2187050069 2141253801 0 0 0 0 0 0 848582832 18760571 4128120832 150982656 1503232 39997258 28512406 8241486 10094185 27843127
1790319916426 0 83432 8744 2187253018 2141398590 0 0 0 0 0 0 848643522 18760848 4127936512 383086592 20275200 40335689 28754515 8303217 10159014 27978216
1790319917459 0 68635 0 2187418578 2141587679 0 0 0 0 0 0 848685140 18761058 4128112640 257101824 0 40580669 28941775 8344691 10225067 28162338
1790319918481 0 71629 0 2187572319 2141738340 0 0 0 0 0 0 848737957 18761285 4128866304 273121280 0 40829554 29130560 8394001 10290558 28380839
1790319919508 0 104927 316 2187747010 2141879533 0 0 0 0 0 0 848799540 18761573 4129976320 442449920 1470464 41136092 29355591 8458631 10361101 28595592
1790319920528 0 133452 2622 2187913042 2142014732 0 0 0 0 0 0 848865248 18761830 4131766272 544530432 30756864 41445490 29581261 8524798 10419396 28706129
1790319921550 0 133102 0 2188075093 2142179688 0 0 0 0 0 0 848939838 18762118 4134277120 523542528 0 41742185 29801258 8597885 10507511 28892174
1790319922573 0 71256 0 2188201571 2142368059 0 0 0 0 0 0 849009816 18762382 4136800256 273199104 0 42006788 29994099 8668024 10594412 29105312
1790319923599 0 14735 67 2188355280 2142578143 0 0 0 0 0 0 849094485 18762689 4139929600 40157184 0 42331304 30225815 8751516 10678292 29318153
1790319924627 0 78998 4234 2188542121 2142696958 0 0 0 0 0 0 849199599 18763079 4142714880 337195008 33632256 42758919 30520591 8859710 10751385 29426199
1790319925650 0 77376 36 2188697202 2142857643 0 0 0 0 0 0 849276971 18763886 4143890432 293421056 0 43073714 30731553 8934818 10851504 29748976
1790319926672 0 126786 611 2188902149 2143012647 0 0 0 0 0 0 849357634 18764237 4141981696 534695936 11849728 43454943 31000414 9017721 10920388 29879178
1790319927693 0 44978 0 2189035677 2143228305 0 0 0 0 0 0 849416727 18764492 4141309952 169082880 0 43722375 31176873 9075586 11043211 30169063
1790319928717 0 12553 9 2189203478 2143428638 0 0 0 0 0 0 849477862 18764784 4139986944 31334400 0 44004031 31381919 9136240 11107157 30390583
1790319929740 0 135988 0 2189445717 2143547499 0 0 0 0 0 0 849578030 18765204 4138397696 535420928 0 44461138 31692269 9235830 11183421 30502505
1790319930764 0 147866 0 2189639843 2143729747 0 0 0 0 0 0 849642048 18765501 4135993344 585138176 0 44799243 31925992 9299761 11277724 30701040
1790319931796 0 87848 10402 2189809225 2143948713 0 0 0 0 0 0 849703697 18765748 4135362560 421961728 1314816 45108983 32137965 9363246 11358719 30941856
1790319932821 0 126755 2014 2189959024 2144067982 0 0 0 0 0 0 849753045 18765967 4134297600 544694272 1421312 45357900 32319113 9412592 11429328 31242432
1790319933844 0 14553 9 2190105885 2144329002 0 0 0 0 0 0 849811968 18766218 4133011456 38756352 0 45613247 32496823 9468518 11519304 31527033
1790319934869 0 57404 846 2190281324 2144460929 0 0 0 0 0 0 849869117 18766451 4132245504 257798144 2027520 45894479 32705650 9528665 11594285 31665683
1790319935893 0 132294 39 2190491850 2144597334 0 0 0 0 0 0 849928045 18766769 4129853440 518012928 0 46222040 32947665 9585751 11674538 31811440
1790319936917 0 114499 0 2190662523 2144785760 0 0 0 0 0 0 849972137 18766982 4128792576 445337600 0 46490907 33143259 9630957 11742367 31945003
1790319937938 0 86386 24 2190846326 2144997669 0 0 0 0 0 0 850027790 18767227 4128239616 343072768 11177984 46781774 33366774 9687342 11820159 32106727
1790319938962 0 36692 922 2191002943 2145203119 0 0 0 0 0 0 850090369 18767483 4129730560 176078848 1208320 47056830 33572861 9749430 11870635 32250982
1790319939988 0 116499 13349 2191220175 2145328085 0 0 0 0 0 0 850141147 18767711 4127735808 550645760 0 47367680 33806003 9801289 11951315 32362141
1790319941010 0 95409 574 2191399989 2145541839 0 0 0 0 0 0 850174606 18767908 4125081600 402321408 1183744 47616074 33993796 9832621 12033089 32560986
1790319942030 0 124639 7227 2191593076 2145698886 0 0 0 0 0 0 850227501 18768165 4124925952 541900800 19652608 47926281 34220043 9887561 12093677 32671738
1790319943054 0 62374 0 2191732806 2145908075 0 0 0 0 0 0 850289574 18768406 4126576640 232624128 0 48171967 34406163 9945478 12175639 32914507
1790319944084 0 2 39 2191862192 2146099955 0 0 0 0 0 0 850329154 18768612 4125450240 0 0 48410194 34580697 9989264 12223727 33013860
1790319945103 0 33 0 2191862225 2146100004 0 0 0 0 0 0 850471810 18769295 4155785216 131072 0 48554999 34713905 10129886 12295384 33053235
1790319946124 0 33 0 2191862225 2146100004 0 0 0 0 0 0 850627593 18769811 4163588096 131072 0 48754431 34867727 10285605 12393489 33086382
1790319947143 0 33 0 2191862225 2146100004 0 0 0 0 0 0 850721149 18770057 3175661568 94208 0 48891912 34961805 10381210 12449259 33110963
