1790335044431 0 25 0 3366822932 3320924777 0 0 0 0 0 0 1398813321 20517192 - - - - - - - -
1790335046100 0 153296 1971 3367063213 3321009743 0 0 0 0 0 0 1398813321 20517241 949178368 620994560 0 0 0 0 0 5108
1790335047144 0 168533 2004 3367224319 3321155670 0 0 0 0 0 0 1398813321 20517242 1596583936 697643008 7704576 0 0 0 0 56572
1790335048218 0 145717 11915 3367348552 3321293185 0 0 0 0 0 0 1398813321 20517242 2127851520 617975808 81317888 0 0 0 0 104718
1790335049297 0 82081 13021 3367450714 3321457563 0 0 0 0 0 0 1398813321 20517244 2522329088 391729152 41459712 0 0 0 0 165858
1790335050362 0 143601 2035 3367635526 3321591822 0 0 0 0 0 0 1398813321 20517244 3273490432 566652928 9891840 0 0 0 0 176806
1790335051407 0 159132 1107 3367815952 3321757429 0 0 0 0 0 0 1398813321 20517244 4012466176 646160384 16777216 0 0 0 0 281917
1790335052480 1 146653 15691 3367967160 3321906726 0 0 0 0 0 0 1398814840 20517275 4141129728 600367104 64528384 216144 129714 1519 48291 346055
1790335053531 1 145430 4036 3368122782 3322075127 0 0 0 0 0 0 1398821955 20517300 4140097536 594489344 8388608 427159 289381 8135 79747 385943
1790335054550 1 149188 3884 3368298782 3322247403 0 0 0 0 0 0 1398835090 20517338 4139696128 600080384 24293376 664409 478317 21841 105472 527434
1790335055581 1 144192 9729 3368472530 3322421018 0 0 0 0 0 0 1398850397 20517377 4139225088 630951936 16777216 888535 666730 37079 142126 669175
1790335056633 1 109075 5047 3368613670 3322600844 0 0 0 0 0 0 1398869932 20517501 4139548672 448806912 29024256 1099311 824990 56528 186521 936719
1790335057657 1 51740 2247 3368747908 3322795282 0 0 0 0 0 0 1398885829 20517872 4139646976 212422656 17334272 1316938 978041 72496 226023 1194555
1790335058677 1 128512 23872 3368943537 3322892561 0 0 0 0 0 0 1398924429 20518291 4141494272 577519616 43606016 1613342 1208156 111024 276008 1364349
1790335059711 1 92908 2351 3369054100 3323060073 0 0 0 0 0 0 1398950600 20518417 4142718976 407572480 5795840 1792032 1343926 137246 309625 1493785
1790335060742 1 11290 1114 3369173847 3323262952 0 0 0 0 0 0 1398974285 20518535 4144119808 44818432 4202496 1971471 1481463 160168 352036 1707104
1790335061772 1 32484 13311 3369359596 3323415158 0 0 0 0 0 0 1399017376 20518711 4146286592 151842816 34619392 2258707 1714160 203454 393173 1829905
1790335062797 1 147411 0 3369576490 3323530348 0 0 0 0 0 0 1399060624 20519844 4146663424 578379776 0 2590336 1968782 247200 442856 1928159
1790335063819 1 67316 0 3369678121 3323712097 0 0 0 0 0 0 1399089548 20520500 4147707904 250929152 0 2763977 2096657 273930 501272 2122720
1790335064862 1 110197 2156 3369851995 3323840912 0 0 0 0 0 0 1399131566 20521433 4148011008 458887168 40423424 3053385 2313672 317629 551813 2309561
1790335065902 1 118293 1887 3370000027 3323981127 0 0 0 0 0 0 1399173176 20521879 4148195328 479113216 25579520 3305204 2502105 358733 608707 2519627
1790335066931 1 117092 51 3370170617 3324154707 0 0 0 0 0 0 1399220947 20522071 4148928512 412786688 0 3580976 2710482 407527 654064 2759617
1790335067955 1 137645 0 3370354343 3324317869 0 0 0 0 0 0 1399261009 20522239 4149075968 389804032 0 3817275 2889845 445500 702603 3037783
1790335068994 1 74157 21939 3370476902 3324482145 0 0 0 0 0 0 1399292335 20522435 4148580352 150040576 89862144 4030478 3050541 478921 753900 3303205
1790335070039 1 198197 7418 3370669947 3324565476 0 0 0 0 0 0 1399361102 20522681 4150013952 577921024 34185216 4352816 3289823 547695 801092 3395665
1790335071062 1 144130 3105 3370798919 3324752858 0 0 0 0 0 0 1399402065 20522810 4149702656 490110976 7327744 4543173 3441173 586667 841177 3682281
1790335072108 1 51558 0 3370912029 3324961600 0 0 0 0 0 0 1399436026 20522932 4148944896 191160320 0 4720579 3579103 619027 896210 3969126
1790335073141 1 37446 19320 3371076127 3325120615 0 0 0 0 0 0 1399471805 20523114 4148006912 225775616 31682560 4948757 3749365 658381 943931 4151583
1790335074186 1 248 171 3371171303 3325271965 0 0 0 0 0 0 1399492342 20523193 4146204672 16240640 0 5085357 3844931 678929 984704 4294944
1790335075237 1 9839 68 3371301282 3325392638 0 0 0 0 0 0 1399512436 20523310 4143501312 30187520 14819328 5242374 3961801 699010 1022818 4513185
1790335076292 1 37092 1285 3371438447 3325501527 0 0 0 0 0 0 1399525809 20523389 4140445696 154243072 6152192 5394903 4074895 712382 1061021 4604381
1790335077328 1 134152 57 3371605469 3325572587 0 0 0 0 0 0 1399529947 20523443 4135305216 528486400 0 5557378 4198573 716532 1108296 4708697
1790335078373 1 76371 1562 3371694864 3325718207 0 0 0 0 0 0 1399532039 20523484 4132478976 310136832 26624000 5648488 4270165 718612 1126537 4807627
1790335079428 1 37765 0 3371781944 3325845064 0 0 0 0 0 0 1399534115 20523518 4130775040 123187200 0 5731987 4335112 720702 1156394 4936889
1790335080474 1 33596 2697 3371932670 3325997613 0 0 0 0 0 0 1399536721 20523562 4126126080 130166784 6615040 5867267 4439263 723295 1182676 5033552
1790335081532 1 17454 23102 3372050160 3326110811 0 0 0 0 0 0 1399541832 20523601 4123590656 147509248 44003328 5979600 4524538 728408 1217750 5164275
1790335082560 1 5743 58 3372129170 3326224876 0 0 0 0 0 0 1399544404 20523627 4122025984 5541888 0 6065220 4589273 730977 1248453 5270106
1790335083597 1 24670 3141 3372254571 3326327944 0 0 0 0 0 0 1399550002 20523679 4119420928 126717952 3182592 6216325 4705056 736648 1274662 5354912
1790335084638 1 38844 67 3372354141 3326416571 0 0 0 0 0 0 1399555742 20523732 4117790720 137179136 0 6327108 4794048 742315 1306268 5489661
1790335085688 1 106396 0 3372492280 3326487136 0 0 0 0 0 0 1399570064 20523794 4116258816 408010752 0 6493653 4926826 756641 1335206 5549506
1790335086737 1 47381 1874 3372563847 3326615939 0 0 0 0 0 0 1399574680 20523826 4115415040 206856192 7364608 6581406 4999543 761253 1369760 5723662
1790335087767 1 28064 16329 3372695906 3326752682 0 0 0 0 0 0 1399582391 20523882 4114407424 116707328 85561344 6744573 5131472 768966 1397206 5804798
1790335088798 1 17013 1632 3372832260 3326914873 0 0 0 0 0 0 1399597290 20523955 4114927616 95186944 26198016 6912933 5269339 783864 1425655 5958646
1790335089855 1 83828 1703 3372996324 3327012417 0 0 0 0 0 0 1399615240 20524040 4115787776 351682560 2822144 7128099 5440389 801057 1461662 6052860
1790335090878 1 92840 0 3373140535 3327148989 0 0 0 0 0 0 1399637780 20524122 4117209088 354254848 0 7303445 5594646 824361 1505261 6178683
1790335091904 1 48921 0 3373252915 3327305100 0 0 0 0 0 0 1399657798 20524219 4118958080 178978816 0 7451857 5722534 843366 1538469 6308133
1790335092931 1 13960 3137 3373381631 3327465866 0 0 0 0 0 0 1399676876 20524374 4120469504 73805824 25440256 7627646 5869763 863450 1595899 6463840
1790335093962 1 19822 1457 3373529563 3327609684 0 0 0 0 0 0 1399704105 20524516 4122492928 107622400 4681728 7824777 6036776 889663 1636217 6570975
1790335095012 1 7772 1675 3373649864 3327741574 0 0 0 0 0 0 1399731857 20524624 4124839936 26173440 62947328 7998447 6181704 917919 1675161 6687346
1790335096064 1 97789 1276 3373840499 3327843149 0 0 0 0 0 0 1399776800 20524867 4128067584 407851008 4939776 8274601 6410938 963374 1718836 6766058
1790335097091 1 65699 1519 3373972495 3328006597 0 0 0 0 0 0 1399807635 20524995 4129808384 274063360 40009728 8469728 6570250 993842 1772547 6913351
1790335098126 1 135554 0 3374163703 3328129214 0 0 0 0 0 0 1399858526 20525181 4132663296 529170432 0 8752050 6800499 1044351 1849705 7005314
1790335099149 1 135849 2119 3374307918 3328271161 0 0 0 0 0 0 1399898615 20525321 4135346176 575590400 2871296 8980168 6987912 1085199 1906852 7206116
1790335100183 1 22485 1463 3374400440 3328477759 0 0 0 0 0 0 1399925847 20525415 4136583168 123887616 13012992 9127235 7104042 1112422 1949072 7390533
1790335101231 1 3775 0 3374534634 3328632106 0 0 0 0 0 0 1399963332 20525609 4138278912 11186176 12607488 9340044 7272073 1149905 2009778 7566325
1790335102255 1 26712 21089 3374698787 3328752626 0 0 0 0 0 0 1399999794 20525851 4138717184 107106304 107909120 9586631 7467157 1186368 2041722 7654525
1790335103279 1 97857 191 3374857281 3328860549 0 0 0 0 0 0 1400040367 20526528 4139347968 400674816 30928896 9833083 7654492 1226956 2100111 7771495
1790335104307 1 114750 0 3374986763 3328972893 0 0 0 0 0 0 1400077491 20528035 4139868160 444157952 0 10021697 7802410 1260863 2139924 7869594
1790335105335 1 29159 2 3375078934 3329151013 0 0 0 0 0 0 1400107113 20528129 4141264896 87502848 0 10158820 7917352 1289034 2186665 8118036
1790335106364 1 66570 0 3375251658 3329286249 0 0 0 0 0 0 1400142071 20528263 4140941312 239915008 0 10409101 8112501 1328135 2255642 8267244
1790335107405 1 84904 2853 3375402565 3329415934 0 0 0 0 0 0 1400175367 20528378 4140621824 365838336 5304320 10620195 8279123 1362022 2310363 8390813
1790335108449 1 103639 0 3375542343 3329539871 0 0 0 0 0 0 1400196536 20528469 4139552768 399327232 0 10790538 8413397 1383121 2343060 8468053
1790335109472 1 93617 3 3375682845 3329690405 0 0 0 0 0 0 1400211370 20528542 4137226240 360030208 0 10947621 8534950 1395977 2382846 8639501
1790335110503 1 26559 2503 3375802427 3329874566 0 0 0 0 0 0 1400220720 20528606 4134838272 118849536 31821824 11070456 8631018 1407298 2427332 8843052
1790335111549 1 77094 4020 3376001058 3330021290 0 0 0 0 0 0 1400226423 20528685 4129206272 331063296 10809344 11248508 8774226 1412495 2475887 8953780
1790335112593 1 67911 0 3376117071 3330150197 0 0 0 0 0 0 1400232616 20528730 4126654464 259833856 2732032 11370574 8872852 1418677 2529190 9114406
1790335113622 1 92145 6424 3376283075 3330285714 0 0 0 0 0 0 1400239819 20528809 4122574848 376266752 43315200 11556060 9014397 1426393 2582762 9292169
1790335114652 1 67786 25112 3376432641 3330440905 0 0 0 0 0 0 1400243422 20528856 4119007232 407740416 4546560 11712623 9135264 1429998 2622383 9374504
1790335115685 1 124340 0 3376592540 3330569399 0 0 0 0 0 0 1400251355 20528922 4116025344 480980992 0 11880764 9271314 1437416 2669104 9477472
1790335116710 1 116254 0 3376744357 3330729146 0 0 0 0 0 0 1400265036 20529006 4114649088 451022848 0 12056702 9413866 1449705 2717751 9597277
1790335117738 1 88449 61 3376875187 3330887878 0 0 0 0 0 0 1400276699 20529062 4113948672 357797888 23986176 12220646 9546311 1463337 2752939 9708733
1790335118773 1 106228 66 3377032174 3331027075 0 0 0 0 0 0 1400297327 20529165 4114206720 409841664 1167360 12404210 9701955 1483897 2812384 9890903
1790335119800 1 132239 0 3377197488 3331166406 0 0 0 0 0 0 1400322464 20529277 4115087360 516026368 0 12607405 9878235 1509036 2869215 10018375
1790335120823 1 71233 0 3377327440 3331357273 0 0 0 0 0 0 1400341953 20529367 4115910656 266838016 0 12768963 10016107 1526811 2913794 10193748
1790335121853 1 110004 0 3377507417 3331498585 0 0 0 0 0 0 1400378343 20529507 4118458368 420249600 0 13013106 10216447 1564405 2979452 10363911
1790335122893 1 119771 0 3377658460 3331639912 0 0 0 0 0 0 1400406466 20529625 4120395776 463380480 0 13216430 10388386 1592080 3043972 10581440
1790335123928 1 26301 22068 3377777054 3331829977 0 0 0 0 0 0 1400434783 20529721 4122255360 207921152 13627392 13391908 10534138 1621326 3078778 10695875
1790335124948 1 142196 0 3377961104 3331920116 0 0 0 0 0 0 1400482670 20529960 4125396992 555855872 0 13647534 10748821 1667742 3131888 10756412
1790335125973 1 150512 0 3378112942 3332063476 0 0 0 0 0 0 1400521175 20530152 4126760960 590704640 0 13861359 10926579 1702103 3192774 10920864
1790335126998 1 147059 0 3378252644 3332206836 0 0 0 0 0 0 1400570920 20530336 4130668544 572968960 0 14095461 11114565 1756983 3260084 11107712
1790335128024 1 134298 13067 3378401764 3332355537 0 0 0 0 0 0 1400608964 20530519 4132573184 609210368 0 14326809 11297715 1794995 3327572 11263898
1790335129062 1 89930 51 3378554102 3332565216 0 0 0 0 0 0 1400646498 20530718 4134223872 389160960 1466368 14559257 11478121 1831509 3386459 11420416
1790335130100 1 82173 0 3378713775 3332732697 0 0 0 0 0 0 1400693724 20530937 4135763968 310771712 0 14796927 11671464 1879274 3459417 11594577
1790335131122 1 26331 655 3378821399 3332895682 0 0 0 0 0 0 1400724097 20531073 4136660992 107556864 19968000 14967793 11806285 1910435 3501928 11854805
1790335132145 1 88266 11983 3378989494 3332990484 0 0 0 0 0 0 1400774946 20531297 4137807872 418435072 16351232 15230086 12013737 1960478 3540928 11953716
1790335133181 1 62180 4297 3379123492 3333158193 0 0 0 0 0 0 1400815584 20531503 4138999808 279957504 11579392 15443431 12176425 2002133 3609250 12173982
1790335134205 1 118102 3218 3379307380 3333287173 0 0 0 0 0 0 1400869991 20531744 4140486656 497623040 18886656 15728393 12403914 2056576 3664878 12288427
1790335135228 1 88912 8206 3379453148 3333457254 0 0 0 0 0 0 1400907513 20531917 4140130304 362180608 56152064 15940645 12566903 2094064 3711732 12446006
1790335136256 1 24425 1271 3379584222 3333659710 0 0 0 0 0 0 1400932158 20532027 4139212800 115941376 3600384 16111860 12695746 2117683 3768250 12646802
1790335137295 1 98367 73 3379767750 3333770564 0 0 0 0 0 0 1400964057 20532196 4137189376 381009920 0 16349245 12885204 2148039 3839558 12817389
1790335138319 1 91470 812 3379919626 3333928600 0 0 0 0 0 0 1400991558 20532341 4135456768 374661120 18202624 16558910 13043131 2178102 3888424 13025564
1790335139339 1 150334 0 3380115905 3334066586 0 0 0 0 0 0 1401020270 20532509 4133261312 588709888 0 16793017 13233435 2206892 3951615 13165697
1790335140361 1 121282 1 3380271025 3334250932 0 0 0 0 0 0 1401040315 20532616 4130869248 473546752 0 16967105 13372240 2225848 3994045 13340881
1790335141384 1 22549 4 3380370068 3334448688 0 0 0 0 0 0 1401048971 20532684 4128653312 67104768 0 17082466 13461196 2234063 4039529 13518782
1790335142407 1 66087 2409 3380565135 3334597817 0 0 0 0 0 0 1401066557 20532811 4125224960 280543232 13926400 17311389 13641280 2253102 4071466 13600947
1790335143440 1 136627 1241 3380756377 3334719633 0 0 0 0 0 0 1401082489 20532931 4122734592 584171520 2121728 17518117 13805016 2269056 4110998 13731368
1790335144465 1 114266 0 3380897030 3334883897 0 0 0 0 0 0 1401099447 20533003 4120530944 438149120 0 17668017 13930605 2285991 4171039 13921484
1790335145494 1 60889 1231 3381025878 3335065051 0 0 0 0 0 0 1401110651 20533067 4118196224 263274496 3383296 17824656 14050924 2297260 4203031 14047036
1790335146516 1 44471 13212 3381151659 3335195118 0 0 0 0 0 0 1401127044 20533157 4117651456 217964544 0 17968874 14168483 2313684 4233726 14207231
1790335147539 1 57092 4 3381312053 3335355853 0 0 0 0 0 0 1401144008 20533262 4116910080 208195584 0 18157413 14323260 2330633 4273645 14357561
1790335148566 1 83942 4380 3381492755 3335505587 0 0 0 0 0 0 1401175151 20533392 4117303296 366592000 21295104 18386447 14514716 2361184 4331720 14514304
1790335149589 1 581 134 3381610481 3335711043 0 0 0 0 0 0 1401189434 20533466 4117000192 1708032 2105344 18536929 14633884 2375991 4374945 14721516
1790335150621 1 14637 0 3381779282 3335865740 0 0 0 0 0 0 1401223806 20533613 4118343680 37302272 0 18754332 14813218 2408306 4418791 14846534
1790335151649 1 18039 3940 3381948534 3336027717 0 0 0 0 0 0 1401256102 20533749 4120612864 102928384 25272320 18990450 15006912 2442179 4453540 14949093
1790335152691 1 63782 500 3382124561 3336161404 0 0 0 0 0 0 1401290020 20533894 4122095616 284422144 1802240 19232944 15206517 2476563 4498423 15050370
1790335153720 1 90552 9515 3382285737 3336286836 0 0 0 0 0 0 1401320801 20534053 4123123712 369209344 63860736 19450288 15387362 2507425 4532008 15127174
1790335154742 1 90827 1 3382431144 3336441386 0 0 0 0 0 0 1401348281 20534205 4124065792 349143040 0 19647931 15546020 2532740 4575393 15246071
1790335155765 1 105353 0 3382601344 3336597111 0 0 0 0 0 0 1401378597 20534355 4124274688 404115456 0 19864244 15731495 2564202 4611030 15333749
1790335156788 1 72929 0 3382730057 3336758339 0 0 0 0 0 0 1401400251 20534480 4124336128 274886656 0 20032984 15871488 2585771 4650174 15448818
1790335157812 1 95309 3358 3382894836 3336897411 0 0 0 0 0 0 1401443283 20534666 4125831168 394113024 0 20269421 16069058 2628240 4694641 15526888
1790335158833 1 90082 18324 3383052930 3337045524 0 0 0 0 0 0 1401487044 20534867 4127653888 459304960 0 20504739 16266574 2673080 4757271 15672861
1790335159855 1 88766 1 3383191242 3337203459 0 0 0 0 0 0 1401534198 20535047 4130185216 339152896 0 20720683 16439778 2720254 4820278 15799176
1790335160877 1 58571 0 3383329321 3337371768 0 0 0 0 0 0 1401568619 20535208 4131766272 218112000 0 20925927 16603347 2755205 4875563 15966901
1790335161901 1 39197 0 3383492980 3337554742 0 0 0 0 0 0 1401614137 20535397 4133134336 137265152 0 21167996 16789747 2800414 4917318 16100421
1790335162943 1 20427 14 3383635294 3337715996 0 0 0 0 0 0 1401638044 20535535 4131868672 55095296 0 21344385 16929402 2824085 4960654 16259410
1790335163980 1 79085 2 3383810375 3337832378 0 0 0 0 0 0 1401666150 20535685 4129771520 302030848 0 21553165 17098538 2852836 4995762 16328708
1790335165003 1 38255 0 3383949765 3338012282 0 0 0 0 0 0 1401690872 20535816 4128256000 137191424 0 21745324 17244811 2877005 5046844 16488003
1790335166026 1 26132 0 3384096890 3338171918 0 0 0 0 0 0 1401710520 20535927 4126597120 81043456 0 21918266 17384097 2897043 5092997 16607693
1790335167048 1 99130 5987 3384269763 3338265667 0 0 0 0 0 0 1401736207 20536071 4125097984 423309312 21274624 22137137 17561044 2922772 5129699 16696022
1790335168082 1 52867 20494 3384417117 3338444947 0 0 0 0 0 0 1401753200 20536181 4122734592 316653568 7692288 22297918 17695696 2939234 5163266 16853880
1790335169110 1 77658 3 3384555791 3338578966 0 0 0 0 0 0 1401766033 20536274 4120928256 287604736 0 22448821 17820056 2952602 5212641 17016752
1790335170150 1 148 1095 3384649261 3338749104 0 0 0 0 0 0 1401776336 20536335 4119711744 2121728 5218304 22553314 17906880 2962376 5248600 17188572
1790335171204 1 132478 0 3384857502 3338826094 0 0 0 0 0 0 1401796409 20536486 4117934080 516567040 0 22781819 18097830 2981437 5280954 17260947
1790335172231 1 17677 2612 3384940711 3339021638 0 0 0 0 0 0 1401806189 20536549 4117618688 99057664 11018240 22884619 18182879 2992735 5315498 17390199
1790335173267 1 73613 17666 3385119471 3339129432 0 0 0 0 0 0 1401829760 20536660 4116697088 377102336 22659072 23096868 18356081 3016304 5362257 17502553
1790335174290 1 20712 14162 3385220669 3339286759 0 0 0 0 0 0 1401838346 20536723 4115521536 83759104 71639040 23211901 18448521 3025036 5390802 17620189
1790335175329 1 103272 762 3385384181 3339381400 0 0 0 0 0 0 1401853390 20536815 4114358272 421158912 24051712 23399290 18603405 3039934 5420983 17749809
1790335176398 1 0 941 3385465268 3339565149 0 0 0 0 0 0 1401862611 20536863 4114120704 6905856 0 23498130 18681409 3049166 5458462 17897457
1790335177434 1 8259 8407 3385625738 3339710077 0 0 0 0 0 0 1401882506 20536971 4113768448 29528064 57004032 23699992 18845058 3069050 5501782 18031109
1790335178459 1 16133 200 3385759892 3339844632 0 0 0 0 0 0 1401898782 20537089 4113702912 45555712 0 23866939 18977573 3084456 5528739 18128656
1790335179490 1 40627 544 3385910723 3339970522 0 0 0 0 0 0 1401919482 20537198 4113481728 168181760 16224256 24051112 19134951 3106026 5575581 18238672
1790335180534 1 66545 1 3386043013 3340077538 0 0 0 0 0 0 1401943428 20537313 4114423808 241958912 0 24219639 19273673 3128532 5615312 18358708
1790335181568 1 3464 69 3386153988 3340251562 0 0 0 0 0 0 1401964041 20537418 4114927616 364544 5959680 24369412 19399277 3149565 5661778 18511305
1790335182591 1 110314 16719 3386349129 3340323138 0 0 0 0 0 0 1401997955 20537615 4116910080 532566016 5476352 24633500 19619638 3183577 5694879 18598565
1790335183616 1 1548 2750 3386414356 3340511138 0 0 0 0 0 0 1402010879 20537677 4117901312 23179264 12828672 24722483 19693136 3197433 5752759 18768837
1790335184654 1 23880 6109 3386565606 3340636778 0 0 0 0 0 0 1402041686 20537822 4119568384 136749056 10850304 24934809 19865836 3228229 5807728 18896059
1790335185682 1 32151 16 3386689790 3340758474 0 0 0 0 0 0 1402060693 20537952 4120268800 109289472 0 25082557 19992863 3246767 5853563 19008625
1790335186707 1 4118 0 3386835011 3340931991 0 0 0 0 0 0 1402090354 20538117 4121608192 2117632 11051008 25279784 20156634 3275358 5900600 19155501
1790335187737 1 35215 1134 3386986412 3341051186 0 0 0 0 0 0 1402124284 20538286 4122763264 151298048 1712128 25485656 20329064 3309296 5942433 19247429
1790335188777 1 2263 179 3387092486 3341191477 0 0 0 0 0 0 1402147938 20538415 4124315648 5136384 0 25631141 20452325 3333972 5998598 19457829
1790335189831 1 23691 1771 3387253471 3341329204 0 0 0 0 0 0 1402188547 20538629 4126097408 139943936 2482176 25860528 20643441 3374578 6047560 19561853
1790335190868 1 50821 16053 3387418097 3341452197 0 0 0 0 0 0 1402220464 20538817 4125945856 286380032 5341184 26075682 20823228 3407008 6098853 19697687
1790335191896 1 29912 6204 3387525360 3341590433 0 0 0 0 0 0 1402248666 20538944 4126879744 120467456 61849600 26224565 20941330 3435280 6137790 19819255
1790335192942 1 71922 1154 3387679935 3341707934 0 0 0 0 0 0 1402277525 20539109 4127145984 312217600 1556480 26439054 21110375 3464067 6174600 19973173
1790335193976 1 14255 0 3387766139 3341853071 0 0 0 0 0 0 1402296019 20539208 4127043584 28459008 0 26537855 21196713 3481035 6218605 20153623
1790335195023 1 14877 0 3387881341 3341967444 0 0 0 0 0 0 1402318946 20539319 4126650368 40468480 0 26699147 21324990 3505487 6261746 20288517
1790335196055 1 25114 0 3388001311 3342077037 0 0 0 0 0 0 1402344681 20539460 4126810112 78381056 0 26862211 21455247 3530153 6300153 20383928
1790335197084 1 26030 700 3388138841 3342213072 0 0 0 0 0 0 1402371871 20539579 4126470144 118165504 1851392 27050162 21605799 3558218 6337830 20566926
1790335198118 1 78636 3691 3388304089 3342322912 0 0 0 0 0 0 1402401192 20539744 4125900800 321867776 34729984 27271414 21783297 3587736 6395485 20660847
1790335199142 1 50952 9 3388408843 3342458939 0 0 0 0 0 0 1402420352 20539847 4125569024 188551168 0 27406485 21890373 3606508 6453700 20870568
1790335200181 1 103732 15518 3388596064 3342578025 0 0 0 0 0 0 1402443306 20539986 4123353088 507056128 9945088 27625566 22064727 3629687 6489110 20958733
1790335201211 1 14263 2 3388682198 3342768763 0 0 0 0 0 0 1402455139 20540053 4122685440 37888000 0 27725432 22142516 3641175 6531644 21233917
1790335202238 1 1206 8621 3388817107 3342908380 0 0 0 0 0 0 1402467502 20540135 4121157632 2842624 58773504 27887814 22273986 3654046 6557654 21332184
1790335203263 1 8152 148 3388932574 3343025099 0 0 0 0 0 0 1402481308 20540223 4120453120 13205504 0 28020257 22385854 3667423 6600385 21479355
1790335204293 1 18965 6032 3389093694 3343169601 0 0 0 0 0 0 1402498824 20540318 4118908928 105803776 15917056 28209445 22541797 3684876 6627060 21545699
1790335205320 1 81920 7137 3389264936 3343276667 0 0 0 0 0 0 1402522732 20540457 4117598208 372924416 21938176 28424596 22713940 3709330 6677701 21653350
1790335206359 1 28216 1 3389348672 3343421365 0 0 0 0 0 0 1402537063 20540526 4117405696 89194496 0 28522877 22794316 3723169 6710798 21820922
1790335207385 1 111070 103 3389524225 3343514154 0 0 0 0 0 0 1402556145 20540651 4115992576 429453312 0 28717495 22957016 3742195 6738222 21933142
1790335208427 1 4220 17617 3389631337 3343710566 0 0 0 0 0 0 1402572024 20540713 4115316736 123305984 6422528 28857721 23063565 3757547 6774106 22083099
1790335209472 1 1022 18390 3389763949 3343845611 0 0 0 0 0 0 1402587406 20540794 4114620416 69701632 22503424 29014825 23193714 3773950 6810181 22186197
1790335210514 1 912 1903 3389866024 3343964423 0 0 0 0 0 0 1402601777 20540869 4114669568 19513344 0 29134165 23293411 3787834 6840473 22286440
1790335211546 1 40986 660 3390018857 3344078330 0 0 0 0 0 0 1402623349 20541005 4114436096 180756480 8302592 29332597 23450296 3809394 6885258 22416898
1790335212575 1 120819 72 3390178513 3344158665 0 0 0 0 0 0 1402655525 20541144 4115771392 469393408 0 29532447 23620238 3839619 6914156 22481701
1790335213603 1 876 4915 3390247718 3344343240 0 0 0 0 0 0 1402667447 20541201 4116008960 27377664 8519680 29627987 23701782 3853997 6961645 22671487
1790335214646 1 65344 99 3390401905 3344437459 0 0 0 0 0 0 1402704247 20541348 4117848064 242995200 0 29835883 23872907 3889915 6999813 22767181
1790335215669 1 520 8299 3390534659 3344626952 0 0 0 0 0 0 1402730586 20541481 4118941696 0 50008064 30022432 24027836 3916625 7045112 22920111
1790335216695 1 46792 16605 3390706191 3344743840 0 0 0 0 0 0 1402770618 20541662 4121313280 283496448 7163904 30264468 24228005 3957161 7079803 23021883
1790335217726 1 12279 5 3390819689 3344908091 0 0 0 0 0 0 1402789619 20541756 4121595904 27807744 0 30408723 24345820 3975154 7119136 23177451
1790335218769 1 7490 0 3390968853 3345062300 0 0 0 0 0 0 1402820681 20541893 4122038272 4247552 0 30605403 24510078 4004950 7159048 23272506
1790335219814 1 23242 4 3391123525 3345201403 0 0 0 0 0 0 1402856892 20542051 4122705920 74600448 0 30821187 24686718 4041906 7199089 23373618
1790335220837 1 102643 0 3391315418 3345313676 0 0 0 0 0 0 1402911032 20542278 4125110272 393674752 0 31099791 24917268 4096554 7243896 23452598
1790335221878 1 7583 0 3391398088 3345491467 0 0 0 0 0 0 1402927481 20542359 4125347840 7016448 0 31219100 25011783 4113835 7283510 23565644
1790335222926 1 6329 4 3391540652 3345635083 0 0 0 0 0 0 1402967045 20542527 4126703616 3276800 0 31437755 25182261 4152565 7330384 23720136
1790335223967 1 77412 2992 3391730700 3345751237 0 0 0 0 0 0 1403009682 20542725 4127793152 312811520 56860672 31698828 25397148 4195205 7367992 23792869
1790335225001 1 71052 0 3391874975 3345904873 0 0 0 0 0 0 1403034362 20542857 4126380032 265220096 0 31874925 25542712 4220400 7412504 23886501
1790335226025 1 29536 16 3391999239 3346070676 0 0 0 0 0 0 1403063659 20543002 4126912512 96706560 0 32058895 25684231 4249708 7482927 24128270
1790335227056 1 63344 340 3392173843 3346211515 0 0 0 0 0 0 1403084262 20543134 4124913664 267001856 2777088 32266554 25852459 4269786 7518917 24257301
1790335228088 1 29160 16860 3392311908 3346366951 0 0 0 0 0 0 1403105355 20543240 4124659712 228356096 0 32447823 25998327 4291925 7553809 24359211
1790335229125 1 193 0 3392312879 3346413718 0 0 0 0 0 0 1403168078 20543561 4148023296 65536 0 32506125 26053491 4352065 7590266 24437971
1790335230147 1 56 0 3392314312 3346415368 0 0 0 0 0 0 1403258957 20543946 4152328192 61440 0 32615466 26143837 4443462 7633495 24493443
1790335231180 1 0 39 3392315671 3346416630 0 0 0 0 0 0 1403345594 20544318 4122812416 110592 0 32723000 26231290 4532207 7678414 24560779
