1790323954612 0 0 0 2507708342 2461927429 0 0 0 0 0 0 988829449 19222200 - - - - - - - -
1790323955966 0 141721 0 2507972911 2462050181 0 0 0 0 0 0 988829458 19222308 1048686592 556961792 0 0 0 9 0 66380
1790323956986 0 150834 4019 2508135272 2462199339 0 0 0 0 0 0 988829458 19222308 1722056704 612573184 16777216 0 0 9 0 127924
1790323958010 0 152016 2004 2508302462 2462367515 0 0 0 0 0 0 988829458 19222308 2399969280 611893248 8282112 0 0 9 0 369162
1790323959035 0 147717 1984 2508491319 2462560534 0 0 0 0 0 0 988829458 19222308 3174150144 605794304 8388608 0 0 9 0 549557
1790323960055 0 129126 2048 2508651343 2462739179 0 0 0 0 0 0 988829458 19222308 3828019200 517545984 12443648 0 0 9 0 628592
1790323961075 0 150637 986 2508853600 2462921009 0 0 0 0 0 0 988833538 19222314 4159393792 616235008 8388608 234560 125511 4089 113593 664291
1790323962095 0 150021 2004 2508964287 2463031261 0 0 0 0 0 0 988841076 19222320 4158808064 610426880 6492160 419809 243270 11627 172932 855276
1790323963114 0 123066 6124 2509096209 2463186035 0 0 0 0 0 0 988849697 19222333 4158156800 512376832 16191488 609135 384390 19739 287884 1126227
1790323964134 0 92091 0 2509196217 2463323134 0 0 0 0 0 0 988859285 19222347 4157931520 363954176 0 759953 492729 29372 370465 1329551
1790323965153 0 88453 1068 2509315194 2463444724 0 0 0 0 0 0 988874481 19222370 4157837312 369475584 8388608 934364 629788 44594 456919 1555166
1790323966173 0 131950 5077 2509450195 2463532282 0 0 0 0 0 0 988897516 19222485 4158697472 546033664 23289856 1179743 787212 67557 577360 1708018
1790323967193 0 116479 0 2509535992 2463638526 0 0 0 0 0 0 988914919 19222603 4159557632 466452480 0 1349172 887348 84953 711880 1904447
1790323968217 0 26973 1690 2509593023 2463783393 0 0 0 0 0 0 988934242 19222688 4160720896 114708480 16175104 1469572 964832 104347 774346 2153025
1790323969236 0 150932 1679 2509747572 2463814046 0 0 0 0 0 0 988985549 19222913 4164419584 610230272 0 1743459 1167255 156106 939108 2266539
1790323970273 0 114270 16243 2509811284 2463899858 0 0 0 0 0 0 989014764 19223020 4166459392 468185088 66531328 1876493 1263044 185315 1015770 2487763
1790323971296 0 132003 0 2509909355 2463996427 0 0 0 0 0 0 989052157 19223150 4169011200 529985536 0 2051872 1393950 221731 1092043 2678432
1790323972320 0 113195 8515 2509992099 2464089775 0 0 0 0 0 0 989078849 19223249 4170584064 464502784 35123200 2204685 1506402 249436 1234098 2846995
1790323973351 0 53346 1548 2510059361 2464223455 0 0 0 0 0 0 989110220 19223389 4172509184 229556224 26681344 2336753 1601784 280260 1406590 3205489
1790323974375 0 105827 0 2510178528 2464291789 0 0 0 0 0 0 989151209 19223584 4174086144 427307008 0 2578991 1759718 319272 1596284 3449266
1790323975395 0 70238 0 2510251519 2464400333 0 0 0 0 0 0 989191747 19223737 4176322560 283549696 0 2743710 1873441 360318 1709953 3698134
1790323976419 0 66669 2336 2510342484 2464492547 0 0 0 0 0 0 989225167 19223857 4176900096 287961088 16777216 2933641 1999846 395718 1777687 3846747
1790323977450 0 96644 2174 2510454404 2464574673 0 0 0 0 0 0 989264704 19224030 4176809984 413523968 5660672 3149913 2151029 435254 1869271 4020479
1790323978480 0 81350 3203 2510553547 2464688072 0 0 0 0 0 0 989306784 19224167 4176822272 358723584 16777216 3342657 2290908 476824 2001013 4196388
1790323979509 0 91532 0 2510655542 2464783075 0 0 0 0 0 0 989366716 19224330 4177813504 365367296 0 3585762 2450134 535931 2176814 4382149
1790323980528 0 88038 146 2510754493 2464885535 0 0 0 0 0 0 989412371 19224483 4178395136 351997952 0 3791980 2594558 581686 2231798 4481015
1790323981548 0 82116 0 2510848946 2464985924 0 0 0 0 0 0 989458564 19224631 4179091456 325894144 0 3990106 2734524 628100 2408877 4779640
1790323982568 0 74268 78 2510941462 2465086318 0 0 0 0 0 0 989508281 19224782 4179644416 297676800 0 4214540 2876795 677314 2507562 4946138
1790323983587 0 71348 0 2511038928 2465186628 0 0 0 0 0 0 989568272 19224962 4181450752 285810688 0 4442047 3034044 737827 2622831 5071647
1790323984611 0 54922 2920 2511132898 2465294211 0 0 0 0 0 0 989626221 19225125 4182507520 238825472 8388608 4672439 3186592 796815 2716181 5176290
1790323985630 0 94622 0 2511232667 2465357187 0 0 0 0 0 0 989714383 19225347 4184014848 380919808 0 4957700 3372119 883399 2938832 5356510
1790323986650 0 82592 46 2511321068 2465457536 0 0 0 0 0 0 989775899 19225522 4185034752 325459968 0 5173604 3520527 945493 3028198 5484782
1790323987669 0 97816 0 2511411172 2465532350 0 0 0 0 0 0 989850754 19225698 4186779648 389566464 0 5431126 3685084 1020356 3240998 5690655
1790323988689 0 91853 28 2511503320 2465630596 0 0 0 0 0 0 989921512 19225890 4186988544 367624192 0 5669309 3847588 1090253 3412185 5800586
1790323989713 0 31711 11919 2511584451 2465760140 0 0 0 0 0 0 989983387 19226034 4186931200 146997248 63770624 5898885 3990935 1153687 3539729 5935711
1790323990751 0 118635 0 2511717094 2465817499 0 0 0 0 0 0 990066236 19226242 4185632768 477868032 0 6168603 4181371 1234738 3724230 6035068
1790323991771 0 90331 12 2511817727 2465946535 0 0 0 0 0 0 990118008 19226373 4183105536 357396480 0 6380104 4318265 1287572 3845997 6269003
1790323992791 0 131576 0 2511953252 2466040733 0 0 0 0 0 0 990169857 19226526 4180803584 528404480 0 6629024 4477028 1339408 4002459 6447949
1790323993811 0 129421 0 2512059625 2466149278 0 0 0 0 0 0 990213513 19226714 4178100224 518524928 0 6813625 4604094 1383595 4308961 6745093
1790323994831 0 23578 368 2512125709 2466320905 0 0 0 0 0 0 990234627 19226801 4176125952 107614208 1925120 6913550 4672466 1405172 4431635 7272100
1790323995853 0 103995 9271 2512287823 2466393542 0 0 0 0 0 0 990267541 19226950 4170264576 464297984 0 7134918 4829111 1437025 4544378 7417736
1790323996876 0 74359 23345 2512399268 2466520577 0 0 0 0 0 0 990285563 19227049 4166447104 395456512 12902400 7282860 4930772 1456108 4657113 7782695
1790323997897 0 88702 15 2512508917 2466639261 0 0 0 0 0 0 990299407 19227125 4162371584 347475968 0 7409681 5019808 1469951 4778423 8235446
1790323998924 0 89388 1373 2512639524 2466768026 0 0 0 0 0 0 990315841 19227210 4157992960 383303680 2170880 7570621 5138885 1485873 4861470 8361671
1790323999948 0 37785 1194 2512737706 2466917747 0 0 0 0 0 0 990323065 19227267 4155322368 167346176 3002368 7686971 5226111 1493304 4970908 8822716
1790324000969 0 104138 0 2512890684 2467005491 0 0 0 0 0 0 990343599 19227367 4151042048 410992640 0 7874660 5366255 1514155 5108863 9114818
1790324001988 0 82753 30 2513001342 2467137617 0 0 0 0 0 0 990356444 19227427 4148355072 324329472 0 8004573 5468794 1526478 5234464 9505746
1790324003008 0 105972 0 2513133021 2467246132 0 0 0 0 0 0 990372367 19227520 4146368512 424042496 0 8162004 5592195 1541891 5372795 9854194
1790324004028 0 126821 0 2513264527 2467356724 0 0 0 0 0 0 990394397 19227611 4144766976 511987712 0 8330394 5721107 1563426 5509568 10185236
1790324005047 0 66587 506 2513360702 2467512816 0 0 0 0 0 0 990408253 19227674 4144873472 282427392 6914048 8461574 5822979 1578797 5594417 10509311
1790324006066 0 119219 0 2513499445 2467599320 0 0 0 0 0 0 990437756 19227790 4144656384 475820032 0 8642793 5968204 1607800 5669731 10633297
1790324007094 0 93459 9 2513603702 2467729385 0 0 0 0 0 0 990455733 19227860 4144410624 370212864 0 8779053 6076879 1625255 5755867 10813256
1790324008117 0 106625 1201 2513731595 2467842814 0 0 0 0 0 0 990486502 19227966 4146147328 451137536 6377472 8970686 6229076 1656532 5900153 11136840
1790324009145 0 85852 2044 2513833794 2467964949 0 0 0 0 0 0 990521818 19228067 4147888128 371593216 18636800 9128839 6357221 1691413 6013010 11434063
1790324010185 0 13162 2293 2513907756 2468111379 0 0 0 0 0 0 990547023 19228151 4149379072 89731072 6717440 9243383 6450874 1717566 6124385 11963703
1790324011226 0 125838 1977 2514069084 2468160298 0 0 0 0 0 0 990597284 19228296 4151963648 513339392 40046592 9495753 6652800 1767828 6215538 12048333
1790324012249 0 64619 0 2514151097 2468305528 0 0 0 0 0 0 990622419 19228375 4153049088 257007616 0 9622461 6753983 1791955 6347362 12516866
1790324013268 0 119792 38 2514280956 2468380234 0 0 0 0 0 0 990675758 19228528 4155977728 478752768 0 9843876 6930483 1845795 6458775 12637905
1790324014300 0 106043 71 2514381129 2468493940 0 0 0 0 0 0 990706552 19228648 4156698624 417173504 0 10003539 7056372 1877106 6576747 12921703
1790324015330 0 102496 1971 2514486004 2468600593 0 0 0 0 0 0 990750666 19228764 4158844928 432095232 6524928 10194551 7203349 1921217 6740000 13234093
1790324016350 0 87502 0 2514583922 2468715441 0 0 0 0 0 0 990804469 19228903 4161622016 347738112 0 10370942 7347212 1973525 6807582 13372903
1790324017369 0 137361 0 2514707485 2468789170 0 0 0 0 0 0 990852233 19229059 4163665920 554156032 0 10587504 7515645 2021778 6941014 13630263
1790324018389 0 139777 0 2514820452 2468899762 0 0 0 0 0 0 990896854 19229203 4164902912 562016256 0 10799452 7669598 2066411 7109781 13887181
1790324019408 0 135116 0 2514914175 2468998067 0 0 0 0 0 0 990957910 19229367 4167938048 545832960 0 11001244 7822956 2126949 7225020 14145389
1790324020428 0 114233 0 2515008134 2469112756 0 0 0 0 0 0 991011711 19229501 4169695232 457388032 0 11193295 7969191 2181319 7317215 14380922
1790324021447 0 50648 0 2515091536 2469259918 0 0 0 0 0 0 991059976 19229630 4171853824 198045696 0 11371789 8099850 2229524 7443687 14637701
1790324022467 0 118352 0 2515213415 2469314200 0 0 0 0 0 0 991133783 19229827 4175708160 474202112 0 11633229 8293600 2302859 7556436 14740934
1790324023486 0 61219 0 2515289448 2469447311 0 0 0 0 0 0 991183614 19229993 4177498112 244314112 0 11812603 8419696 2352657 7728225 15087122
1790324024506 0 141017 0 2515423555 2469501593 0 0 0 0 0 0 991253446 19230242 4179005440 564297728 0 12088607 8622220 2424048 7793428 15138474
1790324025525 0 64157 0 2515491090 2469645968 0 0 0 0 0 0 991313794 19230435 4181553152 257449984 0 12274307 8748575 2481772 7991223 15500755
1790324026545 0 7754 19 2515575554 2469786991 0 0 0 0 0 0 991364091 19230598 4182671360 18964480 0 12461475 8882106 2534125 8088676 15659527
1790324027564 0 138126 9342 2515731778 2469803291 0 0 0 0 0 0 991447687 19230846 4182732800 624918528 0 12785851 9102539 2617889 8226864 15700534
1790324028587 0 58233 0 2515806470 2469967198 0 0 0 0 0 0 991488298 19230972 4181823488 228315136 0 12934709 9207906 2657311 8314412 15903727
1790324029607 0 85567 0 2515929908 2470063456 0 0 0 0 0 0 991545238 19231165 4179935232 338026496 0 13182494 9374243 2715319 8487106 16145331
1790324030627 0 92074 0 2516043957 2470170976 0 0 0 0 0 0 991588343 19231306 4178284544 366669824 0 13382953 9516048 2757922 8587726 16333814
1790324031651 0 6564 10050 2516128672 2470331195 0 0 0 0 0 0 991630882 19231431 4178046976 65277952 19038208 13557574 9635964 2801490 8741298 16565467
1790324032675 0 102143 21206 2516283302 2470379080 0 0 0 0 0 0 991680210 19231591 4174528512 509198336 9670656 13788007 9806903 2850754 8828118 16613722
1790324033694 0 91489 0 2516384061 2470511617 0 0 0 0 0 0 991713531 19231706 4172320768 366170112 0 13950518 9920107 2882033 9018767 17006029
1790324034723 0 57203 0 2516500465 2470662146 0 0 0 0 0 0 991742716 19231789 4170493952 220848128 782336 14121671 10041915 2912822 9148331 17427382
1790324035746 0 146098 0 2516675051 2470748147 0 0 0 0 0 0 991766363 19231903 4165033984 583680000 0 14322311 10195523 2936400 9266007 17574374
1790324036767 0 99869 6694 2516804050 2470916568 0 0 0 0 0 0 991788964 19232005 4161708032 442073088 22065152 14489050 10324889 2958997 9428633 17888281
1790324037788 0 114408 0 2516952076 2471056695 0 0 0 0 0 0 991808464 19232108 4157788160 451555328 0 14657484 10457292 2979011 9569446 18214693
1790324038808 0 110260 0 2517084108 2471192888 0 0 0 0 0 0 991836143 19232220 4155486208 441208832 0 14821586 10592110 3005668 9707232 18579708
1790324039828 0 92173 0 2517202172 2471329081 0 0 0 0 0 0 991865287 19232337 4155224064 360894464 0 14984508 10726326 3035366 9868730 18887984
1790324040852 0 99243 6091 2517343930 2471457698 0 0 0 0 0 0 991897737 19232466 4155019264 406507520 37134336 15187666 10884718 3068282 9956457 19058444
1790324041873 0 103810 4380 2517469798 2471580692 0 0 0 0 0 0 991928562 19232608 4154781696 454455296 8126464 15361696 11029329 3099105 10102264 19341341
1790324042891 0 69493 1812 2517583373 2471731204 0 0 0 0 0 0 991954752 19232727 4154228736 284643328 28651520 15516003 11158991 3125296 10184410 19539320
1790324043921 0 120732 6643 2517732799 2471824725 0 0 0 0 0 0 992000842 19232908 4155236352 494510080 60608512 15730474 11333844 3171386 10346797 19774518
1790324044951 0 65624 2094 2517832452 2471984086 0 0 0 0 0 0 992026993 19232991 4156022784 296914944 18939904 15869219 11449912 3197027 10397570 19897173
1790324045973 0 86521 57 2517970069 2472102660 0 0 0 0 0 0 992057789 19233126 4155748352 348151808 0 16062411 11603143 3226805 10487278 20044062
1790324046993 0 115109 0 2518107215 2472211180 0 0 0 0 0 0 992094767 19233297 4155600896 458903552 0 16248529 11763165 3264437 10593415 20218572
1790324048013 0 45738 0 2518206377 2472379713 0 0 0 0 0 0 992118393 19233424 4155592704 174891008 0 16391805 11879850 3288459 10781100 20556847
1790324049032 0 137282 0 2518360425 2472442177 0 0 0 0 0 0 992168642 19233638 4157095936 553811968 0 16628031 12076620 3337712 10991770 20755483
1790324050052 0 117980 0 2518480416 2472581442 0 0 0 0 0 0 992211312 19233820 4159291392 470810624 0 16819382 12234779 3381370 11109062 20955346
1790324051072 0 52523 0 2518576695 2472743235 0 0 0 0 0 0 992243697 19233956 4160053248 202502144 0 16976350 12359850 3413728 11249703 21340982
1790324052091 0 91228 6935 2518709716 2472830540 0 0 0 0 0 0 992295043 19234178 4162183168 413958144 0 17198203 12538467 3464597 11400381 21545433
1790324053110 0 15904 0 2518794967 2472998116 0 0 0 0 0 0 992347405 19234367 4164898816 52793344 0 17365448 12670012 3517447 11503828 21796157
1790324054134 0 110049 1971 2518939336 2473046294 0 0 0 0 0 0 992416776 19234666 4167553024 475959296 3538944 17634831 12880677 3586931 11576197 21856203
1790324055155 0 70453 57 2519039939 2473188594 0 0 0 0 0 0 992460282 19234867 4168183808 276205568 0 17823494 13019710 3630371 11803167 22164852
1790324056175 0 107607 0 2519155974 2473267462 0 0 0 0 0 0 992522471 19235123 4170563584 432742400 0 18059277 13195662 3692209 11901142 22285453
1790324057195 0 89059 0 2519254153 2473384167 0 0 0 0 0 0 992584132 19235387 4172558336 358531072 0 18266886 13353759 3752991 12045769 22457833
1790324058214 0 9626 0 2519329668 2473538996 0 0 0 0 0 0 992627743 19235554 4174655488 33046528 0 18430787 13471603 3796271 12144343 22680307
1790324059239 0 129514 1095 2519475046 2473563848 0 0 0 0 0 0 992708887 19235884 4177408000 554319872 6733824 18749779 13699212 3878915 12281387 22743516
1790324060269 0 66241 37 2519554093 2473706969 0 0 0 0 0 0 992756012 19236055 4178165760 254959616 0 18919688 13820991 3926657 12371416 22889679
1790324061289 0 84560 0 2519663534 2473798029 0 0 0 0 0 0 992823126 19236289 4179623936 336007168 0 19146139 13985442 3992655 12502069 23119528
1790324062308 0 102356 56 2519788893 2473905591 0 0 0 0 0 0 992874451 19236502 4178890752 411004928 0 19358395 14138329 4042993 12628902 23315160
1790324063328 0 36505 0 2519886523 2474069099 0 0 0 0 0 0 992914147 19236654 4177965056 141393920 0 19531811 14260999 4083036 12825695 23678340
1790324064347 0 142997 0 2520028837 2474104940 0 0 0 0 0 0 992988433 19236935 4178145280 575197184 0 19808590 14466400 4158486 13009965 23807003
1790324065367 0 91500 0 2520110562 2474238061 0 0 0 0 0 0 993024834 19237053 4177297408 364380160 0 19955623 14570096 4194408 13182526 24232897
1790324066386 0 92548 23141 2520216266 2474319750 0 0 0 0 0 0 993084916 19237249 4177063936 378998784 115150848 20185624 14732049 4255460 13370863 24479810
1790324067409 0 82741 46 2520309646 2474445952 0 0 0 0 0 0 993131130 19237426 4177485824 323756032 0 20366524 14858777 4301673 13536271 24840435
1790324068428 0 35485 0 2520397681 2474581261 0 0 0 0 0 0 993176777 19237614 4176601088 134901760 0 20539998 14981740 4345844 13685600 25174616
1790324069450 0 103885 6914 2520555350 2474663703 0 0 0 0 0 0 993223555 19237793 4174057472 423395328 55762944 20790024 15155444 4394098 13850766 25405709
1790324070471 0 106964 0 2520683249 2474795279 0 0 0 0 0 0 993254341 19237918 4170932224 427974656 0 20967264 15283724 4423896 14044375 25731898
1790324071494 0 72316 0 2520792962 2474939664 0 0 0 0 0 0 993283511 19238032 4168089600 292917248 0 21118103 15402659 4452822 14227085 26119928
1790324072516 0 98705 0 2520917629 2475037972 0 0 0 0 0 0 993310739 19238162 4164993024 393084928 0 21285870 15534787 4480819 14367338 26443350
1790324073539 0 19121 818 2521014494 2475213755 0 0 0 0 0 0 993331841 19238255 4162752512 85397504 5464064 21413097 15633659 4502384 14505677 26856658
1790324074558 0 108410 11680 2521179497 2475278338 0 0 0 0 0 0 993368226 19238393 4160315392 493142016 0 21615820 15798655 4538831 14612877 26988565
1790324075591 0 88366 1123 2521290342 2475420418 0 0 0 0 0 0 993386728 19238472 4157788160 397758464 8691712 21754004 15907865 4557293 14689077 27316342
1790324076632 0 90439 0 2521432118 2475560766 0 0 0 0 0 0 993411378 19238579 4155469824 353705984 0 21920083 16044651 4581950 14868872 27635801
1790324077651 0 101883 1401 2521539997 2475656194 0 0 0 0 0 0 993434966 19238677 4154085376 421163008 16830464 22074217 16162760 4605564 14968026 27839453
1790324078674 0 118195 3688 2521672929 2475770282 0 0 0 0 0 0 993469403 19238821 4153618432 502091776 7827456 22254438 16308293 4639438 15117268 28155720
1790324079693 0 89881 0 2521778386 2475907523 0 0 0 0 0 0 993505202 19238928 4154576896 357277696 0 22416636 16438615 4674780 15280881 28527280
1790324080720 0 101788 0 2521905036 2476022191 0 0 0 0 0 0 993542112 19239072 4154605568 405839872 0 22599130 16587692 4711700 15356394 28696298
1790324081743 0 102399 17 2522013050 2476129716 0 0 0 0 0 0 993575027 19239199 4155265024 409059328 0 22766155 16719459 4744874 15502683 28977720
1790324082763 0 80988 14 2522125771 2476263808 0 0 0 0 0 0 993620403 19239380 4156981248 317173760 0 22944276 16866755 4790446 15698656 29322614
1790324083784 0 41140 5257 2522234906 2476408135 0 0 0 0 0 0 993661425 19239528 4157112320 191696896 20185088 23113954 17006601 4832021 15793372 29487660
1790324084806 0 59432 56 2522371792 2476531312 0 0 0 0 0 0 993690776 19239700 4155932672 230604800 0 23311877 17156993 4860807 15861334 29622211
1790324085828 0 82808 0 2522501527 2476637847 0 0 0 0 0 0 993729331 19239892 4156243968 333635584 0 23519468 17316967 4897828 15943136 29734485
1790324086856 0 86670 3056 2522626367 2476755719 0 0 0 0 0 0 993767294 19240052 4155940864 387936256 21483520 23703866 17470987 4937837 16062045 29920104
1790324087878 0 132680 0 2522763413 2476849816 0 0 0 0 0 0 993812981 19240275 4156862464 534331392 0 23924124 17641677 4982009 16261185 30150982
1790324088902 0 91988 12705 2522864693 2476979299 0 0 0 0 0 0 993854646 19240470 4158799872 439357440 3850240 24098479 17781388 5025191 16365916 30369787
1790324089921 0 84743 15 2522971670 2477105878 0 0 0 0 0 0 993906456 19240658 4161007616 339156992 0 24289068 17931994 5075495 16508198 30585512
1790324090942 0 130730 448 2523100010 2477187880 0 0 0 0 0 0 993954780 19240880 4162646016 546967552 6381568 24519260 18106674 5125323 16675999 30812405
1790324091961 0 121850 0 2523201104 2477298374 0 0 0 0 0 0 994006634 19241081 4164595712 488624128 0 24716501 18253462 5176150 16754625 30935618
1790324092981 0 119060 4818 2523302345 2477397568 0 0 0 0 0 0 994070236 19241283 4167135232 515608576 6598656 24927999 18418349 5240780 16936510 31138326
1790324094011 0 77748 886 2523395810 2477536521 0 0 0 0 0 0 994116466 19241459 4168331264 357728256 4296704 25107598 18551331 5287010 17081159 31343128
1790324095034 0 79695 8833 2523519623 2477650085 0 0 0 0 0 0 994172346 19241675 4169166848 375005184 0 25346811 18717124 5342945 17261946 31549309
1790324096056 0 96775 72 2523632998 2477755185 0 0 0 0 0 0 994220648 19241871 4169625600 383729664 0 25561838 18866243 5390687 17353345 31693894
1790324097076 0 102910 0 2523730262 2477846365 0 0 0 0 0 0 994259593 19242041 4168589312 409067520 0 25735244 18993331 5429994 17543284 32044903
1790324098095 0 114572 13570 2523823675 2477914572 0 0 0 0 0 0 994299501 19242190 4168466432 541032448 11382784 25912734 19120950 5470044 17741546 32377134
1790324099115 0 118856 0 2523921294 2478021471 0 0 0 0 0 0 994352828 19242390 4170010624 478908416 0 26109917 19263606 5520845 17848629 32539880
1790324100134 0 84245 0 2524033870 2478168631 0 0 0 0 0 0 994395385 19242567 4170391552 334385152 0 26302646 19403164 5564951 17935584 32821632
1790324101154 0 122566 0 2524170436 2478266936 0 0 0 0 0 0 994446208 19242761 4170022912 489172992 0 26525015 19569744 5616273 18054797 32942669
1790324102182 0 49608 511 2524251080 2478420083 0 0 0 0 0 0 994485248 19242916 4170555392 212865024 6701056 26676231 19684460 5655792 18149577 33171747
1790324103204 0 140643 0 2524400480 2478478911 0 0 0 0 0 0 994542195 19243141 4169834496 569843712 0 26928605 19876897 5710181 18345905 33327222
1790324104224 0 80502 0 2524483721 2478622272 0 0 0 0 0 0 994587842 19243294 4170182656 325533696 0 27096441 19997005 5756336 18429088 33513665
1790324105244 0 52173 0 2524589075 2478755906 0 0 0 0 0 0 994639663 19243494 4171247616 209702912 0 27300055 20147890 5807145 18615294 33845896
1790324106268 0 58757 1898 2524704054 2478862617 0 0 0 0 0 0 994698771 19243705 4171399168 259624960 23023616 27535652 20313427 5868802 18791856 34052859
1790324107294 0 67784 10825 2524831880 2478972434 0 0 0 0 0 0 994754619 19243893 4170690560 309166080 27774976 27757185 20476463 5925219 18974688 34312544
1790324108313 0 120415 0 2524969576 2479068228 0 0 0 0 0 0 994796686 19244074 4168122368 480763904 0 27958766 20627303 5966437 19031192 34404452
1790324109332 0 114130 2993 2525096417 2479198464 0 0 0 0 0 0 994831666 19244232 4164714496 465707008 26202112 28142817 20764361 6002210 19179957 34697984
1790324110351 0 73459 0 2525193099 2479338637 0 0 0 0 0 0 994865770 19244360 4163911680 288464896 0 28300612 20876221 6035701 19288313 35019206
1790324111377 0 104976 0 2525331073 2479445134 0 0 0 0 0 0 994904027 19244503 4161277952 414556160 0 28493621 21022755 6074063 19470930 35304982
1790324112398 0 82462 53 2525449774 2479586416 0 0 0 0 0 0 994939905 19244623 4159483904 327299072 5267456 28662266 21153048 6109938 19616242 35613002
1790324113430 0 90591 0 2525570689 2479699088 0 0 0 0 0 0 994969683 19244749 4157788160 360296448 729088 28834392 21280466 6139206 19753336 35883325
1790324114454 0 84643 0 2525680382 2479814801 0 0 0 0 0 0 995000313 19244881 4156547072 336531456 0 28996989 21405093 6169364 19903218 36242272
1790324115473 0 51575 803 2525780697 2479947298 0 0 0 0 0 0 995024920 19245004 4155326464 208551936 0 29137036 21518542 6195491 20048264 36617915
1790324116493 0 132715 0 2525927018 2480013346 0 0 0 0 0 0 995062548 19245183 4153946112 531619840 0 29342876 21686095 6233125 20156178 36778188
1790324117513 0 104878 0 2526032226 2480146457 0 0 0 0 0 0 995094360 19245331 4153810944 416972800 0 29500229 21810969 6264428 20343635 37126378
1790324118538 0 107498 3755 2526148872 2480257005 0 0 0 0 0 0 995128833 19245507 4154363904 438218752 30740480 29679649 21954860 6299377 20508619 37445009
1790324119557 0 89161 0 2526254163 2480384048 0 0 0 0 0 0 995165088 19245649 4154880000 354779136 0 29838841 22083288 6334792 20669160 37814293
1790324120581 0 852 36 2526330004 2480548167 0 0 0 0 0 0 995199129 19245775 4156325888 11079680 12689408 29968447 22189091 6369159 20821588 38279108
1790324121609 0 122291 1700 2526486814 2480581888 0 0 0 0 0 0 995267382 19246064 4158836736 517816320 2203648 30245456 22404580 6437927 21026473 38382665
1790324122632 0 72786 36 2526576025 2480722347 0 0 0 0 0 0 995304845 19246221 4160008192 288546816 0 30403383 22522659 6474381 21136815 38638282
1790324123654 0 139758 438 2526704577 2480783661 0 0 0 0 0 0 995353073 19246440 4161089536 590286848 0 30621563 22694643 6523170 21324535 38880687
1790324124672 0 72216 12921 2526786718 2480920773 0 0 0 0 0 0 995387533 19246574 4161740800 295841792 70250496 30769222 22805091 6558098 21385049 39124756
1790324125697 0 14938 602 2526868931 2481072476 0 0 0 0 0 0 995416337 19246704 4161904640 64536576 8560640 30893540 22903987 6586880 21518008 39404867
1790324126724 0 100035 5969 2527014852 2481127966 0 0 0 0 0 0 995470211 19246937 4161867776 440107008 15839232 31131416 23084373 6640315 21619586 39513857
1790324127747 0 90285 1956 2527120168 2481247195 0 0 0 0 0 0 995500113 19247095 4160757760 374312960 16240640 31291573 23206102 6670657 21704514 39702532
1790324128766 0 101263 0 2527234288 2481352042 0 0 0 0 0 0 995536608 19247298 4160462848 408158208 0 31469581 23345674 6705106 21876750 40005314
1790324129785 0 68180 0 2527323026 2481473899 0 0 0 0 0 0 995571506 19247441 4161236992 268742656 0 31618521 23461254 6741538 21976569 40256290
1790324130809 0 96710 1180 2527436036 2481557195 0 0 0 0 0 0 995625930 19247651 4162781184 409374720 3657728 31830323 23622123 6796473 22180736 40551307
1790324131828 0 75534 0 2527529542 2481673048 0 0 0 0 0 0 995659768 19247783 4163227648 298983424 0 31985437 23736920 6829296 22274659 40790088
1790324132847 0 77892 6862 2527630182 2481764475 0 0 0 0 0 0 995699297 19247952 4164005888 325660672 32927744 32165167 23871984 6869345 22440102 41132546
1790324133866 0 92403 0 2527727675 2481854301 0 0 0 0 0 0 995738840 19248124 4164300800 366374912 0 32333424 23998477 6908884 22564242 41487127
1790324134889 0 67176 0 2527812935 2481964894 0 0 0 0 0 0 995782470 19248298 4165533696 262795264 0 32485795 24121175 6952502 22749856 41878530
1790324135915 0 70661 798 2527913659 2482061331 0 0 0 0 0 0 995826656 19248475 4166422528 301125632 3260416 32680129 24258281 6997202 22918740 42216290
1790324136937 0 59233 6585 2528016419 2482169709 0 0 0 0 0 0 995865638 19248641 4166565888 284700672 0 32851577 24385811 7035713 22997827 42343125
1790324137956 0 101048 0 2528124782 2482242863 0 0 0 0 0 0 995907509 19248821 4166963200 401522688 0 33035542 24525871 7077310 23109940 42584544
1790324138976 0 129533 0 2528232232 2482321712 0 0 0 0 0 0 995960145 19249046 4167405568 526528512 0 33233605 24676135 7128386 23186751 42697658
1790324139995 0 113452 4162 2528325680 2482427078 0 0 0 0 0 0 996000731 19249207 4168310784 462606336 30203904 33396871 24802342 7171275 23347639 43034060
1790324141019 0 11743 449 2528395519 2482602522 0 0 0 0 0 0 996031047 19249333 4168716288 57786368 3506176 33532869 24896695 7200719 23417450 43283723
1790324142038 0 103248 8760 2528532149 2482639407 0 0 0 0 0 0 996097756 19249596 4170285056 480112640 0 33792804 25087142 7267145 23511964 43340510
1790324143058 0 82643 57 2528612274 2482748698 0 0 0 0 0 0 996136598 19249764 4170145792 330194944 0 33943004 25200127 7305855 23622399 43586285
1790324144078 0 113603 19199 2528721708 2482808379 0 0 0 0 0 0 996205070 19250008 4171964416 563073024 0 34197483 25377148 7375102 23853530 43808652
1790324145098 0 87718 0 2528807916 2482939172 0 0 0 0 0 0 996251264 19250174 4172517376 351510528 0 34365164 25494670 7420273 24153177 44216312
1790324146126 0 106732 828 2528922928 2483034516 0 0 0 0 0 0 996305654 19250387 4171620352 457592832 1789952 34593496 25655259 7475194 24312231 44480047
1790324147157 0 57628 0 2529016112 2483177484 0 0 0 0 0 0 996336172 19250536 4169846784 227708928 2367488 34744969 25763599 7505802 24421338 44689523
1790324148179 0 142016 0 2529154744 2483231811 0 0 0 0 0 0 996396627 19250765 4167892992 571420672 0 34982573 25934534 7565691 24545103 44798387
1790324149199 0 104472 0 2529263611 2483378225 0 0 0 0 0 0 996426479 19250911 4165152768 416718848 0 35127139 26042067 7596526 24709291 45141307
1790324150219 0 85861 0 2529376088 2483509317 0 0 0 0 0 0 996456596 19251063 4162895872 337133568 0 35293970 26169632 7627162 24889890 45501522
1790324151238 0 128639 2920 2529517500 2483605270 0 0 0 0 0 0 996492443 19251221 4159422464 535953408 0 35504030 26324061 7662024 24964884 45606699
1790324152258 0 32 0 2529533816 2483752887 0 0 0 0 0 0 996546530 19251471 4184129536 131072 0 35578848 26387938 7715029 25008880 45748045
1790324153279 0 33 0 2529533817 2483752894 0 0 0 0 0 0 996686850 19252066 4189237248 131072 0 35748073 26526206 7854520 25078466 45777235
1790324154303 0 33 0 2529533817 2483752917 0 0 0 0 0 0 996804166 19252426 4196061184 131072 0 35913400 26644736 7974710 25116680 45789108
