1790326705136 0 0 0 2702067110 2656266395 0 0 0 0 0 0 1120977518 19592564 - - - - - - - -
1790326706559 0 140379 11534 2702321843 2656369073 0 0 0 0 0 0 1120977518 19592670 982970368 630292480 8454144 0 0 9 0 170057
1790326707669 0 153592 2558 2702463812 2656507274 0 0 0 0 0 0 1120977527 19592670 1603022848 619507712 15663104 0 0 9 0 254938
1790326708688 0 142226 9490 2702602657 2656650200 0 0 0 0 0 0 1120977527 19592670 2158817280 603795456 4538368 0 0 9 0 584363
1790326709709 0 151801 2061 2702742732 2656788142 0 0 0 0 0 0 1120977527 19592670 2735587328 618778624 6619136 0 0 9 0 913156
1790326710730 0 147618 5194 2702876832 2656923322 0 0 0 0 0 0 1120977527 19592670 3291377664 617381888 8388608 0 0 9 0 1388236
1790326711749 0 149602 4096 2703036003 2657081611 0 0 0 0 0 0 1120977527 19592670 3930472448 604250112 14065664 0 0 9 0 1710406
1790326712769 0 150228 2028 2703195368 2657242362 0 0 0 0 0 0 1120978540 19592671 4159991808 606203904 10452992 178664 104886 1022 89649 1959230
1790326713789 0 128509 2034 2703334321 2657403019 0 0 0 0 0 0 1120984565 19592681 4158988288 524050432 6295552 386625 250438 7108 211479 2214705
1790326714810 0 124369 2327 2703484247 2657557242 0 0 0 0 0 0 1120993789 19592691 4158111744 512040960 7950336 586340 409742 15760 275063 2345055
1790326715830 0 91721 5490 2703608614 2657710615 0 0 0 0 0 0 1121004385 19592706 4157841408 397914112 6057984 753108 546599 26429 365173 2623734
1790326716849 0 112007 2035 2703756201 2657841325 0 0 0 0 0 0 1121015612 19592721 4157349888 441008128 25165824 942595 701290 38094 426464 2789859
1790326717888 0 120161 5967 2703879727 2657952884 0 0 0 0 0 0 1121029419 19592820 4157325312 532262912 4124672 1150707 841535 51900 512789 2937255
1790326718914 0 141973 1904 2704005565 2658060973 0 0 0 0 0 0 1121046922 19592982 4157804544 579821568 19476480 1348389 983863 69403 591425 3078482
1790326719937 0 114449 0 2704093395 2658178177 0 0 0 0 0 0 1121061865 19593083 4158312448 453885952 0 1477077 1083666 83780 668991 3387867
1790326720956 0 63423 0 2704171463 2658307325 0 0 0 0 0 0 1121075145 19593164 4158820352 244166656 0 1594332 1175003 97637 775125 3714056
1790326721979 0 63806 1711 2704291116 2658424813 0 0 0 0 0 0 1121095677 19593278 4159586304 274817024 8388608 1774593 1317467 117648 896779 3941768
1790326723000 0 136946 0 2704437568 2658499837 0 0 0 0 0 0 1121132140 19593435 4161912832 548352000 0 1996937 1496942 154389 997640 4053760
1790326724024 0 94741 18 2704521200 2658625818 0 0 0 0 0 0 1121154734 19593534 4163158016 382922752 85475328 2128991 1604110 177216 1067372 4242538
1790326725043 0 79162 0 2704626628 2658746622 0 0 0 0 0 0 1121179367 19593641 4164321280 309481472 0 2291097 1731743 201859 1240278 4559903
1790326726065 0 125829 11632 2704762147 2658824003 0 0 0 0 0 0 1121216906 19593841 4165922816 515104768 47665152 2520073 1907196 238959 1427754 4742204
1790326727094 0 51359 6205 2704841239 2658983056 0 0 0 0 0 0 1121243632 19593971 4166807552 245080064 8478720 2649784 2011989 265602 1484264 4905776
1790326728113 0 141253 0 2704990783 2659048728 0 0 0 0 0 0 1121288297 19594191 4168785920 569675776 0 2905514 2202530 309301 1578501 5061975
1790326729132 0 127297 0 2705095490 2659167512 0 0 0 0 0 0 1121311477 19594303 4168978432 506552320 0 3078760 2330219 333968 1647060 5170996
1790326730152 0 112743 0 2705197726 2659284248 0 0 0 0 0 0 1121344376 19594446 4169400320 451919872 0 3262063 2464055 364818 1743462 5289648
1790326731172 0 102963 3138 2705302156 2659395264 0 0 0 0 0 0 1121373662 19594583 4169596928 430796800 15704064 3444409 2600650 396148 1870193 5578996
1790326732195 0 97628 5879 2705418090 2659513955 0 0 0 0 0 0 1121411091 19594732 4169494528 423137280 19677184 3646833 2754368 433094 1956533 5743735
1790326733216 0 102603 0 2705524721 2659621372 0 0 0 0 0 0 1121453691 19594876 4169961472 408416256 0 3839049 2899789 475193 2059442 5961649
1790326734235 0 114466 0 2705651237 2659736060 0 0 0 0 0 0 1121489148 19595022 4169175040 454688768 0 4052271 3061569 511145 2149715 6077656
1790326735255 0 124334 0 2705775938 2659850748 0 0 0 0 0 0 1121526246 19595254 4168675328 495300608 0 4264976 3222915 548127 2291145 6291236
1790326736274 0 133199 26 2705899547 2659965617 0 0 0 0 0 0 1121567775 19595397 4168261632 536518656 0 4495342 3388238 588923 2409810 6399471
1790326737294 0 142096 0 2706023113 2660080309 0 0 0 0 0 0 1121612464 19595540 4168568832 571527168 0 4722950 3555565 633432 2555247 6572695
1790326738313 0 85273 0 2706127467 2660241423 0 0 0 0 0 0 1121654023 19595667 4168699904 330539008 0 4904506 3693767 676434 2608670 6709047
1790326739336 0 57607 42 2706248332 2660389792 0 0 0 0 0 0 1121672049 19595751 4166569984 222212096 0 5049892 3807307 693902 2715326 6865315
1790326740363 0 80028 5809 2706407821 2660521382 0 0 0 0 0 0 1121688005 19595834 4162703360 353251328 34955264 5231937 3944637 710367 2800907 7024177
1790326741410 0 81205 11381 2706545061 2660651728 0 0 0 0 0 0 1121700877 19595914 4159250432 379772928 0 5378617 4055608 722726 2917386 7360774
1790326742434 0 94386 2090 2706677541 2660780332 0 0 0 0 0 0 1121705528 19595962 4155596800 395874304 10825728 5532161 4166037 727374 3005334 7625013
1790326743453 0 76062 2993 2706828155 2660948346 0 0 0 0 0 0 1121708613 19596011 4150587392 323309568 0 5673382 4272418 731004 3083733 7831029
1790326744472 0 102659 0 2706976595 2661073134 0 0 0 0 0 0 1121711753 19596065 4147429376 405016576 0 5833734 4393522 733602 3194184 8248937
1790326745495 0 61627 0 2707081028 2661218552 0 0 0 0 0 0 1121713808 19596103 4144271360 241676288 8744960 5937306 4479498 736176 3257060 8547788
1790326746517 0 76338 4 2707215447 2661338377 0 0 0 0 0 0 1121717344 19596150 4140908544 297975808 0 6078656 4593347 739275 3301711 8705326
1790326747536 0 82716 0 2707340604 2661457170 0 0 0 0 0 0 1121723594 19596196 4138029056 322646016 0 6219430 4703070 745957 3449184 9115391
1790326748563 0 23735 3334 2707437289 2661610058 0 0 0 0 0 0 1121729172 19596228 4136394752 111738880 9756672 6332839 4797149 751602 3491219 9337313
1790326749587 0 124903 1935 2707617159 2661689645 0 0 0 0 0 0 1121746138 19596314 4134842368 511463424 24600576 6545179 4971524 768496 3633221 9596386
1790326750609 0 132965 6293 2707744001 2661804080 0 0 0 0 0 0 1121755395 19596382 4134072320 547147776 35262464 6689547 5093527 777761 3732596 9951671
1790326751628 0 135937 0 2707865719 2661929013 0 0 0 0 0 0 1121773837 19596432 4134449152 544264192 0 6846033 5218347 795685 3860681 10325000
1790326752647 0 120416 0 2707977088 2662055939 0 0 0 0 0 0 1121788189 19596485 4135030784 482435072 0 6985470 5334370 809541 3971784 10769346
1790326753678 0 72234 3501 2708087563 2662211093 0 0 0 0 0 0 1121806073 19596544 4136460288 325091328 8454144 7128962 5456988 827993 4074195 11122388
1790326754701 0 149941 0 2708248402 2662297643 0 0 0 0 0 0 1121831308 19596640 4138160128 601821184 0 7340853 5629921 852901 4178933 11216526
1790326755720 0 102698 0 2708347441 2662444076 0 0 0 0 0 0 1121844612 19596682 4139130880 405839872 0 7471147 5737417 866464 4291140 11546462
1790326756744 0 108339 3358 2708465064 2662552749 0 0 0 0 0 0 1121869681 19596754 4141137920 463065088 9388032 7632783 5876722 892088 4353597 11805551
1790326757767 0 120907 3449 2708587806 2662662914 0 0 0 0 0 0 1121890777 19596826 4142231552 507056128 12636160 7794623 6013720 913135 4455949 12084786
1790326758799 0 136784 3155 2708709503 2662768844 0 0 0 0 0 0 1121916926 19596904 4144033792 585027584 6168576 7961448 6154614 939282 4523750 12269702
1790326759821 0 52433 0 2708776866 2662923698 0 0 0 0 0 0 1121932825 19596964 4145111040 202272768 0 8051750 6232206 955193 4632142 12778376
1790326760841 0 144432 3358 2708938098 2662989718 0 0 0 0 0 0 1121971912 19597142 4147822592 619343872 0 8280640 6429838 994269 4831326 13014343
1790326761860 0 137989 0 2709045762 2663106996 0 0 0 0 0 0 1121998075 19597241 4149350400 551403520 0 8426567 6556606 1020046 4952398 13433518
1790326762879 0 122709 0 2709151274 2663227828 0 0 0 0 0 0 1122029862 19597353 4151087104 492560384 0 8591672 6689970 1050751 5037506 13614494
1790326763902 0 102101 2345 2709251355 2663346191 0 0 0 0 0 0 1122066360 19597477 4153491456 423723008 12218368 8756227 6825063 1088718 5135587 13864877
1790326764924 0 89332 2043 2709364797 2663472656 0 0 0 0 0 0 1122100729 19597584 4155371520 365891584 21524480 8938406 6971550 1123087 5235417 14072122
1790326765943 0 128397 0 2709502953 2663573856 0 0 0 0 0 0 1122132017 19597700 4155478016 513540096 0 9134198 7129833 1153395 5300334 14292412
1790326766962 0 129263 0 2709622651 2663692640 0 0 0 0 0 0 1122168983 19597826 4157239296 519172096 0 9327561 7283454 1190195 5423305 14602538
1790326767982 0 129644 0 2709741749 2663811424 0 0 0 0 0 0 1122201942 19597958 4158009344 519974912 0 9518140 7433942 1223746 5536094 14909816
1790326769001 0 121034 39 2709851985 2663930240 0 0 0 0 0 0 1122238802 19598071 4159295488 488284160 0 9691874 7579713 1259094 5684098 15269845
1790326770026 0 87928 2482 2709944087 2664052995 0 0 0 0 0 0 1122270619 19598163 4160417792 360132608 40153088 9854216 7706514 1292977 5813363 15530272
1790326771049 0 127926 1 2710083833 2664155205 0 0 0 0 0 0 1122318863 19598310 4161794048 513548288 0 10079475 7888580 1339689 5880579 15600891
1790326772068 0 68810 3259 2710186099 2664313507 0 0 0 0 0 0 1122347088 19598393 4162809856 304689152 1982464 10225364 8003943 1368942 6094763 16060349
1790326773087 0 99434 0 2710322697 2664422474 0 0 0 0 0 0 1122378865 19598508 4162797568 390729728 0 10402254 8146501 1400769 6176510 16275923
1790326774111 0 102736 12393 2710441297 2664525452 0 0 0 0 0 0 1122399467 19598575 4161052672 473477120 2088960 10549663 8260623 1421825 6256004 16517659
1790326775130 0 19859 0 2710506966 2664686301 0 0 0 0 0 0 1122409247 19598617 4160217088 65404928 0 10629499 8322822 1431100 6303011 16620918
1790326776153 0 103018 0 2710671968 2664768222 0 0 0 0 0 0 1122423682 19598712 4156735488 407363584 0 10812929 8461557 1445529 6442917 16939864
1790326777174 0 82757 47 2710770564 2664886986 0 0 0 0 0 0 1122432942 19598771 4154839040 322330624 0 10922582 8550065 1455330 6546750 17420057
1790326778192 0 139707 3476 2710934856 2664990998 0 0 0 0 0 0 1122447725 19598851 4150906880 596660224 2568192 11104014 8686166 1470153 6618960 17553805
1790326779211 0 149726 0 2711070981 2665120480 0 0 0 0 0 0 1122453950 19598903 4147482624 600866816 0 11220856 8785805 1475825 6677707 17748852
1790326780230 0 38316 21074 2711167438 2665307456 0 0 0 0 0 0 1122458071 19598944 4145098752 152825856 103620608 11325746 8867400 1480442 6737039 18017249
1790326781260 0 121926 528 2711334525 2665411390 0 0 0 0 0 0 1122468324 19599022 4141703168 506880000 6590464 11501234 9013089 1490681 6830710 18167249
1790326782279 0 52455 14966 2711443457 2665575271 0 0 0 0 0 0 1122474059 19599067 4139655168 212762624 83959808 11615667 9110357 1496417 6962491 18634907
1790326783302 0 60569 0 2711572880 2665711449 0 0 0 0 0 0 1122486216 19599121 4138438656 257200128 1716224 11752833 9226346 1508206 7037153 18801013
1790326784332 0 98684 3598 2711729439 2665826462 0 0 0 0 0 0 1122507894 19599209 4137934848 404205568 38035456 11940163 9384675 1530252 7115976 19015169
1790326785356 0 112467 10309 2711867007 2665943474 0 0 0 0 0 0 1122524267 19599272 4137603072 458817536 55451648 12090894 9515268 1546626 7169001 19186539
1790326786375 0 109307 0 2712001639 2666091505 0 0 0 0 0 0 1122536593 19599348 4137644032 433594368 0 12237972 9638601 1558888 7275301 19529470
1790326787394 0 118524 0 2712138684 2666219507 0 0 0 0 0 0 1122562196 19599436 4138086400 477286400 0 12408365 9780910 1583052 7331121 19634284
1790326788418 0 64588 8489 2712251255 2666377457 0 0 0 0 0 0 1122577726 19599513 4138475520 294948864 15245312 12552155 9899864 1600077 7494215 20080573
1790326789436 0 140990 1355 2712405298 2666462313 0 0 0 0 0 0 1122605372 19599645 4139565056 577490944 22519808 12743982 10065466 1627730 7588073 20232379
1790326790459 0 55839 0 2712499025 2666642429 0 0 0 0 0 0 1122619753 19599717 4139970560 212566016 0 12855362 10161015 1642112 7730724 20706347
1790326791484 0 21148 995 2712611268 2666788444 0 0 0 0 0 0 1122636739 19599816 4140236800 84328448 17940480 13003632 10285066 1659097 7845003 21135227
1790326792508 0 110062 2227 2712765863 2666852932 0 0 0 0 0 0 1122669120 19599974 4142444544 450805760 20135936 13213665 10464363 1691478 7940412 21291068
1790326793532 0 107268 566 2712894790 2666986126 0 0 0 0 0 0 1122692247 19600107 4142878720 441741312 13475840 13378349 10607192 1714605 8060489 21627466
1790326794567 0 111426 1472 2713022127 2667108480 0 0 0 0 0 0 1122716851 19600224 4144009216 473423872 21987328 13549131 10753375 1739209 8200948 21908299
1790326795595 0 105880 8614 2713148434 2667233245 0 0 0 0 0 0 1122743003 19600336 4144635904 466100224 16560128 13725388 10897146 1765377 8284467 22184148
1790326796614 0 16519 2268 2713231651 2667412120 0 0 0 0 0 0 1122759825 19600419 4145319936 89489408 9584640 13833562 10991088 1781670 8412881 22640068
1790326797644 0 92177 22 2713386745 2667493886 0 0 0 0 0 0 1122808573 19600593 4148113408 404496384 2555904 14068449 11188151 1830931 8593565 22871508
1790326798667 0 91517 15446 2713513120 2667605506 0 0 0 0 0 0 1122845539 19600721 4150300672 374849536 82161664 14254395 11346440 1867897 8673203 23055527
1790326799695 0 99319 14860 2713639442 2667725020 0 0 0 0 0 0 1122881477 19600874 4151861248 464887808 28803072 14450951 11501278 1903834 8823431 23380859
1790326800724 0 118304 2652 2713765186 2667843871 0 0 0 0 0 0 1122915454 19601008 4153729024 526065664 5079040 14637748 11656132 1937811 8979438 23715507
1790326801762 0 3609 8 2713844389 2668040015 0 0 0 0 0 0 1122938964 19601101 4154281984 6352896 6361088 14756138 11751820 1959901 9067199 24089605
1790326802785 0 103018 19 2714006338 2668102449 0 0 0 0 0 0 1122990434 19601293 4156190720 409083904 0 15011705 11959897 2012281 9169426 24227594
1790326803809 0 99342 1601 2714123808 2668222114 0 0 0 0 0 0 1123021264 19601428 4156567552 411533312 4050944 15176235 12098986 2043622 9276383 24589626
1790326804829 0 114889 0 2714253627 2668338031 0 0 0 0 0 0 1123051604 19601581 4156510208 451854336 0 15355907 12241786 2073981 9347861 24774524
1790326805848 0 131715 0 2714393293 2668460911 0 0 0 0 0 0 1123083724 19601745 4156166144 526934016 0 15537266 12391230 2105059 9462005 25031768
1790326806868 0 43584 22 2714482203 2668637965 0 0 0 0 0 0 1123108862 19601853 4156948480 165212160 0 15650778 12488188 2130757 9553186 25284256
1790326807888 0 76328 0 2714622542 2668745472 0 0 0 0 0 0 1123137173 19602010 4155899904 300531712 0 15831665 12631058 2158492 9691940 25542752
1790326808916 0 92488 3180 2714761223 2668864817 0 0 0 0 0 0 1123161296 19602145 4154957824 398032896 8110080 16011598 12769972 2183057 9911229 25886228
1790326809940 0 98217 2029 2714882844 2668981911 0 0 0 0 0 0 1123179292 19602236 4153618432 415879168 7520256 16156554 12879266 2201655 10062282 26227216
1790326810965 0 49315 1052 2714972220 2669121179 0 0 0 0 0 0 1123187020 19602291 4151705600 202121216 8130560 16246263 12953974 2209378 10160867 26719881
1790326811995 0 2042 0 2715085831 2669283047 0 0 0 0 0 0 1123195262 19602367 4149641216 16080896 2723840 16368036 13049718 2217619 10224045 26932044
1790326813019 0 95856 46 2715273799 2669377276 0 0 0 0 0 0 1123209138 19602449 4145561600 374677504 0 16546201 13203478 2231500 10283120 27014831
1790326814038 0 97890 0 2715412104 2669513449 0 0 0 0 0 0 1123215821 19602509 4142239744 385994752 0 16687312 13316167 2238204 10408174 27422891
1790326815058 0 147586 3577 2715566458 2669614565 0 0 0 0 0 0 1123229174 19602594 4140126208 608878592 0 16846227 13453090 2251577 10474352 27603667
1790326816077 0 123913 730 2715685213 2669759802 0 0 0 0 0 0 1123239465 19602657 4138700800 521314304 0 16970565 13561756 2261363 10550378 27854315
1790326817107 0 69916 2361 2715809940 2669936955 0 0 0 0 0 0 1123256956 19602735 4137668608 306393088 4427776 17114540 13678206 2279314 10680017 28258170
1790326818126 0 149639 1898 2715973371 2670021050 0 0 0 0 0 0 1123276453 19602828 4137562112 603000832 0 17293609 13835156 2298854 10786652 28456220
1790326819146 0 148811 0 2716099613 2670150074 0 0 0 0 0 0 1123291875 19602910 4137529344 595668992 0 17440263 13961531 2313246 10911201 28851596
1790326820166 0 117162 1752 2716227490 2670307875 0 0 0 0 0 0 1123309909 19603004 4138082304 496041984 6000640 17593026 14094355 2332267 11006591 29103413
1790326821186 0 124467 0 2716354842 2670429627 0 0 0 0 0 0 1123332763 19603096 4139216896 497446912 0 17755953 14232302 2354339 11062133 29230164
1790326822213 0 24140 1890 2716456050 2670629372 0 0 0 0 0 0 1123355062 19603189 4139782144 116584448 3768320 17878461 14341828 2376908 11143880 29438112
1790326823234 0 111854 12702 2716642069 2670716783 0 0 0 0 0 0 1123388417 19603344 4140457984 524972032 0 18102157 14533640 2410793 11236580 29527686
1790326824268 0 99516 5475 2716769949 2670864640 0 0 0 0 0 0 1123416678 19603471 4141207552 458133504 5603328 18271480 14675264 2439036 11375233 29895991
1790326825298 0 97122 4 2716902391 2671004515 0 0 0 0 0 0 1123441326 19603601 4142534656 406712320 12288 18447354 14822039 2463684 11429117 30030499
1790326826331 0 106453 6577 2717044669 2671130961 0 0 0 0 0 0 1123471633 19603728 4143214592 462942208 32280576 18642924 14983111 2493480 11587242 30380787
1790326827355 0 102860 988 2717162213 2671257625 0 0 0 0 0 0 1123495747 19603836 4144250880 426418176 10641408 18800281 15115512 2518120 11672648 30599277
1790326828374 0 101640 0 2717275440 2671373000 0 0 0 0 0 0 1123529571 19603955 4145377280 403701760 0 18964740 15249980 2550965 11825618 30965018
1790326829394 0 99949 104 2717404764 2671504031 0 0 0 0 0 0 1123566560 19604104 4147081216 403034112 0 19147170 15406789 2587399 11973154 31289062
1790326830413 0 127176 7843 2717555740 2671620051 0 0 0 0 0 0 1123606662 19604282 4148793344 561868800 14262272 19377878 15587748 2629020 12113625 31560292
1790326831445 0 99327 10804 2717688143 2671777306 0 0 0 0 0 0 1123636978 19604412 4149239808 465125376 16654336 19565013 15740808 2659336 12223461 31791903
1790326832469 0 105696 0 2717805768 2671899312 0 0 0 0 0 0 1123671359 19604557 4150087680 416296960 0 19742913 15884037 2693748 12315255 31961478
1790326833489 0 43732 0 2717915269 2672070806 0 0 0 0 0 0 1123707763 19604695 4151209984 166502400 0 19905566 16022970 2729572 12479666 32310388
1790326834508 0 144334 0 2718081364 2672136315 0 0 0 0 0 0 1123758579 19604910 4153516032 575901696 0 20167100 16236893 2780552 12576085 32408038
1790326835528 0 122459 0 2718202948 2672279705 0 0 0 0 0 0 1123784421 19605045 4153237504 492892160 0 20336267 16378237 2805773 12688567 32579669
1790326836551 0 109348 3665 2718321435 2672407692 0 0 0 0 0 0 1123820837 19605176 4154753024 459767808 26079232 20508218 16522331 2843245 12786365 32754510
1790326837578 0 129372 0 2718470898 2672540817 0 0 0 0 0 0 1123851217 19605330 4154208256 517001216 0 20686916 16672541 2873064 12911308 33019569
1790326838598 0 67789 0 2718592734 2672724134 0 0 0 0 0 0 1123871242 19605439 4153065472 267456512 0 20847230 16798327 2892067 12982217 33211153
1790326839618 0 112311 0 2718758087 2672844967 0 0 0 0 0 0 1123906134 19605602 4152918016 447688704 0 21063239 16973535 2927510 13087561 33347066
1790326840637 0 99498 0 2718893601 2672993481 0 0 0 0 0 0 1123926809 19605701 4151365632 392720384 0 21208858 17101791 2949101 13174209 33653046
1790326841662 0 59624 28577 2719035853 2673146937 0 0 0 0 0 0 1123950358 19605803 4150177792 358678528 32456704 21388219 17246975 2972204 13308581 34011314
1790326842682 0 109011 0 2719186818 2673277099 0 0 0 0 0 0 1123973943 19605904 4150054912 431955968 0 21558208 17388354 2995838 13381287 34245289
1790326843706 0 57592 768 2719316249 2673457514 0 0 0 0 0 0 1123985785 19605979 4147552256 244637696 3387392 21687872 17497295 3008177 13431230 34488582
1790326844731 0 54792 0 2719477074 2673621609 0 0 0 0 0 0 1123994585 19606058 4143968256 205484032 0 21843825 17625737 3016940 13502149 34745092
1790326845754 0 64868 24730 2719646584 2673756454 0 0 0 0 0 0 1124011051 19606165 4141187072 338190336 51617792 22020083 17775383 3033411 13656031 34998613
1790326846774 0 133186 31 2719816595 2673882724 0 0 0 0 0 0 1124030331 19606244 4139622400 526503936 0 22200468 17925021 3052702 13812216 35266016
1790326847800 0 100993 616 2719955307 2674052970 0 0 0 0 0 0 1124047265 19606320 4137988096 431366144 3727360 22352984 18056373 3069571 13891625 35518807
1790326848837 0 95756 1412 2720101610 2674203974 0 0 0 0 0 0 1124062658 19606395 4137160704 416063488 5472256 22515585 18193349 3084505 14050528 35837365
1790326849859 0 117078 0 2720245002 2674327189 0 0 0 0 0 0 1124080616 19606480 4136673280 465596416 0 22672918 18328770 3101967 14124570 35990097
1790326850890 0 67739 0 2720360527 2674492060 0 0 0 0 0 0 1124095999 19606555 4136226816 262012928 3227648 22796198 18439566 3118357 14172831 36142655
1790326851913 0 108672 22443 2720517150 2674585336 0 0 0 0 0 0 1124117589 19606667 4136013824 445116416 110166016 22972452 18597032 3139947 14305755 36405694
1790326852934 0 141724 0 2720646500 2674704028 0 0 0 0 0 0 1124145659 19606795 4137009152 566075392 0 23129087 18733036 3167168 14377758 36576907
1790326853963 0 45249 4508 2720760549 2674910143 0 0 0 0 0 0 1124163312 19606895 4137410560 185339904 51093504 23273064 18855860 3185670 14467455 36920067
1790326854989 0 136826 2628 2720933675 2674993488 0 0 0 0 0 0 1124185378 19607041 4137410560 580804608 9461760 23477973 19031522 3207274 14562332 37049056
1790326856008 0 109646 0 2721031018 2675120630 0 0 0 0 0 0 1124202352 19607137 4137897984 441819136 0 23596484 19134862 3222690 14752515 37474872
1790326857034 0 87818 40 2721169922 2675281395 0 0 0 0 0 0 1124228050 19607262 4138483712 364032000 23846912 23774306 19288372 3249905 14881031 37668154
1790326858056 0 130125 15914 2721324008 2675377072 0 0 0 0 0 0 1124255267 19607408 4138979328 615772160 0 23977240 19457919 3277650 14999986 37809825
1790326859075 0 135731 0 2721445148 2675508729 0 0 0 0 0 0 1124282988 19607551 4140101632 545484800 0 24143708 19595956 3303989 15168510 38165685
1790326860095 0 63841 0 2721537922 2675673246 0 0 0 0 0 0 1124304566 19607647 4141420544 249245696 0 24270123 19702767 3325952 15309915 38639934
1790326861114 0 146402 0 2721689027 2675741854 0 0 0 0 0 0 1124347774 19607854 4143316992 587976704 0 24489134 19884851 3368929 15468008 38905888
1790326862134 0 138003 0 2721802547 2675863713 0 0 0 0 0 0 1124380155 19607997 4144754688 551624704 0 24652154 20023551 3402001 15640762 39279456
1790326863153 0 100694 0 2721920764 2676019362 0 0 0 0 0 0 1124409402 19608141 4145586176 399024128 0 24819982 20160915 3431276 15738568 39501864
1790326864177 0 117656 2270 2722063061 2676142679 0 0 0 0 0 0 1124452577 19608343 4147503104 498143232 10756096 25037829 20344148 3474969 15853131 39732209
1790326865196 0 8692 0 2722144235 2676334763 0 0 0 0 0 0 1124476586 19608442 4148449280 27516928 0 25160404 20443046 3496789 15911753 39909290
1790326866215 0 103524 0 2722314779 2676410514 0 0 0 0 0 0 1124517864 19608639 4149002240 414167040 0 25399243 20641131 3538690 16036079 40013177
1790326867234 0 95411 18 2722446074 2676549742 0 0 0 0 0 0 1124546132 19608797 4148568064 389988352 13869056 25572631 20785551 3567989 16108363 40192237
1790326868258 0 96280 0 2722577917 2676680851 0 0 0 0 0 0 1124584179 19608971 4149604352 380952576 0 25753448 20938006 3605512 16279832 40526636
1790326869284 0 112429 1505 2722715271 2676801068 0 0 0 0 0 0 1124621650 19609127 4150390784 474923008 10776576 25944600 21098129 3644011 16450009 40822956
1790326870308 0 19798 5423 2722830895 2677004950 0 0 0 0 0 0 1124639125 19609224 4149243904 116760576 7077888 26076264 21203407 3661485 16557400 41183460
1790326871342 0 126029 5475 2723019390 2677087208 0 0 0 0 0 0 1124664233 19609376 4147109888 509726720 76550144 26298458 21384626 3686591 16722528 41387947
1790326872386 0 70511 0 2723116958 2677245733 0 0 0 0 0 0 1124685286 19609462 4146409472 274268160 0 26416752 21479566 3707646 16823334 41825002
1790326873405 0 150201 0 2723281705 2677330726 0 0 0 0 0 0 1124710921 19609597 4145160192 602460160 0 26612907 21646565 3733341 16917174 41988389
1790326874425 0 94671 7 2723396181 2677500680 0 0 0 0 0 0 1124727429 19609690 4144668672 372412416 0 26747914 21758169 3749806 17028577 42447191
1790326875449 0 5859 1533 2723515244 2677707294 0 0 0 0 0 0 1124743364 19609769 4143616000 48549888 7380992 26887581 21868909 3765209 17240517 42860242
1790326876473 0 78962 0 2723690214 2677810495 0 0 0 0 0 0 1124759287 19609854 4141125632 325115904 4038656 27047854 22012821 3781142 17404888 43156700
1790326877493 0 115457 0 2723849677 2677933408 0 0 0 0 0 0 1124772653 19609940 4138266624 455688192 0 27205262 22143017 3794510 17513332 43404290
1790326878517 0 140581 438 2723998264 2678056604 0 0 0 0 0 0 1124783476 19610014 4136497152 588910592 2387968 27352586 22267611 3805833 17635024 43760618
1790326879543 0 111209 2623 2724142089 2678227549 0 0 0 0 0 0 1124802454 19610107 4136046592 482926592 4608000 27518512 22411132 3824323 17713160 43923829
1790326880561 0 78144 18159 2724273044 2678376407 0 0 0 0 0 0 1124817894 19610193 4135518208 316387328 91742208 27665498 22536186 3840251 17832043 44334848
1790326881580 0 149458 0 2724435898 2678485714 0 0 0 0 0 0 1124837430 19610302 4135563264 600412160 0 27848640 22696421 3858770 17914472 44458445
1790326882599 0 103851 0 2724541889 2678637237 0 0 0 0 0 0 1124855896 19610381 4136398848 412303360 0 27969610 22806137 3877754 17967676 44671551
1790326883619 0 97057 1168 2724668592 2678769870 0 0 0 0 0 0 1124881036 19610470 4136943616 410578944 4202496 28116906 22937102 3902900 18118729 45057600
1790326884641 0 98389 6980 2724799503 2678893454 0 0 0 0 0 0 1124904631 19610573 4137517056 398815232 49786880 28272738 23075191 3926989 18275856 45448064
1790326885662 0 147402 0 2724943748 2678995674 0 0 0 0 0 0 1124925687 19610688 4137775104 587182080 0 28441996 23220095 3948075 18355227 45612759
1790326886681 0 59144 0 2725032845 2679172952 0 0 0 0 0 0 1124938871 19610756 4138024960 233259008 0 28545930 23312571 3958880 18483851 46087936
1790326887700 0 119772 24017 2725192514 2679248053 0 0 0 0 0 0 1124974526 19610924 4139630592 559947776 47108096 28758148 23497777 3996387 18626329 46282205
1790326888719 0 106645 0 2725302646 2679395163 0 0 0 0 0 0 1125000145 19611004 4140126208 423780352 0 28890452 23616450 4022025 18668690 46402198
1790326889741 0 91004 4104 2725439515 2679543644 0 0 0 0 0 0 1125031564 19611137 4141084672 366768128 40562688 29072239 23768909 4053925 18779636 46656673
1790326890761 0 103787 0 2725585386 2679680860 0 0 0 0 0 0 1125052674 19611274 4141080576 412545024 0 29255342 23919018 4074010 18931726 47007678
1790326891781 0 83356 71 2725709927 2679825760 0 0 0 0 0 0 1125083456 19611406 4142051328 324272128 0 29429969 24064747 4105821 19090355 47351176
1790326892808 0 111085 2933 2725850452 2679935662 0 0 0 0 0 0 1125124623 19611547 4143632384 479813632 9338880 29630898 24241699 4146981 19245869 47573773
1790326893830 0 144470 0 2725991117 2680045906 0 0 0 0 0 0 1125155938 19611701 4144230400 579321856 0 29830510 24403945 4177821 19389044 47859661
1790326894849 0 122216 0 2726102002 2680179026 0 0 0 0 0 0 1125184222 19611809 4145545216 492593152 0 29991222 24535286 4206585 19498833 48133213
1790326895868 0 32 0 2726110302 2680309555 0 0 0 0 0 0 1125250281 19612063 4169224192 131072 0 30062694 24602066 4270424 19523236 48224235
1790326896888 0 33 0 2726110303 2680309555 0 0 0 0 0 0 1125405789 19612565 4178075648 131072 0 30236256 24755139 4425658 19583880 48244985
1790326897908 0 33 0 2726110303 2680309555 0 0 0 0 0 0 1125542119 19612928 4188065792 131072 0 30489486 24891541 4564499 19693290 48266651
