1790327847259 0 3 0 2808112183 2762310712 0 0 0 0 0 0 1153030277 19707463 - - - - - - - -
1790327848930 0 181737 1513 2808486794 2762502076 0 0 0 0 0 0 1153030277 19707531 1439338496 706064384 13561856 0 0 0 0 70294
1790327849994 0 168436 1971 2808614770 2762642929 0 0 0 0 0 0 1153030277 19707534 2039992320 693956608 6774784 0 0 0 0 263924
1790327851016 0 162869 2009 2808768132 2762801575 0 0 0 0 0 0 1153030277 19707534 2654822400 649994240 16777216 0 0 0 0 346976
1790327852048 0 159379 1988 2808917931 2762954932 0 0 0 0 0 0 1153030277 19707534 3263021056 647680000 12996608 0 0 0 0 453547
1790327853088 0 159898 2060 2809071641 2763108223 0 0 0 0 0 0 1153030277 19707534 3887988736 656089088 8388608 0 0 0 0 596871
1790327854138 0 161950 1014 2809225621 2763261022 0 0 0 0 0 0 1153033286 19707535 4141686784 651620352 7114752 166596 94213 3009 42365 683106
1790327855164 0 172151 2041 2809380476 2763404925 0 0 0 0 0 0 1153037255 19707542 4140404736 683311104 16433152 379322 253473 6539 94611 798168
1790327856187 0 173585 2048 2809521150 2763543900 0 0 0 0 0 0 1153045903 19707553 4139724800 707911680 14876672 576179 405189 15684 143009 990667
1790327857217 0 189673 1829 2809669947 2763676877 0 0 0 0 0 0 1153060719 19707574 4139450368 779108352 8388608 770868 567310 29431 185801 1150608
1790327858238 0 180911 1730 2809802481 2763818333 0 0 0 0 0 0 1153074958 19707592 4139339776 744935424 7299072 946472 716601 44168 226710 1350508
1790327859268 0 124614 12289 2809915839 2763977468 0 0 0 0 0 0 1153087763 19707689 4139552768 510083072 50331648 1127170 843908 57486 272211 1696349
1790327860293 0 149323 3278 2810061005 2764106883 0 0 0 0 0 0 1153107303 19707878 4139778048 610762752 0 1344853 1001582 76025 334213 2140452
1790327861319 0 35402 8176 2810120150 2764275044 0 0 0 0 0 0 1153119672 19707950 4140486656 172310528 37175296 1443352 1077843 89397 379986 2473398
1790327862349 0 126569 1656 2810303115 2764373369 0 0 0 0 0 0 1153157611 19708156 4142100480 514498560 8388608 1723175 1294563 126910 418691 2647019
1790327863391 0 112445 4097 2810419755 2764501505 0 0 0 0 0 0 1153185904 19708290 4143820800 471805952 8388608 1907699 1436866 154615 457724 2905495
1790327864430 0 131396 4118 2810562280 2764625172 0 0 0 0 0 0 1153213129 19708411 4145016832 543014912 3809280 2121798 1607921 182864 503533 3199818
1790327865454 0 145641 0 2810706404 2764759219 0 0 0 0 0 0 1153249515 19708594 4146515968 572964864 0 2350157 1783564 216359 597304 3569062
1790327866477 0 81392 3991 2810823678 2764936653 0 0 0 0 0 0 1153273770 19708742 4147286016 343494656 5984256 2542001 1931629 243467 691870 3938396
1790327867497 0 123860 4096 2810999790 2765070327 0 0 0 0 0 0 1153312808 19708941 4147310592 507420672 16777216 2830730 2147354 282028 741649 4201850
1790327868517 0 105368 49 2811122936 2765215950 0 0 0 0 0 0 1153344709 19709087 4147675136 417882112 9879552 3030590 2298983 314438 792312 4444042
1790327869544 0 69409 9993 2811265056 2765384168 0 0 0 0 0 0 1153382733 19709286 4147814400 317845504 46100480 3273740 2480365 352482 848653 4841144
1790327870565 0 128065 16760 2811441972 2765495605 0 0 0 0 0 0 1153442782 19709514 4148695040 524861440 68648960 3590137 2718414 412549 905256 4951347
1790327871605 0 51113 0 2811529396 2765676817 0 0 0 0 0 0 1153464138 19709604 4148928512 185188352 0 3730652 2819597 432578 955284 5254499
1790327872635 0 111129 1621 2811730315 2765816058 0 0 0 0 0 0 1153521897 19709829 4148588544 456499200 17690624 4065326 3082209 490598 1015258 5525855
1790327873663 0 135332 0 2811892200 2765955345 0 0 0 0 0 0 1153586063 19710061 4149694464 527187968 0 4369614 3302587 554744 1082886 5789140
1790327874701 0 120322 3618 2812061605 2766136063 0 0 0 0 0 0 1153640991 19710240 4149530624 524922880 14053376 4658754 3526229 610203 1148943 5961911
1790327875735 0 97791 0 2812218232 2766318912 0 0 0 0 0 0 1153682582 19710389 4148252672 390189056 96403456 4892586 3704230 651805 1203455 6212786
1790327876760 0 86484 0 2812386281 2766498147 0 0 0 0 0 0 1153720556 19710534 4145381376 325349376 0 5131024 3873017 687753 1259878 6416701
1790327877788 0 63725 0 2812514952 2766649700 0 0 0 0 0 0 1153739116 19710621 4142772224 230490112 0 5296077 3996484 707548 1310429 6615507
1790327878817 0 106687 25 2812692132 2766783899 0 0 0 0 0 0 1153750453 19710702 4138053632 409034752 0 5483790 4134607 719662 1348896 6756748
1790327879848 0 131178 865 2812862271 2766928798 0 0 0 0 0 0 1153756155 19710772 4132786176 537305088 25305088 5660825 4273514 725869 1392678 6945899
1790327880875 0 97419 0 2812991010 2767092160 0 0 0 0 0 0 1153760826 19710827 4129914880 370724864 0 5797678 4375761 729500 1435428 7078254
1790327881906 0 69365 0 2813134083 2767263169 0 0 0 0 0 0 1153763423 19710865 4125065216 257798144 0 5950647 4492717 732626 1477157 7193707
1790327882932 0 85022 5949 2813290191 2767397760 0 0 0 0 0 0 1153770615 19710921 4121227264 367435776 17981440 6136616 4636706 740330 1531583 7330327
1790327883957 0 65406 0 2813419884 2767552982 0 0 0 0 0 0 1153776794 19710978 4118773760 245673984 5341184 6276948 4750020 746506 1576476 7474808
1790327884991 0 139542 1460 2813620384 2767677940 0 0 0 0 0 0 1153791163 19711062 4115689472 587665408 1712128 6515414 4944315 760877 1606873 7560328
1790327886011 0 114014 0 2813755268 2767839704 0 0 0 0 0 0 1153800912 19711127 4114419712 441667584 0 6670952 5071258 770631 1646671 7708354
1790327887032 0 80609 0 2813889698 2768007572 0 0 0 0 0 0 1153813151 19711184 4114403328 302489600 0 6837399 5209143 782437 1681671 7836818
1790327888061 0 131005 779 2814063202 2768129944 0 0 0 0 0 0 1153834170 19711255 4115324928 540573696 18132992 7065465 5396265 803373 1732293 7979245
1790327889086 0 146476 0 2814206355 2768258453 0 0 0 0 0 0 1153854089 19711346 4116013056 575688704 0 7240411 5543750 820814 1784948 8138371
1790327890111 0 111650 0 2814322102 2768408981 0 0 0 0 0 0 1153874167 19711428 4118036480 432427008 0 7391933 5676401 843883 1842058 8286403
1790327891136 0 50626 1236 2814447306 2768593906 0 0 0 0 0 0 1153893210 19711550 4119314432 226152448 2772992 7560998 5819346 862927 1917712 8446132
1790327892160 0 52440 0 2814623235 2768769294 0 0 0 0 0 0 1153923551 19711706 4121796608 191901696 0 7793236 6014196 891234 1982833 8641297
1790327893182 0 140882 1460 2814817113 2768873270 0 0 0 0 0 0 1153970310 19711897 4125851648 618172416 0 8084414 6253043 939516 2033430 8754287
1790327894220 0 80009 0 2814916045 2769034513 0 0 0 0 0 0 1153991342 19711986 4126994432 301973504 0 8221968 6363205 958498 2079592 8995062
1790327895264 0 94086 0 2815077479 2769181925 0 0 0 0 0 0 1154031380 19712152 4129353728 363081728 0 8454852 6558629 997705 2130983 9112123
1790327896290 0 122239 0 2815253156 2769329381 0 0 0 0 0 0 1154082671 19712317 4132122624 479174656 0 8735349 6782277 1048803 2192216 9218739
1790327897320 0 34313 2169 2815374395 2769536297 0 0 0 0 0 0 1154111427 19712425 4134121472 194891776 4022272 8922123 6935522 1080119 2266921 9412385
1790327898377 0 70414 1138 2815559895 2769686792 0 0 0 0 0 0 1154166811 19712611 4136935424 288473088 37732352 9221635 7173040 1136556 2317687 9549945
1790327899427 0 87328 792 2815711302 2769821734 0 0 0 0 0 0 1154205864 19712753 4138336256 361570304 13312000 9454687 7359183 1175067 2414664 9754265
1790327900448 0 121146 9636 2815875633 2769943412 0 0 0 0 0 0 1154246433 19712903 4139524096 493899776 58564608 9714006 7559198 1216147 2486983 9880256
1790327901476 0 93035 4818 2816031641 2770132343 0 0 0 0 0 0 1154287972 19713069 4139737088 409530368 0 9942462 7738617 1256692 2550551 10020749
1790327902506 0 29892 93 2816139484 2770308195 0 0 0 0 0 0 1154319840 19713187 4140724224 129204224 2809856 10115421 7878594 1288537 2593817 10198244
1790327903529 0 144467 0 2816363912 2770417929 0 0 0 0 0 0 1154379175 19713376 4141236224 564813824 0 10442541 8138065 1347929 2657130 10280215
1790327904551 0 124617 0 2816493622 2770567411 0 0 0 0 0 0 1154405431 19713478 4140920832 484196352 0 10621831 8278269 1373608 2698367 10406639
1790327905573 0 55596 2626 2816614682 2770754988 0 0 0 0 0 0 1154423441 19713548 4139544576 227893248 28098560 10782931 8405329 1393170 2730424 10478712
1790327906593 0 124279 20732 2816825182 2770879023 0 0 0 0 0 0 1154448091 19713681 4137103360 568893440 41738240 11032232 8595932 1417854 2772419 10558534
1790327907621 0 28923 2146 2816917787 2771085271 0 0 0 0 0 0 1154451238 19713709 4135129088 149958656 9777152 11116791 8662455 1420951 2801720 10769110
1790327908671 0 93178 0 2817103166 2771208521 0 0 0 0 0 0 1154459486 19714121 4130406400 353062912 0 11286270 8795842 1429216 2848411 10876847
1790327909696 0 107695 3860 2817272883 2771359959 0 0 0 0 0 0 1154463663 19714190 4125614080 455016448 15978496 11460300 8935001 1433377 2905677 11017308
1790327910724 0 102736 0 2817423055 2771518794 0 0 0 0 0 0 1154468502 19714253 4121837568 392806400 0 11610736 9056007 1437505 2954345 11131024
1790327911753 0 93085 0 2817577112 2771682638 0 0 0 0 0 0 1154476969 19714307 4118777856 354983936 0 11786731 9189688 1445736 2995815 11241857
1790327912782 0 115619 1137 2817745370 2771827110 0 0 0 0 0 0 1154488707 19714382 4116074496 495030272 2580480 11971900 9344206 1458421 3048772 11385004
1790327913811 0 149151 0 2817924193 2771973455 0 0 0 0 0 0 1154506639 19714483 4114358272 588046336 0 12172512 9512679 1475332 3093319 11530951
1790327914851 0 107319 2409 2818053352 2772142230 0 0 0 0 0 0 1154524049 19714551 4114620416 466837504 12206080 12340362 9646669 1493248 3148613 11655510
1790327915888 0 105918 68 2818206455 2772299055 0 0 0 0 0 0 1154540957 19714650 4114468864 410226688 0 12521987 9800135 1509658 3195765 11789692
1790327916926 0 86018 1313 2818356931 2772468158 0 0 0 0 0 0 1154563490 19714754 4115709952 359493632 21553152 12715937 9966272 1533204 3240276 12005183
1790327917946 0 103299 1229 2818513432 2772607467 0 0 0 0 0 0 1154594535 19714870 4117270528 433836032 4149248 12916678 10134392 1563741 3293742 12164414
1790327918968 0 149137 0 2818691128 2772740434 0 0 0 0 0 0 1154625298 19714993 4118949888 584994816 0 13146314 10324692 1594499 3350805 12325543
1790327919991 0 129052 0 2818822486 2772891986 0 0 0 0 0 0 1154652447 19715086 4120743936 504184832 0 13326079 10474246 1621137 3400090 12493892
1790327921021 0 111336 0 2818956342 2773043538 0 0 0 0 0 0 1154682719 19715226 4122402816 430465024 0 13519488 10629647 1650901 3453524 12640043
1790327922046 0 118490 0 2819115019 2773195091 0 0 0 0 0 0 1154725101 19715440 4125413376 462376960 0 13751642 10823639 1691924 3520089 12791693
1790327923074 0 116601 0 2819264849 2773346643 0 0 0 0 0 0 1154759748 19715609 4127174656 452710400 0 13967592 11000151 1728277 3573608 12935151
1790327924100 0 82003 0 2819411788 2773528277 0 0 0 0 0 0 1154813558 19715812 4130545664 312745984 0 14207851 11194675 1780778 3646821 13145833
1790327925126 0 90185 30 2819571550 2773679793 0 0 0 0 0 0 1154856443 19716018 4132839424 356782080 5623808 14464371 11393764 1824981 3693867 13257795
1790327926160 0 90828 876 2819722059 2773828962 0 0 0 0 0 0 1154901015 19716211 4135256064 382148608 3125248 14700036 11581770 1870727 3772764 13422569
1790327927191 0 72852 3 2819874565 2774000304 0 0 0 0 0 0 1154942488 19716410 4135206912 280657920 9900032 14927379 11760107 1910814 3835154 13626536
1790327928230 0 83585 16732 2820034671 2774132854 0 0 0 0 0 0 1154986429 19716603 4137099264 340258816 86822912 15171665 11960618 1956143 3897791 13792813
1790327929256 0 10803 738 2820146612 2774333549 0 0 0 0 0 0 1155019270 19716746 4137877504 68800512 4079616 15348921 12092454 1988985 3951458 13946464
1790327930288 0 133656 0 2820355399 2774420162 0 0 0 0 0 0 1155091678 19717038 4140294144 527523840 0 15675225 12357363 2061393 4025090 14065147
1790327931311 0 119285 0 2820492516 2774571735 0 0 0 0 0 0 1155124553 19717221 4140765184 462082048 0 15874182 12512711 2093470 4088236 14227565
1790327932338 0 98127 0 2820640411 2774740718 0 0 0 0 0 0 1155158942 19717382 4139802624 379744256 0 16085242 12671481 2126135 4149562 14382132
1790327933366 0 89943 1096 2820795913 2774903245 0 0 0 0 0 0 1155187186 19717529 4138479616 376676352 5455872 16300493 12839263 2156353 4206216 14553606
1790327934397 0 59162 606 2820928337 2775067090 0 0 0 0 0 0 1155216557 19717658 4137811968 274583552 2207744 16485248 12983771 2185760 4258164 14758659
1790327935444 0 92983 1 2821085892 2775191280 0 0 0 0 0 0 1155244315 19717817 4135567360 353935360 0 16678280 13133472 2213017 4307021 14886443
1790327936467 0 84205 12118 2821251819 2775354001 0 0 0 0 0 0 1155262769 19717945 4133228544 338984960 62857216 16875046 13288854 2232585 4357609 15034609
1790327937491 0 76642 1559 2821383868 2775504369 0 0 0 0 0 0 1155272121 19717999 4130320384 318689280 4902912 17012685 13398589 2241835 4408954 15182216
1790327938518 0 98134 0 2821547552 2775647970 0 0 0 0 0 0 1155289597 19718117 4127444992 377016320 0 17199522 13545800 2259316 4458544 15273542
1790327939560 0 68255 542 2821698278 2775828072 0 0 0 0 0 0 1155300873 19718212 4125339648 309293056 2838528 17374568 13682556 2270657 4499163 15439508
1790327940595 0 100998 8373 2821873322 2775962529 0 0 0 0 0 0 1155317406 19718319 4122095616 413683712 54665216 17567070 13839487 2287120 4536024 15540745
1790327941622 0 98267 0 2822019889 2776120036 0 0 0 0 0 0 1155331926 19718394 4120350720 376320000 0 17722136 13965887 2301673 4576527 15673568
1790327942643 0 129594 0 2822186382 2776255205 0 0 0 0 0 0 1155352435 19718500 4118626304 506228736 0 17915114 14123950 2321167 4627953 15784071
1790327943668 0 127112 522 2822359107 2776429929 0 0 0 0 0 0 1155368901 19718611 4117250048 523022336 32903168 18128834 14296439 2338648 4672902 15924690
1790327944702 0 99657 12269 2822517975 2776604586 0 0 0 0 0 0 1155392453 19718703 4117291008 472936448 16392192 18322959 14457086 2361670 4716178 16056659
1790327945735 0 120278 19637 2822699129 2776757800 0 0 0 0 0 0 1155421198 19718837 4118114304 501993472 85598208 18546699 14646293 2390912 4768663 16158719
1790327946755 0 114163 0 2822830390 2776914675 0 0 0 0 0 0 1155448626 19718959 4118953984 445947904 0 18716232 14784954 2417619 4828459 16391090
1790327947777 0 146396 0 2823014159 2777066216 0 0 0 0 0 0 1155480760 19719104 4120113152 576110592 0 18956901 14984925 2449473 4894195 16525520
1790327948797 0 130407 1723 2823173119 2777239461 0 0 0 0 0 0 1155507996 19719240 4121620480 532033536 33595392 19179732 15170435 2477709 4942966 16627559
1790327949817 0 101220 18168 2823329209 2777408370 0 0 0 0 0 0 1155545429 19719407 4123873280 412483584 93466624 19394229 15353720 2515142 5009293 16798235
1790327950837 0 140295 73 2823520779 2777579140 0 0 0 0 0 0 1155584466 19719608 4125286400 579633152 4321280 19656995 15567496 2553668 5071764 16920265
1790327951860 0 89568 6576 2823684203 2777786594 0 0 0 0 0 0 1155614242 19719758 4125286400 395231232 17448960 19866513 15742625 2583955 5128601 17061556
1790327952890 0 98688 2222 2823855663 2777953457 0 0 0 0 0 0 1155652011 19719924 4125782016 404226048 25444352 20111779 15942548 2621725 5171102 17184639
1790327953910 0 117825 0 2824048558 2778129130 0 0 0 0 0 0 1155700285 19720139 4127862784 458633216 0 20376345 16166428 2668466 5243360 17363403
1790327954934 0 81694 1766 2824194565 2778309644 0 0 0 0 0 0 1155742924 19720326 4129095680 334618624 21491712 20611975 16356213 2712638 5294253 17518143
1790327955960 0 10669 722 2824295909 2778482968 0 0 0 0 0 0 1155768282 19720450 4130316288 45084672 13422592 20759640 16478326 2737780 5342988 17771023
1790327956992 0 94607 0 2824480175 2778583895 0 0 0 0 0 0 1155819367 19720644 4131835904 393093120 4026368 21040915 16693068 2789082 5396919 17874787
1790327958035 0 107744 9193 2824621902 2778703459 0 0 0 0 0 0 1155859951 19720805 4133212160 441323520 53821440 21249510 16857200 2829665 5455497 18044618
1790327959058 0 132953 0 2824758962 2778824535 0 0 0 0 0 0 1155888218 19720946 4132982784 517373952 0 21423533 16997552 2857420 5508859 18183626
1790327960091 0 114422 2835 2824890922 2778972273 0 0 0 0 0 0 1155909293 19721050 4131119104 485789696 12382208 21590045 17132542 2878504 5554015 18348744
1790327961143 0 10296 0 2824972733 2779160829 0 0 0 0 0 0 1155920614 19721123 4129497088 16465920 0 21692350 17209166 2889307 5616997 18578781
1790327962180 0 94093 1516 2825158054 2779260751 0 0 0 0 0 0 1155947898 19721278 4127432704 394125312 8359936 21938395 17395937 2917612 5681414 18702811
1790327963207 0 107155 4785 2825319457 2779405958 0 0 0 0 0 0 1155966361 19721386 4125757440 486924288 0 22126946 17548223 2936094 5741257 18833051
1790327964232 0 115610 438 2825469396 2779551837 0 0 0 0 0 0 1155980278 19721490 4123209728 476356608 2572288 22293621 17688626 2949483 5803581 19011180
1790327965259 0 96265 0 2825616700 2779718911 0 0 0 0 0 0 1155997767 19721601 4121427968 367878144 0 22456437 17826893 2967478 5863450 19175595
1790327966292 0 60388 404 2825736233 2779873967 0 0 0 0 0 0 1156011134 19721673 4119379968 256176128 4763648 22592825 17936032 2979961 5930044 19421005
1790327967329 0 71406 9423 2825898812 2780016467 0 0 0 0 0 0 1156026608 19721806 4117606400 352493568 7348224 22773327 18085765 2996321 5982623 19610213
1790327968376 0 108376 883 2826042316 2780131712 0 0 0 0 0 0 1156043559 19721912 4116779008 456212480 3231744 22944281 18229838 3012777 6036117 19789904
1790327969422 0 91272 569 2826147823 2780254548 0 0 0 0 0 0 1156053246 19721975 4115779584 372649984 1806336 23062877 18325848 3022019 6084657 19906777
1790327970449 0 67839 70 2826288582 2780419303 0 0 0 0 0 0 1156073801 19722060 4115517440 269021184 2080768 23231472 18463070 3043529 6127202 20054707
1790327971477 0 134976 2110 2826475438 2780536861 0 0 0 0 0 0 1156084110 19722143 4113444864 558776320 9912320 23439331 18630995 3053831 6173012 20152902
1790327972501 0 16531 4 2826522112 2780704006 0 0 0 0 0 0 1156091804 19722175 4113764352 66658304 2797568 23503949 18682406 3061518 6228226 20374747
1790327973521 0 138903 1652 2826733271 2780791204 0 0 0 0 0 0 1156115152 19722319 4112936960 577167360 10055680 23765684 18893048 3084940 6292059 20491588
1790327974541 0 129339 0 2826868373 2780937486 0 0 0 0 0 0 1156136193 19722420 4113215488 506400768 0 23935066 19031032 3104897 6342069 20652000
1790327975564 0 98461 0 2826976785 2781076750 0 0 0 0 0 0 1156154152 19722503 4113199104 380334080 0 24072087 19144856 3122865 6414266 20848980
1790327976597 0 110573 0 2827128132 2781216014 0 0 0 0 0 0 1156185957 19722643 4114735104 426782720 0 24277505 19313281 3153809 6456366 20979269
1790327977627 0 71325 0 2827241253 2781368334 0 0 0 0 0 0 1156205835 19722738 4115836928 263778304 0 24427956 19440835 3175175 6509813 21127397
1790327978655 0 62360 0 2827371453 2781507598 0 0 0 0 0 0 1156227575 19722870 4117159936 230477824 0 24603394 19586703 3197312 6554026 21266635
1790327979679 0 86171 0 2827534603 2781646862 0 0 0 0 0 0 1156264032 19723025 4118900736 329068544 0 24835955 19774977 3231396 6616459 21385808
1790327980705 0 112318 972 2827685361 2781770487 0 0 0 0 0 0 1156289632 19723155 4120236032 460685312 1339392 25032277 19945633 3258936 6653387 21472695
1790327981727 0 143799 0 2827818414 2781873168 0 0 0 0 0 0 1156314903 19723284 4120956928 562892800 0 25205494 20091159 3283762 6720346 21612574
1790327982759 0 15822 45 2827882083 2782064597 0 0 0 0 0 0 1156325704 19723351 4121174016 64307200 1585152 25289491 20160603 3294900 6766019 21820406
1790327983800 0 130904 0 2828082084 2782149649 0 0 0 0 0 0 1156375055 19723599 4123398144 513830912 0 25566847 20392226 3343042 6858833 21967250
1790327984824 0 126667 14517 2828240563 2782297951 0 0 0 0 0 0 1156417685 19723811 4125990912 516767744 72753152 25800910 20591869 3387404 6905104 22101275
1790327985851 0 128611 5518 2828378273 2782442664 0 0 0 0 0 0 1156440841 19723958 4126031872 550813696 16125952 25983665 20742991 3410554 6975424 22289501
1790327986875 0 78219 1297 2828477470 2782596301 0 0 0 0 0 0 1156475237 19724117 4127547392 338935808 3153920 26132982 20862685 3443931 7047611 22600247
1790327987903 0 36700 1152 2828614505 2782775326 0 0 0 0 0 0 1156500447 19724267 4127813632 170659840 5701632 26307286 21002605 3468785 7101748 22775916
1790327988936 0 130572 1016 2828810722 2782877518 0 0 0 0 0 0 1156544079 19724493 4128542720 537190400 24625152 26584394 21227170 3513858 7155225 22854944
1790327989971 0 119885 762 2828935549 2783013733 0 0 0 0 0 0 1156567796 19724616 4127916032 492822528 3629056 26755258 21357467 3537512 7212877 23081821
1790327990997 0 125252 443 2829062377 2783135231 0 0 0 0 0 0 1156593010 19724759 4127793152 509681664 2396160 26929060 21497585 3562210 7274226 23229185
1790327992023 0 131944 1898 2829204721 2783269338 0 0 0 0 0 0 1156621300 19724904 4127129600 552333312 11898880 27129047 21652238 3591015 7329210 23424420
1790327993048 0 134243 6064 2829334477 2783392666 0 0 0 0 0 0 1156644434 19725017 4126400512 560648192 27238400 27311144 21790682 3614148 7392868 23624456
1790327994073 0 47710 0 2829421342 2783571991 0 0 0 0 0 0 1156659320 19725102 4126216192 166879232 0 27418111 21874741 3628015 7452352 23869111
1790327995099 0 145209 0 2829610857 2783664153 0 0 0 0 0 0 1156683996 19725246 4124160000 569274368 0 27634619 22049725 3653708 7515656 24020418
1790327996120 0 126223 0 2829729083 2783801369 0 0 0 0 0 0 1156699386 19725338 4122116096 488599552 0 27769068 22158144 3668591 7568730 24210833
1790327997162 0 134547 2190 2829870690 2783932375 0 0 0 0 0 0 1156712749 19725431 4120817664 579670016 2211840 27939486 22296919 3681985 7616499 24338820
1790327998214 0 127002 1124 2830005345 2784076088 0 0 0 0 0 0 1156732325 19725552 4120285184 545337344 1478656 28107544 22435824 3701547 7680305 24495231
1790327999250 0 80947 408 2830143469 2784260588 0 0 0 0 0 0 1156747791 19725665 4118716416 330952704 16355328 28272942 22568350 3717505 7734259 24681215
1790328000278 0 89875 1562 2830270235 2784377469 0 0 0 0 0 0 1156764256 19725765 4118081536 377102336 4685824 28424917 22691800 3733969 7793926 24895435
1790328001305 0 92655 1988 2830407446 2784511330 0 0 0 0 0 0 1156779168 19725871 4116443136 392040448 7581696 28583852 22823927 3748380 7838646 25030939
1790328002325 0 141308 1450 2830597987 2784653687 0 0 0 0 0 0 1156794116 19725996 4114882560 583680000 7372800 28809514 22998906 3763830 7904470 25169696
1790328003347 0 128099 0 2830703691 2784774178 0 0 0 0 0 0 1156807371 19726071 4114132992 502034432 0 28933332 23095424 3776109 7953112 25363005
1790328004377 0 51583 1513 2830786436 2784931809 0 0 0 0 0 0 1156816304 19726116 4113571840 216338432 8212480 29029253 23176788 3785574 8011036 25528769
1790328005408 0 108308 1289 2830959392 2785048406 0 0 0 0 0 0 1156836913 19726229 4112662528 452915200 6160384 29226498 23344781 3806118 8058448 25623173
1790328006445 0 127189 0 2831084865 2785156134 0 0 0 0 0 0 1156857892 19726336 4112777216 493977600 0 29384003 23472932 3826146 8126126 25821347
1790328007468 0 88433 0 2831181239 2785291302 0 0 0 0 0 0 1156875931 19726421 4113072128 341942272 0 29503560 23574745 3843603 8178078 26069428
1790328008495 0 77381 0 2831303392 2785424422 0 0 0 0 0 0 1156903156 19726530 4114243584 291340288 0 29662649 23712319 3872359 8241801 26252960
1790328009522 0 55067 350 2831421173 2785564316 0 0 0 0 0 0 1156928308 19726635 4115677184 230666240 4124672 29824995 23850744 3898022 8293679 26436371
1790328010553 0 109156 428 2831587639 2785676549 0 0 0 0 0 0 1156965379 19726800 4118138880 445325312 6144000 30062618 24045398 3934580 8368880 26633560
1790328011574 0 132971 439 2831777602 2785842667 0 0 0 0 0 0 1157007935 19726959 4120080384 554881024 3051520 30329961 24263041 3977138 8421829 26763203
1790328012596 0 134056 0 2831950857 2786015201 0 0 0 0 0 0 1157043291 19727116 4120317952 527900672 0 30553182 24446317 4010533 8477203 26900013
1790328013621 0 83550 1556 2832048253 2786161708 0 0 0 0 0 0 1157061781 19727213 4120690688 352235520 6672384 30691197 24561390 4031065 8533266 27057829
1790328014645 0 64903 1136 2832168468 2786300886 0 0 0 0 0 0 1157095192 19727344 4122370048 273661952 4067328 30872567 24705403 4064443 8595496 27325940
1790328015684 0 122859 2100 2832342151 2786415698 0 0 0 0 0 0 1157137813 19727530 4123385856 548724736 1642496 31127988 24906996 4107065 8655380 27515123
1790328016729 0 109557 0 2832457636 2786546489 0 0 0 0 0 0 1157169570 19727654 4124598272 426262528 0 31294134 25044479 4138342 8704873 27637494
1790328017762 0 90598 1089 2832601964 2786708846 0 0 0 0 0 0 1157212209 19727813 4126507008 390770688 4259840 31521023 25219835 4180929 8772495 27861536
1790328018805 0 146573 0 2832769013 2786820921 0 0 0 0 0 0 1157248231 19728023 4126572544 579424256 0 31748216 25405906 4215468 8824235 27985024
1790328019845 0 76836 1439 2832860289 2786980511 0 0 0 0 0 0 1157269311 19728119 4127473664 335511552 2043904 31880809 25515463 4238514 8886962 28266299
1790328020886 0 112702 5797 2833038329 2787118519 0 0 0 0 0 0 1157306806 19728298 4127072256 460439552 46190592 32135042 25714975 4276009 8941155 28403789
1790328021912 0 101386 8172 2833180815 2787269676 0 0 0 0 0 0 1157328908 19728418 4126437376 448217088 11202560 32317311 25857346 4298111 8997451 28590336
1790328022935 0 113923 2029 2833325513 2787408066 0 0 0 0 0 0 1157348957 19728533 4125171712 486719488 7057408 32498432 26001714 4318162 9039964 28715592
1790328023973 0 111609 5890 2833457346 2787538416 0 0 0 0 0 0 1157367510 19728649 4124000256 483450880 17035264 32659582 26124941 4337224 9095646 28884390
1790328025014 0 16344 1462 2833584882 2787766227 0 0 0 0 0 0 1157387069 19728768 4123488256 98463744 2207744 32814349 26251597 4356781 9146744 29109443
1790328026040 0 32 0 2833644079 2787842579 0 0 0 0 0 0 1157429819 19728987 4145004544 131072 0 32915182 26337214 4399027 9193367 29193867
1790328027061 0 33 0 2833644080 2787842579 0 0 0 0 0 0 1157530450 19729472 4149706752 131072 0 33029322 26433649 4496610 9253888 29283976
1790328028080 0 33 0 2833644080 2787842579 0 0 0 0 0 0 1157594037 19729764 3015921664 94208 0 33109616 26499809 4563751 9304619 29320265
