1790330531796 0 1 0 3023341459 2977533285 0 0 0 0 0 0 1251468119 20017000 - - - - - - - -
1790330533371 0 183100 2979 3023664758 2977670372 0 0 0 0 0 0 1251468129 20017110 1277763584 752439296 3313664 0 0 10 0 145455
1790330534441 0 174118 3545 3023784251 2977798385 0 0 0 0 0 0 1251468129 20017111 1789440000 719937536 4071424 0 0 10 0 377848
1790330535464 0 164862 1338 3023913101 2977938576 0 0 0 0 0 0 1251468129 20017113 2326847488 674365440 16777216 0 0 10 0 443597
1790330536487 0 161918 1637 3024076665 2978104881 0 0 0 0 0 0 1251468129 20017113 2967506944 649678848 16777216 0 0 10 0 565565
1790330537519 0 159826 2056 3024219726 2978249652 0 0 0 0 0 0 1251468129 20017113 3564847104 655966208 11030528 0 0 10 0 699497
1790330538553 0 164009 2056 3024384539 2978410053 0 0 0 0 0 0 1251468129 20017113 4141731840 656527360 8388608 57105 21358 10 7437 873262
1790330539585 0 162576 2562 3024548162 2978574802 0 0 0 0 0 0 1251475332 20017120 4140527616 647970816 21078016 337575 191915 7067 56589 965350
1790330540608 0 179147 1952 3024693890 2978704598 0 0 0 0 0 0 1251487852 20017135 4139933696 728567808 9728000 569217 352425 19791 97150 1183047
1790330541629 0 172792 4036 3024820451 2978835486 0 0 0 0 0 0 1251500578 20017155 4139655168 719245312 13258752 760675 495094 32460 130293 1299947
1790330542654 0 156656 2098 3024947243 2978980320 0 0 0 0 0 0 1251519247 20017191 4139790336 634322944 8388608 931072 634909 49764 170780 1637236
1790330543679 0 93019 24832 3025031540 2979105516 0 0 0 0 0 0 1251536246 20017262 4140691456 380641280 101711872 1098717 740962 68127 229438 2067191
1790330544713 0 130552 6171 3025172043 2979227080 0 0 0 0 0 0 1251563391 20017457 4141776896 534384640 25165824 1374721 907909 95272 286937 2386574
1790330545734 0 97191 0 3025274830 2979369298 0 0 0 0 0 0 1251591299 20017588 4143243264 379531264 0 1554839 1030059 119893 329304 2765911
1790330546762 0 63565 62 3025367957 2979496248 0 0 0 0 0 0 1251621295 20017734 4145213440 239722496 0 1720332 1152137 149883 382143 3103410
1790330547797 0 77325 7546 3025505681 2979612612 0 0 0 0 0 0 1251660382 20017892 4148006912 349421568 6197248 1968183 1334396 192261 433147 3492944
1790330548839 0 151061 1862 3025671976 2979710914 0 0 0 0 0 0 1251717326 20018093 4150763520 615874560 16777216 2273039 1554011 247670 499458 3773984
1790330549881 0 112406 3503 3025784933 2979860831 0 0 0 0 0 0 1251752782 20018273 4152242176 472858624 39350272 2481945 1700116 282615 591876 4116561
1790330550918 0 84162 0 3025897805 2980005328 0 0 0 0 0 0 1251801478 20018462 4155117568 323731456 0 2717361 1858718 330986 706453 4416968
1790330551942 0 101982 0 3026040539 2980130256 0 0 0 0 0 0 1251858858 20018679 4156485632 396378112 0 3003074 2058419 388769 766925 4662910
1790330552965 0 144327 0 3026207810 2980255253 0 0 0 0 0 0 1251935556 20018963 4157796352 567754752 0 3356792 2300784 465139 831343 4870664
1790330554000 0 91208 12483 3026308787 2980396962 0 0 0 0 0 0 1251994043 20019140 4159488000 411967488 26001408 3591391 2465783 525378 912113 5238434
1790330555031 0 97048 2734 3026437178 2980529786 0 0 0 0 0 0 1252074108 20019394 4161744896 404045824 10727424 3892308 2671945 605479 977323 5503778
1790330556063 0 77174 3333 3026559848 2980671150 0 0 0 0 0 0 1252152567 20019629 4163661824 313344000 19910656 4201715 2869810 683426 1073367 5825590
1790330557093 0 137180 12702 3026724268 2980766167 0 0 0 0 0 0 1252260751 20019934 4165386240 614088704 12783616 4627076 3145749 792168 1194841 6037013
1790330558118 0 98236 27002 3026837388 2980903943 0 0 0 0 0 0 1252359320 20020202 4167692288 517734400 26488832 4960593 3356351 891011 1286531 6224527
1790330559138 0 114327 73 3026973528 2981050918 0 0 0 0 0 0 1252443455 20020445 4167352320 451538944 0 5269681 3568569 970233 1382826 6555175
1790330560163 0 87934 0 3027095608 2981199449 0 0 0 0 0 0 1252546683 20020717 4167847936 338026496 0 5627498 3793539 1074898 1469644 6781357
1790330561192 0 18501 25008 3027215322 2981363594 0 0 0 0 0 0 1252634904 20021029 4168687616 175669248 16949248 5935640 4001589 1165308 1579000 7016091
1790330562218 0 115700 0 3027402352 2981478416 0 0 0 0 0 0 1252758727 20021442 4165873664 448966656 0 6378983 4283992 1288040 1695859 7195565
1790330563256 0 57847 4413 3027559419 2981689038 0 0 0 0 0 0 1252824911 20021696 4161859584 265121792 13631488 6688089 4482283 1356320 1774377 7432015
1790330564284 0 79490 1659 3027738484 2981849090 0 0 0 0 0 0 1252895368 20021952 4155600896 309153792 0 6997574 4690535 1424690 1858338 7654667
1790330565310 0 65270 2662 3027891688 2982015535 0 0 0 0 0 0 1252940501 20022123 4151345152 285106176 4493312 7248371 4863438 1471921 1947357 7901704
1790330566342 0 97959 1975 3028062368 2982153906 0 0 0 0 0 0 1252959062 20022224 4145729536 404824064 4161536 7448089 4998483 1490443 1996885 8090230
1790330567363 0 103936 2502 3028192248 2982277525 0 0 0 0 0 0 1252962720 20022299 4139114496 418889728 0 7570682 5086940 1494614 2029391 8251227
1790330568391 0 83455 2747 3028331390 2982437044 0 0 0 0 0 0 1252969012 20022377 4133580800 368390144 6074368 7722638 5194857 1500896 2091576 8436642
1790330569422 0 127740 0 3028506150 2982570068 0 0 0 0 0 0 1252980858 20022471 4127768576 499687424 0 7925232 5339478 1512750 2160514 8605863
1790330570444 0 96785 1436 3028659635 2982753133 0 0 0 0 0 0 1252995274 20022563 4123795456 415907840 2981888 8125662 5489964 1526657 2214612 8760313
1790330571472 0 84325 27159 3028811614 2982891975 0 0 0 0 0 0 1253012654 20022628 4121014272 461643776 9773056 8312953 5642452 1544533 2261409 8883406
1790330572499 0 49895 0 3028933557 2983075413 0 0 0 0 0 0 1253031574 20022720 4119789568 179064832 3371008 8462640 5758934 1562967 2305719 9049842
1790330573538 0 72482 2847 3029085879 2983202436 0 0 0 0 0 0 1253055168 20022812 4119420928 310902784 0 8675705 5923838 1586543 2357542 9183608
1790330574559 0 122634 0 3029256070 2983325269 0 0 0 0 0 0 1253095377 20022964 4122030080 477364224 0 8927132 6122820 1626257 2423913 9332987
1790330575584 0 100822 0 3029401195 2983492184 0 0 0 0 0 0 1253129999 20023093 4123865088 388550656 0 9129103 6290478 1661365 2493576 9597387
1790330576610 0 74403 604 3029556208 2983673056 0 0 0 0 0 0 1253176183 20023236 4126838784 314683392 2977792 9370102 6486909 1708064 2550015 9756815
1790330577633 0 112758 1344 3029736757 2983814401 0 0 0 0 0 0 1253242296 20023440 4131299328 462585856 27398144 9668913 6724548 1773717 2617973 9875664
1790330578662 0 119004 0 3029888118 2983960832 0 0 0 0 0 0 1253298559 20023616 4134969344 465809408 0 9910252 6918943 1827589 2716728 10062134
1790330579688 0 96167 16679 3030035073 2984114371 0 0 0 0 0 0 1253355021 20023836 4137730048 477122560 16310272 10185141 7125651 1886938 2779785 10199966
1790330580711 0 90752 113 3030191606 2984292585 0 0 0 0 0 0 1253430358 20024068 4141834240 349384704 2392064 10489163 7348328 1961781 2839874 10320235
1790330581733 0 86447 21066 3030354041 2984438340 0 0 0 0 0 0 1253509967 20024317 4145594368 372711424 85209088 10817623 7591325 2041335 2901503 10453501
1790330582755 0 150298 0 3030528406 2984569850 0 0 0 0 0 0 1253595715 20024804 4148785152 594079744 0 11174722 7841616 2124454 2991760 10653285
1790330583780 0 106160 0 3030655182 2984740859 0 0 0 0 0 0 1253668366 20025002 4152258560 423755776 0 11478508 8044162 2198811 3089946 10901240
1790330584804 0 104127 4310 3030805063 2984888396 0 0 0 0 0 0 1253781800 20025412 4156764160 452521984 10178560 11850706 8308469 2313165 3189724 11072791
1790330585824 0 91029 0 3030951393 2985052157 0 0 0 0 0 0 1253875140 20025672 4157845504 370761728 5378048 12198377 8540303 2407019 3272635 11267945
1790330586845 0 37537 234 3031073913 2985227904 0 0 0 0 0 0 1253961937 20025926 4159172608 162349056 3219456 12508098 8740446 2493310 3339513 11478600
1790330587876 0 87721 40 3031248909 2985353000 0 0 0 0 0 0 1254079788 20026250 4159303680 361082880 11022336 12946171 9024811 2609514 3416369 11629855
1790330588898 0 102988 0 3031393194 2985482084 0 0 0 0 0 0 1254183919 20026534 4158943232 402587648 0 13298071 9255936 2711227 3506169 11797278
1790330589922 0 69466 0 3031520546 2985642853 0 0 0 0 0 0 1254256650 20026752 4158611456 262000640 0 13588231 9450291 2786118 3623114 12047358
1790330590944 0 93564 0 3031690089 2985788263 0 0 0 0 0 0 1254343953 20027055 4154810368 360861696 0 13936877 9681822 2873814 3709879 12179211
1790330591968 0 56080 0 3031818395 2985954209 0 0 0 0 0 0 1254392494 20027237 4152328192 202047488 0 14169348 9843618 2923643 3754577 12301161
1790330592993 0 56562 0 3031972621 2986107810 0 0 0 0 0 0 1254453849 20027472 4149403648 213569536 0 14459934 10031115 2981651 3838795 12542164
1790330594019 0 85239 0 3032143615 2986250147 0 0 0 0 0 0 1254521994 20027711 4147634176 324509696 0 14767175 10241491 3051897 3919202 12731035
1790330595046 0 116788 1130 3032322199 2986396155 0 0 0 0 0 0 1254566243 20027925 4143792128 489648128 3846144 15031282 10436123 3098063 4005024 12944364
1790330596065 0 101020 7592 3032479915 2986563382 0 0 0 0 0 0 1254598061 20028064 4138844160 407449600 53895168 15271642 10596639 3129940 4066986 13085830
1790330597105 0 72628 640 3032620577 2986739272 0 0 0 0 0 0 1254618638 20028177 4135899136 326369280 3874816 15441875 10722379 3150513 4124216 13245951
1790330598152 0 105435 3285 3032787568 2986870624 0 0 0 0 0 0 1254643303 20028297 4131065856 443547648 16932864 15658066 10882386 3175182 4196308 13460536
1790330599182 0 40946 0 3032919632 2987070376 0 0 0 0 0 0 1254660778 20028404 4127543296 139390976 0 15812031 10997338 3191921 4254050 13621176
1790330600220 0 100661 21988 3033118879 2987187989 0 0 0 0 0 0 1254687391 20028558 4123275264 515170304 2392064 16066313 11191462 3219277 4312155 13778603
1790330601240 0 97356 0 3033253567 2987347882 0 0 0 0 0 0 1254700615 20028648 4121096192 375201792 0 16233795 11315711 3232124 4348416 13871707
1790330602272 0 97763 501 3033424604 2987517944 0 0 0 0 0 0 1254731674 20028823 4119855104 416190464 1847296 16471665 11501450 3262631 4403590 14042348
1790330603294 0 141573 0 3033603862 2987654061 0 0 0 0 0 0 1254769557 20028996 4120039424 559075328 0 16724525 11703445 3300458 4454798 14143901
1790330604320 0 95762 73 3033748332 2987844505 0 0 0 0 0 0 1254807789 20029152 4121145344 387694592 2899968 16932978 11876745 3338937 4521057 14345604
1790330605352 0 86554 756 3033900415 2988005126 0 0 0 0 0 0 1254859605 20029338 4124295168 378875904 5128192 17183325 12069491 3390468 4566546 14464978
1790330606390 0 131694 38 3034094623 2988154742 0 0 0 0 0 0 1254927813 20029592 4128309248 518615040 0 17508287 12318312 3457140 4645660 14581302
1790330607415 0 45034 2619 3034215997 2988360227 0 0 0 0 0 0 1254962750 20029765 4129804288 210550784 7208960 17712917 12475213 3493844 4710453 14741304
1790330608442 0 90458 1497 3034396844 2988496600 0 0 0 0 0 0 1255032523 20030044 4132732928 380407808 1892352 18035733 12720834 3563889 4801211 14969825
1790330609464 0 133616 0 3034532464 2988590527 0 0 0 0 0 0 1255103244 20030314 4136628224 530124800 0 18298618 12917565 3630462 4880279 15107145
1790330610488 0 134695 4342 3034655043 2988707796 0 0 0 0 0 0 1255158220 20030569 4139372544 574672896 11206656 18544280 13097018 3689660 4947685 15382137
1790330611513 0 100791 6124 3034803969 2988888847 0 0 0 0 0 0 1255233674 20030838 4142579712 438079488 7901184 18849736 13318107 3765611 5018405 15556718
1790330612545 0 115321 641 3034949381 2989025122 0 0 0 0 0 0 1255302880 20031114 4143763456 484851712 7925760 19129352 13519331 3833382 5089882 15827202
1790330613590 0 92586 0 3035069218 2989168435 0 0 0 0 0 0 1255359997 20031371 4145807360 357265408 0 19374626 13687190 3889371 5174559 16107366
1790330614617 0 97632 4088 3035215492 2989305557 0 0 0 0 0 0 1255426361 20031687 4146388992 395722752 38449152 19674749 13895958 3957842 5254455 16346277
1790330615652 0 134547 0 3035370331 2989427508 0 0 0 0 0 0 1255497832 20031990 4145983488 531480576 0 19979757 14109258 4027676 5322593 16569049
1790330616683 0 94604 0 3035493199 2989590357 0 0 0 0 0 0 1255553119 20032212 4145135616 367206400 0 20214222 14270242 4081498 5399422 16809356
1790330617726 0 96363 573 3035614716 2989709595 0 0 0 0 0 0 1255613749 20032457 4146294784 413761536 15732736 20467291 14446751 4144640 5474178 17060937
1790330618766 0 96993 0 3035749069 2989843825 0 0 0 0 0 0 1255687599 20032742 4146868224 377659392 0 20735886 14639974 4217502 5575352 17366215
1790330619798 0 66327 3716 3035878085 2989999827 0 0 0 0 0 0 1255748751 20032977 4146954240 307900416 4542464 20994853 14812772 4280631 5667476 17592625
1790330620835 0 104696 16562 3036035647 2990106240 0 0 0 0 0 0 1255817139 20033237 4145606656 428834816 77373440 21306900 15018182 4348506 5769281 17819690
1790330621864 0 62464 0 3036132240 2990261622 0 0 0 0 0 0 1255856718 20033374 4144480256 232488960 0 21470316 15131136 4385438 5845874 18198244
1790330622905 0 128032 2401 3036302580 2990363938 0 0 0 0 0 0 1255915692 20033604 4141248512 546807808 3174400 21761874 15341509 4446103 5933739 18427638
1790330623941 0 118735 5840 3036470210 2990537497 0 0 0 0 0 0 1255974846 20033836 4139094016 509161472 0 22050758 15548978 4504678 5995672 18573779
1790330624968 0 90860 9510 3036603116 2990694557 0 0 0 0 0 0 1256008233 20033989 4137308160 398917632 31694848 22252801 15694438 4539601 6067761 18848215
1790330625996 0 82298 1910 3036728822 2990836493 0 0 0 0 0 0 1256049985 20034184 4136144896 349122560 5091328 22471502 15853185 4581875 6123819 18993374
1790330627020 0 91370 0 3036852456 2990952827 0 0 0 0 0 0 1256087974 20034391 4135383040 353370112 0 22681377 16002146 4617829 6197087 19196213
1790330628056 0 57862 655 3036977716 2991110986 0 0 0 0 0 0 1256121401 20034553 4134305792 237789184 1814528 22863748 16142745 4652769 6261144 19435907
1790330629092 0 65984 29 3037104579 2991230264 0 0 0 0 0 0 1256145502 20034669 4131938304 247590912 0 23026125 16261667 4675339 6319465 19617209
1790330630134 0 77595 3294 3037243732 2991354700 0 0 0 0 0 0 1256163511 20034784 4128489472 360833024 9027584 23212751 16400690 4694878 6380486 19767053
1790330631163 0 95423 790 3037405456 2991501052 0 0 0 0 0 0 1256194697 20034951 4126023680 397873152 7811072 23444033 16570886 4726080 6444515 19944361
1790330632190 0 62722 1145 3037513682 2991641768 0 0 0 0 0 0 1256215747 20035053 4124450816 262623232 5783552 23591888 16686293 4746952 6496433 20090209
1790330633220 0 91263 1458 3037646375 2991745403 0 0 0 0 0 0 1256242858 20035181 4123529216 385208320 2859008 23781314 16833091 4774758 6550422 20196824
1790330634246 0 81680 19 3037756670 2991866779 0 0 0 0 0 0 1256271617 20035293 4123500544 333701120 5328896 23946307 16957670 4803495 6595413 20376697
1790330635268 0 83660 0 3037872885 2991980931 0 0 0 0 0 0 1256297041 20035400 4122955776 321757184 0 24102337 17078717 4827543 6649800 20520262
1790330636298 0 61194 710 3037978113 2992108182 0 0 0 0 0 0 1256325404 20035541 4123348992 252403712 2990080 24275807 17207729 4856779 6705825 20698854
1790330637318 0 146384 0 3038149481 2992194948 0 0 0 0 0 0 1256385929 20035781 4126420992 579244032 0 24545875 17423213 4916378 6796015 20882684
1790330638353 0 111926 1140 3038258993 2992337882 0 0 0 0 0 0 1256417245 20035928 4127039488 474161152 3170304 24722163 17560246 4949122 6869769 21056785
1790330639388 0 103647 643 3038385816 2992473358 0 0 0 0 0 0 1256464918 20036089 4129529856 426557440 2949120 24956725 17731961 4996342 6940817 21244435
1790330640409 0 102027 0 3038526050 2992615757 0 0 0 0 0 0 1256523049 20036311 4132167680 396476416 0 25214862 17921424 5053241 7041365 21476002
1790330641442 0 103016 711 3038662206 2992750464 0 0 0 0 0 0 1256589564 20036548 4135190528 442527744 2621440 25481368 18121347 5120493 7094972 21602711
1790330642482 0 110273 0 3038792395 2992873878 0 0 0 0 0 0 1256649571 20036772 4137660416 430862336 0 25735382 18306995 5180129 7171039 21812066
1790330643508 0 88590 0 3038899791 2993002886 0 0 0 0 0 0 1256710676 20036993 4141076480 345821184 0 25970773 18472483 5238989 7238152 21995720
1790330644534 0 32385 403 3039001087 2993160155 0 0 0 0 0 0 1256740166 20037132 4140285952 142114816 2928640 26135314 18591662 5271086 7313091 22315242
1790330645558 0 122571 0 3039172603 2993241700 0 0 0 0 0 0 1256805897 20037431 4140056576 481394688 0 26449521 18805171 5335808 7383306 22406572
1790330646582 0 107416 0 3039324416 2993408613 0 0 0 0 0 0 1256873241 20037701 4141395968 419028992 0 26746632 19014602 5402020 7458157 22569046
1790330647615 0 65329 38 3039431543 2993558154 0 0 0 0 0 0 1256920376 20037867 4141502464 258965504 16994304 26944873 19161123 5451253 7513169 22785600
1790330648649 0 47313 2089 3039562009 2993704482 0 0 0 0 0 0 1256970213 20038091 4141072384 212865024 0 27181261 19328941 5499569 7603122 23060397
1790330649678 0 104046 714 3039707819 2993794709 0 0 0 0 0 0 1257045105 20038365 4142768128 428662784 1343488 27503203 19542902 5575978 7693340 23304879
1790330650698 0 100406 0 3039836420 2993927826 0 0 0 0 0 0 1257099942 20038589 4143353856 390402048 0 27730426 19708938 5630806 7788773 23639098
1790330651726 0 89091 5122 3039956963 2994054620 0 0 0 0 0 0 1257159826 20038845 4143271936 377229312 31313920 27983000 19887611 5691250 7892487 23884665
1790330652759 0 103616 8513 3040091063 2994170855 0 0 0 0 0 0 1257214766 20039053 4143640576 446808064 25243648 28242532 20060448 5746649 7983688 24138349
1790330653785 0 105205 732 3040259480 2994345536 0 0 0 0 0 0 1257278950 20039314 4142141440 456699904 2027520 28545001 20268519 5810318 8053832 24355309
1790330654820 0 19245 501 3040344071 2994516284 0 0 0 0 0 0 1257305269 20039456 4140691456 91750400 2224128 28687772 20367140 5836416 8124497 24608156
1790330655857 0 94773 9814 3040520037 2994607293 0 0 0 0 0 0 1257365801 20039715 4139114496 386084864 63086592 28996659 20595639 5897681 8187642 24716336
1790330656891 0 107262 1983 3040659674 2994742297 0 0 0 0 0 0 1257414628 20039949 4138311680 455467008 6639616 29216275 20760140 5945479 8265311 24938977
1790330657929 0 115211 659 3040788692 2994864568 0 0 0 0 0 0 1257476461 20040183 4139425792 473100288 24637440 29468566 20939965 6008340 8349246 25291010
1790330658962 0 89123 746 3040903151 2995005050 0 0 0 0 0 0 1257523577 20040362 4139229184 378757120 2609152 29662485 21083438 6055049 8425107 25571215
1790330659988 0 58304 40 3041003315 2995136787 0 0 0 0 0 0 1257562401 20040511 4139491328 230137856 3895296 29843785 21211161 6093258 8480342 25779630
1790330661016 0 93896 0 3041146556 2995244321 0 0 0 0 0 0 1257618213 20040724 4139945984 363020288 0 30102689 21389930 6148116 8545708 26006325
1790330662036 0 138806 6205 3041292870 2995339907 0 0 0 0 0 0 1257667946 20041003 4138582016 568307712 38264832 30365915 21575448 6199830 8615712 26150650
1790330663058 0 107170 0 3041429005 2995513635 0 0 0 0 0 0 1257702634 20041178 4136333312 414691328 0 30559207 21723664 6232694 8684684 26349940
1790330664090 0 76718 0 3041547100 2995662116 0 0 0 0 0 0 1257739849 20041352 4134567936 288493568 0 30746836 21862019 6269195 8761094 26604288
1790330665134 0 72320 1300 3041672647 2995790849 0 0 0 0 0 0 1257781905 20041530 4133339136 317026304 3960832 30949522 22017723 6313325 8844229 26822164
1790330666174 0 85914 0 3041789347 2995895346 0 0 0 0 0 0 1257821442 20041710 4133855232 328540160 0 31138214 22159050 6349794 8915048 26990924
1790330667198 0 98702 22 3041920983 2996014085 0 0 0 0 0 0 1257854780 20041871 4132839424 381886464 0 31341641 22306096 6385210 8969606 27180994
1790330668221 0 113485 0 3042038280 2996116532 0 0 0 0 0 0 1257894812 20042038 4132810752 443658240 0 31541962 22448888 6425224 9049561 27413581
1790330669254 0 88648 40 3042140325 2996243513 0 0 0 0 0 0 1257924136 20042165 4132896768 342028288 0 31722668 22570732 6455515 9103735 27613236
1790330670282 0 82112 566 3042254339 2996363756 0 0 0 0 0 0 1257961509 20042332 4132773888 338702336 7028736 31913022 22714840 6492001 9173675 27837908
1790330671312 0 25916 1998 3042334994 2996499065 0 0 0 0 0 0 1257987850 20042450 4132265984 121896960 446464 32051383 22817009 6519230 9222395 27992549
1790330672334 0 121460 365 3042506455 2996576679 0 0 0 0 0 0 1258043554 20042751 4132614144 501710848 2596864 32350769 23031754 6574429 9284156 28143261
1790330673366 0 80055 697 3042658132 2996769326 0 0 0 0 0 0 1258097432 20042990 4133666816 345604096 5513216 32608017 23218982 6628819 9334786 28306382
1790330674396 0 103810 0 3042782983 2996870978 0 0 0 0 0 0 1258130220 20043139 4132794368 404271104 0 32789665 23356043 6659195 9415848 28448104
1790330675417 0 92808 0 3042896989 2996995906 0 0 0 0 0 0 1258163319 20043297 4132134912 360624128 0 32969818 23485652 6694188 9490616 28674668
1790330676444 0 71013 938 3043003242 2997123161 0 0 0 0 0 0 1258195092 20043463 4131258368 301531136 2617344 33140671 23613868 6726536 9569204 28911511
1790330677475 0 74733 296 3043124501 2997241446 0 0 0 0 0 0 1258236061 20043645 4132147200 306122752 16605184 33347000 23769154 6767974 9621359 29023859
1790330678499 0 78701 0 3043253372 2997366653 0 0 0 0 0 0 1258289958 20043882 4133093376 303595520 0 33561098 23933919 6819280 9718779 29331887
1790330679521 0 143405 871 3043413618 2997461298 0 0 0 0 0 0 1258369321 20044175 4136263680 598061056 1261568 33877860 24167541 6901236 9809798 29538313
1790330680542 0 115683 453 3043530187 2997606130 0 0 0 0 0 0 1258413992 20044379 4136763392 479670272 1282048 34079734 24314724 6944887 9868793 29774452
1790330681567 0 69136 1629 3043637626 2997758585 0 0 0 0 0 0 1258460080 20044553 4137717760 299356160 7344128 34287779 24460536 6991550 9922226 29927158
1790330682590 0 121026 0 3043794076 2997864923 0 0 0 0 0 0 1258529591 20044823 4139642880 475652096 0 34578590 24669038 7058701 9987078 30086922
1790330683616 0 91951 4307 3043889222 2997984940 0 0 0 0 0 0 1258585356 20045041 4140961792 372264960 27435008 34790181 24821462 7116730 10074773 30378621
1790330684636 0 93801 0 3043993249 2998091229 0 0 0 0 0 0 1258640975 20045273 4142710784 362618880 0 34993163 24973961 7171898 10168703 30647326
1790330685670 0 71189 13 3044093540 2998214047 0 0 0 0 0 0 1258707177 20045534 4144652288 272584704 0 35229269 25134762 7235649 10229130 30830190
1790330686694 0 96367 0 3044233392 2998328798 0 0 0 0 0 0 1258763714 20045795 4144865280 375918592 0 35503582 25319775 7294101 10323240 31080427
1790330687729 0 11701 0 3044322566 2998502878 0 0 0 0 0 0 1258792066 20045948 4143644672 26660864 0 35643943 25418432 7322385 10383658 31336586
1790330688755 0 94876 895 3044494938 2998590913 0 0 0 0 0 0 1258850629 20046223 4140519424 394301440 1667072 35957391 25632046 7381978 10466989 31580899
1790330689783 0 107290 373 3044627373 2998711636 0 0 0 0 0 0 1258893130 20046413 4139139072 448929792 2818048 36177747 25789471 7424590 10537267 31792854
1790330690817 0 109410 531 3044746161 2998827871 0 0 0 0 0 0 1258941018 20046600 4137787392 450490368 61440 36378366 25938514 7470800 10610528 32132689
1790330691839 0 98796 0 3044862520 2998955492 0 0 0 0 0 0 1258989242 20046782 4137951232 382803968 0 36584656 26086655 7520046 10692850 32448829
1790330692864 0 49698 29 3044960663 2999102725 0 0 0 0 0 0 1259027101 20046949 4137521152 184815616 0 36743172 26206440 7554568 10770086 32710586
1790330693888 0 126072 0 3045131326 2999196968 0 0 0 0 0 0 1259083120 20047212 4136767488 495939584 0 37046806 26420284 7613950 10823365 32871087
1790330694914 0 74348 0 3045225914 2999343401 0 0 0 0 0 0 1259123025 20047363 4137394176 282075136 0 37228310 26545847 7652440 10927172 33243786
1790330695943 0 75830 371 3045349337 2999464958 0 0 0 0 0 0 1259178074 20047570 4138164224 315658240 1597440 37464404 26716974 7709404 10988364 33405200
1790330696981 0 96747 1110 3045498759 2999592808 0 0 0 0 0 0 1259239641 20047796 4137054208 416817152 2404352 37737392 26910815 7769934 11052395 33572695
1790330698013 0 36506 29 3045594677 2999749887 0 0 0 0 0 0 1259273441 20047947 4135981056 127377408 0 37897866 27024690 7804327 11138546 33863988
1790330699046 0 74086 28 3045741572 2999859456 0 0 0 0 0 0 1259333044 20048211 4136488960 283992064 8843264 38175147 27215089 7863847 11205862 34000137
1790330700087 0 122598 0 3045885451 2999954689 0 0 0 0 0 0 1259390382 20048437 4136357888 482922496 0 38436213 27398514 7919246 11273355 34118695
1790330701110 0 130850 0 3046002178 3000063234 0 0 0 0 0 0 1259434506 20048619 4135800832 516702208 0 38647930 27551997 7964868 11362071 34368654
1790330702138 0 84044 1208 3046107868 3000214545 0 0 0 0 0 0 1259475659 20048802 4135460864 359440384 3850240 38827305 27687125 8006467 11441500 34584485
1790330703174 0 29774 3295 3046213499 3000372449 0 0 0 0 0 0 1259504942 20048953 4134154240 119914496 33980416 38995643 27807319 8036775 11495804 34779351
1790330704209 0 65563 50 3046359860 3000486121 0 0 0 0 0 0 1259543458 20049139 4132552704 248061952 0 39208117 27961425 8074970 11567935 35020837
1790330705231 0 82067 45 3046501441 3000611102 0 0 0 0 0 0 1259585552 20049327 4131262464 316637184 0 39432942 28120313 8114342 11637717 35222443
1790330706255 0 70707 35 3046630173 3000751301 0 0 0 0 0 0 1259625198 20049493 4130627584 268558336 0 39652922 28276374 8155436 11705976 35454511
1790330707276 0 100857 2847 3046785214 3000873246 0 0 0 0 0 0 1259679037 20049726 4130762752 426012672 13049856 39909745 28470868 8210884 11779545 35688710
1790330708297 0 47046 354 3046922334 3001066873 0 0 0 0 0 0 1259720139 20049930 4130574336 200884224 1900544 40134138 28635567 8251167 11856057 35942364
1790330709320 0 133932 1314 3047112762 3001169711 0 0 0 0 0 0 1259769669 20050180 4130078720 531218432 0 40427887 28852092 8300769 11919643 36112220
1790330710351 0 109316 408 3047219234 3001301250 0 0 0 0 0 0 1259806370 20050324 4130463744 457281536 4018176 40610944 28986943 8337174 11988800 36309903
1790330711392 0 90017 645 3047334767 3001436012 0 0 0 0 0 0 1259837672 20050465 4129951744 377786368 1314816 40787217 29121925 8368991 12056331 36517138
1790330712411 0 32 0 3047366084 3001557945 0 0 0 0 0 0 1259861347 20050607 4154511360 131072 0 40853067 29169668 8392669 12086305 36658901
1790330713431 0 33 0 3047366085 3001557945 0 0 0 0 0 0 1260006084 20051129 4160507904 131072 0 41016702 29310898 8535363 12176826 36760507
1790330714452 0 33 0 3047366085 3001557945 0 0 0 0 0 0 1260154062 20051561 4168282112 131072 0 41209121 29457032 8683395 12255720 36780670
1790330715471 0 22 0 3047366086 3001557945 0 0 0 0 0 0 1260203268 20051719 1504075776 45056 0 41285991 29507946 8735096 12290673 36799856
