1790329287563 0 0 0 2934307785 2888499533 0 0 0 0 0 0 1191873233 19854114 - - - - - - - -
1790329289230 0 152975 987 2934606526 2888644312 0 0 0 0 0 0 1191873243 19854229 1145593856 619163648 7561216 0 0 10 0 308691
1790329290284 0 153687 2030 2934746271 2888782302 0 0 0 0 0 0 1191873243 19854230 1766404096 620912640 8331264 0 0 10 0 736378
1790329291304 0 153292 1939 2934891967 2888928484 0 0 0 0 0 0 1191873243 19854232 2361520128 618926080 8257536 0 0 10 0 967379
1790329292323 0 149559 2048 2935032289 2889072389 0 0 0 0 0 0 1191873243 19854232 2947063808 616591360 8388608 0 0 10 0 1247543
1790329293342 0 151820 2052 2935174316 2889212201 0 0 0 0 0 0 1191873243 19854232 3516174336 614924288 8388608 0 0 10 0 1446547
1790329294362 0 149665 2094 2935320598 2889360662 0 0 0 0 0 0 1191873243 19854232 4122361856 614612992 8388608 0 0 10 0 1850267
1790329295380 0 134549 4047 2935454332 2889507510 0 0 0 0 0 0 1191877324 19854239 4159303680 550912000 25165824 242820 130089 4091 48348 1984826
1790329296398 0 121216 1878 2935587349 2889655969 0 0 0 0 0 0 1191886104 19854246 4158656512 495775744 14823424 453166 269279 12652 158630 2164235
1790329297422 0 121742 20217 2935705412 2889755150 0 0 0 0 0 0 1191894944 19854259 4158148608 498810880 82808832 627322 398443 21770 230035 2267599
1790329298441 0 77091 0 2935818491 2889933117 0 0 0 0 0 0 1191905625 19854274 4157825024 302960640 0 793310 518232 31903 294680 2452100
1790329299463 0 80667 8176 2935930952 2890033833 0 0 0 0 0 0 1191919849 19854295 4158001152 358989824 1761280 954785 647090 46616 350206 2576697
1790329300482 0 82882 2048 2936030575 2890137393 0 0 0 0 0 0 1191934651 19854380 4158296064 347541504 8388608 1141209 761669 60907 481083 2927461
1790329301504 0 115802 3358 2936136880 2890209490 0 0 0 0 0 0 1191958702 19854530 4159488000 479698944 8032256 1354255 889890 85472 557699 3077706
1790329302523 0 139270 0 2936237026 2890289470 0 0 0 0 0 0 1191992868 19854685 4161843200 557596672 0 1545149 1021860 119191 708920 3332675
1790329303547 0 20639 3953 2936272416 2890439622 0 0 0 0 0 0 1192006698 19854736 4162658304 100728832 12173312 1616409 1073894 133022 776346 3632086
1790329304566 0 150639 2190 2936427654 2890466498 0 0 0 0 0 0 1192062631 19854969 4166725632 615735296 0 1903581 1280870 188912 943479 3681826
1790329305587 0 106484 0 2936496952 2890582210 0 0 0 0 0 0 1192091362 19855060 4168798208 427134976 0 2030272 1377513 216605 1054752 4004800
1790329306607 0 70422 73 2936573654 2890694808 0 0 0 0 0 0 1192116507 19855148 4170301440 275726336 0 2166369 1478766 242771 1124226 4184432
1790329307633 0 71924 4195 2936673094 2890788728 0 0 0 0 0 0 1192159129 19855335 4172709888 306380800 24395776 2367738 1621682 285401 1295526 4350845
1790329308665 0 76416 3790 2936772811 2890884357 0 0 0 0 0 0 1192191496 19855498 4174053376 326631424 17174528 2570679 1754138 317752 1390020 4454237
1790329309684 0 78219 0 2936864959 2890978452 0 0 0 0 0 0 1192239169 19855674 4176420864 309919744 0 2769471 1890342 364909 1497582 4591797
1790329310704 0 75422 73 2936968561 2891084945 0 0 0 0 0 0 1192274053 19855819 4176646144 296169472 0 2970683 2029053 400839 1589400 4728498
1790329311724 0 77230 0 2937074898 2891189396 0 0 0 0 0 0 1192315147 19855979 4176551936 303783936 0 3185878 2175633 441405 1747294 4998739
1790329312743 0 74483 53 2937174541 2891291832 0 0 0 0 0 0 1192361299 19856122 4177133568 296615936 0 3392124 2321008 486558 1837563 5200101
1790329313767 0 60708 3040 2937256174 2891384338 0 0 0 0 0 0 1192412619 19856266 4178210816 248389632 20615168 3595320 2457040 539391 1948601 5466427
1790329314787 0 95803 0 2937370666 2891466511 0 0 0 0 0 0 1192465913 19856438 4178726912 378474496 0 3835958 2620727 592709 2042559 5585914
1790329315807 0 89174 0 2937466371 2891568911 0 0 0 0 0 0 1192511578 19856587 4179329024 361250816 0 4034381 2762083 636300 2147829 5779795
1790329316826 0 73611 0 2937553126 2891671311 0 0 0 0 0 0 1192559750 19856741 4179980288 293097472 0 4246354 2896148 685013 2337443 6084332
1790329317846 0 66746 0 2937646667 2891771663 0 0 0 0 0 0 1192615104 19856910 4181180416 265371648 0 4460865 3044551 740393 2441670 6208739
1790329318877 0 45167 8558 2937741700 2891879964 0 0 0 0 0 0 1192674665 19857074 4181827584 250482688 4771840 4694017 3200549 799896 2543358 6315816
1790329319919 0 106177 0 2937852098 2891937572 0 0 0 0 0 0 1192768937 19857310 4184129536 425197568 0 5001829 3402305 894683 2752593 6453646
1790329320938 0 104513 0 2937950768 2892037924 0 0 0 0 0 0 1192856083 19857530 4186423296 415932416 0 5273991 3587100 982238 2967222 6588219
1790329321958 0 144369 0 2938066328 2892113701 0 0 0 0 0 0 1192934113 19857742 4186550272 583065600 0 5573960 3780464 1059398 3158950 6678988
1790329322977 0 97799 5435 2938151534 2892240052 0 0 0 0 0 0 1193007458 19857909 4187320320 422739968 0 5816841 3937569 1132202 3279844 6808298
1790329323996 0 147029 0 2938272904 2892317547 0 0 0 0 0 0 1193090611 19858120 4186734592 590708736 0 6091104 4125525 1216358 3394854 6855786
1790329325016 0 77608 0 2938374659 2892488785 0 0 0 0 0 0 1193139332 19858247 4184473600 308854784 0 6296188 4258391 1264066 3588713 7089571
1790329326041 0 94919 0 2938500509 2892597328 0 0 0 0 0 0 1193196806 19858400 4181819392 390115328 20787200 6547699 4421340 1323060 3761718 7304847
1790329327068 0 99286 58 2938617535 2892709945 0 0 0 0 0 0 1193241742 19858594 4179353600 394260480 0 6744307 4556986 1367774 3861461 7434271
1790329328092 0 77149 2473 2938720265 2892832456 0 0 0 0 0 0 1193277467 19858733 4176318464 315957248 37212160 6905268 4667379 1403720 3989399 7755530
1790329329124 0 83495 3936 2938847150 2892951565 0 0 0 0 0 0 1193302718 19858852 4171558912 341995520 28086272 7077692 4788981 1429483 4090336 8008921
1790329330143 0 75649 73 2938959773 2893075788 0 0 0 0 0 0 1193323244 19858960 4167950336 293879808 0 7227138 4893563 1449526 4241769 8307508
1790329331164 0 105483 23408 2939097872 2893160750 0 0 0 0 0 0 1193341251 19859056 4162670592 432058368 113602560 7401401 5014464 1468016 4382501 8627233
1790329332184 0 83429 52 2939189891 2893298087 0 0 0 0 0 0 1193351513 19859120 4159741952 331436032 0 7508938 5095575 1477777 4490194 9120038
1790329333204 0 85312 11 2939309467 2893415775 0 0 0 0 0 0 1193362814 19859183 4156407808 333180928 0 7646274 5196349 1489589 4549756 9316938
1790329334230 0 58614 9167 2939414243 2893538188 0 0 0 0 0 0 1193379266 19859262 4152926208 264593408 20738048 7775036 5296480 1506031 4686725 9601035
1790329335253 0 10760 19 2939504645 2893685364 0 0 0 0 0 0 1193386464 19859305 4150042624 30638080 0 7882477 5375043 1513237 4757808 9944538
1790329336284 0 81944 1330 2939655762 2893764249 0 0 0 0 0 0 1193404440 19859391 4147433472 351092736 2285568 8069362 5520059 1531204 4856784 10160061
1790329337303 0 79500 0 2939769790 2893882010 0 0 0 0 0 0 1193421377 19859484 4145876992 313008128 0 8202922 5623895 1547645 4923484 10358393
1790329338323 0 65980 0 2939881218 2894006939 0 0 0 0 0 0 1193437638 19859550 4144979968 255643648 0 8343172 5734696 1564039 5045987 10767617
1790329339342 0 60641 0 2939986438 2894117539 0 0 0 0 0 0 1193459819 19859626 4145442816 235929600 0 8488980 5849317 1586589 5179129 11137098
1790329340362 0 78110 0 2940112372 2894226044 0 0 0 0 0 0 1193485439 19859725 4145160192 304295936 0 8653878 5980987 1611740 5266444 11393958
1790329341383 0 57439 0 2940218759 2894353030 0 0 0 0 0 0 1193504550 19859800 4145033216 222703616 0 8799183 6094880 1630850 5357279 11688244
1790329342404 0 146584 0 2940364215 2894409341 0 0 0 0 0 0 1193544550 19859939 4147458048 585117696 0 9014884 6269966 1670857 5519190 11931672
1790329343424 0 129774 0 2940460060 2894521981 0 0 0 0 0 0 1193577400 19860035 4149309440 521302016 0 9160223 6390391 1702648 5653988 12326356
1790329344451 0 87842 1182 2940552993 2894655678 0 0 0 0 0 0 1193606655 19860130 4150595584 359800832 28532736 9307739 6510436 1733420 5767754 12656121
1790329345477 0 9792 1533 2940633116 2894813494 0 0 0 0 0 0 1193633327 19860205 4152111104 59437056 3022848 9428359 6609278 1760092 5881145 13144823
1790329346495 0 120867 9271 2940791892 2894853526 0 0 0 0 0 0 1193688612 19860362 4154859520 524029952 25042944 9690723 6815073 1815377 6070088 13268799
1790329347526 0 101192 1009 2940885878 2894975413 0 0 0 0 0 0 1193726056 19860483 4156710912 429121536 13029376 9847526 6942713 1852309 6297811 13689027
1790329348548 0 117203 0 2941012441 2895086960 0 0 0 0 0 0 1193768627 19860630 4158111744 466395136 0 10045963 7102203 1894888 6412304 13845761
1790329349573 0 74480 1690 2941110840 2895226307 0 0 0 0 0 0 1193816339 19860751 4160344064 315383808 3510272 10228287 7243553 1942593 6561107 14200960
1790329350591 0 49144 0 2941211421 2895353954 0 0 0 0 0 0 1193865041 19860884 4162973696 191119360 0 10404382 7387367 1990792 6742878 14504623
1790329351616 0 57821 2044 2941324563 2895456523 0 0 0 0 0 0 1193910873 19861040 4164927488 257081344 7057408 10611968 7545852 2037126 6837324 14687719
1790329352637 0 91714 0 2941448566 2895548515 0 0 0 0 0 0 1193965241 19861202 4167000064 366694400 0 10849541 7717496 2090490 6948696 14829840
1790329353663 0 43254 9417 2941537222 2895676372 0 0 0 0 0 0 1194020668 19861354 4169404416 221233152 23121920 11041868 7863459 2147433 7115361 15175552
1790329354690 0 97863 0 2941649141 2895743069 0 0 0 0 0 0 1194089813 19861523 4172304384 387645440 0 11277274 8039895 2216140 7315774 15409387
1790329355710 0 12196 0 2941726694 2895906144 0 0 0 0 0 0 1194129322 19861630 4173795328 38043648 0 11434486 8156464 2256152 7397969 15628302
1790329356735 0 133175 6381 2941868462 2895920844 0 0 0 0 0 0 1194219145 19861878 4177776640 589090816 61440 11749904 8389151 2345927 7515753 15655765
1790329357755 0 46323 0 2941939950 2896085380 0 0 0 0 0 0 1194256812 19862024 4179046400 180559872 0 11896705 8494755 2382919 7681892 16076780
1790329358775 0 110684 0 2942058622 2896139652 0 0 0 0 0 0 1194336447 19862284 4181327872 444956672 0 12166336 8691439 2461673 7890387 16262036
1790329359794 0 54196 0 2942134206 2896271749 0 0 0 0 0 0 1194391858 19862461 4183498752 211197952 0 12353554 8822190 2518192 8052495 16604506
1790329360818 0 46217 2296 2942245005 2896388286 0 0 0 0 0 0 1194446971 19862640 4183453696 206147584 3481600 12582166 8978272 2573414 8203073 16834646
1790329361837 0 88978 0 2942367910 2896470613 0 0 0 0 0 0 1194517645 19862852 4183404544 358313984 0 12837188 9154267 2642382 8345821 16938533
1790329362857 0 104662 0 2942480868 2896567894 0 0 0 0 0 0 1194571537 19863030 4181704704 416964608 0 13058200 9306509 2697312 8565589 17193007
1790329363876 0 111617 0 2942574855 2896654936 0 0 0 0 0 0 1194617710 19863174 4180742144 448876544 0 13243861 9438285 2743474 8633695 17349763
1790329364896 0 76551 0 2942662687 2896777817 0 0 0 0 0 0 1194654158 19863295 4179791872 305319936 0 13404122 9550728 2779908 8749457 17726004
1790329365915 0 0 11036 2942721206 2896901907 0 0 0 0 0 0 1194680836 19863380 4179296256 0 67665920 13526629 9631268 2807601 8945527 18187569
1790329366933 0 105934 0 2942873324 2896959098 0 0 0 0 0 0 1194730574 19863541 4176130048 421482496 0 13757942 9799561 2856352 9159654 18354279
1790329367953 0 107830 0 2942999131 2897083003 0 0 0 0 0 0 1194772652 19863681 4173443072 431435776 0 13954002 9944654 2898922 9259547 18548413
1790329368976 0 66202 0 2943121343 2897246844 0 0 0 0 0 0 1194799791 19863764 4170887168 256884736 0 14127447 10065601 2926110 9329661 18734032
1790329370001 0 75031 4532 2943273926 2897386389 0 0 0 0 0 0 1194818847 19863865 4165693440 335597568 7004160 14300518 10199283 2945612 9484275 18974216
1790329371021 0 84288 694 2943407383 2897514278 0 0 0 0 0 0 1194842979 19863972 4162555904 375779328 5271552 14472837 10331353 2969234 9621907 19305449
1790329372052 0 63652 9198 2943548217 2897667378 0 0 0 0 0 0 1194860967 19864072 4158373888 328400896 11567104 14634225 10459225 2987730 9725142 19618518
1790329373085 0 95573 0 2943685373 2897781487 0 0 0 0 0 0 1194888623 19864189 4155842560 383234048 0 14798718 10595021 3013896 9821001 19872833
1790329374105 0 105460 0 2943818148 2897904368 0 0 0 0 0 0 1194920021 19864314 4155224064 420511744 0 14984341 10742575 3046566 9924479 20020218
1790329375124 0 150159 0 2943963199 2898004721 0 0 0 0 0 0 1194956412 19864449 4155121664 602320896 0 15190959 10906093 3082164 10083483 20259574
1790329376148 0 114813 5502 2944084833 2898156255 0 0 0 0 0 0 1194984173 19864591 4154671104 491495424 31588352 15358670 11047192 3110938 10213606 20491347
1790329377176 0 119720 0 2944216389 2898288444 0 0 0 0 0 0 1195019047 19864734 4155068416 479903744 0 15542554 11200263 3144306 10288330 20595627
1790329378195 0 119669 6278 2944350459 2898416254 0 0 0 0 0 0 1195058543 19864890 4155572224 540061696 0 15732349 11355184 3184857 10448900 20839920
1790329379227 0 98924 27 2944456776 2898549582 0 0 0 0 0 0 1195087313 19864982 4156039168 398884864 7987200 15877503 11478545 3213059 10668748 21253692
1790329380255 0 71795 31219 2944582556 2898671363 0 0 0 0 0 0 1195113004 19865113 4155293696 433209344 12242944 16060009 11621146 3239258 10817540 21610910
1790329381274 0 138056 0 2944719106 2898772799 0 0 0 0 0 0 1195149975 19865288 4155523072 553000960 0 16243431 11778948 3276293 10969833 21884073
1790329382294 0 87837 0 2944831634 2898935544 0 0 0 0 0 0 1195178259 19865428 4155260928 347389952 0 16406360 11912730 3304547 11109999 22263652
1790329383316 0 94878 38 2944959499 2899056389 0 0 0 0 0 0 1195221403 19865617 4157030400 382328832 0 16606452 12079312 3347657 11253651 22548577
1790329384340 0 83961 4 2945072482 2899180273 0 0 0 0 0 0 1195263012 19865798 4159156224 331345920 0 16787607 12227921 3388755 11424785 22863131
1790329385365 0 98653 1596 2945198410 2899289943 0 0 0 0 0 0 1195308439 19865990 4160434176 434270208 11227136 16997907 12396421 3435211 11498305 23013941
1790329386394 0 46286 34 2945306154 2899451629 0 0 0 0 0 0 1195345891 19866168 4161839104 187793408 9965568 17174676 12535999 3472217 11656055 23412448
1790329387441 0 18010 0 2945402329 2899576015 0 0 0 0 0 0 1195405615 19866383 4164812800 66306048 0 17361066 12685635 3530719 11773433 23639853
1790329388472 0 95701 0 2945541501 2899637452 0 0 0 0 0 0 1195469683 19866664 4167397376 379613184 0 17611864 12883163 3596480 11918319 23794073
1790329389496 0 81724 0 2945644189 2899754192 0 0 0 0 0 0 1195517938 19866885 4167933952 326508544 0 17810374 13030649 3642717 11999475 23931262
1790329390515 0 98404 1869 2945758141 2899849693 0 0 0 0 0 0 1195580662 19867125 4170563584 419115008 12406784 18048505 13208389 3706917 12118744 24090213
1790329391534 0 100843 0 2945857801 2899948689 0 0 0 0 0 0 1195644214 19867388 4173082624 404738048 0 18257442 13367084 3769449 12226801 24237773
1790329392558 0 982 9 2945931818 2900122583 0 0 0 0 0 0 1195686807 19867554 4175052800 23306240 2768896 18421708 13485508 3813085 12370244 24687835
1790329393580 0 124730 3504 2946076199 2900140325 0 0 0 0 0 0 1195771153 19867885 4177809408 538669056 6828032 18744462 13712604 3896969 12597267 24781882
1790329394600 0 41454 15 2946144346 2900294620 0 0 0 0 0 0 1195813659 19868042 4179070976 162435072 0 18899212 13819773 3939417 12720944 25169618
1790329395619 0 63614 0 2946250324 2900378560 0 0 0 0 0 0 1195876787 19868263 4180148224 251957248 0 19111048 13978095 4001241 12803257 25349617
1790329396638 0 72583 28 2946375129 2900494241 0 0 0 0 0 0 1195929063 19868470 4179345408 287047680 0 19324885 14130652 4054821 12978072 25602384
1790329397658 0 34331 0 2946474310 2900631615 0 0 0 0 0 0 1195968572 19868624 4178665472 130670592 0 19503524 14253282 4094366 13136352 25975879
1790329398680 0 80681 157 2946601758 2900712792 0 0 0 0 0 0 1196036359 19868879 4178309120 328359936 37081088 19757483 14441888 4163124 13296067 26161665
1790329399712 0 56196 5498 2946707098 2900837139 0 0 0 0 0 0 1196083034 19869029 4176908288 271765504 4546560 19941393 14577086 4209428 13458353 26515921
1790329400730 0 88967 49 2946810529 2900913211 0 0 0 0 0 0 1196143066 19869231 4176986112 361418752 9768960 20167421 14732172 4269319 13667577 26800520
1790329401750 0 75643 0 2946911933 2901027966 0 0 0 0 0 0 1196190991 19869426 4176814080 298881024 0 20359027 14869522 4316232 13745803 26972436
1790329402776 0 33405 2381 2946998208 2901154065 0 0 0 0 0 0 1196235190 19869613 4176297984 170717184 3895296 20536913 14991851 4361442 13841116 27167114
1790329403806 0 76248 0 2947132932 2901248405 0 0 0 0 0 0 1196276328 19869769 4174401536 299806720 0 20747681 15139274 4402089 13995402 27430169
1790329404826 0 95080 0 2947267423 2901364119 0 0 0 0 0 0 1196305609 19869889 4170612736 381181952 0 20927005 15270772 4430848 14142526 27747940
1790329405846 0 84147 0 2947378347 2901485976 0 0 0 0 0 0 1196337009 19870011 4167675904 333803520 0 21084692 15390794 4462759 14291977 28053116
1790329406866 0 134463 0 2947512755 2901569945 0 0 0 0 0 0 1196367243 19870153 4164378624 545554432 0 21266122 15535900 4492334 14389391 28232926
1790329407888 0 83645 3499 2947615127 2901719715 0 0 0 0 0 0 1196388844 19870248 4162146304 342609920 32866304 21401481 15640086 4515609 14448872 28435249
1790329408913 0 84865 30 2947741523 2901848423 0 0 0 0 0 0 1196417576 19870357 4160425984 336650240 0 21556931 15766835 4543830 14529367 28591159
1790329409932 0 90618 24146 2947886841 2901963852 0 0 0 0 0 0 1196441683 19870463 4157407232 487825408 0 21736846 15909834 4568468 14609618 28744945
1790329410953 0 96729 12881 2948003994 2902086188 0 0 0 0 0 0 1196465315 19870555 4155637760 393003008 67710976 21882147 16027266 4592080 14700092 28935406
1790329411977 0 102915 43 2948124127 2902212983 0 0 0 0 0 0 1196487151 19870657 4153888768 408952832 0 22032542 16147509 4613400 14862702 29326986
1790329413001 0 85048 1414 2948233496 2902338789 0 0 0 0 0 0 1196511300 19870769 4153380864 364417024 2187264 22184261 16265946 4637554 14956166 29549311
1790329414021 0 76022 0 2948338389 2902454082 0 0 0 0 0 0 1196546257 19870878 4153823232 299446272 0 22341428 16392616 4672078 15119966 29846424
1790329415045 0 97905 16003 2948474954 2902552755 0 0 0 0 0 0 1196591120 19871037 4154519552 471027712 14360576 22549492 16562694 4717901 15195432 29974202
1790329416064 0 111055 0 2948589426 2902670147 0 0 0 0 0 0 1196622409 19871163 4154892288 440238080 0 22715776 16694719 4749214 15288142 30166466
1790329417083 0 121275 23798 2948715750 2902762443 0 0 0 0 0 0 1196675158 19871366 4156514304 577101824 36139008 22922644 16864829 4801942 15421355 30351748
1790329418111 0 114908 13870 2948832344 2902895334 0 0 0 0 0 0 1196715688 19871521 4156276736 525787136 25735168 23092188 17007817 4842503 15571944 30649604
1790329419133 0 74362 0 2948919640 2903036988 0 0 0 0 0 0 1196737294 19871642 4156104704 292700160 0 23220859 17105712 4863574 15733459 31066434
1790329420154 0 125382 949 2949061497 2903127250 0 0 0 0 0 0 1196773022 19871842 4155834368 526659584 6021120 23444550 17275633 4899823 15866382 31238018
1790329421177 0 54849 5329 2949154417 2903286098 0 0 0 0 0 0 1196805430 19871996 4156444672 222687232 41439232 23593428 17391292 4932195 16061376 31694295
1790329422200 0 98562 6059 2949293145 2903380263 0 0 0 0 0 0 1196845471 19872181 4155838464 403546112 40468480 23804837 17559968 4972236 16173000 31882836
1790329423222 0 108522 673 2949412279 2903494868 0 0 0 0 0 0 1196886559 19872383 4157042688 460820480 6635520 23996404 17712368 5013325 16263488 32026015
1790329424243 0 98669 0 2949517628 2903610734 0 0 0 0 0 0 1196937939 19872588 4159926272 393637888 0 24181413 17861992 5063824 16429095 32335084
1790329425262 0 146420 0 2949642249 2903687535 0 0 0 0 0 0 1196990963 19872804 4161277952 590213120 0 24398988 18031199 5116157 16536534 32444834
1790329426281 0 144831 0 2949746109 2903793008 0 0 0 0 0 0 1197030477 19872971 4162744320 585199616 0 24587133 18172841 5155747 16684758 32754695
1790329427300 0 127319 0 2949846290 2903910798 0 0 0 0 0 0 1197096138 19873175 4166279168 513871872 0 24805176 18333598 5221418 16805189 32991999
1790329428321 0 117437 3622 2949944937 2904016145 0 0 0 0 0 0 1197154196 19873383 4168400896 481021952 34668544 25009670 18491756 5280962 16953743 33303191
1790329429345 0 46480 46 2950030989 2904176115 0 0 0 0 0 0 1197192194 19873535 4168814592 201605120 15650816 25170699 18605941 5318958 17047407 33500954
1790329430364 0 64523 66 2950149434 2904276472 0 0 0 0 0 0 1197246630 19873751 4169596928 255594496 0 25396414 18764933 5372412 17226098 33761642
1790329431384 0 108010 0 2950273752 2904357403 0 0 0 0 0 0 1197299988 19873959 4169043968 436350976 0 25622645 18927702 5424767 17409366 34026256
1790329432407 0 55080 5144 2950362083 2904493569 0 0 0 0 0 0 1197331388 19874101 4168450048 250511360 10899456 25783632 19044165 5458153 17548529 34423310
1790329433429 0 60654 20829 2950474003 2904584286 0 0 0 0 0 0 1197382177 19874298 4168880128 291217408 66985984 25994528 19198768 5508431 17771050 34714701
1790329434454 0 5715 456 2950559348 2904745312 0 0 0 0 0 0 1197427233 19874456 4170215424 39768064 3776512 26160064 19321827 5553501 17856361 34909155
1790329435475 0 119438 12557 2950725767 2904785502 0 0 0 0 0 0 1197486163 19874693 4169752576 558571520 7802880 26421703 19518021 5613018 17953828 34981015
1790329436493 0 89383 0 2950819235 2904921561 0 0 0 0 0 0 1197529298 19874855 4170469376 359968768 0 26594128 19644566 5654059 18046930 35168431
1790329437515 0 57570 23506 2950920409 2905031062 0 0 0 0 0 0 1197567266 19875021 4170715136 278265856 68952064 26779347 19781213 5694091 18127041 35358444
1790329438535 0 70045 0 2951033401 2905155010 0 0 0 0 0 0 1197617270 19875181 4170170368 278761472 0 26967135 19928572 5743021 18248038 35562952
1790329439555 0 26147 0 2951128961 2905294495 0 0 0 0 0 0 1197672153 19875381 4171075584 99119104 0 27165633 20069286 5796931 18392518 35817682
1790329440575 0 137813 0 2951276400 2905330357 0 0 0 0 0 0 1197741598 19875653 4172021760 553881600 0 27458812 20275643 5867348 18500987 35879763
1790329441601 0 66284 19317 2951372926 2905479140 0 0 0 0 0 0 1197787780 19875826 4171849728 364765184 4833280 27626518 20403230 5914543 18590573 36059875
1790329442620 0 118920 0 2951497115 2905569955 0 0 0 0 0 0 1197837169 19876018 4170104832 476901376 0 27833487 20551839 5962953 18738067 36219935
1790329443646 0 58863 7488 2951602958 2905728348 0 0 0 0 0 0 1197857767 19876119 4167094272 280154112 10465280 27975314 20660129 5984530 18957397 36638420
1790329444669 0 9861 0 2951697225 2905878973 0 0 0 0 0 0 1197891115 19876241 4165251072 33820672 0 28119684 20767116 6016354 19093324 37038312
1790329445692 0 78777 8760 2951845943 2905950155 0 0 0 0 0 0 1197937835 19876410 4163387392 360943616 0 28347303 20932985 6064600 19207404 37179611
1790329446713 0 84852 0 2951965640 2906072510 0 0 0 0 0 0 1197972631 19876543 4161650688 341458944 0 28516573 21060282 6097419 19360130 37523988
1790329447732 0 91863 0 2952081205 2906181056 0 0 0 0 0 0 1198007045 19876665 4159750144 365756416 0 28687398 21189249 6132811 19545186 37913923
1790329448756 0 54024 21973 2952198265 2906314029 0 0 0 0 0 0 1198032758 19876793 4157972480 299638784 32817152 28851096 21315158 6159521 19785331 38282518
1790329449779 0 31574 522 2952294298 2906453988 0 0 0 0 0 0 1198064542 19876919 4157186048 141484032 5398528 28993483 21428508 6190283 19958939 38680841
1790329450800 0 94687 0 2952439238 2906536315 0 0 0 0 0 0 1198098398 19877086 4155199488 377413632 0 29189714 21588281 6224154 20082190 38898377
1790329451826 0 73003 53 2952550644 2906669383 0 0 0 0 0 0 1198126710 19877225 4154494976 292786176 7593984 29351207 21715526 6253473 20171436 39093262
1790329452849 0 125092 0 2952677663 2906744190 0 0 0 0 0 0 1198165184 19877421 4154380288 500174848 0 29537684 21867297 6290979 20344041 39386728
1790329453873 0 85175 1075 2952777156 2906882775 0 0 0 0 0 0 1198191440 19877555 4154003456 368398336 2109440 29684645 21985129 6318200 20479941 39725912
1790329454907 0 116149 591 2952896750 2906971862 0 0 0 0 0 0 1198239942 19877749 4155916288 487137280 3379200 29881242 22144252 6366707 20581026 39863367
1790329455929 0 72995 0 2952977506 2907096280 0 0 0 0 0 0 1198269643 19877884 4157009920 286396416 0 30008476 22246960 6395965 20757704 40313576
1790329456949 0 55332 34 2953074599 2907210930 0 0 0 0 0 0 1198315358 19878064 4158783488 216170496 0 30191071 22383808 6441111 20937428 40643776
1790329457968 0 98715 0 2953191637 2907284697 0 0 0 0 0 0 1198368980 19878288 4160741376 398114816 0 30405055 22546342 6493011 21099037 40926423
1790329458987 0 114996 4599 2953305146 2907377315 0 0 0 0 0 0 1198406797 19878480 4160958464 499986432 3891200 30598733 22695363 6533559 21259397 41239058
1790329460017 0 77645 1516 2953384636 2907497241 0 0 0 0 0 0 1198439674 19878613 4161323008 340664320 3997696 30734196 22798288 6565417 21444637 41670807
1790329461052 0 83274 0 2953499970 2907608349 0 0 0 0 0 0 1198476148 19878795 4160905216 329744384 0 30906090 22933986 6602424 21534465 41824113
1790329462071 0 116400 0 2953622100 2907697430 0 0 0 0 0 0 1198523765 19878996 4161339392 462241792 0 31109634 23087831 6650201 21701976 42109428
1790329463091 0 89104 0 2953716634 2907819228 0 0 0 0 0 0 1198551147 19879136 4160032768 353648640 0 31250444 23197070 6677403 21835697 42534807
1790329464117 0 82173 887 2953823900 2907932517 0 0 0 0 0 0 1198583467 19879313 4160593920 345194496 7569408 31424065 23331814 6710229 22015751 42897269
1790329465140 0 63552 0 2953910315 2908038437 0 0 0 0 0 0 1198616688 19879467 4160532480 249073664 0 31569330 23441231 6742070 22092420 43104554
1790329466159 0 45201 0 2954002769 2908149302 0 0 0 0 0 0 1198664530 19879648 4162740224 174882816 0 31748370 23577728 6790818 22232143 43363823
1790329467179 0 58955 5767 2954113727 2908241043 0 0 0 0 0 0 1198706337 19879803 4162822144 239108096 44515328 31944705 23720334 6833100 22410297 43710240
1790329468199 0 85850 13 2954222613 2908328500 0 0 0 0 0 0 1198744041 19879983 4163145728 344813568 0 32129584 23854615 6869299 22585337 44069409
1790329469218 0 115086 0 2954333858 2908410425 0 0 0 0 0 0 1198792788 19880182 4164112384 457768960 0 32329169 24003093 6919592 22678427 44198252
1790329470245 0 73638 1492 2954417271 2908534046 0 0 0 0 0 0 1198834919 19880358 4164976640 325500928 1957888 32480513 24123296 6961679 22887367 44615252
1790329471281 0 73573 1314 2954517380 2908634292 0 0 0 0 0 0 1198880102 19880530 4165771264 317853696 6057984 32666521 24258898 7005842 23050071 44939836
1790329472313 0 44073 4571 2954616652 2908759754 0 0 0 0 0 0 1198919178 19880691 4166225920 201760768 7577600 32840688 24385387 7045430 23148847 45170442
1790329473332 0 147462 0 2954756284 2908800527 0 0 0 0 0 0 1198977214 19880946 4166713344 595668992 0 33084511 24568209 7102449 23330088 45373517
1790329474351 0 130351 0 2954841622 2908902984 0 0 0 0 0 0 1199020106 19881112 4166975488 527560704 0 33237156 24689357 7144312 23465264 45789744
1790329475371 0 129128 0 2954946824 2909009496 0 0 0 0 0 0 1199064244 19881306 4167426048 518303744 0 33420557 24827216 7189637 23647447 46078732
1790329476390 0 138127 0 2955056226 2909109833 0 0 0 0 0 0 1199110680 19881493 4168126464 557387776 0 33626873 24974462 7235697 23817781 46374639
1790329477409 0 25459 70 2955114131 2909280284 0 0 0 0 0 0 1199137177 19881614 4168429568 99127296 0 33734319 25053321 7261388 23865778 46613366
1790329478428 0 123842 0 2955248337 2909316171 0 0 0 0 0 0 1199220098 19881918 4169965568 503517184 0 34018038 25263875 7343819 24011663 46687602
1790329479448 0 103717 0 2955346923 2909434955 0 0 0 0 0 0 1199268121 19882099 4170551296 412450816 0 34229204 25405467 7393931 24172640 46973470
1790329480469 0 72787 0 2955430738 2909549645 0 0 0 0 0 0 1199319396 19882284 4171431936 286822400 0 34409267 25531167 7445141 24397008 47309076
1790329481489 0 145347 0 2955568814 2909615182 0 0 0 0 0 0 1199379457 19882528 4169871360 585113600 0 34663348 25714725 7505228 24591697 47498419
1790329482509 0 31398 50 2955635830 2909796051 0 0 0 0 0 0 1199397429 19882631 4167966720 118067200 0 34766367 25787925 7523226 24709836 47884583
1790329483532 0 86510 11315 2955773282 2909867153 0 0 0 0 0 0 1199459002 19882858 4166258688 406372352 42962944 35003922 25959962 7585808 24874842 48099868
1790329484552 0 89001 0 2955895087 2909997766 0 0 0 0 0 0 1199492946 19883028 4163555328 353853440 0 35168101 26084041 7618704 24975799 48344597
1790329485579 0 86772 989 2956014660 2910118882 0 0 0 0 0 0 1199520718 19883171 4160401408 349216768 35713024 35347175 26216461 7647491 25159564 48614740
1790329486602 0 56 0 2956071187 2910262909 0 0 0 0 0 0 1199549098 19883296 4183547904 131072 0 35432737 26280304 7673341 25254043 48839833
1790329487622 0 33 0 2956071189 2910262912 0 0 0 0 0 0 1199687207 19883896 4186836992 131072 0 35584782 26416987 7810845 25348123 48886415
1790329488642 0 34 0 2956071190 2910262917 0 0 0 0 0 0 1199822369 19884356 4194013184 131072 0 35776902 26552543 7948115 25442242 48915760
1790329489662 0 34 0 2956071190 2910262930 0 0 0 0 0 0 1199829044 19884386 97656832 4096 0 35790581 26560132 7955807 25449381 48932235
