1790331964786 0 0 0 3132055471 3086247418 0 0 0 0 0 0 1327680977 20238106 - - - - - - - -
1790331966305 0 153705 251 3132325933 3086363832 0 0 0 0 0 0 1327680985 20238208 1014616064 632393728 5836800 0 0 8 0 112936
1790331967352 0 153703 2018 3132457505 3086493677 0 0 0 0 0 0 1327680985 20238211 1613402112 616886272 8253440 0 0 8 0 606636
1790331968372 0 151143 2012 3132593189 3086631954 0 0 0 0 0 0 1327680985 20238211 2180308992 618831872 8257536 0 0 8 0 887073
1790331969391 0 150478 1418 3132743790 3086783841 0 0 0 0 0 0 1327680985 20238211 2794057728 614420480 8388608 0 0 8 0 1153071
1790331970420 0 122168 16059 3132896421 3086950129 0 0 0 0 0 0 1327680985 20238211 3421306880 546766848 45015040 0 0 8 0 1384719
1790331971438 0 148795 2048 3133067044 3087107964 0 0 0 0 0 0 1327680985 20238211 4109246464 611266560 8388608 0 0 8 0 1596247
1790331972458 0 147004 1393 3133206355 3087249915 0 0 0 0 0 0 1327683015 20238215 4159877120 602685440 8388608 215651 129283 1864 118302 1849934
1790331973489 0 135322 4056 3133362641 3087415203 0 0 0 0 0 0 1327690570 20238225 4158668800 567160832 16777216 444549 293226 9653 181194 1991387
1790331974517 0 124387 1950 3133534089 3087599740 0 0 0 0 0 0 1327702837 20238240 4157906944 515514368 16236544 669282 478496 21349 311447 2196584
1790331975537 0 119564 2078 3133656703 3087726974 0 0 0 0 0 0 1327711888 20238253 4157562880 490717184 8388608 832045 608677 30600 424467 2461907
1790331976564 0 73221 11636 3133760580 3087867670 0 0 0 0 0 0 1327721080 20238266 4157259776 299909120 47661056 968741 723734 40103 475932 2592323
1790331977590 0 107692 2670 3133884949 3087967083 0 0 0 0 0 0 1327734434 20238386 4157419520 455204864 6184960 1175874 858916 53457 617925 2926760
1790331978612 0 129828 2281 3134008658 3088068537 0 0 0 0 0 0 1327752433 20238539 4157923328 540508160 7974912 1371353 1000637 71455 764104 3177624
1790331979635 0 138808 0 3134118514 3088171605 0 0 0 0 0 0 1327772925 20238664 4158615552 553422848 0 1534234 1128359 91976 883610 3439931
1790331980666 0 87257 8136 3134206402 3088302956 0 0 0 0 0 0 1327787356 20238753 4159164416 357171200 33554432 1669922 1234004 106379 986677 3674549
1790331981688 0 92153 0 3134316634 3088416289 0 0 0 0 0 0 1327813493 20238875 4160651264 364232704 0 1835863 1365785 132017 1081309 3809913
1790331982708 0 120324 7510 3134443799 3088508286 0 0 0 0 0 0 1327839715 20238997 4161929216 492527616 47685632 2027359 1522255 158738 1148549 3963411
1790331983734 0 65647 4022 3134524432 3088646531 0 0 0 0 0 0 1327863789 20239091 4163604480 296853504 1273856 2156439 1625317 182329 1198379 4143337
1790331984756 0 112399 72 3134651245 3088730810 0 0 0 0 0 0 1327898228 20239250 4165181440 450121728 0 2356436 1783282 216252 1368642 4395195
1790331985780 0 103680 1095 3134758963 3088846139 0 0 0 0 0 0 1327923375 20239397 4166115328 435281920 15450112 2532646 1917829 241960 1465782 4599196
1790331986808 0 63406 0 3134844571 3088973043 0 0 0 0 0 0 1327952222 20239537 4167413760 244785152 0 2672967 2029211 271251 1604359 4971107
1790331987827 0 141428 0 3134983084 3089033519 0 0 0 0 0 0 1327992297 20239734 4168826880 565518336 0 2911716 2206802 310841 1687580 5045478
1790331988846 0 100285 0 3135060673 3089152303 0 0 0 0 0 0 1328012322 20239824 4169019392 400596992 0 3043628 2304049 329852 1807574 5318997
1790331989866 0 97109 0 3135172153 3089266991 0 0 0 0 0 0 1328041138 20239964 4169244672 387252224 0 3236020 2444839 359584 1954294 5632149
1790331990890 0 116155 15737 3135286142 3089346197 0 0 0 0 0 0 1328076609 20240118 4169728000 475766784 64458752 3437747 2597005 395632 2067820 5759707
1790331991910 0 62726 0 3135379276 3089508437 0 0 0 0 0 0 1328105810 20240242 4169711616 246476800 0 3595600 2714859 423341 2208396 6096113
1790331992929 0 150274 2148 3135526520 3089566428 0 0 0 0 0 0 1328160774 20240436 4169736192 619319296 0 3863599 2917243 478792 2289172 6165471
1790331993948 0 145343 2044 3135641648 3089686291 0 0 0 0 0 0 1328193145 20240563 4168970240 593817600 13926400 4058773 3066529 511658 2380605 6252183
1790331994972 0 106105 22958 3135753641 3089816480 0 0 0 0 0 0 1328228071 20240696 4168695808 536268800 43720704 4252209 3214173 547095 2487148 6364830
1790331995996 0 90067 13015 3135865566 3089954538 0 0 0 0 0 0 1328256831 20240805 4167921664 421978112 16674816 4447025 3354744 575342 2617430 6567700
1790331997015 0 108776 0 3135982059 3090065229 0 0 0 0 0 0 1328306576 20240959 4168548352 435744768 0 4671466 3517507 624581 2760691 6738993
1790331998039 0 54469 0 3136096748 3090234250 0 0 0 0 0 0 1328353795 20241104 4169003008 217395200 53424128 4878595 3674118 671221 2925244 6900714
1790331999058 0 110993 0 3136276242 3090357131 0 0 0 0 0 0 1328377973 20241220 4165693440 441450496 0 5087181 3838405 696480 3034498 7041514
1790332000085 0 73003 4566 3136399753 3090514264 0 0 0 0 0 0 1328392886 20241289 4162895872 311664640 35680256 5236970 3948917 711905 3159615 7398331
1790332001112 0 80227 894 3136538472 3090649375 0 0 0 0 0 0 1328404216 20241365 4159270912 337756160 2109440 5385721 4060111 722915 3226924 7642390
1790332002136 0 75540 15 3136690430 3090806686 0 0 0 0 0 0 1328408851 20241416 4155146240 292016128 2719744 5548685 4177614 727885 3294246 7805706
1790332003155 0 95748 56 3136836509 3090932625 0 0 0 0 0 0 1328411460 20241469 4150239232 375615488 0 5693288 4285822 730496 3393138 8127064
1790332004183 0 104884 2300 3136984427 3091069191 0 0 0 0 0 0 1328414849 20241523 4146634752 427298816 30777344 5856749 4413401 733868 3511046 8481403
1790332005210 0 95471 2910 3137117418 3091210978 0 0 0 0 0 0 1328418956 20241574 4142964736 412626944 765952 5989950 4522258 737975 3634759 8844572
1790332006232 0 88740 1898 3137252681 3091353958 0 0 0 0 0 0 1328421537 20241616 4139741184 376643584 1933312 6137437 4635062 740561 3708492 9064192
1790332007253 0 102983 0 3137391451 3091480430 0 0 0 0 0 0 1328430248 20241669 4136923136 406507520 0 6289624 4762701 749290 3833503 9446379
1790332008279 0 80074 1387 3137507386 3091617907 0 0 0 0 0 0 1328438989 20241710 4135600128 337571840 16265216 6432897 4876135 758008 3891740 9664197
1790332009301 0 106114 0 3137646488 3091732336 0 0 0 0 0 0 1328451278 20241786 4134686720 418041856 0 6585235 5005300 770298 3974282 9962498
1790332010320 0 92375 1147 3137776452 3091875044 0 0 0 0 0 0 1328464648 20241852 4134277120 383102976 10518528 6747472 5140048 783667 4047466 10207058
1790332011343 0 117404 8767 3137907910 3091973639 0 0 0 0 0 0 1328482571 20241906 4134801408 517660672 10555392 6915214 5275581 801590 4167402 10598008
1790332012363 0 39151 0 3137972649 3092125419 0 0 0 0 0 0 1328491798 20241938 4134891520 146116608 0 6996381 5341680 810818 4210361 10878809
1790332013382 0 131598 12337 3138151390 3092199321 0 0 0 0 0 0 1328521035 20242038 4137148416 594653184 5251072 7232752 5539754 840054 4376962 11071841
1790332014401 0 52599 0 3138245199 3092384491 0 0 0 0 0 0 1328534911 20242095 4138196992 204668928 0 7352358 5638599 852915 4471624 11455158
1790332015420 0 137716 2555 3138412750 3092464497 0 0 0 0 0 0 1328560002 20242174 4139995136 579436544 5832704 7572713 5825753 879020 4591809 11636350
1790332016439 0 144803 0 3138530967 3092578028 0 0 0 0 0 0 1328584590 20242247 4141584384 580476928 0 7730943 5958575 903142 4670857 11857734
1790332017459 0 65281 0 3138622315 3092749013 0 0 0 0 0 0 1328599699 20242303 4142723072 252747776 0 7846000 6058640 918542 4831161 12303694
1790332018484 0 100268 27959 3138774353 3092838175 0 0 0 0 0 0 1328640552 20242423 4145254400 516689920 25628672 8070369 6248538 959571 4964228 12557694
1790332019507 0 131564 2395 3138901140 3092959165 0 0 0 0 0 0 1328669333 20242561 4147318784 538894336 29503488 8246386 6400745 988374 5135831 12825885
1790332020527 0 149375 0 3139024885 3093067427 0 0 0 0 0 0 1328698569 20242675 4149092352 597143552 0 8414423 6544773 1016610 5260976 13082521
1790332021546 0 137364 0 3139138866 3093193430 0 0 0 0 0 0 1328732062 20242794 4151160832 552329216 0 8589993 6688230 1049993 5415671 13449588
1790332022565 0 42642 0 3139211402 3093360645 0 0 0 0 0 0 1328759718 20242890 4153053184 164364288 0 8709215 6786071 1077638 5486670 13791795
1790332023585 0 135254 0 3139366456 3093423109 0 0 0 0 0 0 1328806348 20243043 4155441152 543424512 0 8952009 6982745 1124404 5651921 14005182
1790332024604 0 139427 0 3139495640 3093548037 0 0 0 0 0 0 1328836182 20243149 4155641856 559808512 0 9141582 7134893 1154703 5777318 14324941
1790332025624 0 129207 0 3139608263 3093670917 0 0 0 0 0 0 1328869536 20243266 4156948480 514990080 0 9322329 7277519 1188061 5924017 14709624
1790332026660 0 129014 588 3139696005 3093758379 0 0 0 0 0 0 1328899321 20243379 4158074880 554516480 10788864 9475256 7395940 1218352 6042731 15031445
1790332027687 0 115012 3577 3139817282 3093890687 0 0 0 0 0 0 1328933705 20243490 4159246336 493568000 6377472 9661815 7551684 1252338 6208096 15387874
1790332028706 0 90972 0 3139920106 3094021058 0 0 0 0 0 0 1328969568 20243601 4160311296 362156032 0 9832524 7685922 1287500 6350682 15756113
1790332029729 0 99278 3797 3140048969 3094137890 0 0 0 0 0 0 1329014270 20243731 4161572864 406622208 36782080 10047852 7861460 1333289 6515925 16032582
1790332030760 0 105768 5835 3140170112 3094250460 0 0 0 0 0 0 1329047558 20243835 4162658304 469192704 8171520 10221163 7998443 1366634 6659227 16397529
1790332031781 0 84512 0 3140289493 3094396870 0 0 0 0 0 0 1329077869 20243940 4162654208 332603392 0 10378451 8125400 1396402 6744867 16654322
1790332032800 0 46727 20268 3140405310 3094530213 0 0 0 0 0 0 1329100454 20244015 4161597440 191676416 101216256 10523527 8241511 1419513 6801760 16914049
1790332033820 0 63219 0 3140538503 3094667231 0 0 0 0 0 0 1329115925 20244089 4159275008 242720768 0 10677370 8356900 1434450 6854585 17060254
1790332034839 0 88192 0 3140684315 3094788064 0 0 0 0 0 0 1329128807 20244175 4156338176 346796032 0 10843528 8484000 1447848 7000026 17390317
1790332035861 0 106849 464 3140826103 3094910732 0 0 0 0 0 0 1329142731 20244259 4153229312 449970176 11198464 10997858 8605202 1461749 7182363 17664767
1790332036886 0 89861 2628 3140966846 3095066364 0 0 0 0 0 0 1329153053 20244318 4150054912 384716800 5353472 11146302 8720155 1472071 7311670 18044310
1790332037913 0 56628 585 3141088886 3095223569 0 0 0 0 0 0 1329159744 20244373 4146929664 255574016 3985408 11262522 8814094 1478250 7394778 18374262
1790332038948 0 138491 9636 3141281694 3095325540 0 0 0 0 0 0 1329170978 20244451 4142718976 616312832 0 11460624 8977234 1490012 7488263 18564048
1790332039967 0 75101 0 3141391657 3095508463 0 0 0 0 0 0 1329176151 20244505 4140404736 291016704 0 11571399 9071128 1495176 7579428 18978833
1790332040986 0 142195 0 3141560047 3095609840 0 0 0 0 0 0 1329188462 20244574 4138319872 569856000 0 11751520 9223459 1506769 7665026 19150870
1790332042005 0 140916 3139 3141699215 3095747148 0 0 0 0 0 0 1329207942 20244658 4138045440 602058752 2621440 11920683 9366077 1526977 7752026 19333123
1790332043028 0 92443 3906 3141818721 3095914195 0 0 0 0 0 0 1329224341 20244716 4138123264 393895936 22769664 12059511 9483279 1543360 7798292 19495174
1790332044054 0 81187 15768 3141958156 3096053214 0 0 0 0 0 0 1329236668 20244780 4137545728 330420224 82653184 12211491 9610919 1555687 7871761 19643434
1790332045072 0 113041 29638 3142108114 3096157437 0 0 0 0 0 0 1329257631 20244870 4137709568 462053376 133607424 12390066 9760370 1576689 7953667 19794220
1790332046091 0 126720 0 3142236998 3096302252 0 0 0 0 0 0 1329278744 20244959 4138409984 502300672 0 12549729 9892308 1597729 8022615 19984021
1790332047110 0 114216 0 3142357667 3096435372 0 0 0 0 0 0 1329302515 20245064 4139319296 458764288 0 12702343 10022895 1619731 8125641 20170358
1790332048129 0 117708 0 3142494293 3096568492 0 0 0 0 0 0 1329323463 20245177 4140195840 465465344 0 12875381 10169037 1642506 8269280 20471890
1790332049153 0 11852 1434 3142555954 3096734527 0 0 0 0 0 0 1329331211 20245221 4140232704 53506048 14663680 12956511 10236653 1650230 8329259 20854087
1790332050179 0 103257 3577 3142717709 3096802830 0 0 0 0 0 0 1329360517 20245374 4141518848 456642560 3043328 13168261 10417716 1679536 8433472 21039973
1790332051208 0 94458 23 3142850628 3096948062 0 0 0 0 0 0 1329390300 20245517 4142903296 387317760 20561920 13344929 10570544 1709318 8487702 21274908
1790332052252 0 90364 24 3142977503 3097079085 0 0 0 0 0 0 1329411109 20245632 4143792128 361717760 12980224 13510173 10711968 1729614 8641375 21710357
1790332053279 0 109983 1034 3143113110 3097194097 0 0 0 0 0 0 1329441878 20245754 4144738304 468213760 9232384 13700817 10870009 1760914 8740696 21959757
1790332054304 0 35281 0 3143220402 3097376963 0 0 0 0 0 0 1329461896 20245860 4145197056 130953216 0 13837620 10987246 1780437 8850797 22294774
1790332055323 0 127484 0 3143377057 3097441491 0 0 0 0 0 0 1329512699 20246039 4148248576 514269184 0 14077690 11189327 1830210 8941650 22435430
1790332056346 0 98195 24 3143476767 3097570430 0 0 0 0 0 0 1329538910 20246131 4149530624 393854976 0 14221030 11311970 1857935 9070064 22859719
1790332057366 0 133353 0 3143595889 3097654470 0 0 0 0 0 0 1329574312 20246273 4151209984 532246528 0 14404345 11458218 1892823 9210520 23215273
1790332058386 0 133747 0 3143723226 3097781446 0 0 0 0 0 0 1329612776 20246414 4153159680 537309184 0 14600567 11617913 1929768 9297032 23354180
1790332059407 0 15481 13794 3143811598 3097974244 0 0 0 0 0 0 1329636415 20246511 4154265600 93184000 50143232 14735713 11728305 1955434 9409601 23737768
1790332060432 0 111920 2134 3143970774 3098048749 0 0 0 0 0 0 1329689270 20246714 4155949056 477704192 5255168 14988961 11935393 2007280 9563241 23881230
1790332061462 0 94569 69 3144094048 3098191458 0 0 0 0 0 0 1329722179 20246862 4156289024 379019264 22659072 15166546 12081864 2041198 9693875 24276555
1790332062485 0 77665 1223 3144222361 3098335412 0 0 0 0 0 0 1329749395 20247016 4156436480 330571776 11116544 15340525 12221875 2068470 9772891 24443596
1790332063509 0 101466 0 3144358010 3098448474 0 0 0 0 0 0 1329781347 20247169 4156399616 403337216 0 15512530 12365484 2099462 9936689 24785700
1790332064539 0 86393 1530 3144483386 3098587440 0 0 0 0 0 0 1329814247 20247333 4156919808 369770496 15298560 15678160 12501446 2133265 10023738 24971216
1790332065561 0 68600 2 3144607260 3098730602 0 0 0 0 0 0 1329838850 20247470 4156039168 265203712 0 15835568 12626037 2157913 10147453 25287937
1790332066581 0 109609 1606 3144753705 3098834419 0 0 0 0 0 0 1329864602 20247616 4154843136 465104896 7397376 16032072 12775598 2183125 10265161 25539401
1790332067599 0 126627 0 3144892718 3098957980 0 0 0 0 0 0 1329883107 20247717 4153257984 498135040 0 16186796 12894051 2202157 10410352 25836786
1790332068626 0 72888 6263 3145003758 3099116541 0 0 0 0 0 0 1329893904 20247780 4150849536 298659840 49283072 16308652 12995496 2212955 10468016 26078816
1790332069649 0 48999 365 3145124394 3099266955 0 0 0 0 0 0 1329903183 20247857 4148678656 215638016 4247552 16431252 13095369 2222218 10557452 26411613
1790332070668 0 115052 22780 3145316626 3099370704 0 0 0 0 0 0 1329915006 20247932 4143570944 469159936 112320512 16616090 13248594 2234025 10674384 26590376
1790332071689 0 102144 0 3145428408 3099518175 0 0 0 0 0 0 1329920172 20247985 4141645824 400220160 0 16728638 13339164 2239193 10801252 27078842
1790332072716 0 58652 874 3145555913 3099688208 0 0 0 0 0 0 1329932517 20248064 4139933696 261668864 5427200 16861589 13454529 2251536 10867065 27285759
1790332073750 0 57623 1648 3145702242 3099834756 0 0 0 0 0 0 1329946393 20248138 4138311680 259477504 1847296 17013636 13586742 2265412 10957732 27491334
1790332074770 0 21972 2140 3145828566 3099996402 0 0 0 0 0 0 1329966394 20248228 4138070016 101888000 6488064 17167729 13712209 2285415 11059178 27828975
1790332075796 0 74481 16409 3145994582 3100095636 0 0 0 0 0 0 1329983855 20248320 4137680896 360181760 28860416 17349986 13872565 2302874 11176791 28008180
1790332076818 0 110334 0 3146132662 3100214163 0 0 0 0 0 0 1330000826 20248407 4137635840 434565120 0 17507773 14006924 2319848 11274944 28259227
1790332077838 0 108795 0 3146264225 3100347283 0 0 0 0 0 0 1330019855 20248515 4138553344 429137920 0 17671737 14144799 2338883 11441138 28610518
1790332078857 0 125150 0 3146413729 3100480403 0 0 0 0 0 0 1330048024 20248637 4139184128 502128640 0 17853802 14306952 2365574 11513554 28742537
1790332079877 0 82548 0 3146539999 3100649364 0 0 0 0 0 0 1330070111 20248739 4139585536 325963776 0 18003754 14434932 2388137 11585867 28925604
1790332080896 0 145847 0 3146701828 3100747863 0 0 0 0 0 0 1330108592 20248896 4141223936 584073216 0 18217158 14616495 2426626 11704102 29029763
1790332081916 0 140394 0 3146829498 3100880983 0 0 0 0 0 0 1330135838 20249014 4142235648 559308800 0 18385443 14759374 2454861 11791597 29254607
1790332082935 0 110300 0 3146955980 3101037656 0 0 0 0 0 0 1330163566 20249136 4143529984 437092352 0 18564739 14903496 2482081 11857930 29410744
1790332083959 0 97867 25 3147093094 3101187169 0 0 0 0 0 0 1330186186 20249257 4143431680 388337664 0 18737201 15050015 2504694 11949036 29592217
1790332084984 0 95759 31 3147224108 3101320256 0 0 0 0 0 0 1330219921 20249393 4144844800 381480960 0 18926347 15204213 2537917 12006528 29707063
1790332086004 0 52524 0 3147342678 3101482127 0 0 0 0 0 0 1330256303 20249530 4146688000 204775424 0 19098636 15350601 2573663 12139716 30083639
1790332087024 0 138714 1291 3147510133 3101562090 0 0 0 0 0 0 1330301849 20249740 4148645888 591372288 4227072 19346458 15552946 2620865 12324077 30246288
1790332088042 0 128180 0 3147639496 3101703317 0 0 0 0 0 0 1330331116 20249868 4149661696 510316544 0 19532055 15699201 2649633 12462529 30602139
1790332089066 0 100834 0 3147745317 3101836437 0 0 0 0 0 0 1330357769 20249978 4150075392 405561344 0 19690132 15827892 2676348 12637614 31001290
1790332090085 0 105196 0 3147834747 3101921430 0 0 0 0 0 0 1330390682 20250095 4150992896 426696704 0 19831725 15944223 2709699 12730746 31206866
1790332091104 0 32353 40 3147937936 3102097475 0 0 0 0 0 0 1330419921 20250226 4152000512 117895168 0 19981169 16069993 2739005 12809606 31407072
1790332092123 0 130412 0 3148101558 3102163025 0 0 0 0 0 0 1330468452 20250420 4153815040 518512640 0 20236494 16277808 2787469 12985413 31583968
1790332093142 0 134864 0 3148237067 3102294097 0 0 0 0 0 0 1330504376 20250595 4154695680 543264768 0 20429525 16441560 2821900 13124200 31846666
1790332094162 0 76129 0 3148358591 3102474322 0 0 0 0 0 0 1330534721 20250711 4154851328 301559808 0 20585948 16574229 2851706 13261824 32210990
1790332095189 0 71960 26642 3148507953 3102601389 0 0 0 0 0 0 1330562903 20250860 4154806272 414736384 16691200 20778701 16732426 2881920 13353065 32406508
1790332096216 0 4399 25722 3148626099 3102787984 0 0 0 0 0 0 1330586012 20250960 4153856000 111325184 36892672 20940483 16859175 2905029 13422927 32563511
1790332097236 0 119028 21081 3148812591 3102864449 0 0 0 0 0 0 1330619453 20251142 4153102336 579026944 13778944 21168457 17049452 2938470 13599278 32762593
1790332098256 0 120673 0 3148951134 3103022291 0 0 0 0 0 0 1330644054 20251244 4151574528 476901376 0 21322627 17178757 2963105 13669412 32935850
1790332099275 0 117376 11579 3149103256 3103166468 0 0 0 0 0 0 1330664009 20251353 4149850112 480772096 64159744 21508069 17330948 2983026 13807190 33260164
1790332100300 0 117840 14965 3149252650 3103311898 0 0 0 0 0 0 1330685516 20251449 4148846592 479780864 85667840 21671015 17466396 3004605 13942186 33554398
1790332101328 0 107335 696 3149407761 3103491712 0 0 0 0 0 0 1330696835 20251530 4145434624 471003136 7495680 21820952 17594597 3015923 14019910 33811596
1790332102362 0 139465 0 3149575954 3103628484 0 0 0 0 0 0 1330708196 20251632 4142260224 557518848 0 21989360 17731991 3026748 14169268 34144999
1790332103381 0 87462 0 3149711377 3103815849 0 0 0 0 0 0 1330723130 20251697 4140318720 341553152 0 22133085 17851800 3041648 14304307 34572580
1790332104401 0 119821 0 3149870798 3103942826 0 0 0 0 0 0 1330742120 20251785 4138831872 475688960 0 22311098 18001089 3060641 14370905 34721142
1790332105420 0 107392 2088 3150027185 3104109602 0 0 0 0 0 0 1330761112 20251869 4137467904 463626240 5959680 22488022 18153459 3080129 14507790 34985943
1790332106443 0 102904 17568 3150180265 3104251733 0 0 0 0 0 0 1330775102 20251949 4136833024 495603712 15667200 22655723 18294589 3094168 14582961 35186090
1790332107463 0 107931 0 3150314393 3104398404 0 0 0 0 0 0 1330792582 20252055 4136636416 426401792 0 22804728 18423902 3111617 14654633 35347125
1790332108482 0 118095 49 3150467939 3104541727 0 0 0 0 0 0 1330817492 20252188 4136140800 467087360 0 22969762 18573561 3136535 14762906 35513220
1790332109509 0 85170 1679 3150596804 3104701954 0 0 0 0 0 0 1330839108 20252301 4136615936 366325760 20787200 23129450 18711737 3158128 14869807 35825404
1790332110536 0 88678 12 3150743703 3104846945 0 0 0 0 0 0 1330862762 20252436 4136988672 348585984 0 23305721 18861218 3181779 15074264 36192826
1790332111561 0 132066 2263 3150898721 3104956716 0 0 0 0 0 0 1330883300 20252566 4137082880 556429312 10801152 23495909 19022347 3201818 15208028 36373067
1790332112583 0 106900 27 3151026147 3105111237 0 0 0 0 0 0 1330903409 20252690 4137717760 420982784 0 23650878 19156072 3222423 15340177 36647818
1790332113609 0 93952 0 3151156761 3105254627 0 0 0 0 0 0 1330927557 20252803 4138278912 369094656 0 23817995 19297034 3246574 15504799 36986778
1790332114631 0 125628 11595 3151311208 3105366015 0 0 0 0 0 0 1330955312 20252955 4138885120 526397440 62816256 24026907 19472349 3274329 15644657 37204086
1790332115649 0 141163 1679 3151452923 3105502009 0 0 0 0 0 0 1330988178 20253119 4140335104 601391104 5062656 24223774 19634523 3306832 15834392 37426151
1790332116669 0 114164 0 3151577226 3105654961 0 0 0 0 0 0 1331021964 20253261 4142317568 453083136 0 24397776 19782922 3340978 16007463 37774487
1790332117688 0 61215 0 3151691881 3105822571 0 0 0 0 0 0 1331051734 20253408 4143259648 238002176 0 24558568 19916317 3370250 16157958 38141526
1790332118707 0 117168 13724 3151854080 3105915221 0 0 0 0 0 0 1331089820 20253598 4144439296 479703040 79454208 24786243 20110248 3408836 16347821 38371591
1790332119727 0 88048 0 3151951142 3106055020 0 0 0 0 0 0 1331123644 20253715 4146122752 350392320 0 24934034 20231225 3441653 16436358 38622601
1790332120753 0 96116 11753 3152086209 3106170560 0 0 0 0 0 0 1331163210 20253891 4147675136 437280768 37879808 25136275 20403528 3482227 16603435 38911786
1790332121778 0 122747 0 3152229704 3106298707 0 0 0 0 0 0 1331195480 20254051 4148301824 489443328 0 25338395 20565583 3514007 16726285 39166552
1790332122804 0 35948 0 3152318416 3106474362 0 0 0 0 0 0 1331216050 20254146 4148404224 134897664 0 25458167 20666618 3534055 16854243 39570473
1790332123825 0 138247 0 3152433968 3106487675 0 0 0 0 0 0 1331240980 20254294 4148510720 557879296 0 25611450 20794193 3559778 16960030 39829073
1790332124846 0 91996 10765 3152561332 3106650560 0 0 0 0 0 0 1331278779 20254457 4149002240 376815616 67715072 25797985 20948807 3597796 17025161 39942074
1790332125868 0 88050 0 3152685887 3106789757 0 0 0 0 0 0 1331310488 20254601 4149608448 347934720 0 25960953 21084490 3628493 17162346 40284496
1790332126887 0 111763 0 3152838610 3106918781 0 0 0 0 0 0 1331334634 20254724 4148682752 443203584 0 26141666 21229925 3653665 17294528 40610582
1790332127906 0 60606 0 3152966529 3107097878 0 0 0 0 0 0 1331352619 20254827 4147388416 233799680 0 26291150 21349928 3671673 17447177 40990473
1790332128926 0 47704 17116 3153111959 3107239130 0 0 0 0 0 0 1331380415 20254961 4146151424 193298432 92250112 26471160 21498779 3699432 17600789 41335151
1790332129945 0 107672 0 3153264451 3107348761 0 0 0 0 0 0 1331401992 20255078 4144627712 428421120 0 26649459 21646531 3720517 17714572 41590513
1790332130970 0 51334 841 3153387249 3107526987 0 0 0 0 0 0 1331417442 20255179 4143706112 230297600 3719168 26793874 21768132 3736459 17793898 41799659
1790332131992 0 113924 0 3153578061 3107655963 0 0 0 0 0 0 1331438504 20255291 4141817856 449060864 0 26996407 21932929 3757532 17861196 41918820
1790332133012 0 52425 0 3153720343 3107859739 0 0 0 0 0 0 1331452889 20255368 4140064768 197132288 0 27131377 22053368 3771906 17987589 42320531
1790332134031 0 85595 17 3153886543 3107992805 0 0 0 0 0 0 1331466254 20255445 4137009152 338042880 0 27300212 22190849 3784255 18178421 42609858
1790332135054 0 83007 29 3154037604 3108146446 0 0 0 0 0 0 1331480643 20255522 4135903232 327204864 0 27462025 22325198 3799150 18295058 42854779
1790332136074 0 128973 0 3154196244 3108259103 0 0 0 0 0 0 1331496565 20255627 4135165952 517844992 0 27638794 22477433 3815086 18437148 43142276
1790332137093 0 97321 0 3154324405 3108418849 0 0 0 0 0 0 1331512497 20255705 4134772736 386875392 0 27782503 22602815 3831024 18512196 43376863
1790332138113 0 39582 0 3154450476 3108602805 0 0 0 0 0 0 1331526381 20255790 4134920192 147529728 0 27929334 22728386 3844909 18656540 43761184
1790332139132 0 118443 0 3154622491 3108695990 0 0 0 0 0 0 1331561185 20255908 4136116224 474787840 0 28129668 22906235 3879758 18785271 43938136
1790332140151 0 54806 0 3154734018 3108871098 0 0 0 0 0 0 1331578175 20255977 4136022016 210763776 0 28254264 23017567 3896690 18844305 44177434
1790332141171 0 119768 0 3154896262 3108968379 0 0 0 0 0 0 1331603849 20256107 4136738816 476168192 0 28449785 23185170 3922375 18924831 44303172
1790332142196 0 88031 0 3155027187 3109131172 0 0 0 0 0 0 1331624417 20256204 4137361408 347328512 0 28607527 23323676 3942418 19032683 44492609
1790332143218 0 57626 0 3155153245 3109287495 0 0 0 0 0 0 1331649534 20256323 4138070016 221138944 0 28767038 23463459 3968107 19154118 44815909
1790332144241 0 95342 13472 3155310830 3109393916 0 0 0 0 0 0 1331686038 20256460 4139085824 454508544 9834496 28968893 23641436 4005055 19222882 44900024
1790332145269 0 84679 24779 3155447433 3109529946 0 0 0 0 0 0 1331715553 20256594 4140081152 386318336 86839296 29146084 23792016 4034572 19319549 45160753
1790332146289 0 118650 10824 3155587598 3109650039 0 0 0 0 0 0 1331737119 20256717 4140060672 483999744 61181952 29323755 23939044 4056181 19381622 45275965
1790332147308 0 149804 0 3155723626 3109765705 0 0 0 0 0 0 1331770431 20256855 4141203456 600637440 0 29509137 24096345 4089022 19449094 45349896
1790332148330 0 3808 3431 3155790425 3109975185 0 0 0 0 0 0 1331791549 20256925 4141891584 15478784 33669120 29611772 24183417 4110566 19562819 45931024
1790332149351 0 100870 41 3155961505 3110052474 0 0 0 0 0 0 1331833044 20257105 4143259648 400011264 0 29848544 24382052 4151563 19632953 46042354
1790332150370 0 102324 0 3156087855 3110177463 0 0 0 0 0 0 1331866935 20257238 4144766976 406581248 0 30031577 24532517 4184959 19739119 46295465
1790332151393 0 91419 33 3156214091 3110314644 0 0 0 0 0 0 1331893724 20257376 4144852992 361885696 2375680 30197963 24671382 4212741 19893124 46667038
1790332152419 0 75667 850 3156341014 3110456510 0 0 0 0 0 0 1331929124 20257495 4146139136 332341248 11935744 30381458 24825750 4247628 19969622 46851378
1790332153451 0 8728 0 3156442195 3110625367 0 0 0 0 0 0 1331960426 20257613 4147130368 24309760 0 30531426 24950734 4278422 20075584 47167533
1790332154471 0 32 0 3156471535 3110663450 0 0 0 0 0 0 1332071368 20258059 4172304384 131072 0 30675877 25083523 4387364 20117021 47191530
1790332155491 0 33 0 3156471536 3110663450 0 0 0 0 0 0 1332239120 20258581 4182798336 131072 0 30872009 25249186 4555589 20187353 47213131
1790332156519 0 33 0 3156471536 3110663450 0 0 0 0 0 0 1332356911 20259410 4192595968 131072 0 31183320 25367181 4675976 20298156 47232477
