1790333113575 0 80 0 3240301497 3194493267 0 0 0 0 0 0 1360562307 20358163 - - - - - - - -
1790333115341 0 115150 0 3240632526 3194709252 0 0 0 0 0 0 1360562307 20358260 1301606400 428912640 0 0 0 0 0 35764
1790333116399 0 122648 1367 3240791139 3194858752 0 0 0 0 0 0 1360562307 20358260 1954680832 479436800 31236096 0 0 0 0 57173
1790333117426 0 154414 6160 3240993048 3195024369 0 0 0 0 0 0 1360562307 20358260 2794639360 626655232 16777216 0 0 0 0 141421
1790333118456 0 149597 4887 3241170386 3195208062 0 0 0 0 0 0 1360562307 20358260 3524829184 617451520 25165824 0 0 0 0 207229
1790333119488 0 104122 816 3241342940 3195429709 0 0 0 0 0 0 1360562307 20358261 4142108672 410501120 18665472 40619 19406 0 20505 250957
1790333120512 0 159656 2059 3241546529 3195576694 0 0 0 0 0 0 1360566324 20358265 4140445696 649273344 16777216 353421 231792 4017 71618 325017
1790333121538 0 175107 1287 3241705699 3195721183 0 0 0 0 0 0 1360576940 20358280 4139626496 728465408 7901184 574305 401771 14665 111052 438669
1790333122571 0 173308 3979 3241861114 3195875553 0 0 0 0 0 0 1360591649 20358300 4139384832 720547840 8388608 771985 567373 29378 148012 611529
1790333123598 0 175616 7401 3242019113 3196027789 0 0 0 0 0 0 1360612107 20358332 4139696128 734687232 16777216 981093 748599 49800 193791 830169
1790333124624 0 84640 6132 3242088700 3196189733 0 0 0 0 0 0 1360620797 20358400 4139773952 367816704 2748416 1099237 826768 57988 242197 1114727
1790333125656 0 143103 2652 3242270771 3196316779 0 0 0 0 0 0 1360649564 20358641 4140785664 594608128 16003072 1387812 1035027 86762 289861 1404571
1790333126687 0 118667 13704 3242385453 3196445274 0 0 0 0 0 0 1360669125 20358764 4141338624 497618944 62410752 1563966 1171013 106305 325705 1619620
1790333127707 0 106938 2258 3242515497 3196598143 0 0 0 0 0 0 1360696354 20358904 4142645248 447004672 16777216 1766645 1327649 133032 366303 1883446
1790333128738 0 96318 7509 3242651300 3196739277 0 0 0 0 0 0 1360723582 20359043 4143890432 412160000 17915904 1975262 1487114 160275 394225 2065461
1790333129767 0 118272 5562 3242810557 3196878523 0 0 0 0 0 0 1360760533 20359177 4146102272 493887488 12300288 2216233 1681052 197751 442543 2309656
1790333130793 0 101086 0 3242954488 3197045275 0 0 0 0 0 0 1360793538 20359374 4146913280 389787648 0 2442071 1855000 229624 557457 2674301
1790333131815 0 53244 4091 3243078489 3197213039 0 0 0 0 0 0 1360820743 20359526 4147224576 233824256 10207232 2644332 2011609 257413 604418 2951731
1790333132836 0 147891 6197 3243285363 3197323092 0 0 0 0 0 0 1360870594 20359780 4147310592 627171328 7766016 2979549 2265375 306753 659340 3134192
1790333133875 0 117061 9 3243420213 3197494988 0 0 0 0 0 0 1360911183 20359964 4147994624 479985664 37478400 3217954 2442372 347854 718868 3599861
1790333134942 0 96050 0 3243571126 3197666965 0 0 0 0 0 0 1360949117 20360136 4148563968 417259520 50610176 3460794 2627092 386371 769379 3814338
1790333135978 0 147455 0 3243765962 3197810299 0 0 0 0 0 0 1361009721 20360378 4149002240 580165632 0 3788412 2878901 444920 849910 4092320
1790333137002 0 90279 0 3243900323 3198001788 0 0 0 0 0 0 1361048830 20360547 4149096448 346165248 0 4024776 3053297 485479 925227 4398659
1790333138027 0 102618 0 3244060147 3198149244 0 0 0 0 0 0 1361103817 20360761 4149387264 402632704 17350656 4307615 3268578 539970 1003542 4651881
1790333139079 0 116732 29945 3244259118 3198304291 0 0 0 0 0 0 1361174629 20360985 4149280768 478130176 122654720 4666305 3539621 612320 1073497 4739155
1790333140134 0 65508 7 3244435870 3198562045 0 0 0 0 0 0 1361221971 20361169 4148449280 243699712 0 4934697 3739156 659555 1120729 4872088
1790333141179 0 35386 6749 3244619840 3198769756 0 0 0 0 0 0 1361259475 20361313 4144627712 149495808 76316672 5190559 3924481 697070 1198458 5036576
1790333142229 0 93153 29878 3244871521 3198940229 0 0 0 0 0 0 1361279574 20361444 4137930752 450871296 51073024 5455528 4128080 717153 1260770 5165885
1790333143253 0 96114 23015 3245032740 3199105479 0 0 0 0 0 0 1361284233 20361503 4133253120 391581696 110727168 5628679 4255692 721812 1295521 5239713
1790333144276 0 45702 1022 3245162719 3199307800 0 0 0 0 0 0 1361285822 20361560 4129685504 196886528 9457664 5759791 4358231 723401 1332903 5426536
1790333145302 0 53651 3873 3245338404 3199472874 0 0 0 0 0 0 1361289892 20361624 4124344320 248471552 3002368 5946452 4499480 727531 1374678 5520522
1790333146343 0 49707 0 3245488328 3199630526 0 0 0 0 0 0 1361295640 20361675 4121178112 175271936 0 6116294 4629031 732193 1423742 5677715
1790333147371 0 29053 0 3245657812 3199820454 0 0 0 0 0 0 1361306452 20361754 4117839872 86810624 0 6314493 4787343 743519 1477877 5799962
1790333148404 0 88058 0 3245837563 3199941218 0 0 0 0 0 0 1361321849 20361834 4115554304 335867904 0 6529059 4961561 758695 1536249 5900835
1790333149437 0 71918 0 3246009831 3200129693 0 0 0 0 0 0 1361332415 20361908 4114284544 269246464 0 6733948 5130973 769993 1582474 6023242
1790333150465 0 89513 0 3246196539 3200298670 0 0 0 0 0 0 1361352919 20361997 4114763776 341958656 0 6960322 5323173 789987 1631630 6153244
1790333151504 0 83920 0 3246358789 3200466606 0 0 0 0 0 0 1361375972 20362083 4116439040 318324736 0 7181608 5499817 812533 1683976 6261363
1790333152528 0 43053 0 3246527550 3200676246 0 0 0 0 0 0 1361406771 20362209 4118458368 152035328 0 7394219 5689388 842368 1732985 6420166
1790333153550 0 148612 2628 3246741122 3200781719 0 0 0 0 0 0 1361439636 20362411 4121612288 595849216 0 7673736 5929005 876257 1832952 6538796
1790333154571 0 138153 3723 3246910541 3200960555 0 0 0 0 0 0 1361476626 20362577 4124295168 582287360 15745024 7925518 6138000 914284 1894155 6730613
1790333155611 0 78463 608 3247047252 3201159922 0 0 0 0 0 0 1361512116 20362707 4126695424 345186304 28282880 8121809 6299333 948186 1956337 6963903
1790333156667 0 75793 1013 3247213064 3201328081 0 0 0 0 0 0 1361544448 20362846 4128362496 354807808 4214784 8353337 6489937 980566 2016254 7135149
1790333157705 0 94955 0 3247411361 3201508159 0 0 0 0 0 0 1361590686 20363038 4131037184 365510656 0 8649125 6726837 1027787 2068242 7235170
1790333158731 0 79204 25387 3247597322 3201684605 0 0 0 0 0 0 1361641571 20363220 4133867520 448192512 6000640 8941844 6963580 1079150 2131291 7415429
1790333159756 0 101644 19721 3247765619 3201836105 0 0 0 0 0 0 1361689800 20363397 4136222720 490123264 24776704 9204998 7176651 1127427 2193056 7532594
1790333160794 0 106172 0 3247927448 3202012994 0 0 0 0 0 0 1361730642 20363547 4137050112 414494720 16093184 9452798 7368807 1166174 2240652 7631944
1790333161842 0 117490 0 3248106594 3202180930 0 0 0 0 0 0 1361779415 20363735 4139286528 455319552 0 9745740 7592375 1216486 2303760 7734315
1790333162877 0 47987 0 3248237824 3202381611 0 0 0 0 0 0 1361815855 20363861 4140036096 173580288 0 9940035 7744878 1249033 2348319 7879497
1790333163904 0 139950 73 3248448481 3202500333 0 0 0 0 0 0 1361867231 20364046 4141391872 576425984 9752576 10263469 8003051 1304815 2429367 8006366
1790333164926 0 120636 0 3248579676 3202650938 0 0 0 0 0 0 1361898058 20364150 4140740608 477376512 0 10442367 8145640 1333586 2476502 8174401
1790333165947 0 87564 20659 3248721956 3202805549 0 0 0 0 0 0 1361927260 20364256 4140204032 399671296 70737920 10643681 8304075 1364938 2528376 8297222
1790333166966 0 85209 14276 3248902201 3202994579 0 0 0 0 0 0 1361950488 20364357 4138561536 345075712 76693504 10858436 8473552 1388067 2563171 8352420
1790333167991 0 85070 13359 3249077041 3203170417 0 0 0 0 0 0 1361967468 20364456 4135366656 406335488 0 11042865 8619152 1404023 2616973 8529635
1790333169014 0 62243 1489 3249232634 3203361241 0 0 0 0 0 0 1361974182 20364519 4131098624 260460544 8826880 11193227 8736516 1411760 2664579 8695445
1790333170042 0 90489 0 3249414868 3203516158 0 0 0 0 0 0 1361980871 20364593 4126195712 344199168 0 11365824 8877237 1418065 2709316 8870694
1790333171063 0 115365 0 3249618936 3203695359 0 0 0 0 0 0 1361991113 20364686 4121636864 445083648 0 11588030 9049106 1428182 2760561 9000500
1790333172089 0 74849 17010 3249780048 3203880148 0 0 0 0 0 0 1361995750 20364740 4117852160 389951488 1466368 11763149 9185997 1433328 2832467 9208321
1790333173117 0 15135 48 3249904945 3204081666 0 0 0 0 0 0 1362006018 20364814 4116070400 32317440 0 11894876 9293552 1443598 2886141 9377344
1790333174151 0 140898 3869 3250150940 3204198091 0 0 0 0 0 0 1362029605 20364938 4114894848 613822464 0 12196742 9539486 1467211 2948589 9487142
1790333175175 0 118729 7281 3250317872 3204383742 0 0 0 0 0 0 1362050682 20365037 4114391040 484216832 56025088 12399512 9706250 1488261 2990757 9633696
1790333176206 0 115944 12823 3250484278 3204547281 0 0 0 0 0 0 1362071199 20365139 4115009536 529915904 18857984 12607276 9880196 1508778 3049079 9783617
1790333177231 0 121973 2842 3250650625 3204717738 0 0 0 0 0 0 1362098381 20365248 4116148224 499056640 28856320 12822378 10059508 1535961 3096073 9931321
1790333178259 0 40082 2275 3250755393 3204904924 0 0 0 0 0 0 1362121448 20365332 4117864448 185958400 8916992 12971343 10178021 1558516 3165955 10166003
1790333179287 0 90137 0 3250935799 3205037418 0 0 0 0 0 0 1362153779 20365470 4119846912 345767936 0 13204974 10377632 1590850 3202906 10243999
1790333180312 0 91050 0 3251102617 3205203306 0 0 0 0 0 0 1362195325 20365622 4122943488 347959296 0 13444443 10577693 1632903 3264541 10381672
1790333181345 0 90095 0 3251267378 3205369195 0 0 0 0 0 0 1362235098 20365799 4125265920 348135424 6774784 13679038 10771074 1672176 3313146 10490734
1790333182386 0 84914 40 3251427106 3205534077 0 0 0 0 0 0 1362282848 20366022 4128403456 337510400 15843328 13923631 10972672 1719914 3383326 10669015
1790333183416 0 54554 13893 3251587325 3205710743 0 0 0 0 0 0 1362334692 20366241 4131590144 221958144 73654272 14176487 11180010 1771775 3455700 10819465
1790333184446 0 86779 0 3251768954 3205874019 0 0 0 0 0 0 1362378923 20366480 4133703680 337764352 12701696 14448743 11395159 1816198 3515151 10980292
1790333185471 0 150438 0 3251956525 3205997924 0 0 0 0 0 0 1362435206 20366733 4135317504 594432000 0 14738196 11624576 1870746 3585565 11119208
1790333186494 0 146300 0 3252116339 3206161764 0 0 0 0 0 0 1362478377 20366959 4136517632 574853120 0 14973592 11811497 1913750 3657771 11381008
1790333187525 0 93135 67 3252245366 3206344053 0 0 0 0 0 0 1362519474 20367124 4137426944 357740544 0 15172006 11974746 1955012 3707895 11525827
1790333188561 0 64801 4380 3252408113 3206530708 0 0 0 0 0 0 1362564698 20367332 4138422272 297439232 6062080 15429601 12173937 2001765 3772277 11689659
1790333189586 0 52973 8234 3252572554 3206703197 0 0 0 0 0 0 1362618660 20367561 4140003328 214880256 61599744 15687747 12380064 2055727 3830685 11866128
1790333190614 0 108088 0 3252745785 3206829449 0 0 0 0 0 0 1362662268 20367749 4140036096 419344384 0 15932463 12571148 2097809 3902807 12054157
1790333191640 0 111161 675 3252922718 3207002582 0 0 0 0 0 0 1362696914 20367922 4138774528 464162816 8089600 16176912 12756989 2134506 3952108 12235339
1790333192661 0 98512 0 3253056765 3207149963 0 0 0 0 0 0 1362723355 20368065 4137381888 380600320 0 16353468 12897846 2160457 4009268 12440856
1790333193692 0 94718 2482 3253167121 3207261873 0 0 0 0 0 0 1362743412 20368158 4135751680 404676608 7155712 16505801 13012352 2180309 4069618 12741063
1790333194732 0 10505 730 3253232581 3207413200 0 0 0 0 0 0 1362750135 20368214 4134854656 45363200 4714496 16586995 13073185 2187201 4126251 13042827
1790333195763 0 109990 583 3253398001 3207479320 0 0 0 0 0 0 1362775337 20368357 4132941824 446586880 3346432 16790598 13236965 2212914 4179616 13203907
1790333196789 0 121438 0 3253528144 3207598382 0 0 0 0 0 0 1362793851 20368462 4131520512 471355392 0 16939172 13355027 2229892 4233205 13395270
1790333197815 0 68086 0 3253610908 3207734576 0 0 0 0 0 0 1362800035 20368508 4129927168 265105408 4431872 17038787 13433822 2237103 4297220 13653838
1790333198838 0 107678 0 3253759064 3207843121 0 0 0 0 0 0 1362814423 20368633 4127039488 413712384 0 17198351 13560234 2251492 4335646 13826594
1790333199877 0 74478 1532 3253867782 3207983609 0 0 0 0 0 0 1362823223 20368766 4125454336 306823168 0 17324292 13657608 2260770 4388088 14038379
1790333200899 0 142391 0 3254051761 3208101214 0 0 0 0 0 0 1362841038 20368866 4122578944 557735936 0 17525535 13816580 2278120 4433690 14156887
1790333201921 0 122258 0 3254166830 3208236382 0 0 0 0 0 0 1362852448 20368917 4121223168 476131328 0 17656556 13925181 2289997 4489475 14310262
1790333202946 0 104481 938 3254291159 3208377522 0 0 0 0 0 0 1362864766 20368986 4118773760 435650560 3178496 17801352 14039258 2301812 4527721 14528389
1790333203975 0 120881 7081 3254438035 3208501866 0 0 0 0 0 0 1362879653 20369072 4117577728 524550144 19365888 17973673 14178793 2317204 4581293 14702938
1790333205011 0 142459 7081 3254581590 3208623814 0 0 0 0 0 0 1362896582 20369163 4116742144 600027136 0 18146820 14319708 2334148 4626563 14852578
1790333206037 0 22812 34 3254642928 3208811859 0 0 0 0 0 0 1362904816 20369196 4117000192 70201344 0 18225350 14383589 2341854 4663162 15054762
1790333207063 0 147437 0 3254834281 3208878441 0 0 0 0 0 0 1362937110 20369343 4117385216 579866624 0 18463976 14580874 2373017 4713392 15200322
1790333208092 0 101170 0 3254987486 3209078121 0 0 0 0 0 0 1362963104 20369460 4117782528 390397952 0 18660051 14744072 2398825 4780831 15372287
1790333209113 0 132459 8586 3255171410 3209222169 0 0 0 0 0 0 1362998511 20369615 4119756800 540577792 57290752 18907247 14953681 2436069 4835903 15511791
1790333210143 0 70958 2883 3255269489 3209387570 0 0 0 0 0 0 1363017518 20369695 4120879104 312455168 5509120 19045153 15065055 2455064 4877542 15664922
1790333211171 0 101496 4539 3255376823 3209462638 0 0 0 0 0 0 1363037014 20369784 4121788416 415412224 30715904 19192402 15188178 2474563 4942538 15855197
1790333212191 0 135841 4912 3255563789 3209614834 0 0 0 0 0 0 1363072667 20369958 4123209728 598499328 13910016 19447352 15397620 2510256 5007903 16016609
1790333213214 0 129981 598 3255708134 3209769405 0 0 0 0 0 0 1363103523 20370126 4124766208 536129536 7368704 19655582 15565776 2541077 5063769 16210564
1790333214245 0 131864 3504 3255839624 3209896021 0 0 0 0 0 0 1363131237 20370232 4125224960 565542912 9969664 19831423 15713681 2568800 5141880 16385077
1790333215275 0 65436 0 3255950129 3210076538 0 0 0 0 0 0 1363150776 20370347 4125286400 243748864 0 19967907 15825247 2588326 5207885 16626680
1790333216308 0 92863 5327 3256144121 3210237723 0 0 0 0 0 0 1363203648 20370574 4127203328 418611200 5885952 20257722 16062055 2640694 5276236 16783356
1790333217350 0 132929 0 3256299167 3210358139 0 0 0 0 0 0 1363244877 20370780 4129361920 523575296 0 20474137 16245755 2681530 5332341 16926092
1790333218373 0 125142 40 3256430854 3210497396 0 0 0 0 0 0 1363288605 20370952 4130811904 489562112 0 20678240 16413936 2725670 5404786 17125466
1790333219395 0 135442 12337 3256597003 3210640937 0 0 0 0 0 0 1363332240 20371155 4133171200 610447360 0 20930954 16615099 2767823 5457820 17261107
1790333220415 0 68791 1596 3256703836 3210825268 0 0 0 0 0 0 1363353818 20371258 4133224448 286699520 2760704 21084746 16732420 2790889 5502673 17514637
1790333221435 0 42666 18655 3256844068 3210974948 0 0 0 0 0 0 1363392848 20371413 4133658624 172666880 89567232 21289910 16893151 2830397 5537012 17630763
1790333222461 0 92008 0 3257003501 3211103272 0 0 0 0 0 0 1363423119 20371565 4132487168 351391744 0 21482569 17047132 2859198 5602866 17811290
1790333223494 0 88097 2877 3257154523 3211255743 0 0 0 0 0 0 1363448864 20371707 4130684928 393650176 7733248 21684114 17206831 2885915 5672721 18007924
1790333224527 0 96087 11167 3257321699 3211406401 0 0 0 0 0 0 1363474567 20371849 4129226752 393637888 58818560 21909746 17380802 2912137 5736788 18163334
1790333225558 0 45974 20 3257437690 3211583480 0 0 0 0 0 0 1363493084 20371953 4128534528 181633024 14774272 22051220 17490564 2930128 5786752 18330169
1790333226585 0 101312 2532 3257604606 3211692601 0 0 0 0 0 0 1363510713 20372073 4126138368 425095168 5349376 22246820 17648315 2947618 5834944 18442037
1790333227611 0 81256 0 3257726973 3211837485 0 0 0 0 0 0 1363521911 20372158 4124205056 304087040 0 22376709 17754890 2958949 5901001 18633170
1790333228634 0 92325 0 3257868101 3211967535 0 0 0 0 0 0 1363535253 20372246 4122021888 352792576 0 22532574 17883849 2972802 5954397 18764045
1790333229657 0 77947 0 3257996976 3212110895 0 0 0 0 0 0 1363550192 20372351 4120580096 289271808 0 22676917 18003584 2987748 6011375 18943491
1790333230688 0 63622 8968 3258140108 3212259272 0 0 0 0 0 0 1363565125 20372458 4118532096 303902720 13082624 22847688 18142602 3002674 6068853 19092579
1790333231729 0 83883 3988 3258303065 3212407016 0 0 0 0 0 0 1363590135 20372588 4118388736 366145536 10932224 23048610 18310015 3027778 6108611 19189697
1790333232764 0 82321 1920 3258431606 3212539156 0 0 0 0 0 0 1363606124 20372663 4117241856 356130816 1593344 23198578 18431115 3043180 6148298 19335986
1790333233787 0 103349 0 3258561051 3212649525 0 0 0 0 0 0 1363617420 20372731 4116004864 399093760 0 23339257 18546818 3053945 6212492 19492750
1790333234809 0 109970 45 3258732618 3212814377 0 0 0 0 0 0 1363630711 20372822 4114427904 427089920 0 23540229 18708649 3067312 6254382 19607318
1790333235830 0 86309 1189 3258886448 3212990749 0 0 0 0 0 0 1363649783 20372947 4113780736 364945408 1626112 23742496 18866528 3087328 6302412 19791390
1790333236854 0 53492 777 3258995478 3213133390 0 0 0 0 0 0 1363664616 20373015 4114038784 223645696 4976640 23885852 18980518 3102166 6364596 19988605
1790333237878 0 63777 4409 3259143944 3213267540 0 0 0 0 0 0 1363688219 20373125 4114067456 292401152 7868416 24071860 19133723 3125257 6425263 20130351
1790333238915 0 77224 437 3259270663 3213384822 0 0 0 0 0 0 1363707237 20373233 4113903616 318484480 1568768 24232626 19266379 3144278 6484001 20346447
1790333239936 0 133225 0 3259434794 3213493307 0 0 0 0 0 0 1363739475 20373391 4115718144 523923456 0 24449861 19444367 3175934 6548988 20504973
1790333240957 0 116889 0 3259559721 3213634619 0 0 0 0 0 0 1363762077 20373518 4117102592 455188480 0 24616297 19583664 3198092 6599563 20660137
1790333241983 0 102776 4813 3259681647 3213765964 0 0 0 0 0 0 1363782117 20373624 4117929984 439607296 14036992 24780000 19724738 3219666 6645998 20810017
1790333243006 0 131664 2029 3259809425 3213867939 0 0 0 0 0 0 1363816045 20373778 4120346624 539353088 19841024 24969801 19877326 3253604 6712212 20960812
1790333244034 0 69320 520 3259912735 3214034904 0 0 0 0 0 0 1363835589 20373882 4121370624 298135552 5627904 25101514 19991408 3272627 6750785 21119339
1790333245059 0 102029 6522 3260069916 3214153262 0 0 0 0 0 0 1363865929 20374047 4122181632 417910784 48656384 25306172 20165812 3303478 6825633 21312472
1790333246096 0 56016 2920 3260212138 3214345066 0 0 0 0 0 0 1363892712 20374236 4122382336 248315904 11673600 25497532 20321547 3329753 6892230 21501224
1790333247126 0 107740 1185 3260394527 3214477311 0 0 0 0 0 0 1363934358 20374459 4124647424 451854336 4636672 25768815 20537885 3371415 6935354 21632161
1790333248146 0 96000 16288 3260519681 3214599263 0 0 0 0 0 0 1363964210 20374635 4126572544 391118848 80764928 25950107 20683794 3401760 6998621 21854894
1790333249170 0 43879 1973 3260625537 3214771603 0 0 0 0 0 0 1363988338 20374759 4126773248 197902336 10194944 26091013 20803087 3425886 7063018 22122451
1790333250203 0 74578 0 3260788204 3214905442 0 0 0 0 0 0 1364024397 20374931 4126621696 309194752 2383872 26302462 20974569 3460920 7122755 22299732
1790333251243 0 141069 1593 3260962450 3215011617 0 0 0 0 0 0 1364061900 20375134 4127309824 588115968 3153920 26552793 21171147 3498992 7177907 22445721
1790333252265 0 138676 0 3261096029 3215149123 0 0 0 0 0 0 1364089674 20375280 4126871552 543916032 0 26723940 21312653 3526238 7242515 22647871
1790333253290 0 105203 0 3261215038 3215301700 0 0 0 0 0 0 1364114399 20375420 4127170560 404709376 0 26884482 21441924 3551445 7286461 22812549
1790333254318 0 43666 644 3261327604 3215475052 0 0 0 0 0 0 1364133871 20375514 4126388224 191856640 1359872 27037880 21566352 3570467 7340658 23010761
1790333255341 0 110518 12964 3261495518 3215563956 0 0 0 0 0 0 1364166279 20375698 4126339072 450555904 70037504 27272240 21750791 3603893 7390121 23181390
1790333256369 0 72895 26 3261619057 3215737932 0 0 0 0 0 0 1364186891 20375814 4125908992 268529664 0 27430680 21871250 3624444 7456406 23339990
1790333257401 0 102598 50 3261804254 3215893515 0 0 0 0 0 0 1364207960 20375946 4124045312 410673152 1634304 27642119 22040640 3645515 7506316 23474558
1790333258428 0 111203 0 3261963548 3216044111 0 0 0 0 0 0 1364221868 20376064 4121870336 428666880 0 27822020 22186295 3659424 7555046 23632241
1790333259452 0 67807 2812 3262075357 3216196768 0 0 0 0 0 0 1364233657 20376140 4120231936 275714048 29249536 27962276 22298661 3671257 7594523 23814750
1790333260474 0 148608 0 3262256040 3216299220 0 0 0 0 0 0 1364252752 20376272 4118958080 583598080 0 28179735 22471857 3689276 7648421 23929784
1790333261495 0 106494 0 3262366558 3216451797 0 0 0 0 0 0 1364269703 20376359 4118417408 413839360 0 28303256 22582267 3706762 7721889 24123035
1790333262529 0 73084 7960 3262503107 3216614063 0 0 0 0 0 0 1364288639 20376470 4117286912 323379200 8359936 28476959 22720311 3724744 7783845 24317898
1790333263573 0 62622 0 3262605338 3216734424 0 0 0 0 0 0 1364297190 20376556 4116570112 250900480 3559424 28596844 22816949 3734738 7833783 24523392
1790333264624 0 68514 754 3262747760 3216870311 0 0 0 0 0 0 1364316692 20376670 4115755008 290562048 2420736 28771858 22957724 3754241 7916510 24774778
1790333265649 0 64770 0 3262926997 3217053913 0 0 0 0 0 0 1364338773 20376785 4114911232 238297088 0 28979185 23124883 3776321 7976803 24906283
1790333266675 0 146215 73 3263099406 3217145038 0 0 0 0 0 0 1364359306 20376883 4114419712 572293120 0 29184503 23294568 3794809 8027643 25020244
1790333267710 0 60022 12 3263164920 3217296546 0 0 0 0 0 0 1364370586 20376940 4114776064 218746880 0 29269439 23364098 3807633 8081916 25253728
1790333268749 0 66102 0 3263310152 3217435868 0 0 0 0 0 0 1364395744 20377054 4114051072 254394368 1966080 29453051 23514849 3829713 8135078 25427719
1790333269775 0 65297 66 3263448687 3217575134 0 0 0 0 0 0 1364422498 20377185 4114837504 268898304 6021120 29641961 23669361 3860047 8214429 25653738
1790333270800 0 5626 3328 3263570613 3217753478 0 0 0 0 0 0 1364449100 20377288 4115857408 20942848 36237312 29808240 23809875 3886649 8261073 25867619
1790333271829 1 136724 0 3263775091 3217830110 0 0 0 0 0 0 1364494279 20377500 4118138880 539721728 0 30085157 24038909 3929794 8303299 25946602
1790333272851 1 104898 0 3263882579 3217969375 0 0 0 0 0 0 1364514307 20377629 4119126016 405106688 0 30231892 24161650 3951856 8363157 26202115
1790333273872 1 106837 0 3264022899 3218107722 0 0 0 0 0 0 1364537426 20377769 4119371776 413237248 0 30423696 24314095 3973439 8398956 26295001
1790333274896 1 108580 0 3264165777 3218247150 0 0 0 0 0 0 1364570841 20377924 4120743936 431013888 0 30618531 24476521 4007364 8441317 26452216
1790333275916 1 101824 788 3264296075 3218383611 0 0 0 0 0 0 1364593987 20379244 4121427968 418861056 4067328 30797276 24623295 4031535 8473934 26603533
1790333276938 1 71290 0 3264428809 3218547411 0 0 0 0 0 0 1364629675 20379512 4121903104 273580032 0 30971956 24773463 4064659 8507800 26787008
1790333277980 1 113387 1147 3264592547 3218667874 0 0 0 0 0 0 1364676037 20379698 4123463680 494481408 4169728 31235528 24974535 4113008 8565898 27002241
1790333279024 1 35823 4 3264672593 3218826512 0 0 0 0 0 0 1364693055 20379999 4124323840 120930304 0 31339638 25062524 4130045 8606105 27218069
1790333280047 1 101059 0 3264849346 3218938241 0 0 0 0 0 0 1364743339 20380827 4126191616 389562368 0 31600676 25272750 4177262 8650540 27347809
1790333281093 1 94223 1115 3264990995 3219085477 0 0 0 0 0 0 1364770632 20381509 4126257152 426573824 1536000 31802521 25434124 4207617 8721147 27502954
1790333282125 1 110447 4184 3265147246 3219222727 0 0 0 0 0 0 1364802525 20381765 4126556160 476516352 6000640 32015812 25603860 4240035 8785941 27663478
1790333283145 1 95905 1001 3265287148 3219380112 0 0 0 0 0 0 1364826157 20381926 4125523968 399155200 3895296 32190367 25741647 4263142 8839354 27830146
1790333284169 1 92967 1095 3265434091 3219529882 0 0 0 0 0 0 1364847734 20382047 4124856320 401965056 1871872 32375610 25891031 4285234 8891128 28022895
1790333285189 1 115759 0 3265583985 3219657969 0 0 0 0 0 0 1364873907 20382181 4123709440 446210048 0 32556032 26037736 4310399 8948585 28228110
1790333286212 1 61276 1691 3265701177 3219827967 0 0 0 0 0 0 1364886291 20382276 4122353664 246206464 1294336 32694166 26147903 4323795 8990055 28469707
1790333287231 1 54 0 3265714850 3219904660 0 0 0 0 0 0 1364932937 20382552 4145090560 131072 0 32741650 26191560 4369912 9006281 28496951
1790333288251 1 70 0 3265714885 3219904662 0 0 0 0 0 0 1365045760 20383006 4151058432 131072 0 32870604 26300935 4480744 9079264 28585599
1790333289271 1 59 0 3265714942 3219904669 0 0 0 0 0 0 1365105310 20383319 3625242624 118784 0 32946849 26362098 4542806 9121362 28607147
