1790322585860 0 6 0 2385445926 2339665102 0 0 0 0 0 0 951354591 19082524 - - - - - - - -
1790322587388 0 181988 858 2385798499 2339834931 0 0 0 0 0 0 951354591 19082627 1313648640 671301632 8318976 0 0 0 0 48195
1790322588454 0 161571 1932 2385931012 2339986684 0 0 0 0 0 0 951354591 19082628 1959489536 663658496 8146944 0 0 0 0 135226
1790322589476 0 153524 2013 2386089885 2340153589 0 0 0 0 0 0 951354591 19082630 2585862144 599359488 8146944 0 0 0 0 201584
1790322590506 0 148927 6047 2386283877 2340347790 0 0 0 0 0 0 951354591 19082630 3381903360 621932544 8388608 0 0 0 0 262624
1790322591537 0 147289 2034 2386489429 2340559162 0 0 0 0 0 0 951354591 19082630 4142006272 612184064 16777216 58296 27757 0 6323 315690
1790322592556 0 154629 1916 2386640817 2340703204 0 0 0 0 0 0 951357614 19082632 4140597248 641339392 7221248 290700 181748 3024 45936 374580
1790322593584 0 165837 1201 2386814699 2340866850 0 0 0 0 0 0 951367631 19082640 4139900928 666537984 7294976 523760 359203 13096 89817 465386
1790322594610 0 155852 4053 2386976623 2341035697 0 0 0 0 0 0 951381822 19082658 4139520000 640581632 5746688 731564 535354 27318 134960 600026
1790322595635 0 173110 3804 2387162010 2341204540 0 0 0 0 0 0 951404813 19082694 4139802624 706281472 16777216 978882 746835 49711 183768 768693
1790322596660 0 110618 2267 2387280833 2341387082 0 0 0 0 0 0 951416151 19082831 4139474944 452759552 9347072 1175301 874461 61048 237986 1160404
1790322597680 0 110804 3054 2387424894 2341530106 0 0 0 0 0 0 951439802 19083015 4140232704 453480448 8314880 1397201 1042495 84697 295981 1497054
1790322598699 0 131728 0 2387576716 2341664252 0 0 0 0 0 0 951471583 19083183 4141891584 530432000 12800000 1632720 1225870 116018 362502 1846423
1790322599739 0 122356 4396 2387723180 2341815452 0 0 0 0 0 0 951502456 19083345 4143403008 515002368 16728064 1864098 1399768 147384 404775 2156802
1790322600777 0 110535 2034 2387876647 2341983142 0 0 0 0 0 0 951530692 19083477 4144611328 441724928 16777216 2095745 1581782 176098 466905 2535314
1790322601799 0 100095 0 2388004745 2342123772 0 0 0 0 0 0 951562661 19083597 4146237440 384876544 0 2291543 1738414 206895 528088 2870711
1790322602823 0 108940 0 2388163080 2342273277 0 0 0 0 0 0 951597503 19083820 4147085312 420286464 0 2541575 1931457 242401 653617 3183060
1790322603853 0 83106 1792 2388294112 2342428362 0 0 0 0 0 0 951629640 19083981 4147548160 344113152 21274624 2760017 2098778 273732 722635 3588098
1790322604890 0 114806 0 2388435307 2342539517 0 0 0 0 0 0 951661743 19084148 4147568640 446132224 0 2982725 2267348 306638 777157 3801481
1790322605914 0 85766 0 2388555734 2342689021 0 0 0 0 0 0 951698239 19084314 4148502528 327376896 0 3193617 2423787 343133 839050 4156049
1790322606939 0 105361 0 2388722800 2342836608 0 0 0 0 0 0 951745039 19084517 4148543488 409915392 0 3470713 2633574 385773 914056 4309591
1790322607965 0 132909 0 2388895799 2342982016 0 0 0 0 0 0 951796835 19084719 4149014528 520810496 0 3770558 2859364 439689 989947 4502798
1790322608987 0 102458 0 2389056913 2343173505 0 0 0 0 0 0 951841017 19084899 4148637696 397594624 0 4041696 3064564 483890 1034425 4668127
1790322610007 0 130007 19345 2389257849 2343327719 0 0 0 0 0 0 951918424 19085169 4149751808 532897792 79179776 4424534 3350297 563866 1106981 4826576
1790322611047 0 70649 4891 2389404886 2343548903 0 0 0 0 0 0 951969154 19085325 4149616640 337551360 112738304 4663595 3538611 613611 1160410 5032305
1790322612083 0 76422 15 2389613429 2343756205 0 0 0 0 0 0 952017521 19085511 4147822592 300298240 26550272 4975770 3769837 662937 1214905 5200644
1790322613112 0 74420 14817 2389792265 2343922106 0 0 0 0 0 0 952054906 19085654 4144107520 309518336 53981184 5223381 3946330 699309 1265004 5360967
1790322614135 0 43770 2212 2389927285 2344100587 0 0 0 0 0 0 952066762 19085720 4141211648 193482752 5513216 5369763 4061243 712174 1308177 5576465
1790322615159 0 128898 8530 2390137981 2344219629 0 0 0 0 0 0 952069897 19085792 4134408192 566050816 6705152 5575567 4217801 715316 1347948 5652651
1790322616180 0 134193 0 2390266348 2344351205 0 0 0 0 0 0 952073013 19085843 4131053568 525168640 0 5700564 4315599 718424 1396233 5798738
1790322617209 0 68140 3207 2390370209 2344517906 0 0 0 0 0 0 952075616 19085883 4127629312 275382272 45338624 5818552 4406550 721026 1426531 5897124
1790322618247 0 57477 803 2390543126 2344704249 0 0 0 0 0 0 952081801 19085949 4122759168 237973504 13303808 6005834 4546462 727207 1459412 6027311
1790322619278 0 37954 44 2390698983 2344879998 0 0 0 0 0 0 952086964 19086001 4118962176 180879360 6074368 6193557 4690748 732374 1501028 6104237
1790322620309 0 85396 0 2390910723 2345044483 0 0 0 0 0 0 952102348 19086093 4115853312 344064000 13307904 6436957 4889295 747253 1550043 6187343
1790322621345 0 103457 0 2391049812 2345165356 0 0 0 0 0 0 952113094 19086157 4114460672 397049856 0 6600470 5021613 758553 1595782 6289089
1790322622393 0 102007 872 2391181713 2345297988 0 0 0 0 0 0 952123913 19086218 4113752064 430907392 3067904 6767505 5157523 769336 1677235 6467193
1790322623414 0 84232 15841 2391339846 2345459277 0 0 0 0 0 0 952140844 19086282 4114821120 418734080 17698816 6964662 5322029 786261 1724060 6550839
1790322624453 0 77355 24339 2391494467 2345611833 0 0 0 0 0 0 952161902 19086371 4116324352 451072000 4861952 7164877 5488566 807309 1780383 6672401
1790322625487 0 101117 3333 2391686131 2345800838 0 0 0 0 0 0 952190560 19086465 4118126592 426242048 24219648 7408721 5698121 835529 1833265 6778056
1790322626515 0 115585 0 2391849905 2345953475 0 0 0 0 0 0 952219911 19086606 4120551424 448761856 0 7626700 5879404 864815 1893919 6917599
1790322627537 0 126554 19 2392016609 2346109067 0 0 0 0 0 0 952251231 19086767 4122738688 498278400 0 7853815 6069766 893578 1962512 7043937
1790322628557 0 112207 18834 2392198012 2346286214 0 0 0 0 0 0 952291220 19086937 4125941760 459735040 96792576 8128012 6293387 936722 2024461 7191653
1790322629576 0 35988 10439 2392329075 2346501920 0 0 0 0 0 0 952321617 19087058 4128296960 145108992 66768896 8316728 6447530 967025 2070663 7403712
1790322630604 0 38986 5037 2392505787 2346680956 0 0 0 0 0 0 952365678 19087225 4130365440 206123008 0 8578910 6659162 1010634 2129929 7543295
1790322631626 0 144321 4527 2392719206 2346789324 0 0 0 0 0 0 952422132 19087431 4133388288 603041792 0 8909089 6921745 1066573 2196134 7665592
1790322632658 0 88366 22180 2392882056 2346990792 0 0 0 0 0 0 952470372 19087590 4136181760 477872128 11624448 9172354 7131546 1115865 2257087 7841546
1790322633687 0 61720 738 2393026029 2347182677 0 0 0 0 0 0 952507410 19087716 4137054208 268341248 7393280 9399049 7309590 1152818 2314569 8001030
1790322634716 0 78880 26961 2393226811 2347340110 0 0 0 0 0 0 952555186 19087901 4138266624 457056256 4968448 9709010 7550368 1200081 2383044 8136665
1790322635741 0 144383 0 2393405212 2347479907 0 0 0 0 0 0 952604432 19088076 4138909696 568909824 0 9974566 7759164 1247831 2432436 8339476
1790322636764 0 100343 1477 2393529463 2347646764 0 0 0 0 0 0 952642937 19088196 4140175360 433668096 6647808 10174318 7921289 1287849 2503199 8579192
1790322637786 0 94056 3992 2393690576 2347811889 0 0 0 0 0 0 952683473 19088328 4140163072 417234944 11063296 10408024 8106482 1328879 2553707 8756722
1790322638821 0 45106 0 2393820935 2347994981 0 0 0 0 0 0 952713263 19088421 4139905024 156794880 0 10581160 8241814 1356473 2613086 8956551
1790322639847 0 131142 14600 2394031103 2348104514 0 0 0 0 0 0 952740371 19088536 4137627648 613376000 0 10847399 8448813 1385777 2656761 8987009
1790322640867 0 94065 7354 2394195084 2348312779 0 0 0 0 0 0 952755291 19088617 4135186432 401440768 27037696 11027460 8587470 1400700 2710701 9222672
1790322641891 0 122489 134 2394376484 2348473264 0 0 0 0 0 0 952762026 19088697 4130512896 514424832 3891200 11194337 8715568 1407432 2761575 9383736
1790322642943 0 122754 5840 2394558637 2348649181 0 0 0 0 0 0 952771300 19088773 4125659136 499851264 80715776 11382686 8866149 1416712 2811433 9517701
1790322644004 0 114351 0 2394703408 2348808062 0 0 0 0 0 0 952776929 19088837 4122595328 437534720 0 11524554 8982175 1421828 2857416 9602640
1790322645038 0 63855 0 2394840136 2348995455 0 0 0 0 0 0 952780925 19088883 4119580672 236130304 0 11674198 9097031 1425821 2893960 9713361
1790322646063 0 135201 0 2395043761 2349127670 0 0 0 0 0 0 952793278 19088985 4115906560 529846272 0 11888915 9275330 1438564 2955782 9852901
1790322647084 0 149442 0 2395219792 2349289462 0 0 0 0 0 0 952812156 19089086 4114931712 588148736 0 12091264 9446091 1457147 3004483 9966867
1790322648105 0 134949 0 2395367116 2349451254 0 0 0 0 0 0 952832696 19089165 4114948096 528367616 0 12272319 9597413 1476566 3067292 10143351
1790322649131 0 64186 54 2395484517 2349639643 0 0 0 0 0 0 952848424 19089247 4115623936 250187776 1880064 12428141 9723157 1493831 3116050 10304093
1790322650158 0 97652 0 2395680108 2349801463 0 0 0 0 0 0 952871934 19089367 4116090880 373501952 0 12662019 9922816 1517409 3164906 10444201
1790322651183 0 42675 2 2395810721 2349987058 0 0 0 0 0 0 952894983 19089466 4116992000 152285184 0 12832342 10060960 1538935 3217556 10596813
1790322652209 0 98343 3555 2396017289 2350134527 0 0 0 0 0 0 952935357 19089619 4119494656 438538240 9035776 13121161 10298869 1580339 3275442 10726627
1790322653244 0 97239 0 2396188913 2350310686 0 0 0 0 0 0 952965243 19089749 4121358336 375037952 0 13343668 10484879 1609124 3322609 10861039
1790322654269 0 118642 0 2396372087 2350472497 0 0 0 0 0 0 953010943 19089959 4124393472 463163392 0 13604416 10704429 1653287 3406232 11022872
1790322655293 0 110832 0 2396526047 2350634273 0 0 0 0 0 0 953045413 19090134 4126228480 427597824 0 13823844 10885448 1690309 3496426 11200357
1790322656313 0 71708 0 2396657633 2350805037 0 0 0 0 0 0 953094645 19090326 4129419264 271695872 0 14038644 11058473 1738558 3561561 11440097
1790322657335 0 92281 12 2396840016 2350966852 0 0 0 0 0 0 953141941 19090552 4132302848 357212160 5619712 14318462 11281007 1787347 3624335 11597209
1790322658360 0 107681 0 2397017248 2351128621 0 0 0 0 0 0 953188695 19090784 4134752256 416944128 0 14601182 11497922 1833624 3685396 11764810
1790322659381 0 90403 0 2397161621 2351290414 0 0 0 0 0 0 953235449 19090990 4136034304 352227328 0 14827158 11676039 1878819 3750216 11980870
1790322660408 0 114233 11534 2397330921 2351424287 0 0 0 0 0 0 953273024 19091197 4136099840 467865600 66068480 15076072 11873401 1917921 3811222 12137145
1790322661428 0 119333 0 2397482726 2351582469 0 0 0 0 0 0 953321754 19091393 4138102784 465063936 0 15310015 12056834 1966170 3885769 12359047
1790322662452 0 59222 5828 2397622184 2351776340 0 0 0 0 0 0 953363924 19091572 4138819584 274558976 17965056 15529989 12230850 2008817 3937371 12582930
1790322663473 0 120389 949 2397820383 2351918262 0 0 0 0 0 0 953421870 19091820 4140240896 504885248 9977856 15831539 12470752 2066807 3987653 12711118
1790322664495 0 49285 809 2397970200 2352139555 0 0 0 0 0 0 953455307 19091971 4139601920 206127104 7385088 16038320 12622229 2100712 4039552 12944662
1790322665518 0 70416 5840 2398151128 2352293946 0 0 0 0 0 0 953483566 19092131 4137885696 328855552 7200768 16275332 12811467 2129008 4106024 13078335
1790322666543 0 47891 2791 2398293948 2352462413 0 0 0 0 0 0 953512356 19092265 4136910848 219987968 4329472 16468170 12959723 2157762 4162488 13274865
1790322667576 0 60459 1026 2398476264 2352633939 0 0 0 0 0 0 953542544 19092449 4134604800 265437184 3047424 16700940 13139488 2188021 4217856 13430853
1790322668611 0 119607 1632 2398678068 2352775858 0 0 0 0 0 0 953570855 19092597 4131471360 508329984 9891840 16939088 13329620 2216277 4278938 13595500
1790322669641 0 94653 552 2398832352 2352956223 0 0 0 0 0 0 953583741 19092702 4128182272 406904832 4124672 17108324 13462258 2228183 4324726 13714874
1790322670677 0 144588 0 2399013242 2353087757 0 0 0 0 0 0 953597920 19092810 4125798400 563449856 0 17313119 13623382 2243045 4381659 13875522
1790322671699 0 61164 13833 2399143395 2353287572 0 0 0 0 0 0 953606380 19092887 4123279360 246341632 73330688 17454515 13735136 2251787 4427942 14078973
1790322672722 0 88900 22059 2399338089 2353446196 0 0 0 0 0 0 953625869 19092987 4120158208 424034304 52633600 17669959 13910959 2271312 4488017 14197438
1790322673750 0 98090 0 2399506636 2353627633 0 0 0 0 0 0 953644816 19093082 4118937600 366469120 0 17857326 14064308 2290220 4534679 14320181
1790322674775 0 126799 0 2399699103 2353791473 0 0 0 0 0 0 953669443 19093203 4117921792 495534080 0 18088328 14252644 2314341 4594170 14440563
1790322675797 0 92436 0 2399852084 2353978797 0 0 0 0 0 0 953689454 19093302 4117680128 354140160 0 18273088 14409657 2334347 4640674 14558430
1790322676828 0 91248 0 2400034305 2354162164 0 0 0 0 0 0 953717207 19093456 4117835776 349323264 0 18498073 14596865 2361081 4705631 14738117
1790322677855 0 86688 0 2400218303 2354350768 0 0 0 0 0 0 953754158 19093608 4119355392 328179712 0 18739691 14798543 2399403 4762462 14858974
1790322678877 0 111032 21 2400408596 2354516614 0 0 0 0 0 0 953790597 19093779 4121116672 430964736 0 18994123 15012815 2436001 4830822 14984990
1790322679898 0 108639 0 2400572059 2354682544 0 0 0 0 0 0 953827566 19093957 4123373568 420986880 0 19226830 15202980 2472971 4900978 15211473
1790322680922 0 106846 0 2400736145 2354848432 0 0 0 0 0 0 953863011 19094134 4124913664 416624640 0 19450470 15390053 2506881 4962247 15400268
1790322681948 0 121079 4956 2400901492 2354994639 0 0 0 0 0 0 953895410 19094297 4125769728 530325504 6467584 19683396 15582964 2540817 5016552 15560903
1790322682982 0 51973 3374 2401006213 2355170036 0 0 0 0 0 0 953918012 19094398 4126437376 232714240 6172672 19822659 15700577 2563420 5071835 15736161
1790322684008 0 34826 7400 2401150575 2355327434 0 0 0 0 0 0 953947298 19094559 4126896128 164458496 19017728 20016634 15863341 2592708 5114442 15868297
1790322685029 0 101415 0 2401321505 2355439287 0 0 0 0 0 0 953983270 19094752 4128284672 393895936 0 20246007 16055156 2627876 5187068 16025513
1790322686056 0 85879 514 2401452097 2355584853 0 0 0 0 0 0 954024379 19094927 4129611776 364113920 4042752 20451020 16223380 2669274 5234893 16207039
1790322687081 0 94226 68 2401596005 2355720863 0 0 0 0 0 0 954059324 19095111 4130643968 359927808 0 20650898 16387018 2701153 5284957 16399211
1790322688126 0 95672 3275 2401737525 2355857848 0 0 0 0 0 0 954099899 19095290 4132757504 391868416 39084032 20879585 16572537 2745306 5359977 16563424
1790322689146 0 141305 0 2401913480 2355991225 0 0 0 0 0 0 954148110 19095490 4133437440 556228608 0 21122183 16758572 2789997 5403117 16680102
1790322690174 0 122225 495 2402035887 2356132202 0 0 0 0 0 0 954170313 19095620 4133208064 502202368 6287360 21284374 16887338 2815214 5461531 16892936
1790322691198 0 99384 19741 2402206389 2356306466 0 0 0 0 0 0 954196996 19095747 4131426304 495067136 2826240 21483105 17050486 2841914 5515647 17047362
1790322692219 0 105003 10567 2402320492 2356424090 0 0 0 0 0 0 954214440 19095839 4129681408 428228608 62033920 21637874 17169773 2859848 5564528 17247593
1790322693247 0 99706 0 2402456543 2356575933 0 0 0 0 0 0 954240107 19095973 4128739328 392552448 0 21809855 17306668 2885131 5621648 17402417
1790322694271 0 24662 3145 2402542358 2356733718 0 0 0 0 0 0 954256545 19096050 4128423936 98086912 22401024 21926354 17396448 2901952 5675485 17679714
1790322695295 0 115193 0 2402717199 2356820992 0 0 0 0 0 0 954270437 19096179 4125749248 448942080 0 22119908 17555081 2915391 5729795 17799978
1790322696318 0 68418 1095 2402871739 2357021301 0 0 0 0 0 0 954288985 19096286 4123897856 286912512 1118208 22295263 17703984 2933878 5779008 18001731
1790322697346 0 88234 4839 2403020532 2357146564 0 0 0 0 0 0 954304401 19096397 4121403392 359858176 35192832 22471808 17845932 2949815 5819248 18113107
1790322698373 0 91315 0 2403168361 2357296164 0 0 0 0 0 0 954316765 19096508 4119076864 349167616 0 22626808 17970883 2961460 5856898 18260260
1790322699400 0 37480 1150 2403285815 2357466323 0 0 0 0 0 0 954328613 19096611 4118134784 157732864 13156352 22763693 18086620 2974049 5903983 18458133
1790322700433 0 97679 479 2403462172 2357583259 0 0 0 0 0 0 954352766 19096732 4117581824 401534976 8155136 22987512 18266114 2997677 5960963 18603282
1790322701466 0 85777 1013 2403594149 2357726749 0 0 0 0 0 0 954365088 19096804 4116062208 353980416 3256320 23134431 18385469 3010497 5998082 18690141
1790322702489 0 146228 952 2403768786 2357840870 0 0 0 0 0 0 954373853 19096887 4113829888 605478912 3002368 23329057 18541262 3018767 6054690 18783705
1790322703514 0 137321 7933 2403923369 2357997288 0 0 0 0 0 0 954392350 19096995 4113489920 562565120 47144960 23524398 18700029 3037759 6106996 18949768
1790322704536 0 68892 938 2404029213 2358178513 0 0 0 0 0 0 954406730 19097068 4113182720 288313344 10874880 23652728 18805069 3052145 6157333 19149483
1790322705560 0 135110 0 2404196385 2358280208 0 0 0 0 0 0 954433356 19097192 4113444864 530550784 0 23868524 18975780 3078802 6210568 19257430
1790322706585 0 75150 0 2404279658 2358423562 0 0 0 0 0 0 954445668 19097259 4113444864 282652672 0 23967289 19063004 3091075 6263300 19490018
1790322707612 0 122098 1 2404436211 2358533099 0 0 0 0 0 0 954473873 19097398 4114706432 477511680 0 24175446 19233194 3118785 6314001 19650543
1790322708646 0 70864 0 2404526105 2358674456 0 0 0 0 0 0 954490827 19097473 4115259392 265400320 0 24296719 19331066 3134715 6375661 19869781
1790322709691 0 120571 901 2404687225 2358785174 0 0 0 0 0 0 954516520 19097613 4116897792 516362240 10420224 24515417 19513145 3161956 6422678 19991173
1790322710727 0 86207 0 2404802703 2358935576 0 0 0 0 0 0 954535475 19097726 4117176320 330461184 0 24656581 19634989 3179959 6478102 20217433
1790322711749 0 91175 0 2404944746 2359072792 0 0 0 0 0 0 954575058 19097892 4119638016 352817152 0 24867773 19806847 3217924 6530487 20388167
1790322712774 0 113669 0 2405104538 2359210008 0 0 0 0 0 0 954600755 19098024 4120764416 440811520 0 25075307 19983202 3244999 6585641 20503228
1790322713800 0 91695 2560 2405240228 2359365229 0 0 0 0 0 0 954627486 19098171 4121493504 371367936 34729984 25259012 20137927 3272892 6640165 20677320
1790322714835 0 134093 0 2405387163 2359472164 0 0 0 0 0 0 954661904 19098358 4122914816 526770176 0 25464876 20303705 3304748 6736326 20899675
1790322715862 0 35979 0 2405479509 2359662628 0 0 0 0 0 0 954685562 19098488 4124311552 124043264 0 25592810 20414173 3330455 6796824 21124733
1790322716886 0 125336 14128 2405664504 2359744241 0 0 0 0 0 0 954728232 19098718 4125904896 513380352 67407872 25861586 20635879 3373640 6857402 21233023
1790322718000 0 125043 1153 2405803072 2359896519 0 0 0 0 0 0 954765193 19098902 4126584832 529539072 5496832 26058058 20794001 3410622 6920655 21439109
1790322719045 0 70354 391 2405930589 2360078886 0 0 0 0 0 0 954788854 19099048 4126699520 315719680 1576960 26221965 20924586 3434261 6994091 21648878
1790322720094 0 114186 431 2406090243 2360194797 0 0 0 0 0 0 954825270 19099235 4126867456 478265344 1515520 26439575 21103340 3469797 7064628 21822000
1790322721124 0 8352 927 2406163119 2360373098 0 0 0 0 0 0 954840246 19099320 4126679040 45146112 1794048 26535932 21182246 3485661 7125997 22078056
1790322722158 0 57173 1239 2406326728 2360487497 0 0 0 0 0 0 954872656 19099494 4126748672 261439488 1716224 26763558 21362052 3517037 7186162 22220401
1790322723210 0 73829 1065 2406470846 2360615177 0 0 0 0 0 0 954902483 19099655 4127035392 306462720 1486848 26963454 21523121 3546864 7275538 22438759
1790322724241 0 128596 4456 2406635805 2360721942 0 0 0 0 0 0 954927653 19099796 4126056448 526983168 34209792 27190519 21697704 3573066 7319410 22577826
1790322725266 0 129015 1465 2406786819 2360875556 0 0 0 0 0 0 954953377 19099955 4124815360 537681920 3325952 27382270 21847594 3598783 7384261 22745661
1790322726293 0 103268 782 2406931149 2361046251 0 0 0 0 0 0 954970865 19100063 4123893760 432857088 1404928 27551937 21984027 3616272 7438197 22901728
1790322727316 0 115851 0 2407071300 2361174551 0 0 0 0 0 0 954990402 19100178 4121960448 449556480 0 27707067 22112545 3633261 7495914 23091775
1790322728356 0 106840 18765 2407234019 2361327552 0 0 0 0 0 0 955008344 19100290 4120903680 542846976 2801664 27909597 22276543 3653823 7540791 23207209
1790322729392 0 59995 511 2407343070 2361501788 0 0 0 0 0 0 955023332 19100378 4120399872 259723264 3252224 28048440 22386898 3668738 7589874 23400619
1790322730433 0 63311 2336 2407485725 2361639253 0 0 0 0 0 0 955041841 19100487 4118859776 266915840 18427904 28222482 22527096 3687248 7643917 23561077
1790322731456 0 127949 5080 2407657741 2361743853 0 0 0 0 0 0 955064970 19100618 4117610496 554549248 1548288 28431595 22696751 3710377 7711478 23696935
1790322732480 0 39913 0 2407745954 2361925147 0 0 0 0 0 0 955075722 19100688 4117004288 140832768 0 28526283 22777398 3719741 7764468 23928996
1790322733501 0 147020 0 2407948241 2362020404 0 0 0 0 0 0 955096791 19100822 4115824640 579026944 0 28766501 22969910 3741690 7822833 24039940
1790322734525 0 72561 67 2408041729 2362188251 0 0 0 0 0 0 955107577 19100888 4115218432 277102592 3862528 28882978 23058853 3752982 7878850 24287748
1790322735554 0 112770 3869 2408220580 2362323137 0 0 0 0 0 0 955128626 19101002 4113313792 479068160 16277504 29090060 23231314 3774058 7916272 24373602
1790322736579 0 142971 0 2408356825 2362433059 0 0 0 0 0 0 955146094 19101110 4113350656 563195904 0 29258316 23367950 3791032 7978529 24566542
1790322737607 0 26728 0 2408428113 2362620574 0 0 0 0 0 0 955155840 19101158 4112760832 86487040 0 29341783 23437330 3797731 8025131 24824990
1790322738633 0 132225 64 2408624833 2362711646 0 0 0 0 0 0 955194346 19101324 4114112512 517537792 0 29602561 23654465 3839434 8090897 24987296
1790322739654 0 96367 0 2408749726 2362872480 0 0 0 0 0 0 955216430 19101435 4114591744 373850112 0 29767197 23792289 3861321 8144330 25161372
1790322740676 0 93291 15 2408885820 2363011711 0 0 0 0 0 0 955246618 19101558 4116770816 361627648 0 29952762 23949094 3891545 8204736 25331017
1790322741707 0 68762 6252 2409041883 2363186061 0 0 0 0 0 0 955281035 19101711 4118421504 338681856 13234176 30175107 24131823 3925419 8246953 25487680
1790322742759 0 90203 1209 2409177591 2363305176 0 0 0 0 0 0 955310234 19101843 4119928832 381075456 4595712 30359576 24285886 3955520 8311664 25714352
1790322743789 0 131104 1263 2409351585 2363438370 0 0 0 0 0 0 955340106 19102004 4120330240 560287744 4161536 30592012 24473729 3985513 8369658 25844775
1790322744813 0 141638 0 2409495482 2363572897 0 0 0 0 0 0 955374003 19102157 4121612288 556756992 0 30787982 24636514 4018893 8436314 26027569
1790322745834 0 124402 0 2409617525 2363712161 0 0 0 0 0 0 955411969 19102300 4123897856 487337984 0 30974488 24787130 4056343 8500924 26250942
1790322746867 0 91714 51 2409742424 2363869824 0 0 0 0 0 0 955439174 19102431 4124143616 375660544 23240704 31159835 24937150 4084581 8547071 26379340
1790322747894 0 87975 8951 2409903158 2364025406 0 0 0 0 0 0 955486392 19102621 4126388224 414236672 9388032 31413742 25133070 4131287 8588892 26485184
1790322748921 0 79806 0 2410011079 2364150435 0 0 0 0 0 0 955514640 19102751 4127281152 315179008 0 31573292 25256581 4159343 8648194 26747813
1790322749963 0 109913 38 2410131301 2364240546 0 0 0 0 0 0 955536755 19102873 4127334400 417468416 0 31719589 25380028 4181644 8689653 26875835
1790322751010 0 116929 0 2410276494 2364378788 0 0 0 0 0 0 955568072 19103025 4127141888 454569984 0 31923009 25541091 4212446 8760207 27039050
1790322752059 0 96026 1605 2410405174 2364526757 0 0 0 0 0 0 955593800 19103170 4126728192 419291136 2899968 32107782 25687520 4239206 8829761 27216667
1790322753111 0 129290 2403 2410563508 2364651131 0 0 0 0 0 0 955619993 19103310 4125401088 550862848 5361664 32314025 25850686 4265411 8889050 27408095
1790322754149 0 97588 5943 2410762114 2364877796 0 0 0 0 0 0 955647271 19103479 4124008448 451837952 6004736 32558612 26046549 4292682 8931375 27531200
1790322755183 0 107497 384 2410919941 2365031100 0 0 0 0 0 0 955676031 19103626 4122877952 445739008 2764800 32750578 26202164 4321438 8988650 27674584
1790322756207 0 118744 7592 2411056143 2365148996 0 0 0 0 0 0 955696049 19103727 4121714688 516517888 11681792 32917856 26335926 4341343 9050878 27837967
1790322757226 0 128304 1936 2411198890 2365287769 0 0 0 0 0 0 955714542 19103835 4120604672 523681792 25964544 33100544 26479169 4359951 9106589 27983394
1790322758257 0 69010 704 2411322671 2365472030 0 0 0 0 0 0 955733036 19103962 4119658496 290648064 11034624 33272375 26607468 4378490 9147355 28193849
1790322759286 0 110884 20367 2411511306 2365599273 0 0 0 0 0 0 955759270 19104117 4118900736 537444352 1474560 33504427 26790898 4404676 9210913 28314103
1790322760306 0 32 0 2411512341 2365731491 0 0 0 0 0 0 955792730 19104320 4140498944 131072 0 33533352 26818714 4436156 9231086 28378953
1790322761326 0 33 0 2411512342 2365731491 0 0 0 0 0 0 955909692 19104797 4147658752 131072 0 33663368 26934329 4553519 9309911 28475696
1790322762346 0 33 0 2411512342 2365731491 0 0 0 0 0 0 956004946 19105200 4154155008 131072 0 33787277 27029600 4650376 9354559 28529256
