1790321419815 0 121 0 2279466326 2233685484 0 0 0 0 0 0 919437422 18967396 - - - - - - - -
1790321421030 0 115017 59 2279677530 2233781721 0 0 0 0 0 0 919437422 18967447 830472192 447520768 0 0 0 0 0 6790
1790321422053 0 141421 2886 2279894077 2233968944 0 0 0 0 0 0 919437422 18967447 1735200768 588091392 33554432 0 0 0 0 184651
1790321423075 0 147216 1992 2280037472 2234107543 0 0 0 0 0 0 919437422 18967450 2324934656 602492928 8167424 0 0 0 0 299180
1790321424095 0 149129 4088 2280200926 2234266933 0 0 0 0 0 0 919437422 18967450 2974560256 609300480 8388608 0 0 0 0 574326
1790321425115 0 147652 2098 2280367562 2234437124 0 0 0 0 0 0 919437422 18967450 3673403392 604762112 16777216 0 0 0 0 758621
1790321426133 0 150571 2070 2280517312 2234583968 0 0 0 0 0 0 919437422 18967450 4160892928 619855872 2101248 59836 27323 0 28067 971057
1790321427154 0 119216 1031 2280663935 2234762783 0 0 0 0 0 0 919440477 18967457 4159336448 491315200 8388608 281381 177203 3055 143029 1107464
1790321428174 0 118565 3508 2280832226 2234929829 0 0 0 0 0 0 919448520 18967465 4158238720 485564416 12439552 519218 352637 10660 275718 1291513
1790321429194 0 133935 0 2280970416 2235055738 0 0 0 0 0 0 919461295 18967482 4157988864 535736320 0 698531 503037 23377 382393 1511728
1790321430219 0 95127 4084 2281091256 2235211300 0 0 0 0 0 0 919470909 18967494 4157685760 403173376 8388608 863787 634068 33487 466293 1768605
1790321431243 0 71951 10247 2281218933 2235356002 0 0 0 0 0 0 919482119 18967524 4157329408 334110720 43466752 1048266 774911 44696 503376 1896647
1790321432263 0 126354 0 2281350848 2235443834 0 0 0 0 0 0 919499136 18967689 4157599744 502497280 0 1262128 920338 61666 609200 2081874
1790321433288 0 92890 17043 2281448611 2235558309 0 0 0 0 0 0 919514518 18967818 4158103552 437460992 25165824 1418001 1036519 77097 727245 2212034
1790321434307 0 147094 3431 2281574270 2235643059 0 0 0 0 0 0 919535526 18967952 4158930944 622551040 0 1602180 1181286 97635 825492 2338782
1790321435326 0 17604 0 2281628764 2235830453 0 0 0 0 0 0 919545315 18968009 4159397888 57004032 0 1681660 1243166 107916 863089 2490379
1790321436354 0 94816 2044 2281783377 2235905905 0 0 0 0 0 0 919581748 18968167 4161495040 401629184 8622080 1920221 1433175 144309 1010572 2650278
1790321437382 0 110340 5043 2281902533 2236006506 0 0 0 0 0 0 919610515 18968296 4163039232 476676096 8388608 2104660 1582938 173093 1146179 2938548
1790321438406 0 132108 13840 2282022715 2236096067 0 0 0 0 0 0 919639211 18968422 4164182016 541057024 56688640 2291591 1732258 201850 1249704 3151043
1790321439426 0 141796 63 2282134151 2236211485 0 0 0 0 0 0 919672122 18968593 4166070272 564473856 0 2472188 1871216 234251 1384653 3323084
1790321440446 0 9161 0 2282183529 2236393535 0 0 0 0 0 0 919682445 18968660 4166045696 23289856 0 2550233 1930651 244009 1547175 3765608
1790321441471 0 98438 0 2282334121 2236454902 0 0 0 0 0 0 919730697 18968888 4168253440 400637952 9682944 2816850 2132043 292837 1682622 3927283
1790321442494 0 110419 2471 2282456630 2236563148 0 0 0 0 0 0 919763664 18969045 4168978432 459894784 16777216 3021886 2287649 326242 1769102 4082410
1790321443518 0 113059 1955 2282571342 2236675459 0 0 0 0 0 0 919794518 18969193 4169400320 465006592 11034624 3214448 2430232 357096 1907822 4420984
1790321444541 0 119219 7553 2282689409 2236782020 0 0 0 0 0 0 919831010 18969351 4169789440 514654208 41402368 3421933 2586245 393588 2056433 4664428
1790321445568 0 3667 0 2282765535 2236981187 0 0 0 0 0 0 919850493 18969442 4169322496 14921728 6463488 3547866 2680106 413070 2191909 5024058
1790321446591 0 107309 1399 2282926031 2237036532 0 0 0 0 0 0 919913632 18969658 4170108928 448233472 6488064 3843646 2902283 476210 2358632 5134513
1790321447615 0 109770 1290 2283049005 2237157281 0 0 0 0 0 0 919948556 18969802 4169248768 449871872 9924608 4049719 3060105 511134 2444044 5257900
1790321448636 0 109244 37 2283162991 2237273044 0 0 0 0 0 0 919984485 18969936 4168720384 433610752 0 4245146 3209182 546571 2594886 5472170
1790321449655 0 146086 36 2283316611 2237389773 0 0 0 0 0 0 920032727 18970107 4168175616 589586432 0 4526756 3410929 593798 2781463 5593871
1790321450677 0 1250 1443 2283410719 2237627209 0 0 0 0 0 0 920067623 18970214 4168613888 27561984 2904064 4701180 3539540 630221 2892777 5846308
1790321451698 0 116264 50 2283585368 2237688326 0 0 0 0 0 0 920122540 18970401 4167749632 459522048 0 4977815 3750802 684642 2957043 5892235
1790321452722 0 105474 4566 2283745060 2237854221 0 0 0 0 0 0 920142118 18970493 4164583424 448430080 24551424 5151480 3888318 704694 3055014 6087547
1790321453742 0 75096 0 2283859568 2238003711 0 0 0 0 0 0 920151900 18970562 4161355776 288878592 0 5283965 3984355 713968 3148098 6464236
1790321454766 0 98622 0 2284020324 2238140928 0 0 0 0 0 0 920164239 18970628 4157538304 387395584 0 5458954 4116350 726824 3234542 6620176
1790321455787 0 6095 1039 2284111397 2238323528 0 0 0 0 0 0 920165814 18970659 4154703872 28995584 2879488 5560797 4186320 728390 3412909 7023456
1790321456806 0 109412 31084 2284312202 2238391026 0 0 0 0 0 0 920169987 18970737 4148682752 519995392 64315392 5765172 4340184 732563 3534791 7238038
1790321457837 0 95521 42 2284425663 2238549333 0 0 0 0 0 0 920172557 18970777 4145852416 404918272 5488640 5884190 4434550 735133 3644889 7691433
1790321458865 0 86004 8134 2284557720 2238682864 0 0 0 0 0 0 920176161 18970823 4142260224 350175232 52875264 6019420 4546428 738737 3762666 8085323
1790321459891 0 49184 1146 2284673235 2238842146 0 0 0 0 0 0 920178744 18970862 4139601920 216055808 7647232 6148861 4643779 741320 3857240 8413771
1790321460917 0 80129 2704 2284814563 2238951036 0 0 0 0 0 0 920189009 18970919 4136955904 335749120 10514432 6311970 4777721 751590 3964569 8695537
1790321461938 0 107437 0 2284962519 2239074389 0 0 0 0 0 0 920199753 18970977 4135284736 423370752 0 6478947 4915072 761818 4094007 9045057
1790321462963 0 100119 0 2285086315 2239205462 0 0 0 0 0 0 920212593 18971049 4134584320 392683520 0 6623685 5034850 775170 4181006 9293273
1790321463991 0 62041 70 2285199797 2239357016 0 0 0 0 0 0 920223897 18971099 4134506496 246239232 4562944 6761378 5151249 786473 4301825 9692863
1790321465016 0 96293 5913 2285362046 2239479122 0 0 0 0 0 0 920247463 18971173 4135292928 442433536 6098944 6970655 5322053 810038 4383492 9889795
1790321466053 0 96332 6385 2285489957 2239606505 0 0 0 0 0 0 920268975 18971244 4136734720 431591424 21184512 7138722 5462496 830529 4450086 10157066
1790321467087 0 141335 0 2285637547 2239715380 0 0 0 0 0 0 920290036 18971327 4138213376 563941376 0 7326295 5618404 852167 4583434 10507192
1790321468106 0 142003 949 2285781107 2239857461 0 0 0 0 0 0 920311060 18971393 4139745280 594526208 4280320 7522403 5779751 873635 4666169 10672078
1790321469125 0 138895 0 2285897152 2239977524 0 0 0 0 0 0 920334611 18971463 4141375488 554258432 0 7670714 5909355 896711 4787687 11033577
1790321470145 0 130844 0 2286020264 2240108597 0 0 0 0 0 0 920355155 18971537 4142628864 518168576 0 7831058 6044838 917760 4891763 11357941
1790321471165 0 119107 0 2286139518 2240239671 0 0 0 0 0 0 920386277 18971621 4144664576 477593600 0 8003411 6189115 947358 5022450 11736181
1790321472185 0 58647 0 2286245495 2240406097 0 0 0 0 0 0 920409876 18971710 4146315264 226385920 0 8150010 6316994 972518 5105213 12053052
1790321473205 0 145457 1465 2286406122 2240478602 0 0 0 0 0 0 920449525 18971885 4148785152 613662720 5341184 8378006 6513461 1012101 5274391 12285747
1790321474225 0 121329 0 2286503861 2240601681 0 0 0 0 0 0 920471064 18971969 4150046720 484220928 0 8513730 6626367 1033674 5401504 12745869
1790321475250 0 98066 0 2286609513 2240730721 0 0 0 0 0 0 920510636 18972104 4152774656 388947968 3973120 8689385 6768158 1073216 5541285 12969319
1790321476273 0 94545 10188 2286729639 2240844185 0 0 0 0 0 0 920550126 18972228 4154798080 423444480 14610432 8885098 6927479 1112701 5688702 13315445
1790321477302 0 6112 0 2286812346 2241025446 0 0 0 0 0 0 920570150 18972302 4155432960 10870784 0 8998558 7021673 1131710 5737083 13486278
1790321478326 0 106508 0 2286975149 2241087903 0 0 0 0 0 0 920613780 18972461 4156436480 421675008 0 9249963 7222214 1176409 5852432 13586135
1790321479351 0 113564 3506 2287087630 2241189821 0 0 0 0 0 0 920649766 18972593 4157890560 483946496 6868992 9441988 7371703 1212342 5966094 13915578
1790321480374 0 113458 13599 2287208224 2241300992 0 0 0 0 0 0 920685599 18972717 4159004672 465084416 92835840 9629578 7526927 1247747 6077903 14209224
1790321481411 0 106878 793 2287332036 2241443632 0 0 0 0 0 0 920726223 18972842 4160167936 437764096 24555520 9834123 7690585 1288799 6151776 14390042
1790321482437 0 3850 0 2287414561 2241629908 0 0 0 0 0 0 920747780 18972917 4160446464 4259840 0 9958684 7790427 1309853 6283523 14771155
1790321483459 0 109855 0 2287581950 2241691384 0 0 0 0 0 0 920804224 18973077 4162633728 438546432 0 10215242 7996853 1365268 6453519 14954256
1790321484479 0 74384 2263 2287702375 2241845001 0 0 0 0 0 0 920834003 18973182 4162416640 304676864 28086272 10379986 8128976 1396494 6584014 15338338
1790321485498 0 151837 0 2287859479 2241926808 0 0 0 0 0 0 920863211 18973284 4160749568 609570816 0 10572037 8279029 1423802 6645144 15491059
1790321486518 0 32466 0 2287918803 2242105490 0 0 0 0 0 0 920869430 18973316 4159782912 122269696 0 10645498 8334594 1431536 6699968 15732871
1790321487538 0 78566 0 2288076359 2242217024 0 0 0 0 0 0 920882164 18973407 4156502016 305094656 0 10817129 8465812 1444792 6829367 16060401
1790321488558 0 77495 0 2288200109 2242341938 0 0 0 0 0 0 920894057 18973475 4154146816 300011520 0 10948253 8572848 1456637 6912275 16403282
1790321489578 0 81516 52 2288346541 2242484269 0 0 0 0 0 0 920906895 18973553 4150689792 314978304 0 11106375 8690026 1469491 6982510 16609810
1790321490609 0 106148 629 2288490812 2242603336 0 0 0 0 0 0 920914097 18973614 4146937856 445779968 364544 11244782 8803552 1476692 7094394 16994210
1790321491628 0 63974 1 2288599420 2242754582 0 0 0 0 0 0 920919232 18973658 4144123904 246853632 0 11347171 8887681 1481313 7157494 17242007
1790321492656 0 18706 1265 2288727103 2242926321 0 0 0 0 0 0 920926924 18973717 4142022656 96342016 6987776 11491319 9005921 1489499 7264244 17458724
1790321493683 0 103948 890 2288910494 2243024942 0 0 0 0 0 0 920937662 18973790 4138418176 432852992 7655424 11681397 9164489 1499800 7377873 17669847
1790321494716 0 99163 48 2289044160 2243164182 0 0 0 0 0 0 920956163 18973866 4138221568 395403264 6979584 11835125 9295581 1518228 7520052 18029384
1790321495753 0 115366 16 2289187256 2243291091 0 0 0 0 0 0 920970636 18973929 4137590784 453718016 0 11997304 9433427 1533066 7653226 18361704
1790321496772 0 132466 0 2289331482 2243418131 0 0 0 0 0 0 920988936 18974007 4137619456 528248832 0 12158524 9573056 1551541 7779910 18647900
1790321497793 0 21616 0 2289418914 2243616591 0 0 0 0 0 0 920999732 18974062 4137775104 75976704 0 12261298 9656921 1561584 7847270 18933429
1790321498813 0 139896 0 2289601710 2243681103 0 0 0 0 0 0 921026408 18974175 4137783296 554229760 0 12477459 9839934 1588989 7903049 19008924
1790321499832 0 143366 0 2289734292 2243810127 0 0 0 0 0 0 921050457 18974289 4139151360 570490880 0 12647965 9985032 1613102 8009712 19323793
1790321500863 0 60787 1504 2289827161 2243984149 0 0 0 0 0 0 921068484 18974371 4139585536 278011904 11866112 12767741 10087856 1629524 8142557 19735471
1790321501896 0 136696 10366 2290001528 2244073625 0 0 0 0 0 0 921091632 18974513 4140093440 619773952 0 12988737 10271514 1654120 8296464 19938178
1790321502920 0 48447 3740 2290075152 2244242279 0 0 0 0 0 0 921107561 18974579 4141072384 219164672 7659520 13088351 10357289 1669628 8350431 20292227
1790321503938 0 124689 6935 2290237562 2244325119 0 0 0 0 0 0 921142172 18974754 4143079424 540786688 18563072 13306068 10544672 1704748 8432974 20384793
1790321504964 0 97338 18531 2290366946 2244470335 0 0 0 0 0 0 921161207 18974870 4143509504 428802048 75534336 13471840 10686995 1723271 8575663 20732556
1790321505995 0 110981 20586 2290495300 2244583058 0 0 0 0 0 0 921191961 18974995 4144496640 513097728 25612288 13654394 10837821 1754537 8735822 21088907
1790321507017 0 140843 1890 2290625688 2244702335 0 0 0 0 0 0 921215069 18975115 4145029120 580177920 11628544 13823747 10981627 1777645 8834141 21303881
1790321508036 0 30341 19354 2290692492 2244862106 0 0 0 0 0 0 921241234 18975200 4146720768 124268544 99037184 13929566 11071893 1803299 8940760 21842301
1790321509061 0 117327 876 2290853837 2244954892 0 0 0 0 0 0 921280756 18975356 4148600832 507183104 10895360 14161957 11266818 1842821 9045808 21975357
1790321510094 0 103414 11180 2290982185 2245086862 0 0 0 0 0 0 921321798 18975504 4150652928 423583744 67522560 14355172 11429003 1883863 9191346 22315795
1790321511116 0 136077 0 2291108216 2245191352 0 0 0 0 0 0 921355999 18975642 4152389632 546222080 0 14548772 11581051 1918080 9314217 22583373
1790321512136 0 125428 0 2291224570 2245318328 0 0 0 0 0 0 921391426 18975777 4154318848 499855360 0 14726299 11726594 1954016 9402584 22757677
1790321513160 0 29854 1257 2291325174 2245513306 0 0 0 0 0 0 921422752 18975905 4154724352 135790592 9568256 14885141 11857925 1984822 9526690 23097729
1790321514186 0 98523 6490 2291482983 2245597200 0 0 0 0 0 0 921471518 18976091 4156485632 455692288 6361088 15126832 12055174 2034094 9642509 23253463
1790321515208 0 102767 0 2291621107 2245737538 0 0 0 0 0 0 921502968 18976227 4156284928 412741632 0 15312253 12205870 2063139 9743937 23401021
1790321516232 0 115267 7300 2291768960 2245865678 0 0 0 0 0 0 921538012 18976395 4156444672 472133632 56741888 15511567 12369748 2100587 9876980 23651911
1790321517256 0 137577 0 2291901812 2245983305 0 0 0 0 0 0 921571917 18976569 4156919808 552386560 0 15673092 12506454 2132977 10042040 23961555
1790321518276 0 113208 0 2292024630 2246130762 0 0 0 0 0 0 921596159 18976696 4155826176 451342336 0 15831897 12632860 2157712 10143432 24138401
1790321519296 0 38284 0 2292121718 2246302540 0 0 0 0 0 0 921613774 18976804 4155105280 141205504 0 15958969 12730786 2175675 10252633 24479862
1790321520323 0 104956 657 2292286704 2246400333 0 0 0 0 0 0 921637979 18976921 4153577472 438222848 6430720 16156025 12880392 2200552 10343577 24687222
1790321521345 0 72679 6 2292407838 2246554397 0 0 0 0 0 0 921648777 18976991 4151070720 281088000 0 16280116 12983198 2211356 10417343 25015163
1790321522365 0 118647 1825 2292560388 2246659312 0 0 0 0 0 0 921660579 18977082 4148469760 494796800 0 16439907 13112869 2222668 10512481 25209593
1790321523385 0 122342 0 2292717615 2246814545 0 0 0 0 0 0 921669347 18977148 4144500736 482213888 0 16589142 13236178 2231938 10635924 25574963
1790321524404 0 69858 0 2292841424 2246990837 0 0 0 0 0 0 921675011 18977207 4141785088 271638528 0 16713781 13337686 2237111 10733080 25852736
1790321525424 0 101330 0 2292990792 2247108598 0 0 0 0 0 0 921689192 18977289 4139974656 400076800 0 16871456 13472226 2251311 10886332 26193623
1790321526444 0 91134 0 2293132179 2247260151 0 0 0 0 0 0 921702807 18977369 4138078208 359948288 0 17016243 13598305 2264885 11044562 26547127
1790321527467 0 110623 1198 2293265149 2247372567 0 0 0 0 0 0 921724507 18977460 4137996288 463147008 3174400 17175958 13732439 2287088 11249003 26919775
1790321528489 0 65454 43 2293381732 2247535555 0 0 0 0 0 0 921736636 18977525 4137676800 255160320 0 17303738 13842830 2298416 11346785 27172050
1790321529509 0 12416 0 2293503650 2247710445 0 0 0 0 0 0 921751246 18977602 4137869312 38379520 0 17445919 13965231 2313314 11437490 27522864
1790321530530 0 87144 15006 2293677710 2247794902 0 0 0 0 0 0 921777469 18977735 4138946560 354852864 78516224 17661232 14148908 2340045 11588814 27776171
1790321531551 0 118694 13286 2293827659 2247914887 0 0 0 0 0 0 921805706 18977853 4139536384 484360192 74047488 17842957 14309056 2368285 11706792 27958231
1790321532573 0 124242 0 2293948295 2248043286 0 0 0 0 0 0 921827215 18977947 4139851776 494469120 0 17980969 14428733 2389301 11809262 28325028
1790321533592 0 140588 0 2294099804 2248178455 0 0 0 0 0 0 921863591 18978095 4141268992 563544064 0 18182868 14598928 2425235 11881246 28452833
1790321534619 0 18436 1386 2294189191 2248388674 0 0 0 0 0 0 921883640 18978181 4141912064 89591808 25419776 18304285 14700171 2446269 11969146 28665291
1790321535640 0 109992 11 2294367838 2248477020 0 0 0 0 0 0 921921183 18978353 4143783936 436502528 0 18547249 14900139 2483407 12150763 28857226
1790321536660 0 124374 0 2294515261 2248610194 0 0 0 0 0 0 921945341 18978484 4143923200 496926720 0 18734268 15058201 2507415 12276728 29120020
1790321537684 0 96134 0 2294640793 2248763797 0 0 0 0 0 0 921978135 18978612 4145086464 378941440 0 18914119 15205408 2540236 12362915 29297900
1790321538713 0 91874 0 2294769524 2248896886 0 0 0 0 0 0 922020327 18978771 4147367936 374177792 1781760 19104568 15367366 2581934 12497719 29576160
1790321539739 0 10745 1481 2294882544 2249089655 0 0 0 0 0 0 922048652 18978904 4148469760 66457600 6381568 19269330 15502120 2610715 12640611 29975783
1790321540760 0 103896 37 2295054116 2249169385 0 0 0 0 0 0 922089194 18979095 4149837824 411242496 0 19518363 15698549 2651628 12766667 30112071
1790321541780 0 90640 0 2295194399 2249322928 0 0 0 0 0 0 922128715 18979262 4150693888 360591360 0 19730273 15871671 2690871 12943683 30337880
1790321542804 0 92437 0 2295329336 2249456112 0 0 0 0 0 0 922173991 18979435 4152008704 376684544 2727936 19932259 16043708 2735545 13090263 30503288
1790321543831 0 86795 20800 2295475181 2249586894 0 0 0 0 0 0 922218445 18979623 4153921536 458452992 6332416 20168644 16233613 2780513 13149315 30607773
1790321544852 0 61256 1056 2295595378 2249752266 0 0 0 0 0 0 922244704 18979764 4154175488 271376384 10645504 20336359 16372946 2807280 13270140 30859909
1790321545877 0 92452 3504 2295749000 2249872819 0 0 0 0 0 0 922287327 18979924 4155043840 376299520 41787392 20547682 16551011 2849903 13343531 30984303
1790321546902 0 94089 0 2295887077 2250012281 0 0 0 0 0 0 922317668 18980075 4154859520 370728960 0 20720232 16693502 2879733 13444341 31253898
1790321547924 0 105671 33 2296017491 2250131026 0 0 0 0 0 0 922340262 18980188 4154036224 422678528 0 20895858 16830985 2901833 13595029 31627070
1790321548944 0 87740 0 2296156160 2250287740 0 0 0 0 0 0 922367022 18980325 4153344000 353103872 12443648 21072753 16974814 2929087 13733567 31962090
1790321549965 0 98746 462 2296315927 2250436105 0 0 0 0 0 0 922392698 18980456 4151320576 427532288 7819264 21251312 17131018 2954252 13823733 32139635
1790321550989 0 142307 0 2296491287 2250568049 0 0 0 0 0 0 922419382 18980591 4150099968 568377344 0 21465391 17303394 2981506 13989871 32392698
1790321552009 0 145848 2701 2296653337 2250724092 0 0 0 0 0 0 922442010 18980701 4149313536 601829376 0 21645778 17451581 3004629 14139549 32711235
1790321553031 0 115046 2774 2296818265 2250919631 0 0 0 0 0 0 922454401 18980790 4145278976 480624640 29134848 21806477 17588767 3016977 14287122 33021091
1790321554055 0 88387 17319 2296974918 2251088516 0 0 0 0 0 0 922465223 18980885 4142424064 359940096 98623488 21965040 17718996 3027799 14417542 33358650
1790321555080 0 27257 27156 2297105879 2251270752 0 0 0 0 0 0 922478592 18980956 4140371968 231456768 7127040 22101125 17834444 3040948 14594170 33739057
1790321556099 0 146318 0 2297296834 2251369746 0 0 0 0 0 0 922500637 18981060 4138422272 585502720 0 22315058 18010179 3062724 14674523 33841880
1790321557124 0 79218 11124 2297432511 2251561411 0 0 0 0 0 0 922518059 18981136 4137455616 375906304 19226624 22467566 18142120 3080635 14768840 34058267
1790321558144 0 101270 0 2297591775 2251709717 0 0 0 0 0 0 922533945 18981223 4136730624 401793024 0 22641011 18288966 3096044 14837511 34176280
1790321559166 0 94551 0 2297752953 2251877610 0 0 0 0 0 0 922556029 18981334 4136136704 377122816 9695232 22818052 18444428 3118094 14982833 34485106
1790321560192 0 112605 2628 2297911179 2252015572 0 0 0 0 0 0 922577647 18981467 4135784448 495308800 10002432 22994649 18600631 3140221 15076677 34688771
1790321561214 0 144458 0 2298066950 2252141784 0 0 0 0 0 0 922607881 18981616 4136521728 579198976 0 23181731 18764576 3170006 15146613 34855043
1790321562234 0 108639 0 2298197108 2252307673 0 0 0 0 0 0 922626441 18981731 4137021440 425074688 0 23339573 18898001 3189034 15229288 35050749
1790321563254 0 99212 0 2298337210 2252457200 0 0 0 0 0 0 922646492 18981863 4137316352 397434880 0 23514775 19046448 3208568 15365452 35398291
1790321564278 0 87024 23 2298474402 2252606657 0 0 0 0 0 0 922670143 18981991 4137844736 340353024 0 23690032 19193834 3232721 15513422 35769065
1790321565304 0 90187 15541 2298615833 2252729343 0 0 0 0 0 0 922696873 18982112 4138135552 433582080 18644992 23873653 19352006 3259449 15662747 36031644
1790321566322 0 147975 0 2298775285 2252846397 0 0 0 0 0 0 922726103 18982274 4139364352 591282176 0 24084901 19527898 3288204 15759538 36117148
1790321567342 0 125817 0 2298902537 2252995903 0 0 0 0 0 0 922756237 18982424 4140609536 499920896 0 24258803 19674264 3318844 15902131 36469404
1790321568361 0 130147 5440 2299037517 2253121178 0 0 0 0 0 0 922794936 18982601 4142743552 559562752 20189184 24457272 19841099 3357550 16051756 36762124
1790321569380 0 133295 0 2299163824 2253249856 0 0 0 0 0 0 922824767 18982752 4143521792 534065152 0 24628612 19984108 3386377 16272985 37106212
1790321570403 0 90480 6662 2299286533 2253408775 0 0 0 0 0 0 922854148 18982912 4144701440 417587200 5341184 24806462 20132225 3416728 16475938 37456542
1790321571424 0 130798 0 2299431873 2253520257 0 0 0 0 0 0 922903870 18983105 4147023872 524029952 0 25025099 20315064 3465485 16564192 37563825
1790321572443 0 94568 12689 2299556252 2253668133 0 0 0 0 0 0 922935757 18983256 4148195328 449712128 0 25213987 20468923 3497855 16731892 37896902
1790321573468 0 99450 22 2299690216 2253809987 0 0 0 0 0 0 922967155 18983416 4148633600 397066240 0 25400955 20622061 3529222 16799548 38001206
1790321574488 0 147193 0 2299851753 2253923720 0 0 0 0 0 0 923000652 18983600 4148322304 589246464 0 25610743 20797340 3562740 16908988 38145346
1790321575510 0 79739 872 2299971177 2254109830 0 0 0 0 0 0 923036071 18983761 4148994048 347906048 3403776 25784367 20939788 3598209 17062339 38530450
1790321576531 0 148945 0 2300132980 2254203301 0 0 0 0 0 0 923077173 18983950 4149501952 597585920 0 26001019 21119091 3639218 17199929 38727700
1790321577552 0 105946 3836 2300276274 2254385782 0 0 0 0 0 0 923098285 18984060 4148174848 433934336 39821312 26174010 21254835 3660860 17343019 39072848
1790321578573 0 134219 0 2300430650 2254515622 0 0 0 0 0 0 923118814 18984187 4146360320 537411584 0 26347135 21398992 3681457 17487625 39353031
1790321579595 0 126100 0 2300547460 2254640552 0 0 0 0 0 0 923144546 18984288 4145651712 506245120 0 26498471 21520820 3707138 17629880 39746410
1790321580615 0 114943 0 2300675587 2254779816 0 0 0 0 0 0 923161517 18984379 4144128000 457478144 0 26644265 21642776 3723826 17734456 40058154
1790321581634 0 66765 0 2300802774 2254955172 0 0 0 0 0 0 923177719 18984491 4143149056 257142784 0 26788770 21764401 3739779 17875947 40429513
1790321582662 0 101303 584 2300976327 2255093856 0 0 0 0 0 0 923197762 18984597 4141531136 418287616 20000768 26979324 21919456 3760338 18015228 40707898
1790321583685 0 53603 6372 2301121127 2255280436 0 0 0 0 0 0 923210611 18984673 4139687936 217698304 43954176 27118698 22042224 3773187 18081776 40889466
1790321584703 0 120783 25185 2301314797 2255388132 0 0 0 0 0 0 923225507 18984758 4136513536 609107968 9179136 27314038 22201667 3788088 18228539 41134414
1790321585721 0 103719 0 2301442796 2255558310 0 0 0 0 0 0 923239337 18984825 4135669760 409952256 0 27445757 22313005 3801939 18305832 41427583
1790321586741 0 81462 0 2301576131 2255713880 0 0 0 0 0 0 923253164 18984909 4135141376 317300736 0 27592530 22440452 3815809 18457979 41761520
1790321587761 0 69865 10585 2301724224 2255863101 0 0 0 0 0 0 923271238 18984996 4134559744 283983872 65560576 27762970 22587680 3833814 18598061 42098623
1790321588781 0 107308 17688 2301878756 2255973071 0 0 0 0 0 0 923289238 18985105 4134711296 454639616 82644992 27940648 22743246 3851303 18735638 42391126
1790321589802 0 132148 0 2302018923 2256106075 0 0 0 0 0 0 923318884 18985203 4135768064 530796544 0 28102321 22885301 3880002 18895757 42690960
1790321590821 0 86073 0 2302136764 2256269916 0 0 0 0 0 0 923336909 18985280 4135804928 333201408 0 28234132 23003582 3899491 19005185 43045439
1790321591845 0 129342 3126 2302300491 2256387284 0 0 0 0 0 0 923363801 18985409 4136636416 529780736 45699072 28435152 23177660 3926376 19100491 43191515
1790321592867 0 125854 0 2302442324 2256535641 0 0 0 0 0 0 923386402 18985519 4137443328 502894592 0 28600257 23324940 3948474 19226531 43484928
1790321593894 0 99402 756 2302567541 2256686594 0 0 0 0 0 0 923412111 18985636 4138098688 435781632 2605056 28763267 23465690 3974176 19368168 43867923
1790321594921 0 109946 1342 2302708705 2256816694 0 0 0 0 0 0 923444462 18985755 4139212800 465186816 3039232 28939947 23621635 4006528 19500011 44163297
1790321595941 0 93510 745 2302839156 2256964287 0 0 0 0 0 0 923474244 18985884 4140048384 386154496 4419584 29107820 23765858 4036820 19672542 44455091
1790321596961 0 50364 0 2302965070 2257133986 0 0 0 0 0 0 923494291 18985996 4140257280 193814528 0 29267326 23896424 4056363 19778713 44685852
1790321597980 0 127723 4450 2303138144 2257225558 0 0 0 0 0 0 923531261 18986155 4140699648 539877376 22171648 29500593 24096586 4093836 19953394 44882538
1790321599000 0 133645 0 2303258263 2257343911 0 0 0 0 0 0 923569577 18986286 4142673920 532844544 0 29676002 24245536 4132172 20109256 45170098
1790321600025 0 102892 792 2303380556 2257496370 0 0 0 0 0 0 923598889 18986418 4143456256 419352576 37236736 29851817 24392366 4161465 20182999 45343995
1790321601047 0 105256 0 2303518624 2257632681 0 0 0 0 0 0 923633802 18986565 4144603136 418562048 0 30046464 24550900 4195378 20264394 45549685
1790321602066 0 73913 0 2303654262 2257799590 0 0 0 0 0 0 923665169 18986713 4145332224 294821888 0 30225630 24701937 4226277 20404075 45794151
1790321603090 0 85805 26524 2303802240 2257909190 0 0 0 0 0 0 923703175 18986855 4146114560 464809984 14979072 30433675 24881516 4265243 20572233 46066962
1790321604113 0 98391 657 2303910554 2258030865 0 0 0 0 0 0 923731554 18986972 4146839552 411734016 3768320 30594268 25010721 4293620 20656348 46201773
1790321605132 0 120818 0 2304051443 2258149800 0 0 0 0 0 0 923762658 18987126 4147548160 479457280 0 30778298 25165813 4325264 20817851 46489882
1790321606151 0 72592 30 2304176255 2258322852 0 0 0 0 0 0 923782701 18987223 4146720768 281726976 0 30929106 25288012 4345290 20964459 46877870
1790321607171 0 32 0 2304191521 2258410768 0 0 0 0 0 0 923864528 18987589 4170977280 131072 0 31024490 25375640 4425002 21003551 46951805
1790321608191 0 33 0 2304191522 2258410768 0 0 0 0 0 0 924017587 18988062 4180246528 131072 0 31199817 25526816 4578442 21060929 46971558
1790321609211 0 33 0 2304191522 2258410768 0 0 0 0 0 0 924077754 18988222 2746429440 86016 0 31275111 25587621 4640330 21085603 46987747
