1790328455057 0 0 0 2860868431 2815060212 0 0 0 0 0 0 1165418822 19768389 - - - - - - - -
1790328456381 0 129647 0 2861206933 2815268973 0 0 0 0 0 0 1165418823 19768479 1329446912 486576128 0 0 0 1 0 12680
1790328457413 0 160601 2462 2861396645 2815425255 0 0 0 0 0 0 1165418823 19768482 2139525120 658673664 16584704 0 0 1 0 49284
1790328458439 0 161900 1991 2861555616 2815583488 0 0 0 0 0 0 1165418823 19768482 2771546112 649220096 2494464 0 0 1 0 233662
1790328459464 0 156897 4165 2861716890 2815747627 0 0 0 0 0 0 1165418823 19768482 3426131968 636092416 6926336 0 0 1 0 382764
1790328460492 0 154347 2208 2861882182 2815917306 0 0 0 0 0 0 1165418823 19768482 4104548352 629645312 8388608 0 0 1 0 511662
1790328461529 0 147869 674 2862045341 2816088487 0 0 0 0 0 0 1165421349 19768484 4140838912 605380608 16175104 262526 161589 2527 55287 602457
1790328462562 0 162798 2793 2862222972 2816249173 0 0 0 0 0 0 1165433003 19768501 4140171264 668745728 6754304 509770 350021 14184 95633 734577
1790328463586 0 156569 6136 2862384184 2816413123 0 0 0 0 0 0 1165444537 19768514 4139597824 613625856 33554432 709309 517489 25333 142589 839873
1790328464628 0 169792 5337 2862564310 2816580979 0 0 0 0 0 0 1165464003 19768544 4139548672 725200896 8388608 946891 716761 44155 181066 1011232
1790328465681 0 89739 14355 2862650343 2816737961 0 0 0 0 0 0 1165473220 19768612 4139442176 415703040 12611584 1086443 816419 54408 234491 1459798
1790328466701 0 127405 511 2862793375 2816857213 0 0 0 0 0 0 1165493300 19768798 4139905024 515887104 9441280 1314058 979838 74479 290730 1747064
1790328467722 0 124613 21 2862922340 2816989419 0 0 0 0 0 0 1165520997 19768952 4141129728 487456768 0 1514136 1129772 100144 329209 2095323
1790328468746 0 86587 0 2863027512 2817132773 0 0 0 0 0 0 1165542588 19769074 4142235648 330321920 0 1670634 1255775 121723 396130 2493899
1790328469778 0 108080 7648 2863183143 2817259162 0 0 0 0 0 0 1165576964 19769241 4143992832 471547904 10051584 1925509 1450186 156645 453000 2768173
1790328470824 0 92100 6785 2863308449 2817401346 0 0 0 0 0 0 1165599586 19769342 4145082368 377139200 27987968 2114801 1600033 180764 499715 3084192
1790328471847 0 105486 0 2863473673 2817559918 0 0 0 0 0 0 1165642183 19769503 4146749440 408305664 0 2374143 1799567 221825 559498 3404641
1790328472879 0 49425 10615 2863587204 2817719245 0 0 0 0 0 0 1165662817 19769660 4146786304 202498048 43479040 2554336 1940863 243997 735186 3696312
1790328473922 0 69546 25312 2863746941 2817843868 0 0 0 0 0 0 1165702376 19769864 4147560448 285093888 103673856 2822408 2139477 283557 809434 3980827
1790328474946 0 98009 1897 2863896513 2817988286 0 0 0 0 0 0 1165738356 19770044 4147699712 394944512 21651456 3060914 2321840 318519 857398 4141533
1790328475973 0 113650 2624 2864047018 2818122498 0 0 0 0 0 0 1165776815 19770363 4147703808 472506368 25165824 3314859 2510033 357992 978543 4495328
1790328477009 0 84735 1859 2864169769 2818274847 0 0 0 0 0 0 1165819977 19770604 4148871168 339034112 32747520 3532121 2676337 401213 1067922 4791249
1790328478032 0 89027 6198 2864301262 2818397884 0 0 0 0 0 0 1165861122 19770766 4149448704 384987136 20410368 3761488 2849239 442299 1135320 5054223
1790328479051 0 146927 4088 2864475859 2818516536 0 0 0 0 0 0 1165909403 19770959 4148731904 608141312 7999488 4050248 3071791 490068 1200414 5227369
1790328480079 0 144996 4097 2864621417 2818664080 0 0 0 0 0 0 1165959715 19771141 4149784576 612524032 10809344 4310541 3262153 539883 1263740 5420228
1790328481115 0 140959 4066 2864762974 2818809637 0 0 0 0 0 0 1166018259 19771326 4150370304 575311872 25165824 4579561 3465456 599438 1310616 5628905
1790328482152 0 126977 5978 2864895485 2818954244 0 0 0 0 0 0 1166066038 19771468 4150636544 535539712 47779840 4802681 3637887 646969 1358776 5825546
1790328483174 0 87974 2537 2865020276 2819121489 0 0 0 0 0 0 1166112249 19771630 4150214656 371933184 8196096 5012603 3791982 691908 1412951 6024001
1790328484209 0 92123 22028 2865186135 2819263831 0 0 0 0 0 0 1166176914 19771828 4149309440 467333120 9846784 5287143 3985322 756555 1480374 6311543
1790328485234 0 75607 23919 2865320666 2819413001 0 0 0 0 0 0 1166227705 19771992 4149399552 406233088 6914048 5486471 4130789 808880 1531090 6645222
1790328486254 0 93259 11355 2865459460 2819546655 0 0 0 0 0 0 1166262969 19772109 4147412992 378011648 60354560 5668282 4260193 844166 1581931 6812388
1790328487277 0 96305 1064 2865589888 2819684283 0 0 0 0 0 0 1166302004 19772238 4145537024 405037056 3641344 5854942 4389760 882692 1642293 7072591
1790328488309 0 31900 0 2865692263 2819852057 0 0 0 0 0 0 1166320987 19772318 4143169536 104419328 0 6005724 4482250 900318 1683179 7211511
1790328489329 0 83748 3548 2865852603 2819957042 0 0 0 0 0 0 1166373371 19772475 4141002752 343031808 30371840 6278561 4659530 954548 1747160 7322858
1790328490351 0 81700 31590 2865993744 2820072244 0 0 0 0 0 0 1166416976 19772608 4138967040 330629120 143441920 6516042 4815767 997683 1803402 7487466
1790328491373 0 87900 1 2866109716 2820213540 0 0 0 0 0 0 1166454396 19772714 4137824256 331833344 0 6689481 4938462 1033084 1867957 7815965
1790328492397 0 91619 51 2866244428 2820344585 0 0 0 0 0 0 1166484664 19772818 4134633472 351240192 0 6887741 5077598 1061311 1925334 7978359
1790328493433 0 60242 3650 2866359500 2820487543 0 0 0 0 0 0 1166524807 19772967 4134346752 282357760 10702848 7095211 5218306 1104962 1990919 8295427
1790328494479 0 81342 0 2866513598 2820624049 0 0 0 0 0 0 1166566284 19773155 4133208064 306806784 0 7329938 5384713 1146584 2084379 8516665
1790328495507 0 51041 4526 2866631766 2820768243 0 0 0 0 0 0 1166604350 19773310 4132720640 247816192 2805760 7521638 5528535 1185100 2158714 8712300
1790328496531 0 106181 0 2866806758 2820892324 0 0 0 0 0 0 1166671596 19773552 4133171200 415043584 0 7813805 5739522 1249637 2245842 8949891
1790328497553 0 95457 0 2866927146 2821023397 0 0 0 0 0 0 1166701738 19773691 4132417536 367386624 0 7999076 5875254 1279969 2306012 9164596
1790328498576 0 44723 0 2867044862 2821191907 0 0 0 0 0 0 1166741385 19773842 4133126144 158453760 0 8195714 6019333 1320509 2367087 9356223
1790328499598 0 120064 0 2867203295 2821274852 0 0 0 0 0 0 1166783944 19774000 4132229120 469647360 0 8447691 6202280 1363285 2443949 9479295
1790328500621 0 68581 19 2867305273 2821428392 0 0 0 0 0 0 1166815854 19774112 4132528128 256774144 2101248 8608174 6328562 1396519 2505169 9722998
1790328501650 0 87381 0 2867445982 2821550311 0 0 0 0 0 0 1166862017 19774270 4131561472 343212032 0 8827877 6494430 1441705 2587986 9961643
1790328502669 0 139133 2666 2867611364 2821661358 0 0 0 0 0 0 1166907696 19774439 4132274176 583200768 7815168 9089223 6697210 1488925 2660134 10079930
1790328503693 0 17966 1552 2867678685 2821851243 0 0 0 0 0 0 1166928800 19774511 4132216832 85151744 4698112 9192806 6775901 1509542 2710154 10334969
1790328504717 0 64774 2104 2867846746 2821971516 0 0 0 0 0 0 1166963218 19774680 4131446784 268972032 16969728 9445612 6962618 1544407 2774604 10555048
1790328505750 0 61954 0 2867990504 2822120083 0 0 0 0 0 0 1166995616 19774823 4130897920 227049472 0 9641221 7115899 1575262 2835730 10762327
1790328506778 0 87724 6548 2868147134 2822244639 0 0 0 0 0 0 1167037250 19774980 4130783232 357883904 41480192 9889333 7308293 1618427 2903916 10949865
1790328507802 0 123261 4421 2868281116 2822345202 0 0 0 0 0 0 1167075215 19775122 4131282944 504987648 30232576 10088118 7468865 1656424 2967663 11108058
1790328508827 0 18245 24963 2868380808 2822529258 0 0 0 0 0 0 1167098884 19775217 4131008512 185335808 4636672 10232375 7582683 1680061 3022626 11357798
1790328509847 0 100394 7951 2868552958 2822636404 0 0 0 0 0 0 1167155339 19775403 4132024320 409120768 53104640 10502016 7799671 1736537 3092414 11540708
1790328510871 0 92808 883 2868671608 2822769705 0 0 0 0 0 0 1167188685 19775506 4133113856 386867200 13385728 10679209 7937163 1768838 3141549 11707574
1790328511901 0 61891 1102 2868786958 2822916257 0 0 0 0 0 0 1167225154 19775627 4133675008 266309632 1347584 10856876 8078212 1805314 3186184 11905279
1790328512923 0 131085 0 2868938997 2822999609 0 0 0 0 0 0 1167263169 19775758 4134387712 513458176 0 11088137 8253256 1843835 3254756 12013657
1790328513951 0 75673 3232 2869048004 2823160821 0 0 0 0 0 0 1167284246 19775844 4133646336 309977088 28606464 11251586 8379206 1865423 3301027 12194368
1790328514990 0 95593 0 2869205750 2823301939 0 0 0 0 0 0 1167328841 19776002 4134064128 365051904 0 11474817 8552405 1909591 3356712 12329537
1790328516028 0 0 9228 2869290046 2823472610 0 0 0 0 0 0 1167351524 19776073 4133830656 0 50851840 11602134 8651214 1932701 3392436 12453048
1790328517055 0 97955 0 2869458793 2823552487 0 0 0 0 0 0 1167397212 19776222 4134166528 375721984 0 11831393 8832489 1975329 3462799 12586450
1790328518095 0 108761 0 2869590287 2823673320 0 0 0 0 0 0 1167428028 19776331 4134039552 421658624 0 12024491 8977052 2007670 3542322 12758572
1790328519124 0 25959 866 2869698549 2823863804 0 0 0 0 0 0 1167467717 19776434 4134375424 115310592 1110016 12192295 9103421 2046583 3610671 13089437
1790328520155 0 76889 0 2869874257 2823989041 0 0 0 0 0 0 1167537432 19776640 4136697856 285495296 0 12467030 9307571 2116348 3680198 13302804
1790328521183 0 91999 11587 2870026573 2824114706 0 0 0 0 0 0 1167578309 19776799 4136382464 431161344 0 12706544 9471908 2159486 3750415 13455620
1790328522213 0 82389 7300 2870134082 2824236406 0 0 0 0 0 0 1167616327 19776949 4136140800 337473536 44056576 12902043 9602398 2197515 3828113 13733421
1790328523233 0 95612 24382 2870271202 2824343025 0 0 0 0 0 0 1167648164 19777087 4134703104 505995264 0 13112821 9744135 2229362 3909966 13906434
1790328524253 0 70138 2014 2870397548 2824517030 0 0 0 0 0 0 1167687726 19777243 4134203392 305221632 2551808 13305738 9881021 2268390 3969002 14115155
1790328525282 0 84337 0 2870553296 2824660791 0 0 0 0 0 0 1167737692 19777426 4132626432 319012864 0 13543904 10051012 2315823 4019623 14260806
1790328526317 0 75535 0 2870692097 2824808249 0 0 0 0 0 0 1167776134 19777591 4130521088 283693056 0 13749094 10200674 2354756 4084175 14482621
1790328527343 0 98554 1396 2870825928 2824917731 0 0 0 0 0 0 1167825375 19777758 4131364864 410542080 3772416 13975152 10366642 2404938 4159994 14761091
1790328528368 0 107787 0 2870963946 2825047886 0 0 0 0 0 0 1167873078 19777944 4132126720 419000320 0 14181834 10528583 2452269 4243551 14926969
1790328529396 0 2724 58 2871057281 2825246255 0 0 0 0 0 0 1167898544 19778073 4132040704 5103616 30781440 14335611 10641422 2479531 4291969 15196727
1790328530445 0 88750 511 2871241553 2825344107 0 0 0 0 0 0 1167967978 19778324 4132962304 371523584 11407360 14648236 10867026 2548728 4361776 15322918
1790328531479 0 65643 0 2871352618 2825478732 0 0 0 0 0 0 1168000416 19778458 4132671488 245354496 0 14808932 10987491 2580052 4454235 15561770
1790328532505 0 90474 73 2871508360 2825609809 0 0 0 0 0 0 1168051725 19778681 4132364288 348073984 0 15062797 11172049 2630388 4516049 15702289
1790328533531 0 97535 0 2871638500 2825732687 0 0 0 0 0 0 1168084111 19778843 4131368960 372781056 0 15255786 11317306 2663821 4581344 15926267
1790328534554 0 26189 1533 2871727031 2825891367 0 0 0 0 0 0 1168115503 19778969 4131635200 115367936 0 15399848 11428751 2695159 4639731 16281227
1790328535578 0 117378 0 2871906061 2825980480 0 0 0 0 0 0 1168175609 19779232 4131979264 458039296 0 15686988 11646629 2755783 4710275 16409524
1790328536598 0 78494 16526 2872016150 2826112807 0 0 0 0 0 0 1168216705 19779391 4132913152 366985216 35553280 15876694 11790848 2797374 4761679 16611277
1790328537635 0 65470 0 2872121469 2826247786 0 0 0 0 0 0 1168238471 19779509 4131885056 244527104 1015808 16027883 11899723 2819482 4823008 16807813
1790328538685 0 72089 1207 2872252346 2826370923 0 0 0 0 0 0 1168291663 19779726 4132868096 292581376 49356800 16261414 12072992 2872908 4902810 17024040
1790328539744 0 6764 1022 2872353503 2826537552 0 0 0 0 0 0 1168326924 19779861 4132663296 48529408 2019328 16414803 12192642 2906793 4970331 17278432
1790328540793 0 95992 12 2872542639 2826638309 0 0 0 0 0 0 1168391374 19780139 4132065280 403619840 4440064 16704413 12417746 2971527 5032038 17382182
1790328541831 0 126205 718 2872672519 2826737325 0 0 0 0 0 0 1168429921 19780311 4131643392 520617984 3944448 16921850 12577158 3010074 5107764 17590322
1790328542864 0 108401 0 2872780863 2826864264 0 0 0 0 0 0 1168468431 19780476 4132536320 417685504 0 17087004 12707097 3048004 5169422 17851222
1790328543890 0 144041 0 2872931260 2826978954 0 0 0 0 0 0 1168509143 19780662 4131954688 568877056 0 17315414 12878019 3088229 5229242 18003563
1790328544922 0 47827 993 2872991966 2827135059 0 0 0 0 0 0 1168528063 19780758 4131643392 207089664 7512064 17413241 12953117 3107755 5277140 18288503
1790328545962 0 87338 0 2873135402 2827239708 0 0 0 0 0 0 1168573415 19780955 4131258368 338300928 0 17633010 13119510 3151776 5344517 18459855
1790328546989 0 73806 6816 2873269488 2827380671 0 0 0 0 0 0 1168611475 19781154 4131160064 344924160 7880704 17843524 13281522 3192139 5409251 18737859
1790328548022 0 104148 0 2873408039 2827495714 0 0 0 0 0 0 1168652702 19781343 4131315712 402378752 0 18060155 13439990 3232213 5476122 18915301
1790328549055 0 57698 0 2873517226 2827651363 0 0 0 0 0 0 1168689523 19781492 4131479552 218431488 6631424 18242599 13571896 3269167 5543413 19254744
1790328550099 0 43000 0 2873668343 2827817144 0 0 0 0 0 0 1168734535 19781732 4131598336 178446336 6627328 18476300 13746893 3315203 5599427 19451306
1790328551129 0 70106 6570 2873833441 2827948480 0 0 0 0 0 0 1168785876 19781969 4130988032 308449280 0 18723452 13933821 3367071 5641605 19588055
1790328552159 0 115623 10001 2873998878 2828065094 0 0 0 0 0 0 1168829088 19782173 4129718272 469110784 57311232 18967484 14117194 3410264 5725542 19842116
1790328553187 0 75906 3962 2874131312 2828243294 0 0 0 0 0 0 1168870705 19782358 4130369536 334540800 8052736 19169797 14263517 3451367 5809041 20083416
1790328554222 0 99726 1256 2874308978 2828399759 0 0 0 0 0 0 1168920514 19782583 4129591296 407109632 22106112 19438951 14460477 3501718 5875279 20275630
1790328555245 0 88106 66 2874470190 2828573748 0 0 0 0 0 0 1168969321 19782788 4129267712 334004224 0 19674917 14634761 3548656 5932262 20449093
1790328556269 0 143120 0 2874655134 2828703710 0 0 0 0 0 0 1169018968 19782997 4127895552 563150848 0 19970216 14840562 3599297 5994556 20625656
1790328557293 0 75354 7300 2874777516 2828886749 0 0 0 0 0 0 1169049860 19783152 4127690752 339886080 0 20162537 14976102 3629498 6046013 20892119
1790328558321 0 102058 0 2874945893 2829035554 0 0 0 0 0 0 1169085929 19783342 4125110272 391290880 0 20398876 15150521 3665428 6117082 21049515
1790328559347 0 96008 8493 2875112418 2829199744 0 0 0 0 0 0 1169141391 19783586 4125425664 393523200 57470976 20664351 15355029 3722599 6192336 21226063
1790328560366 0 61917 0 2875260315 2829389964 0 0 0 0 0 0 1169186632 19783808 4126203904 229994496 0 20882639 15520823 3767829 6253097 21481102
1790328561389 0 74898 14248 2875437043 2829539986 0 0 0 0 0 0 1169239530 19784056 4126375936 307408896 79351808 21170095 15733362 3820236 6320511 21641650
1790328562415 0 51509 599 2875590784 2829730573 0 0 0 0 0 0 1169291464 19784298 4127277056 245002240 2916352 21409805 15912694 3872127 6404833 21869367
1790328563447 0 104598 46 2875794341 2829881487 0 0 0 0 0 0 1169357818 19784583 4126699520 400515072 0 21714805 16144062 3935815 6467374 22001285
1790328564479 0 70433 42 2875890365 2830011572 0 0 0 0 0 0 1169379817 19784694 4126826496 263200768 0 21860331 16251684 3960993 6533240 22266013
1790328565501 0 47824 2284 2876021848 2830163488 0 0 0 0 0 0 1169412711 19784847 4125962240 191893504 31002624 22060689 16407155 3993899 6607322 22506938
1790328566522 0 72677 0 2876186006 2830304954 0 0 0 0 0 0 1169456908 19785061 4125433856 272011264 0 22301086 16585126 4036554 6697628 22696855
1790328567556 0 85346 657 2876364504 2830470421 0 0 0 0 0 0 1169505669 19785294 4124971008 323448832 0 22564069 16790903 4085908 6756142 22842333
1790328568589 0 77620 12118 2876530925 2830632841 0 0 0 0 0 0 1169553955 19785509 4124073984 384503808 0 22802650 16984135 4134537 6807870 22988983
1790328569609 0 73110 1509 2876663414 2830780535 0 0 0 0 0 0 1169581825 19785667 4123099136 313806848 2945024 22996830 17129498 4162512 6869873 23200684
1790328570628 0 65082 8415 2876844733 2830963071 0 0 0 0 0 0 1169622486 19785906 4122865664 306675712 12111872 23247107 17330184 4203669 6930480 23363356
1790328571648 0 100846 0 2876987121 2831077975 0 0 0 0 0 0 1169669188 19786125 4124397568 390107136 0 23459351 17495193 4248887 7018497 23579203
1790328572669 0 86533 3256 2877146364 2831248295 0 0 0 0 0 0 1169715482 19786341 4124815360 383610880 1581056 23705776 17687222 4296690 7100911 23809230
1790328573692 0 111548 1314 2877338035 2831416683 0 0 0 0 0 0 1169765968 19786578 4124332032 460423168 30072832 23980223 17900003 4347170 7173165 24038655
1790328574721 0 79977 2917 2877480708 2831589618 0 0 0 0 0 0 1169805487 19786762 4124446720 326664192 26910720 24192217 18059588 4386719 7235857 24238122
1790328575745 0 53502 2524 2877617469 2831753100 0 0 0 0 0 0 1169842958 19786949 4125028352 213716992 0 24400909 18211207 4422710 7306831 24472743
1790328576773 0 56566 0 2877774844 2831909988 0 0 0 0 0 0 1169886177 19787180 4123992064 206647296 0 24628657 18386273 4465395 7386153 24706254
1790328577797 0 124990 2482 2877956100 2832020420 0 0 0 0 0 0 1169941729 19787433 4124299264 510500864 0 24914639 18595268 4521372 7458622 24842587
1790328578819 0 96227 7409 2878093079 2832181216 0 0 0 0 0 0 1169964909 19787595 4123099136 394145792 51421184 25102326 18734535 4546085 7532421 25038094
1790328579843 0 104256 0 2878257775 2832345225 0 0 0 0 0 0 1170011081 19787817 4123484160 401149952 0 25332363 18903150 4590865 7604862 25197913
1790328580869 0 24977 0 2878374092 2832540810 0 0 0 0 0 0 1170039792 19787960 4123504640 74911744 0 25496437 19029962 4620653 7670299 25502915
1790328581893 0 86669 1606 2878572905 2832676448 0 0 0 0 0 0 1170100331 19788204 4123992064 354865152 25153536 25792173 19260351 4681511 7724878 25654117
1790328582937 0 103147 398 2878725213 2832813614 0 0 0 0 0 0 1170142445 19788394 4123852800 435769344 1683456 26012471 19429912 4723622 7795517 25894422
1790328583957 0 98796 7972 2878880973 2832966100 0 0 0 0 0 0 1170187032 19788596 4124561408 400494592 45592576 26249249 19605320 4768209 7872323 26111899
1790328584977 0 70495 3270 2879007348 2833125607 0 0 0 0 0 0 1170218402 19788752 4124561408 284618752 35868672 26431169 19742617 4799579 7928510 26276008
1790328586001 0 78972 0 2879164116 2833276805 0 0 0 0 0 0 1170267440 19788971 4125286400 296001536 0 26669753 19918434 4847381 8005621 26483742
1790328587027 0 59198 13 2879303972 2833436552 0 0 0 0 0 0 1170309528 19789159 4125753344 237678592 1601536 26883459 20080803 4889173 8066818 26643011
1790328588061 0 111671 1095 2879488115 2833567298 0 0 0 0 0 0 1170374259 19789461 4126859264 470323200 8151040 27195095 20305943 4954413 8142508 26838199
1790328589088 0 66241 2129 2879610825 2833734285 0 0 0 0 0 0 1170414296 19789646 4126973952 300433408 2842624 27393130 20447272 4994457 8232619 27155743
1790328590124 0 78614 57 2879788425 2833901428 0 0 0 0 0 0 1170462590 19789898 4125904896 298811392 0 27649246 20641246 5042756 8304367 27378168
1790328591146 0 49437 0 2879931987 2834074332 0 0 0 0 0 0 1170506302 19790132 4125446144 178954240 0 27873963 20803481 5086430 8358223 27583652
1790328592178 0 118426 6448 2880115906 2834182885 0 0 0 0 0 0 1170574133 19790467 4125982720 523730944 27971584 28174016 21030461 5154816 8419438 27726977
1790328593229 0 72532 3843 2880259214 2834374944 0 0 0 0 0 0 1170609652 19790677 4124815360 330125312 11665408 28373713 21184460 5190317 8483644 27910791
1790328594265 0 127282 5329 2880435311 2834494374 0 0 0 0 0 0 1170663967 19790928 4124991488 535171072 0 28646596 21388566 5244282 8552624 28084254
1790328595291 0 101734 0 2880589453 2834679500 0 0 0 0 0 0 1170706775 19791148 4124676096 396218368 0 28873786 21562499 5286699 8618953 28349988
1790328596330 0 54141 14 2880714982 2834852603 0 0 0 0 0 0 1170743977 19791379 4124983296 202440704 10993664 29061814 21709037 5322960 8676616 28537251
1790328597372 0 99610 7125 2880875105 2834960193 0 0 0 0 0 0 1170789579 19791611 4124008448 403816448 46977024 29312536 21895249 5370244 8744531 28674821
1790328598393 0 74630 0 2881016101 2835133172 0 0 0 0 0 0 1170835065 19791869 4125196288 283529216 0 29530514 22060332 5414959 8825173 28949957
1790328599413 0 94624 6424 2881186435 2835277128 0 0 0 0 0 0 1170890365 19792180 4125691904 381276160 48029696 29799735 22265790 5471027 8916242 29154485
1790328600434 0 57580 1562 2881333837 2835466345 0 0 0 0 0 0 1170928432 19792404 4125364224 250781696 6049792 30009252 22427618 5508596 8975941 29400038
1790328601459 0 106791 0 2881519079 2835603970 0 0 0 0 0 0 1170981920 19792742 4125171712 413519872 0 30282678 22635409 5559843 9045692 29560905
1790328602484 0 88148 726 2881682626 2835785946 0 0 0 0 0 0 1171023640 19792985 4125396992 374198272 0 30528577 22822814 5604315 9135684 29822344
1790328603513 0 66347 18 2881832009 2835957224 0 0 0 0 0 0 1171063594 19793205 4124901376 266506240 2871296 30738277 22987137 5643385 9188768 30014759
1790328604541 0 71313 5110 2882009785 2836125235 0 0 0 0 0 0 1171107490 19793464 4124545024 330194944 9138176 31002587 23186090 5688658 9259590 30190297
1790328605569 0 53136 1320 2882152584 2836290195 0 0 0 0 0 0 1171145495 19793657 4124844032 239976448 1765376 31209573 23338154 5725185 9324902 30438584
1790328606600 0 116467 11536 2882336098 2836399867 0 0 0 0 0 0 1171205679 19793949 4125462528 474996736 64016384 31493488 23554188 5786329 9394581 30594970
1790328607622 0 70365 7917 2882456325 2836569794 0 0 0 0 0 0 1171246226 19794157 4125782016 288477184 45469696 31680297 23696622 5827445 9467954 30843736
1790328608644 0 45416 8303 2882600197 2836738198 0 0 0 0 0 0 1171284321 19794361 4125368320 238190592 3219456 31902007 23850339 5865502 9539723 31038882
1790328609668 0 67377 8489 2882768241 2836884088 0 0 0 0 0 0 1171327547 19794626 4125048832 275976192 52781056 32171353 24040514 5908699 9618032 31249226
1790328610688 0 96428 17847 2882940947 2837018671 0 0 0 0 0 0 1171377395 19794914 4124811264 485355520 0 32435432 24236506 5958083 9679843 31454927
1790328611709 0 72549 14 2883080570 2837199676 0 0 0 0 0 0 1171420551 19795141 4124344320 274919424 0 32644882 24391230 5998706 9745276 31644698
1790328612729 0 89981 10502 2883256817 2837348217 0 0 0 0 0 0 1171475539 19795401 4124102656 364675072 59318272 32921702 24597013 6056242 9823154 31819075
1790328613749 0 60676 627 2883400894 2837531508 0 0 0 0 0 0 1171525355 19795612 4125503488 251248640 3092480 33156974 24768587 6104978 9897432 32109927
1790328614772 0 87213 8894 2883581353 2837677058 0 0 0 0 0 0 1171569584 19795858 4125290496 411226112 4468736 33414995 24966363 6150735 9964532 32258984
1790328615802 0 79349 14535 2883728847 2837826732 0 0 0 0 0 0 1171619481 19796154 4125409280 367632384 42971136 33655599 25144178 6200633 10039658 32474488
1790328616827 0 70255 59 2883891355 2838012837 0 0 0 0 0 0 1171663604 19796395 4124446720 270401536 4145152 33889638 25321655 6242785 10103663 32637611
1790328617848 0 114008 0 2884066200 2838143896 0 0 0 0 0 0 1171711628 19796685 4123299840 444567552 0 34149282 25517235 6291756 10176166 32847904
1790328618873 0 72566 8203 2884183470 2838294480 0 0 0 0 0 0 1171747628 19796870 4123955200 341118976 2224128 34341341 25662174 6328780 10266992 33121859
1790328619892 0 98211 0 2884355514 2838448985 0 0 0 0 0 0 1171804202 19797190 4124692480 377057280 0 34610753 25863293 6384854 10351229 33467981
1790328620915 0 81885 2842 2884515692 2838622848 0 0 0 0 0 0 1171854546 19797417 4125302784 355733504 3424256 34863286 26058285 6435189 10434073 33716686
1790328621944 0 93587 0 2884692995 2838791069 0 0 0 0 0 0 1171915132 19797742 4125962240 361086976 0 35136012 26265773 6494848 10524844 33962098
1790328622965 0 138369 0 2884876085 2838929310 0 0 0 0 0 0 1171981471 19798043 4127555584 547016704 0 35451385 26494130 6561089 10580860 34126678
1790328623986 0 125163 0 2885022430 2839089055 0 0 0 0 0 0 1172018986 19798244 4126375936 486019072 0 35669658 26657456 6599118 10652395 34374732
1790328625007 0 130672 0 2885197134 2839258016 0 0 0 0 0 0 1172073743 19798514 4125908992 512086016 0 35942073 26862162 6653604 10722541 34602462
1790328626030 0 94526 13235 2885341199 2839425176 0 0 0 0 0 0 1172117728 19798761 4125569024 410435584 41766912 36174881 27037124 6698369 10801741 34868789
1790328627057 0 76393 320 2885495875 2839610951 0 0 0 0 0 0 1172155820 19799018 4125192192 341188608 0 36394691 27208642 6736981 10858397 35071530
1790328628084 0 64559 0 2885643098 2839770213 0 0 0 0 0 0 1172189781 19799237 4124176384 243847168 0 36621268 27371141 6768899 10930539 35255319
1790328629111 0 84570 0 2885799239 2839906397 0 0 0 0 0 0 1172234015 19799473 4124037120 315645952 0 36854903 27546521 6813118 10993669 35474253
1790328630138 0 58719 4891 2885939306 2840067422 0 0 0 0 0 0 1172276173 19799708 4124143616 292786176 1572864 37068144 27714101 6857342 11069065 35706571
1790328631173 0 101954 14551 2886130765 2840206156 0 0 0 0 0 0 1172340954 19800044 4124286976 496234496 2957312 37373880 27947365 6922132 11126625 35857403
1790328632194 0 77733 65 2886287961 2840402071 0 0 0 0 0 0 1172390668 19800280 4125388800 298278912 0 37617748 28131011 6970940 11199066 36095426
1790328633222 0 64773 10649 2886445302 2840561673 0 0 0 0 0 0 1172438096 19800533 4125794304 297267200 35491840 37873569 28313120 7019277 11244064 36238937
1790328634259 0 70683 10 2886613792 2840734788 0 0 0 0 0 0 1172487486 19800805 4125216768 281108480 40001536 38116167 28498310 7068126 11322278 36516279
1790328635306 0 50977 0 2886768188 2840908903 0 0 0 0 0 0 1172531719 19801040 4124131328 186298368 0 38340122 28661960 7110315 11382366 36722464
1790328636331 0 28212 25749 2886910648 2841048403 0 0 0 0 0 0 1172565246 19801251 4122583040 125194240 113065984 38562072 28825955 7146424 11432476 36825360
1790328637351 0 32 0 2886910659 2841102408 0 0 0 0 0 0 1172671242 19801833 4152049664 131072 0 38663822 28922094 7249757 11457387 36887407
1790328638370 0 33 0 2886910660 2841102408 0 0 0 0 0 0 1172838679 19802529 4160004096 131072 0 38866338 29088338 7417943 11539282 36921320
1790328639390 0 33 0 2886910660 2841102408 0 0 0 0 0 0 1172986662 19803215 4168110080 131072 0 39077361 29236242 7567826 11625860 36956463
