1790320038338 0 0 0 2191862629 2146100409 0 0 0 0 0 0 850721188 18770075 - - - - - - - -
1790320039513 0 101559 1460 2192165631 2146300459 0 0 0 0 0 0 850721190 18770187 1183862784 466055168 8876032 0 0 2 0 4827
1790320040575 0 118425 1744 2192405754 2146523536 0 0 0 0 0 0 850721190 18770187 2182807552 551702528 65503232 0 0 2 0 11193
1790320041640 0 149869 2052 2192664446 2146750283 0 0 0 0 0 0 850721190 18770187 3250491392 614481920 7413760 0 0 2 0 34731
1790320042671 0 122906 2144 2192865951 2146978681 0 0 0 0 0 0 850721190 18770187 4052918272 491589632 8679424 0 0 2 0 98597
1790320043696 0 151162 123 2193110198 2147196645 0 0 0 0 0 0 850732259 18770201 4140453888 603537408 12353536 410296 236087 10603 50867 144584
1790320044718 0 139254 5406 2193341991 2147435526 0 0 0 0 0 0 850755040 18770234 4139679744 562016256 22065152 749396 489752 32929 108050 318937
1790320045739 0 124293 16206 2193528512 2147625752 0 0 0 0 0 0 850783036 18770274 4140257280 576647168 41193472 1027662 707332 60840 146218 441605
1790320046765 0 90439 0 2193654977 2147802343 0 0 0 0 0 0 850807669 18770462 4141400064 345575424 0 1290033 854002 85981 219609 802238
1790320047787 0 99202 56 2193824476 2147963109 0 0 0 0 0 0 850852086 18770681 4144050176 383692800 0 1601868 1066940 129943 270831 954716
1790320048808 0 96654 0 2193985816 2148126951 0 0 0 0 0 0 850895950 18771358 4146532352 371671040 0 1885500 1270560 173751 324556 1224069
1790320049833 0 84742 13183 2194136923 2148276778 0 0 0 0 0 0 850949208 18771540 4149841920 346652672 53563392 2167650 1479859 227509 381215 1337110
1790320050858 0 95397 12079 2194300763 2148431033 0 0 0 0 0 0 851001737 18771762 4151955456 390086656 49745920 2481968 1694840 279533 466571 1452970
1790320051899 0 8869 0 2194414676 2148643384 0 0 0 0 0 0 851050794 18771972 4154589184 13381632 0 2712681 1848766 326241 558721 1635498
1790320052958 0 136780 0 2194625452 2148726328 0 0 0 0 0 0 851142629 18772300 4157394944 542003200 0 3145638 2151017 417823 649294 1682597
1790320053982 0 128598 57 2194781145 2148890288 0 0 0 0 0 0 851220486 18772560 4159373312 505057280 0 3479043 2382376 495276 711066 1800584
1790320055007 0 132927 0 2194949291 2149054149 0 0 0 0 0 0 851319491 18772858 4161499136 523902976 0 3868562 2649629 595089 797008 1982570
1790320056030 0 140746 0 2195119004 2149215941 0 0 0 0 0 0 851421993 18773167 4163747840 558112768 0 4286837 2922186 698524 867989 2091178
1790320057054 0 3096 0 2195243394 2149478054 0 0 0 0 0 0 851502112 18773386 4164313088 9297920 22855680 4608225 3126987 776829 953213 2219955
1790320058084 0 126640 71 2195449046 2149560031 0 0 0 0 0 0 851661662 18773828 4168175616 498368512 0 5165538 3488961 937938 1077758 2314532
1790320059120 0 96258 11608 2195606960 2149736720 0 0 0 0 0 0 851787348 18774163 4168421376 461914112 9150464 5595192 3775467 1065194 1158517 2464064
1790320060142 0 84842 0 2195754470 2149907231 0 0 0 0 0 0 851903042 18774563 4168364032 329674752 0 5986711 4029465 1176556 1251514 2634322
1790320061172 0 68770 7997 2195900898 2150061818 0 0 0 0 0 0 852035367 18774971 4169252864 332914688 31416320 6418509 4302109 1312328 1342791 2745859
1790320062209 0 28025 0 2196013825 2150223438 0 0 0 0 0 0 852130390 18775683 4168769536 94482432 0 6717296 4487260 1403677 1448146 2994707
1790320063233 0 80436 50 2196177662 2150335003 0 0 0 0 0 0 852254377 18776562 4165726208 308580352 0 7125228 4743266 1528891 1530976 3153659
1790320064274 0 102670 1531 2196269406 2150403044 0 0 0 0 0 0 852327553 18776774 4165214208 420536320 13938688 7355097 4889087 1606366 1615089 3573748
1790320065336 0 59523 7 2196388414 2150566517 0 0 0 0 0 0 852402799 18776998 4162850816 213458944 0 7591855 5028432 1678608 1707581 3907376
1790320066367 0 49442 730 2196532915 2150721330 0 0 0 0 0 0 852482653 18777255 4158894080 211439616 7372800 7883104 5203828 1760440 1782421 4125766
1790320067393 0 29572 72 2196666322 2150874241 0 0 0 0 0 0 852563625 18777480 4155764736 102604800 18550784 8161057 5368595 1839943 1881326 4412960
1790320068434 0 86239 31 2196837574 2150988979 0 0 0 0 0 0 852671890 18777780 4152246272 330219520 0 8538386 5593127 1948805 1994152 4677478
1790320069473 0 63206 1971 2196954784 2151127487 0 0 0 0 0 0 852742401 18777981 4149059584 248881152 0 8791457 5746163 2018951 2091167 4986392
1790320070501 0 79074 9093 2197094509 2151244050 0 0 0 0 0 0 852834573 18778251 4148432896 338010112 41029632 9137874 5950951 2113020 2199461 5208736
1790320071523 0 66243 0 2197228143 2151399594 0 0 0 0 0 0 852918769 18778485 4146184192 247881728 0 9416299 6125449 2195548 2296302 5536920
1790320072547 0 32349 0 2197348970 2151554315 0 0 0 0 0 0 853001708 18778778 4145070080 111235072 0 9693144 6307816 2277783 2389264 5857541
1790320073575 0 71064 58 2197500341 2151666892 0 0 0 0 0 0 853116998 18779148 4145950720 288112640 31735808 10081715 6556392 2395874 2505677 6055150
1790320074607 0 80368 7300 2197643573 2151793724 0 0 0 0 0 0 853212404 18779452 4146073600 352247808 0 10421338 6773206 2489243 2605602 6284413
1790320075639 0 85669 0 2197759671 2151911695 0 0 0 0 0 0 853304342 18779727 4146659328 325124096 0 10714278 6961806 2582075 2703184 6571834
1790320076675 0 98650 0 2197911032 2152049936 0 0 0 0 0 0 853397704 18780004 4145479680 385814528 0 11031878 7174328 2671950 2786553 6796205
1790320077696 0 48541 20 2198020438 2152209632 0 0 0 0 0 0 853481413 18780257 4146020352 192704512 0 11315700 7353012 2757672 2870582 7067907
1790320078717 0 58754 4677 2198152445 2152326768 0 0 0 0 0 0 853572776 18780506 4147048448 240660480 37068800 11624424 7561852 2851589 3001473 7341296
1790320079737 0 84267 12921 2198296802 2152437202 0 0 0 0 0 0 853670227 18780791 4146663424 404418560 0 11966227 7775805 2947096 3099029 7513182
1790320080759 0 49815 13491 2198411814 2152586163 0 0 0 0 0 0 853758649 18781043 4148412416 202092544 74436608 12243684 7962431 3037001 3169790 7864889
1790320081789 0 88049 0 2198543419 2152692946 0 0 0 0 0 0 853874319 18781359 4150132736 339570688 0 12598250 8187760 3150280 3307393 8211441
1790320082813 0 61292 0 2198664884 2152841241 0 0 0 0 0 0 853948034 18781586 4149903360 236957696 0 12880018 8362726 3220402 3412454 8524786
1790320083836 0 75491 7468 2198794659 2152949506 0 0 0 0 0 0 854052303 18781891 4151046144 309235712 47886336 13254147 8586083 3330607 3511208 8743805
1790320084854 0 70767 2384 2198909751 2153074673 0 0 0 0 0 0 854127121 18782135 4150681600 289861632 26951680 13521295 8759775 3405933 3594899 8928973
1790320085876 0 81827 0 2199047852 2153203741 0 0 0 0 0 0 854230802 18782449 4151169024 315543552 0 13858772 8978976 3507325 3689837 9191684
1790320086899 0 79811 0 2199165700 2153323550 0 0 0 0 0 0 854332536 18782771 4153028608 310149120 0 14171762 9185661 3607660 3818100 9440691
1790320087922 0 31828 0 2199276233 2153482023 0 0 0 0 0 0 854401691 18783003 4152532992 110542848 0 14431706 9354600 3676941 3910081 9730234
1790320088947 0 132107 0 2199453145 2153558824 0 0 0 0 0 0 854539320 18783413 4154150912 519475200 0 14901339 9647858 3816590 4015278 9864303
1790320089968 0 71229 3284 2199561249 2153724504 0 0 0 0 0 0 854628203 18783680 4153962496 291852288 33574912 15170429 9834947 3907024 4097972 10182075
1790320090987 0 79901 17 2199701998 2153859886 0 0 0 0 0 0 854721416 18783972 4152799232 321204224 12324864 15505854 10049005 3998915 4193076 10425474
1790320092013 0 69382 0 2199820605 2153988909 0 0 0 0 0 0 854811309 18784257 4153425920 265637888 0 15794811 10232519 4085953 4260540 10715642
1790320093036 0 70754 876 2199951788 2154117927 0 0 0 0 0 0 854910545 18784539 4153671680 301285376 4583424 16125238 10451122 4188857 4368197 11055630
1790320094067 0 84628 701 2200077069 2154229514 0 0 0 0 0 0 854992867 18784775 4153196544 354381824 9539584 16431723 10643100 4271165 4494551 11376616
1790320095103 0 87701 0 2200222413 2154372424 0 0 0 0 0 0 855099523 18785107 4152467456 346800128 6406144 16782253 10860065 4372269 4608805 11626257
1790320096141 0 29213 390 2200329849 2154537898 0 0 0 0 0 0 855177980 18785342 4152553472 118341632 20004864 17050458 11036349 4456946 4662619 11759164
1790320097167 0 64873 782 2200489114 2154661217 0 0 0 0 0 0 855291074 18785709 4152086528 274939904 5296128 17435779 11280443 4568858 4784940 12070667
1790320098192 0 67279 1483 2200628295 2154797322 0 0 0 0 0 0 855384467 18785992 4152238080 296255488 0 17767800 11486954 4661261 4885165 12392422
1790320099215 0 75484 1692 2200774183 2154934717 0 0 0 0 0 0 855474536 18786265 4150853632 316448768 5472256 18087614 11689413 4752834 4979567 12630595
1790320100244 0 69606 1674 2200918517 2155085128 0 0 0 0 0 0 855585896 18786613 4149997568 281169920 0 18442374 11908988 4862172 5047886 12814719
1790320101266 0 96196 0 2201068401 2155209962 0 0 0 0 0 0 855686177 18786949 4149108736 375980032 0 18773229 12127722 4962986 5133894 13090989
1790320102291 0 92951 0 2201201416 2155346123 0 0 0 0 0 0 855759089 18787202 4146401280 358858752 0 19064053 12297065 5035437 5219831 13286446
1790320103321 0 7500 4160 2201299723 2155525765 0 0 0 0 0 0 855834076 18787425 4146163712 70217728 1654784 19309637 12455546 5109371 5316315 13601917
1790320104356 0 68542 32 2201456883 2155626063 0 0 0 0 0 0 855959568 18787807 4145537024 264888320 0 19677020 12697385 5232820 5393969 13739167
1790320105379 0 53255 1453 2201581843 2155764990 0 0 0 0 0 0 856042227 18788098 4143980544 213950464 23126016 19992752 12887304 5320590 5488359 14015569
1790320106402 0 82389 1202 2201743045 2155897302 0 0 0 0 0 0 856142859 18788465 4143677440 348934144 4251648 20368969 13114737 5421204 5580104 14178371
1790320107424 0 111461 4088 2201897218 2156019350 0 0 0 0 0 0 856247088 18788863 4142542848 479821824 0 20719436 13340994 5523916 5677802 14447754
1790320108446 0 104224 0 2202033878 2156167404 0 0 0 0 0 0 856347248 18789216 4142309376 408375296 0 21027001 13551792 5620379 5775758 14727099
1790320109475 0 69895 0 2202147915 2156315835 0 0 0 0 0 0 856417547 18789478 4142530560 264986624 0 21283596 13717750 5694304 5877054 15040257
1790320110499 0 78946 0 2202290293 2156449024 0 0 0 0 0 0 856521210 18789836 4143542272 319426560 10321920 21644759 13945046 5799043 5964352 15288996
1790320111519 0 95215 10904 2202429306 2156561025 0 0 0 0 0 0 856620775 18790194 4143845376 390459392 58265600 21998535 14169482 5899153 6042568 15479130
1790320112541 0 80796 0 2202558388 2156715250 0 0 0 0 0 0 856699821 18790483 4142792704 314019840 0 22268430 14347138 5973760 6152467 15753482
1790320113566 0 43318 0 2202685460 2156879889 0 0 0 0 0 0 856791225 18790824 4143616000 158220288 0 22574559 14544977 6066263 6260130 16057663
1790320114590 0 81646 0 2202836630 2156992586 0 0 0 0 0 0 856917005 18791261 4146438144 313462784 0 22966423 14798848 6191281 6342613 16190647
1790320115612 0 68585 5037 2202981218 2157145430 0 0 0 0 0 0 857006847 18791626 4146147328 278917120 43393024 23324263 15019832 6285242 6431731 16435242
1790320116635 0 75869 6046 2203115323 2157271201 0 0 0 0 0 0 857120693 18792052 4147757056 356556800 4100096 23676059 15243767 6399519 6528958 16706380
1790320117663 0 55137 2337 2203242229 2157422616 0 0 0 0 0 0 857207521 18792374 4147720192 236711936 6983680 23977270 15441876 6485308 6649149 17099316
1790320118684 0 48204 0 2203388003 2157577440 0 0 0 0 0 0 857300161 18792730 4146036736 172769280 0 24307377 15650904 6576700 6754761 17374295
1790320119707 0 94196 44 2203548538 2157692114 0 0 0 0 0 0 857406831 18793170 4145692672 381698048 15302656 24687159 15900466 6685106 6841803 17551970
1790320120737 0 48101 0 2203677537 2157867234 0 0 0 0 0 0 857486929 18793500 4145459200 182091776 12136448 24963816 16083540 6763193 6932935 17913892
1790320121776 0 110828 17466 2203856678 2157966234 0 0 0 0 0 0 857599625 18793944 4145541120 540536832 2732032 25379037 16352349 6877353 7039673 18091037
1790320122794 0 72445 10001 2203949604 2158104983 0 0 0 0 0 0 857674144 18794211 4147093504 339308544 12648448 25606947 16508341 6952957 7176790 18487714
1790320123822 0 13997 6915 2204061612 2158278567 0 0 0 0 0 0 857758854 18794538 4147871744 101101568 17395712 25876062 16689324 7036373 7269178 18723706
1790320124856 0 57445 8395 2204226092 2158398161 0 0 0 0 0 0 857880608 18795001 4148318208 286199808 0 26284276 16945829 7159250 7375301 18925352
1790320125878 0 65492 0 2204363190 2158535527 0 0 0 0 0 0 857991686 18795427 4148838400 246726656 0 26644414 17161791 7267206 7485023 19227308
1790320126904 0 58940 1747 2204500383 2158677657 0 0 0 0 0 0 858092102 18795837 4147884032 237867008 17842176 26996211 17384839 7370403 7620365 19553033
1790320127928 0 80501 3103 2204639628 2158793833 0 0 0 0 0 0 858187580 18796206 4147179520 327639040 26431488 27341910 17597013 7466392 7735264 19829545
1790320128949 0 84516 0 2204779762 2158932911 0 0 0 0 0 0 858282878 18796616 4146016256 321646592 0 27673295 17804072 7559205 7845596 20122430
1790320129973 0 88409 0 2204934070 2159083472 0 0 0 0 0 0 858389946 18797053 4145160192 364625920 9154560 28039293 18041932 7668247 7957494 20392474
1790320131013 0 81850 0 2205063767 2159219565 0 0 0 0 0 0 858496985 18797450 4146532352 323825664 13123584 28366752 18251671 7771887 8051872 20662499
1790320132058 0 70809 4613 2205204110 2159366616 0 0 0 0 0 0 858593761 18797863 4145811456 291344384 46075904 28703210 18463576 7872064 8149811 20876108
1790320133096 0 76719 0 2205341216 2159502262 0 0 0 0 0 0 858696057 18798274 4145147904 294678528 0 29030656 18669072 7969758 8260459 21129552
1790320134139 0 46729 10 2205476923 2159668010 0 0 0 0 0 0 858799299 18798690 4145131520 175230976 10084352 29375893 18879051 8072992 8358526 21434997
1790320135179 0 46659 0 2205608001 2159799057 0 0 0 0 0 0 858885591 18799051 4144775168 170192896 0 29683309 19077369 8161850 8471735 21736853
1790320136212 0 62620 1538 2205750800 2159924493 0 0 0 0 0 0 859004087 18799498 4144844800 270778368 7520256 30075693 19318286 8281373 8570442 21959356
1790320137239 0 96996 511 2205901679 2160042031 0 0 0 0 0 0 859116987 18799943 4144349184 409378816 0 30445794 19547299 8392586 8703678 22245184
1790320138264 0 40027 12352 2206020436 2160206190 0 0 0 0 0 0 859200505 18800273 4143558656 203673600 32296960 30725347 19727912 8478356 8778494 22486274
1790320139291 0 75151 49 2206167987 2160330549 0 0 0 0 0 0 859298885 18800675 4143403008 291409920 0 31059482 19940688 8572912 8888645 22795254
1790320140323 0 64844 3793 2206281419 2160450713 0 0 0 0 0 0 859400798 18801029 4145238016 264704000 32296960 31376537 20142913 8679625 8988801 23035637
1790320141347 0 76131 365 2206416369 2160577969 0 0 0 0 0 0 859503398 18801390 4145008640 309915648 3387392 31698268 20352327 8779745 9095945 23329149
1790320142373 0 59613 18 2206553847 2160732008 0 0 0 0 0 0 859597450 18801758 4143624192 231563264 0 32014937 20555053 8871100 9204617 23614339
1790320143409 0 63945 2635 2206679582 2160850818 0 0 0 0 0 0 859680108 18802089 4143362048 276381696 20369408 32318217 20750435 8958953 9308825 23891860
1790320144439 0 72918 30 2206809838 2160974733 0 0 0 0 0 0 859789600 18802518 4144631808 293982208 14151680 32659467 20967045 9066879 9394224 24087850
1790320145476 0 68889 37 2206938964 2161107832 0 0 0 0 0 0 859877692 18802893 4144869376 261283840 0 32955650 21162629 9153727 9534570 24456075
1790320146501 0 92447 292 2207088093 2161233150 0 0 0 0 0 0 859983242 18803330 4144300032 390434816 3706880 33345057 21399783 9260064 9610565 24705720
1790320147521 0 80728 12191 2207220082 2161365049 0 0 0 0 0 0 860091582 18803733 4146024448 384745472 0 33667637 21614495 9368895 9726698 25016723
1790320148549 0 59660 525 2207348768 2161526425 0 0 0 0 0 0 860187500 18804112 4145598464 246980608 28512256 33987717 21816534 9465802 9820102 25320491
1790320149587 0 73783 0 2207494802 2161658621 0 0 0 0 0 0 860289736 18804570 4145893376 285614080 0 34352602 22044219 9563997 9934380 25596925
1790320150611 0 81942 949 2207643003 2161798025 0 0 0 0 0 0 860399483 18804998 4145614848 349462528 10235904 34751159 22284458 9678298 10037753 25818331
1790320151632 0 77172 5110 2207776440 2161931959 0 0 0 0 0 0 860489085 18805373 4145016832 316309504 35643392 35054981 22487929 9768018 10133255 26040003
1790320152675 0 63384 840 2207912198 2162085954 0 0 0 0 0 0 860585678 18805748 4143894528 279887872 5992448 35368689 22692071 9861897 10231699 26307329
1790320153713 0 42242 8393 2208053420 2162240606 0 0 0 0 0 0 860677210 18806142 4143902720 221151232 14422016 35701895 22901349 9954995 10309938 26496199
1790320154752 0 58380 29 2208195398 2162374652 0 0 0 0 0 0 860786935 18806591 4145324032 220053504 0 36056406 23123857 10063896 10382979 26716300
1790320155775 0 91856 1527 2208354847 2162499164 0 0 0 0 0 0 860901049 18807034 4145225728 390930432 0 36439325 23370570 10178831 10487138 26957011
1790320156797 0 117381 0 2208510329 2162630678 0 0 0 0 0 0 861020024 18807469 4146278400 460464128 0 36841401 23615849 10294756 10587454 27228906
1790320157822 0 88130 0 2208634640 2162784279 0 0 0 0 0 0 861104808 18807818 4145061888 340312064 0 37137710 23806594 10379802 10708240 27565803
1790320158851 0 38277 856 2208750144 2162948842 0 0 0 0 0 0 861195336 18808176 4144799744 166006784 1990656 37436269 23994517 10472098 10830168 27935916
1790320159874 0 81940 10226 2208927895 2163073610 0 0 0 0 0 0 861318054 18808716 4145217536 376815616 11571200 37871307 24267485 10596870 10921010 28138856
1790320160895 0 101332 57 2209066208 2163202530 0 0 0 0 0 0 861412981 18809096 4145221632 396644352 0 38194492 24470224 10688793 11013072 28428645
1790320161920 0 57677 1316 2209185335 2163364130 0 0 0 0 0 0 861502881 18809450 4144738304 250888192 7540736 38513062 24665972 10780669 11097777 28700309
1790320162948 0 114115 11568 2209357344 2163469599 0 0 0 0 0 0 861608140 18809890 4144791552 506286080 37093376 38888003 24916046 10885926 11222711 28919738
1790320163985 0 44119 12895 2209465213 2163646119 0 0 0 0 0 0 861703293 18810246 4145827840 225656832 26005504 39174162 25103923 10981402 11320720 29322070
1790320165010 0 70695 5367 2209616863 2163778740 0 0 0 0 0 0 861820764 18810719 4146855936 294543360 40251392 39554760 25346336 11098697 11432851 29617079
1790320166038 0 55176 4526 2209738669 2163916672 0 0 0 0 0 0 861920849 18811614 4147064832 224030720 41287680 39886729 25546534 11199673 11514373 29830656
1790320167062 0 87534 45 2209879462 2164029805 0 0 0 0 0 0 862044131 18812128 4148826112 355840000 12447744 40270070 25781944 11322429 11649069 30120565
1790320168084 0 80128 11742 2210011358 2164157371 0 0 0 0 0 0 862128924 18812512 4147122176 389283840 0 40575887 25973155 11406750 11783156 30458725
1790320169107 0 14444 829 2210108950 2164331478 0 0 0 0 0 0 862198794 18812823 4146229248 59961344 2330624 40825491 26122166 11477140 11898190 30894248
1790320170129 0 93510 6205 2210280626 2164418917 0 0 0 0 0 0 862334333 18813392 4146491392 403079168 0 41266148 26393635 11611150 11984450 31062354
1790320171152 0 89261 14 2210408291 2164556761 0 0 0 0 0 0 862423404 18813788 4146454528 343629824 0 41581748 26589316 11700438 12062177 31368605
1790320172176 0 79749 13505 2210537788 2164682556 0 0 0 0 0 0 862516825 18814174 4145512448 389226496 0 41906077 26791246 11792100 12159976 31548925
1790320173196 0 61634 1679 2210652913 2164827521 0 0 0 0 0 0 862605656 18814532 4145451008 252522496 18976768 42189563 26974950 11884000 12281189 31892096
1790320174220 0 4191 1606 2210767025 2164999252 0 0 0 0 0 0 862698067 18814908 4146118656 17162240 0 42474203 27154662 11974823 12392770 32230166
1790320175243 0 108532 11972 2210959927 2165077219 0 0 0 0 0 0 862837153 18815490 4146499584 488480768 17190912 42988324 27459505 12116061 12495354 32388491
1790320176283 0 97427 0 2211077687 2165217866 0 0 0 0 0 0 862925541 18815853 4146282496 379883520 11264000 43256817 27636902 12200273 12605636 32774726
1790320177326 0 65333 4370 2211200666 2165368846 0 0 0 0 0 0 863024749 18816289 4145930240 294813696 5222400 43571668 27842090 12303557 12755675 33242896
1790320178348 0 77173 5134 2211336791 2165492362 0 0 0 0 0 0 863128425 18816723 4146683904 313372672 35229696 43927641 28061042 12406769 12850095 33419981
1790320179369 0 38653 41 2211436509 2165635703 0 0 0 0 0 0 863215515 18817075 4146974720 143446016 0 44185738 28223631 12490453 12983971 33828376
1790320180389 0 93400 9563 2211594743 2165729583 0 0 0 0 0 0 863332792 18817599 4146036736 398385152 42287104 44600122 28482179 12611700 13063172 33931662
1790320181428 0 65208 322 2211707860 2165880190 0 0 0 0 0 0 863417141 18817997 4145623040 292409344 1208320 44880859 28655796 12695024 13159659 34258458
1790320182469 0 54759 81 2211828411 2166011513 0 0 0 0 0 0 863519646 18818444 4146434048 206778368 0 45183687 28854843 12794137 13284261 34537074
1790320183509 0 78768 4161 2211978458 2166133292 0 0 0 0 0 0 863627556 18818942 4145307648 341774336 0 45529952 29079555 12899704 13398178 34811855
1790320184535 0 27784 860 2212084881 2166294058 0 0 0 0 0 0 863695139 18819259 4144832512 120049664 11407360 45800635 29245159 12973578 13471250 35027410
1790320185560 0 70819 7 2212239621 2166406492 0 0 0 0 0 0 863800029 18819719 4144148480 272519168 0 46176258 29473136 13076855 13557872 35265987
1790320186592 0 77083 20 2212374764 2166535535 0 0 0 0 0 0 863898757 18820152 4143874048 292831232 0 46485933 29678192 13173411 13616576 35450460
1790320187625 0 83325 278 2212515253 2166669329 0 0 0 0 0 0 863990788 18820574 4142874624 351817728 1486848 46805867 29888605 13268058 13708958 35669853
1790320188648 0 78915 4037 2212659215 2166814139 0 0 0 0 0 0 864090430 18821134 4141965312 321187840 30019584 47158234 30102320 13368734 13849600 36026873
1790320189669 0 22844 55 2212769444 2166984394 0 0 0 0 0 0 864172037 18821488 4142596096 69640192 0 47425035 30265316 13446432 13960872 36383281
1790320190695 0 81177 13745 2212943942 2167086868 0 0 0 0 0 0 864286605 18822023 4141764608 397742080 2277376 47838749 30536501 13564936 14051183 36574028
1790320191717 0 83593 57 2213066813 2167220965 0 0 0 0 0 0 864396925 18822454 4143042560 323022848 0 48160476 30736642 13672816 14137503 36865151
1790320192740 0 63139 31 2213194959 2167369486 0 0 0 0 0 0 864493710 18822882 4143656960 247291904 2138112 48479293 30940121 13771512 14209246 37111638
1790320193770 0 66545 0 2213344771 2167515930 0 0 0 0 0 0 864617985 18823382 4144558080 266252288 21946368 48893508 31189495 13895240 14320441 37405423
1790320194796 0 18081 0 2213458332 2167678042 0 0 0 0 0 0 864706405 18823764 4145053696 52256768 0 49177434 31364604 13981063 14456688 37756421
1790320195820 0 93803 0 2213635540 2167779420 0 0 0 0 0 0 864827144 18824311 4144173056 369463296 0 49576928 31629906 14100326 14547190 37918362
1790320196858 0 85250 14312 2213773600 2167911811 0 0 0 0 0 0 864929356 18824760 4143529984 427110400 4460544 49930126 31853626 14207653 14644726 38157193
1790320197879 0 60586 6497 2213917367 2168088042 0 0 0 0 0 0 865025916 18825176 4143452160 288456704 0 50265974 32063806 14303078 14717343 38356159
1790320198902 0 68534 0 2214075104 2168244319 0 0 0 0 0 0 865124056 18825661 4142714880 262176768 0 50611437 32288370 14398771 14828630 38665717
1790320199926 0 33338 0 2214205012 2168409503 0 0 0 0 0 0 865220062 18826111 4142972928 117534720 0 50924143 32492666 14494272 14911231 38967115
1790320200960 0 54987 785 2214371594 2168553529 0 0 0 0 0 0 865336107 18826614 4143828992 249483264 2035712 51337110 32750612 14612663 14991435 39220074
1790320201987 0 65213 1136 2214524629 2168696190 0 0 0 0 0 0 865450726 18827123 4145172480 263000064 25989120 51736125 33002760 14729045 15068213 39375344
1790320203006 0 61679 9941 2214669506 2168835780 0 0 0 0 0 0 865565973 18827638 4145250304 250544128 57217024 52108395 33232067 14844270 15185505 39727540
1790320204024 0 51312 1827 2214822114 2169006794 0 0 0 0 0 0 865662472 18828075 4144074752 210632704 26030080 52469545 33450705 14941353 15278894 39950128
1790320205046 0 63892 0 2214983507 2169157436 0 0 0 0 0 0 865763884 18828517 4142825472 238792704 0 52798481 33676803 15041286 15388228 40195899
1790320206067 0 67396 9093 2215142732 2169304083 0 0 0 0 0 0 865874686 18829021 4141879296 274878464 56041472 53174624 33924529 15153525 15462203 40372060
1790320207085 0 91614 6591 2215310196 2169449819 0 0 0 0 0 0 865994166 18829528 4142325760 370958336 52228096 53581839 34182868 15272978 15550021 40547791
1790320208104 0 85541 4249 2215454975 2169603105 0 0 0 0 0 0 866102446 18829988 4142026752 350322688 39108608 53948148 34410968 15380252 15666214 40770993
1790320209125 0 68990 0 2215597890 2169766720 0 0 0 0 0 0 866217442 18830461 4143648768 264945664 0 54321869 34641247 15491909 15754205 41000778
1790320210146 0 59027 5102 2215758173 2169931956 0 0 0 0 0 0 866331532 18830962 4144050176 257114112 24436736 54737121 34903574 15609324 15846955 41214651
1790320211167 0 57651 0 2215896122 2170076301 0 0 0 0 0 0 866463605 18831457 4145504256 215613440 0 55114670 35140721 15738104 15971824 41486720
1790320212195 0 29198 511 2216040333 2170248423 0 0 0 0 0 0 866585957 18831946 4146155520 130691072 3092480 55505811 35387735 15862793 16087844 41751446
1790320213219 0 66899 9593 2216224579 2170385951 0 0 0 0 0 0 866731254 18832577 4147253248 309473280 26673152 56002417 35690414 16009144 16217909 41989419
1790320214241 0 102732 1207 2216394195 2170528093 0 0 0 0 0 0 866864089 18833156 4145340416 416227328 27758592 56433390 35955800 16142591 16293902 42154913
1790320215265 0 32077 2614 2216525399 2170728477 0 0 0 0 0 0 866970398 18833592 4145029120 169164800 0 56753897 36165372 16248184 16381860 42430226
1790320216290 0 34 38 2216634736 2170872539 0 0 0 0 0 0 867059261 18833976 4142682112 0 0 57061809 36353587 16338075 16469382 42611236
1790320217309 0 33 0 2216634769 2170872583 0 0 0 0 0 0 867243873 18834804 4173586432 131072 0 57251131 36527506 16519539 16563221 42678090
1790320218329 0 33 0 2216634769 2170872583 0 0 0 0 0 0 867445445 18835503 4178071552 131072 0 57508128 36727661 16720781 16615184 42697048
1790320219348 0 33 0 2216634769 2170872583 0 0 0 0 0 0 867613130 18836094 4183162880 131072 0 58117946 36895119 16889492 16898418 42739811
1790320220367 0 24 0 2216634770 2170872583 0 0 0 0 0 0 867666042 18836824 1462120448 45056 0 58235542 36950563 16944852 16956369 42765366
