1790321640326 0 1 0 2304191937 2258411183 0 0 0 0 0 0 924077936 18988243 - - - - - - - -
1790321641438 0 126459 26 2304454395 2258547148 0 0 0 0 0 0 924077936 18988354 1041743872 496087040 0 0 0 0 0 23733
1790321642463 0 132860 9444 2304649238 2258726170 0 0 0 0 0 0 924077936 18988354 1839443968 540684288 38649856 0 0 0 0 130375
1790321643483 0 148807 4091 2304845573 2258911916 0 0 0 0 0 0 924077936 18988354 2653229056 617680896 8388608 0 0 0 0 211266
1790321644509 0 147014 2117 2305045902 2259116020 0 0 0 0 0 0 924077936 18988354 3461275648 608911360 8388608 0 0 0 0 332568
1790321645532 0 148523 2061 2305237886 2259306451 0 0 0 0 0 0 924077936 18988354 4160942080 611082240 8388608 51098 21802 0 28760 509143
1790321646551 0 143368 1563 2305429380 2259503654 0 0 0 0 0 0 924082516 18988362 4159098880 582807552 4104192 341482 217446 4580 172325 635748
1790321647571 0 146186 0 2305576125 2259649169 0 0 0 0 0 0 924089552 18988369 4158066688 583569408 0 539790 371104 11679 236096 711329
1790321648592 0 42634 0 2305665106 2259841681 0 0 0 0 0 0 924098575 18988381 4157964288 158064640 0 656712 468128 20315 287539 873697
1790321649613 0 150626 1679 2305843306 2259910242 0 0 0 0 0 0 924112432 18988399 4157435904 607793152 0 893173 660355 34496 359242 967601
1790321650633 0 134772 0 2305965118 2260049553 0 0 0 0 0 0 924124188 18988456 4157116416 539181056 0 1079899 793829 45746 471302 1289617
1790321651657 0 97117 9168 2306066750 2260179687 0 0 0 0 0 0 924138568 18988581 4157517824 441004032 41943040 1251145 912053 60634 570722 1642747
1790321652677 0 136030 14342 2306192581 2260261479 0 0 0 0 0 0 924156075 18988737 4157988864 556916736 58720256 1440916 1055915 78139 710450 1821127
1790321653698 0 65660 0 2306266623 2260420074 0 0 0 0 0 0 924171924 18988822 4158738432 253763584 0 1550439 1141000 93517 764141 2010968
1790321654717 0 141499 10122 2306422702 2260490426 0 0 0 0 0 0 924199145 18988974 4160012288 579321856 41406464 1787025 1327917 121235 841753 2132235
1790321655736 0 122897 0 2306526485 2260622826 0 0 0 0 0 0 924225850 18989090 4161523712 491192320 0 1944790 1454197 147418 964264 2394662
1790321656760 0 92555 87 2306628218 2260754865 0 0 0 0 0 0 924251537 18989197 4162842624 374525952 9445376 2103486 1581856 172069 1095871 2634270
1790321657783 0 119470 11580 2306752974 2260841130 0 0 0 0 0 0 924281796 18989335 4164382720 489254912 47431680 2299129 1738769 203909 1174950 2796125
1790321658803 0 75413 0 2306842780 2260986565 0 0 0 0 0 0 924311139 18989482 4166131712 294715392 0 2449369 1853116 232702 1347402 3056289
1790321659822 0 117506 20133 2306984151 2261065759 0 0 0 0 0 0 924350219 18989692 4167389184 480784384 82718720 2681591 2036833 272283 1495216 3265015
1790321660841 0 146356 0 2307103256 2261176109 0 0 0 0 0 0 924385645 18989860 4168720384 589385728 0 2885103 2186978 306518 1637140 3391188
1790321661861 0 148314 0 2307228124 2261298989 0 0 0 0 0 0 924414945 18990001 4169015296 594550784 0 3090903 2340207 336017 1730849 3448442
1790321662880 0 140428 11680 2307356993 2261424158 0 0 0 0 0 0 924455065 18990171 4169687040 575143936 47697920 3326035 2512866 377129 1838410 3612657
1790321663899 0 102163 0 2307477245 2261594236 0 0 0 0 0 0 924484297 18990322 4169482240 404647936 0 3520554 2658553 406416 1983199 3839551
1790321664919 0 104532 0 2307602540 2261717116 0 0 0 0 0 0 924537145 18990505 4170059776 418308096 0 3759629 2836088 458245 2106935 3974215
1790321665938 0 121425 0 2307742243 2261840073 0 0 0 0 0 0 924577523 18990662 4169379840 484384768 0 3991608 3015437 498807 2189428 4094639
1790321666958 0 136570 0 2307880347 2261962953 0 0 0 0 0 0 924623132 18990832 4168781824 548499456 0 4233753 3199163 544225 2281524 4184661
1790321667978 0 145650 0 2308012407 2262085833 0 0 0 0 0 0 924658787 18990964 4167802880 588689408 0 4465879 3366521 579004 2366715 4293173
1790321668997 0 73116 0 2308101833 2262247917 0 0 0 0 0 0 924693876 18991075 4168327168 285040640 0 4638480 3490527 615556 2483230 4534513
1790321670016 0 55550 0 2308209135 2262372845 0 0 0 0 0 0 924744675 18991230 4169486336 214892544 0 4842261 3647554 666377 2580295 4630124
1790321671035 0 147376 6132 2308369911 2262435636 0 0 0 0 0 0 924786733 18991384 4167970816 603451392 25165824 5077054 3829111 708818 2678533 4760098
1790321672055 0 63785 0 2308453097 2262608434 0 0 0 0 0 0 924813958 18991463 4167262208 251449344 0 5184783 3913301 734485 2738389 4986455
1790321673092 0 63333 27293 2308585634 2262714333 0 0 0 0 0 0 924852422 18991596 4166225920 383541248 13619200 5375446 4046664 773970 2833661 5205197
1790321674115 0 66580 1679 2308692019 2262842907 0 0 0 0 0 0 924880637 18991683 4165242880 269770752 0 5517787 4149205 801545 2905587 5404003
1790321675137 0 62075 0 2308795331 2262952476 0 0 0 0 0 0 924915568 18991807 4164771840 237461504 0 5663556 4253959 836599 3005003 5895513
1790321676158 0 106979 0 2308920111 2263032387 0 0 0 0 0 0 924951983 18991921 4163604480 432074752 0 5842111 4375622 870990 3072281 6105452
1790321677185 0 86866 58 2309031122 2263163389 0 0 0 0 0 0 924980163 18992014 4162179072 355954688 20500480 6009463 4491685 901762 3149191 6401641
1790321678211 0 88503 9716 2309142058 2263263070 0 0 0 0 0 0 925013535 18992107 4160606208 362508288 50688000 6183712 4610340 935590 3240061 6663673
1790321679230 0 69385 0 2309241303 2263391091 0 0 0 0 0 0 925047201 18992195 4159545344 273907712 0 6349288 4719134 968416 3411856 7067131
1790321680250 0 79050 62 2309363480 2263503705 0 0 0 0 0 0 925092481 18992321 4159365120 313643008 0 6545365 4855369 1013514 3557750 7394754
1790321681269 0 141443 0 2309500632 2263578467 0 0 0 0 0 0 925129368 18992444 4158156800 562368512 0 6760483 4998951 1051493 3715275 7699968
1790321682293 0 90137 0 2309588693 2263717755 0 0 0 0 0 0 925165867 18992529 4158222336 352915456 0 6910097 5108368 1087413 3782402 7933803
1790321683315 0 108696 16 2309711681 2263822165 0 0 0 0 0 0 925200766 18992632 4156792832 432803840 0 7107654 5248192 1122316 3931349 8297956
1790321684342 0 42697 634 2309794880 2263970927 0 0 0 0 0 0 925228994 18992709 4156223488 185065472 7380992 7237254 5346154 1151049 3995001 8518667
1790321685374 0 62880 0 2309908446 2264064888 0 0 0 0 0 0 925269204 18992822 4155875328 245063680 0 7423313 5477858 1189523 4074380 8683609
1790321686403 0 92001 858 2310035393 2264161813 0 0 0 0 0 0 925307097 18992946 4154040320 385204224 7356416 7610416 5619709 1229077 4222777 9038840
1790321687425 0 100176 878 2310146374 2264264678 0 0 0 0 0 0 925342498 18993114 4153110528 414126080 16732160 7775664 5744440 1264553 4349186 9237079
1790321688444 0 62460 36 2310245110 2264401817 0 0 0 0 0 0 925367173 18993230 4152172544 245215232 0 7912923 5848711 1288720 4468163 9441571
1790321689472 0 59449 1446 2310363623 2264521982 0 0 0 0 0 0 925401065 18993367 4151025664 269328384 4288512 8101300 5984239 1322607 4627281 9816864
1790321690501 0 98223 62 2310500258 2264621348 0 0 0 0 0 0 925437505 18993524 4150603776 400351232 8138752 8312380 6138025 1359099 4772154 10113593
1790321691521 0 68837 8 2310606151 2264756442 0 0 0 0 0 0 925472925 18993643 4150693888 273772544 0 8467121 6258885 1393999 4927969 10505462
1790321692540 0 141949 0 2310754033 2264831241 0 0 0 0 0 0 925521181 18993795 4151369728 569114624 0 8688471 6433342 1442197 5027884 10685749
1790321693560 0 52125 0 2310825965 2264993040 0 0 0 0 0 0 925552021 18993890 4151574528 201052160 0 8806135 6525065 1473571 5140569 11117516
1790321694584 0 26077 1576 2310933814 2265125626 0 0 0 0 0 0 925587944 18994002 4152102912 119074816 7307264 8981172 6659648 1509490 5294053 11482278
1790321695604 0 64422 19 2311061811 2265216490 0 0 0 0 0 0 925619795 18994117 4151619584 249315328 0 9171156 6801175 1541344 5378575 11621533
1790321696627 0 97635 10587 2311189131 2265300155 0 0 0 0 0 0 925660371 18994248 4152733696 442777600 11739136 9382746 6957168 1581915 5531525 11967752
1790321697647 0 71293 57 2311292828 2265440846 0 0 0 0 0 0 925692706 18994363 4152909824 301748224 2220032 9543505 7082877 1614505 5625204 12226172
1790321698665 0 97681 0 2311416521 2265538049 0 0 0 0 0 0 925728131 18994495 4152754176 388009984 0 9718762 7227683 1649715 5813863 12532204
1790321699685 0 125168 9497 2311548196 2265632932 0 0 0 0 0 0 925775986 18994647 4153606144 549310464 16478208 9941741 7401220 1698041 5992544 12810481
1790321700704 0 83743 0 2311644878 2265780251 0 0 0 0 0 0 925799072 18994732 4153389056 334757888 0 10083297 7511403 1719089 6081058 13064918
1790321701724 0 107162 0 2311765492 2265877537 0 0 0 0 0 0 925840128 18994860 4154544128 428580864 0 10274904 7660216 1761187 6248117 13412937
1790321702748 0 118300 5808 2311884134 2265979333 0 0 0 0 0 0 925877667 18995003 4154368000 517697536 4825088 10462837 7805785 1799722 6407525 13730851
1790321703772 0 89387 5965 2311971319 2266095398 0 0 0 0 0 0 925907433 18995097 4154830848 366170112 34652160 10606706 7917867 1829489 6511674 14034172
1790321704798 0 36909 2128 2312055672 2266235972 0 0 0 0 0 0 925938235 18995187 4155633664 181682176 3571712 10752688 8026805 1859778 6618533 14367099
1790321705820 0 90532 17 2312187356 2266315936 0 0 0 0 0 0 925992656 18995348 4157526016 360529920 0 10966902 8198504 1914204 6743821 14490733
1790321706840 0 91899 0 2312311501 2266438804 0 0 0 0 0 0 926022953 18995475 4157640704 360013824 0 11145805 8333707 1945016 6861098 14803177
1790321707860 0 69810 0 2312419403 2266568853 0 0 0 0 0 0 926051684 18995572 4157603840 273326080 0 11302554 8453311 1973245 7024207 15186974
1790321708880 0 96333 0 2312544214 2266667167 0 0 0 0 0 0 926091761 18995695 4157825024 402870272 5451776 11500112 8597736 2013815 7146138 15486242
1790321709909 0 5616 0 2312618179 2266831761 0 0 0 0 0 0 926110262 18995777 4157386752 7557120 0 11598015 8676018 2031808 7212599 15693351
1790321710933 0 70936 29389 2312774914 2266893817 0 0 0 0 0 0 926156477 18995923 4156919808 417632256 6717440 11816613 8853090 2078532 7351080 15844670
1790321711952 0 94104 0 2312893042 2267018131 0 0 0 0 0 0 926195304 18996049 4156411904 370847744 0 11981921 8980765 2116000 7493770 16221019
1790321712972 0 108930 29 2313022625 2267132842 0 0 0 0 0 0 926233426 18996170 4156944384 431177728 0 12168501 9116379 2155015 7614101 16533681
1790321713991 0 124072 0 2313152401 2267247509 0 0 0 0 0 0 926270408 18996295 4156841984 493637632 0 12359692 9254191 2191974 7719924 16805512
1790321715017 0 96340 5691 2313274804 2267391979 0 0 0 0 0 0 926302744 18996402 4156379136 433139712 8769536 12532435 9386700 2224799 7858518 17176934
1790321716040 0 90507 0 2313389758 2267518498 0 0 0 0 0 0 926336094 18996503 4155527168 360128512 0 12699403 9507090 2257123 7935855 17356411
1790321717067 0 61168 0 2313515105 2267673123 0 0 0 0 0 0 926372020 18996634 4154617856 240099328 0 12879624 9646150 2292544 8058839 17674178
1790321718089 0 115372 0 2313657315 2267761188 0 0 0 0 0 0 926416623 18996770 4154695680 459988992 0 13097616 9804907 2337691 8175051 17894385
1790321719119 0 67888 4294 2313766704 2267913786 0 0 0 0 0 0 926447958 18996880 4154036224 302383104 19435520 13271001 9931740 2369501 8298695 18304884
1790321720141 0 146829 0 2313915102 2267987494 0 0 0 0 0 0 926497735 18997062 4154105856 591134720 0 13490919 10099760 2418790 8379394 18441734
1790321721160 0 72435 0 2314006160 2268152896 0 0 0 0 0 0 926523936 18997164 4154011648 283938816 0 13619417 10200094 2445495 8535940 18913689
1790321722180 0 92370 0 2314142750 2268269633 0 0 0 0 0 0 926555438 18997284 4152385536 363687936 0 13806794 10339916 2476815 8632129 19081882
1790321723202 0 102490 0 2314275720 2268392527 0 0 0 0 0 0 926588318 18997395 4150063104 409280512 0 13980771 10475414 2508403 8765046 19443195
1790321724222 0 134109 0 2314413852 2268499011 0 0 0 0 0 0 926635329 18997565 4150059008 534671360 0 14179663 10631930 2556374 8841897 19588648
1790321725244 0 53484 16350 2314509438 2268658886 0 0 0 0 0 0 926673254 18997698 4149862400 245137408 64524288 14332787 10748779 2595379 8972946 19994275
1790321726264 0 75556 0 2314638931 2268782619 0 0 0 0 0 0 926712604 18997828 4150030336 298991616 0 14522545 10896756 2633348 9041425 20131842
1790321727288 0 115805 3014 2314780148 2268880616 0 0 0 0 0 0 926760227 18998027 4150317056 503025664 1773568 14740517 11059758 2682281 9266508 20381246
1790321728308 0 105961 0 2314884463 2268997661 0 0 0 0 0 0 926787973 18998185 4150075392 427839488 0 14890520 11174106 2708018 9383979 20651431
1790321729328 0 85841 49 2314986072 2269119455 0 0 0 0 0 0 926817391 18998334 4150005760 347418624 5488640 15048122 11295580 2738351 9576779 21041742
1790321730352 0 71821 3723 2315111417 2269255105 0 0 0 0 0 0 926860959 18998521 4150444032 332439552 4997120 15237687 11443047 2782532 9752159 21392897
1790321731377 0 61796 0 2315232419 2269389758 0 0 0 0 0 0 926893882 18998692 4149932032 237805568 0 15396096 11572778 2815958 9865523 21656986
1790321732396 0 117150 25284 2315392411 2269469241 0 0 0 0 0 0 926936608 18998910 4149436416 490672128 109748224 15632837 11755899 2858663 10046829 21878053
1790321733420 0 56760 46 2315470971 2269633460 0 0 0 0 0 0 926965389 18999037 4150374400 219930624 0 15751213 11848442 2886421 10154909 22327741
1790321734440 0 100192 0 2315613714 2269732737 0 0 0 0 0 0 927020269 18999244 4151500800 396402688 0 15961251 12023192 2942033 10312971 22588641
1790321735459 0 80601 43 2315733410 2269872094 0 0 0 0 0 0 927054827 18999407 4151517184 318488576 0 16137417 12161619 2975960 10379636 22717445
1790321736479 0 59377 43 2315849284 2270009160 0 0 0 0 0 0 927087281 18999550 4151545856 229928960 0 16318855 12291929 3008751 10465124 22976053
1790321737498 0 114704 0 2315990664 2270095146 0 0 0 0 0 0 927122283 18999749 4150575104 458981376 0 16507974 12445170 3042816 10651647 23267267
1790321738523 0 109213 4372 2316112539 2270218238 0 0 0 0 0 0 927156717 18999915 4149620736 471941120 9617408 16682360 12588719 3078797 10724555 23450192
1790321739541 0 50758 18469 2316203979 2270354090 0 0 0 0 0 0 927180903 19000033 4148846592 207749120 93949952 16808297 12692923 3102958 10817161 23705722
1790321740560 0 94958 0 2316329260 2270453550 0 0 0 0 0 0 927222460 19000219 4149788672 378716160 0 16986655 12840139 3143442 10933536 23907112
1790321741579 0 21644 0 2316424896 2270622500 0 0 0 0 0 0 927247701 19000353 4150349824 73850880 0 17121068 12949287 3169270 11009852 24138188
1790321742599 0 87252 0 2316571463 2270703440 0 0 0 0 0 0 927294489 19000572 4151205888 344117248 0 17342121 13123830 3215534 11192834 24374031
1790321743618 0 95600 71 2316688363 2270811935 0 0 0 0 0 0 927328427 19000734 4151652352 377077760 0 17511847 13258492 3250492 11310476 24699281
1790321744641 0 101467 1500 2316813726 2270929864 0 0 0 0 0 0 927360235 19000877 4151083008 416333824 17469440 17687637 13395902 3282357 11389176 24995610
1790321745661 0 112762 0 2316944174 2271050579 0 0 0 0 0 0 927397796 19001054 4150517760 449523712 0 17857928 13532815 3318850 11525570 25292103
1790321746680 0 1787 0 2317035032 2271252460 0 0 0 0 0 0 927419878 19001155 4150517760 1187840 12644352 17990381 13628101 3341978 11587628 25567672
1790321747700 0 116633 0 2317212303 2271314942 0 0 0 0 0 0 927474540 19001388 4150775808 464154624 0 18249306 13823760 3396129 11728680 25729657
1790321748722 0 54943 0 2317307352 2271471616 0 0 0 0 0 0 927506432 19001518 4150841344 216829952 0 18388844 13935111 3426144 11862355 26163511
1790321749746 0 104537 0 2317453196 2271567873 0 0 0 0 0 0 927555732 19001718 4150878208 414310400 0 18605459 14095358 3477291 11965962 26317510
1790321750768 0 70199 17 2317552086 2271700941 0 0 0 0 0 0 927589638 19001868 4150935552 276627456 0 18763468 14211492 3511708 12129883 26729073
1790321751797 0 1689 31 2317646639 2271864012 0 0 0 0 0 0 927623039 19002008 4151738368 23244800 3645440 18918193 14326548 3544580 12281034 27160903
1790321752832 0 82396 5928 2317802542 2271933659 0 0 0 0 0 0 927671872 19002234 4152123392 337494016 54730752 19166736 14507299 3593926 12501059 27408217
1790321753855 0 60341 1278 2317919145 2272077194 0 0 0 0 0 0 927709852 19002373 4152135680 263741440 3112960 19350959 14643009 3631395 12654540 27686090
1790321754874 0 88333 8985 2318044442 2272166394 0 0 0 0 0 0 927752499 19002564 4152188928 363114496 49811456 19535758 14786438 3674043 12852375 27982551
1790321755893 0 119672 0 2318173150 2272272637 0 0 0 0 0 0 927790505 19002737 4151537664 476581888 0 19714604 14923432 3711607 13014798 28301473
1790321756917 0 31852 1776 2318262184 2272447828 0 0 0 0 0 0 927816210 19002840 4151382016 145068032 8245248 19852221 15026883 3738265 13167690 28740618
1790321757936 0 85050 0 2318408252 2272542386 0 0 0 0 0 0 927868038 19003041 4151406592 337948672 0 20066769 15195481 3789612 13270205 28869317
1790321758960 0 107122 4685 2318551927 2272659488 0 0 0 0 0 0 927918398 19003234 4151775232 470376448 10805248 20284859 15364864 3839939 13371150 29004988
1790321759979 0 63691 0 2318652040 2272807604 0 0 0 0 0 0 927948916 19003365 4151615488 246382592 0 20427638 15470439 3870252 13508349 29432352
1790321760998 0 109094 25258 2318795915 2272880816 0 0 0 0 0 0 927994918 19003544 4151508992 560259072 10563584 20636461 15635806 3916461 13685997 29679476
1790321762017 0 21613 54 2318879153 2273076755 0 0 0 0 0 0 928022396 19003659 4151492608 75952128 0 20748758 15727068 3944200 13766306 29928103
1790321763036 0 97385 12414 2319051322 2273160690 0 0 0 0 0 0 928067345 19003872 4150198272 462110720 0 20991782 15916403 3989418 13904813 30046051
1790321764055 0 74684 0 2319152430 2273296975 0 0 0 0 0 0 928099176 19004000 4150370304 295616512 0 21133411 16030596 4019716 13956883 30210951
1790321765075 0 98660 0 2319295226 2273415760 0 0 0 0 0 0 928140268 19004175 4150665216 393887744 0 21342381 16195447 4061297 14114997 30500888
1790321766097 0 64813 0 2319414962 2273569362 0 0 0 0 0 0 928171637 19004342 4149932032 257060864 3497984 21507212 16327290 4092667 14322577 30860597
1790321767123 0 55799 795 2319536569 2273699267 0 0 0 0 0 0 928211694 19004511 4150194176 247361536 2420736 21684437 16469643 4133238 14514912 31222775
1790321768144 0 104395 6279 2319688205 2273796876 0 0 0 0 0 0 928265657 19004763 4151242752 427401216 55394304 21916600 16653327 4187201 14637852 31325879
1790321769168 0 71873 0 2319804278 2273951513 0 0 0 0 0 0 928294994 19004930 4151209984 280305664 1429504 22082994 16779903 4216536 14818803 31728088
1790321770195 0 95561 0 2319952709 2274076478 0 0 0 0 0 0 928332530 19005125 4150407168 395317248 23334912 22294833 16947609 4254584 14905337 31880382
1790321771218 0 121492 0 2320089273 2274187035 0 0 0 0 0 0 928378451 19005350 4150067200 491446272 0 22487500 17105671 4297919 15070665 32201758
1790321772242 0 90006 1438 2320215086 2274342928 0 0 0 0 0 0 928420960 19005539 4150317056 379146240 2805760 22665975 17253038 4342505 15266817 32554054
1790321773261 0 104968 0 2320359301 2274473388 0 0 0 0 0 0 928460508 19005744 4150026240 418586624 0 22872602 17412278 4382102 15414561 32802931
1790321774281 0 128852 0 2320491660 2274581933 0 0 0 0 0 0 928500544 19005892 4150525952 522985472 0 23071645 17565315 4419579 15571165 33110810
1790321775300 0 81600 0 2320608195 2274745774 0 0 0 0 0 0 928529862 19006056 4149714944 324218880 0 23231841 17692339 4450959 15702901 33448479
1790321776319 0 144341 0 2320765248 2274839983 0 0 0 0 0 0 928586020 19006286 4150042624 578228224 0 23462590 17876417 4507067 15824860 33613282
1790321777340 0 67449 23790 2320874708 2275002716 0 0 0 0 0 0 928610195 19006420 4149305344 276271104 100261888 23609090 17992165 4532250 15920226 33912795
1790321778361 0 51043 0 2320972361 2275140606 0 0 0 0 0 0 928639489 19006550 4149923840 196481024 0 23745508 18096540 4560522 16045394 34349913
1790321779380 0 89833 0 2321106485 2275235839 0 0 0 0 0 0 928672915 19006721 4149477376 361848832 0 23935183 18240615 4594981 16213340 34665673
1790321780399 0 107193 1540 2321215286 2275325881 0 0 0 0 0 0 928703707 19006864 4149121024 458952704 3780608 24077760 18355950 4625832 16286568 34854219
1790321781418 0 141479 0 2321360924 2275438593 0 0 0 0 0 0 928743326 19007028 4148559872 560660480 0 24276173 18509926 4665386 16388492 35086179
1790321782437 0 112772 7039 2321478274 2275577775 0 0 0 0 0 0 928776233 19007192 4148137984 461910016 48762880 24451345 18643082 4698288 16452262 35231082
1790321783456 0 114593 787 2321612334 2275716320 0 0 0 0 0 0 928823391 19007394 4149166080 496648192 0 24662599 18798784 4745269 16536008 35456671
1790321784484 0 78277 2358 2321728509 2275867131 0 0 0 0 0 0 928854864 19007565 4148965376 323743744 28053504 24832890 18925683 4776918 16685313 35816010
1790321785513 0 74017 73 2321843145 2275988402 0 0 0 0 0 0 928889775 19007734 4148482048 321093632 11575296 25006267 19052346 4811364 16811683 36076987
1790321786547 0 53743 0 2321964169 2276129749 0 0 0 0 0 0 928923211 19007896 4147240960 215420928 0 25177430 19181604 4843733 16961360 36446061
1790321787569 0 58063 13337 2322112081 2276260390 0 0 0 0 0 0 928968463 19008119 4146810880 233639936 88592384 25397068 19349366 4890518 17133802 36745718
1790321788590 0 113716 0 2322272964 2276378484 0 0 0 0 0 0 929008979 19008326 4145631232 450699264 0 25613132 19516058 4931097 17229723 36880116
1790321789609 0 63264 0 2322383463 2276539298 0 0 0 0 0 0 929049589 19008486 4145901568 248971264 0 25786221 19648205 4970120 17386326 37235209
1790321790628 0 131344 5971 2322550734 2276632673 0 0 0 0 0 0 929099932 19008711 4145364992 535891968 45010944 26032803 19843998 5021987 17510786 37384005
1790321791648 0 78535 0 2322649377 2276790114 0 0 0 0 0 0 929135336 19008859 4146176000 311967744 0 26181037 19959273 5055347 17679061 37789945
1790321792672 0 54464 5179 2322770115 2276929669 0 0 0 0 0 0 929175153 19009069 4147003392 254558208 10592256 26365883 20104289 5096937 17841678 38089670
1790321793694 0 115728 0 2322925799 2277029336 0 0 0 0 0 0 929220866 19009265 4146675712 461500416 0 26597787 20279848 5141916 17928112 38184721
1790321794717 0 63392 0 2323037274 2277193107 0 0 0 0 0 0 929251202 19009401 4145917952 259436544 23027712 26764551 20407555 5173256 18069363 38559094
1790321795738 0 65258 0 2323164180 2277318108 0 0 0 0 0 0 929297381 19009594 4146221056 256987136 0 26945700 20553979 5218443 18141025 38736852
1790321796758 0 116402 27 2323318672 2277421556 0 0 0 0 0 0 929332335 19009800 4144582656 461668352 0 27156959 20717649 5253925 18206278 38815727
1790321797782 0 76944 4776 2323437922 2277575458 0 0 0 0 0 0 929374489 19009990 4145606656 350654464 10960896 27353547 20863537 5296543 18306238 38975847
1790321798801 0 122649 1022 2323581673 2277677157 0 0 0 0 0 0 929412986 19010191 4145172480 496128000 0 27538904 21020204 5334046 18458579 39260399
1790321799820 0 86426 28 2323708177 2277840931 0 0 0 0 0 0 929453231 19010382 4144779264 354000896 22982656 27728336 21170952 5374775 18532759 39377109
1790321800843 0 77085 1854 2323841173 2277981541 0 0 0 0 0 0 929493821 19010577 4145213440 342196224 12279808 27917346 21322995 5415875 18627655 39664377
1790321801866 0 110960 55 2323972423 2278080632 0 0 0 0 0 0 929529807 19010767 4145152000 438931456 0 28092061 21463405 5451862 18691700 39833134
1790321802890 0 48537 22071 2324100044 2278248746 0 0 0 0 0 0 929569381 19010955 4145508352 308215808 2768896 28290735 21616113 5491436 18842262 40132186
1790321803910 0 97104 0 2324251011 2278373104 0 0 0 0 0 0 929605891 19011155 4144807936 384155648 0 28487109 21775097 5527444 18965609 40333210
1790321804936 0 120611 2493 2324397525 2278493550 0 0 0 0 0 0 929658798 19011394 4145582080 516284416 11382784 28706441 21953115 5580886 19068812 40507594
1790321805958 0 93585 59 2324516828 2278642353 0 0 0 0 0 0 929689699 19011569 4145025024 376414208 2740224 28862691 22081330 5610731 19158773 40695787
1790321806977 0 106865 4891 2324641389 2278748961 0 0 0 0 0 0 929728681 19011757 4145594368 464334848 0 29047580 22224128 5649264 19258754 40931061
1790321808000 0 90747 1168 2324769270 2278896651 0 0 0 0 0 0 929764766 19011962 4145963008 402014208 3530752 29225608 22369048 5686310 19352877 41117128
1790321809023 0 107972 0 2324904334 2279015592 0 0 0 0 0 0 929812012 19012216 4146569216 428134400 0 29418689 22524492 5733764 19541827 41421145
1790321810043 0 85437 0 2325021087 2279154857 0 0 0 0 0 0 929849065 19012401 4145954816 342204416 0 29584656 22654240 5769084 19727804 41785581
1790321811062 0 114532 0 2325164919 2279269546 0 0 0 0 0 0 929886577 19012611 4145487872 456732672 0 29783339 22806910 5806642 19884405 42079961
1790321812082 0 99612 0 2325301472 2279421099 0 0 0 0 0 0 929917990 19012810 4145434624 394051584 0 29978703 22955160 5839064 19966432 42231990
1790321813109 0 97372 4599 2325438552 2279555755 0 0 0 0 0 0 929956057 19012995 4145160192 431747072 15904768 30174778 23108694 5878111 20089612 42408521
1790321814132 0 64436 0 2325552391 2279707098 0 0 0 0 0 0 929989416 19013182 4144615424 249073664 0 30326762 23228073 5911435 20249385 42751072
1790321815158 0 77050 1306 2325681597 2279822608 0 0 0 0 0 0 930031127 19013383 4145307648 313503744 31240192 30521666 23380182 5953182 20396345 43083247
1790321816181 0 96475 2701 2325809991 2279930008 0 0 0 0 0 0 930061433 19013566 4144537600 415809536 0 30696057 23516097 5983532 20577481 43444003
1790321817205 0 65805 23360 2325934325 2280064416 0 0 0 0 0 0 930101579 19013767 4145197056 380583936 524288 30876487 23660915 6023633 20727178 43810633
1790321818224 0 106833 39 2326062685 2280175047 0 0 0 0 0 0 930142678 19013952 4145311744 425451520 0 31055784 23801822 6063720 20818000 43988291
1790321819244 0 27929 0 2326159962 2280351218 0 0 0 0 0 0 930167858 19014102 4144857088 100585472 0 31188660 23906591 6089958 20972911 44397442
1790321820263 0 65243 0 2326313973 2280467950 0 0 0 0 0 0 930211041 19014317 4144693248 252686336 0 31415960 24075933 6132604 21076971 44543582
1790321821282 0 102502 0 2326448567 2280565231 0 0 0 0 0 0 930252669 19014549 4144918528 409505792 0 31610385 24229087 6173757 21248132 44847783
1790321822302 0 104481 0 2326575424 2280690092 0 0 0 0 0 0 930293775 19014747 4145172480 413224960 0 31804732 24379590 6215889 21322730 44958334
1790321823321 0 113100 0 2326714001 2280820209 0 0 0 0 0 0 930334905 19014950 4145303552 448573440 0 32012646 24538871 6256506 21431755 45207171
1790321824341 0 80708 65 2326837386 2280975879 0 0 0 0 0 0 930379570 19015138 4145586176 318144512 0 32204080 24687328 6300659 21529599 45351073
1790321825361 0 59649 0 2326959677 2281119253 0 0 0 0 0 0 930415432 19015311 4145688576 231698432 0 32377018 24819463 6336638 21664469 45605302
1790321826382 0 58496 21 2327088528 2281249267 0 0 0 0 0 0 930459130 19015507 4145250304 241520640 5033984 32582114 24973256 6379809 21820070 45845856
1790321827405 0 83687 19126 2327229216 2281345796 0 0 0 0 0 0 930504516 19015720 4145864704 379846656 60829696 32793896 25138554 6426573 21945280 45998479
1790321828425 0 60755 0 2327343891 2281502262 0 0 0 0 0 0 930536292 19015884 4145205248 238096384 0 32950065 25262054 6456919 22008232 46140522
1790321829444 0 81656 0 2327482618 2281620127 0 0 0 0 0 0 930577450 19016065 4145659904 324227072 0 33150752 25419829 6498014 22186991 46433092
1790321830464 0 32 0 2327545799 2281765014 0 0 0 0 0 0 930631913 19016279 4173340672 131072 0 33269228 25519666 6550371 22241516 46502268
1790321831484 0 33 0 2327545800 2281765014 0 0 0 0 0 0 930810015 19016958 4180983808 131072 0 33465469 25696979 6729550 22310540 46530592
1790321832504 0 33 0 2327545800 2281765014 0 0 0 0 0 0 930975059 19017450 4191272960 131072 0 33733585 25859065 6894148 22465955 46568223
1790321833523 0 24 0 2327545801 2281765014 0 0 0 0 0 0 931032144 19017653 1366827008 45056 0 33957358 25917906 6954199 22561476 46589566
