1790331082477 0 0 0 3071223244 3025415139 0 0 0 0 0 0 1276390191 20116703 - - - - - - - -
1790331083646 0 141464 1971 3071549774 3025598259 0 0 0 0 0 0 1276390191 20116814 1252814848 580562944 5660672 0 0 29 0 13041
1790331084709 0 159541 1925 3071779137 3025809508 0 0 0 0 0 0 1276390220 20116814 2224664576 649043968 8286208 0 0 29 0 41289
1790331085765 0 135459 11550 3071948177 3025993335 0 0 0 0 0 0 1276390220 20116814 2917900288 595791872 16015360 0 0 29 0 93261
1790331086819 0 154816 4088 3072133754 3026166576 0 0 0 0 0 0 1276390220 20116814 3698216960 638550016 16777216 0 0 29 0 161896
1790331087851 0 154482 2034 3072303496 3026338936 0 0 0 0 0 0 1276391213 20116814 4141342720 640614400 10457088 139195 62652 1022 19542 223875
1790331088877 0 148200 2019 3072468974 3026510694 0 0 0 0 0 0 1276398873 20116824 4139962368 591888384 19947520 408085 232368 8610 73496 295539
1790331089897 0 119451 3887 3072602939 3026671263 0 0 0 0 0 0 1276411426 20116842 4139855872 463224832 24326144 604444 377882 21289 114478 396587
1790331090922 0 124386 3161 3072767786 3026832088 0 0 0 0 0 0 1276430261 20116873 4139491328 507224064 8388608 840962 560962 39134 155681 648377
1790331091953 0 78332 12263 3072900610 3027001910 0 0 0 0 0 0 1276453769 20116934 4140425216 346120192 26001408 1067560 722512 63577 204369 1072248
1790331092996 0 85241 6086 3073034292 3027134914 0 0 0 0 0 0 1276480909 20117133 4141424640 371752960 10575872 1330592 881070 90203 260053 1335489
1790331094046 0 93354 15095 3073180317 3027264177 0 0 0 0 0 0 1276520902 20117321 4143816704 402960384 91131904 1603823 1066356 130205 308944 1638326
1790331095103 0 72612 5681 3073301777 3027415561 0 0 0 0 0 0 1276554802 20117479 4145836032 297787392 20377600 1811419 1218078 163588 365387 1871452
1790331096131 0 89862 4540 3073445153 3027542579 0 0 0 0 0 0 1276597339 20117648 4148523008 367906816 43761664 2065793 1407419 206666 414660 2176264
1790331097183 0 74617 13083 3073579400 3027683514 0 0 0 0 0 0 1276646101 20117822 4151312384 365379584 33554432 2315800 1586938 255913 518563 2517566
1790331098238 0 97725 2050 3073711425 3027803418 0 0 0 0 0 0 1276696881 20118050 4153970688 406274048 11718656 2585033 1766813 305836 616641 2703023
1790331099263 0 128797 21187 3073860716 3027902598 0 0 0 0 0 0 1276752285 20118734 4155662336 527478784 86966272 2879671 1975500 362146 687192 2897837
1790331100289 0 104269 2690 3073959218 3028044065 0 0 0 0 0 0 1276792781 20118886 4156567552 435421184 35098624 3074894 2109763 401134 745515 3108931
1790331101337 0 108478 3650 3074085368 3028165130 0 0 0 0 0 0 1276853023 20119095 4157710336 448290816 49152 3350680 2294274 461335 804646 3475453
1790331102378 0 106876 16266 3074208444 3028277594 0 0 0 0 0 0 1276924331 20119322 4159836160 441286656 83369984 3636703 2491591 533146 847507 3704377
1790331103438 0 113364 5175 3074340467 3028413976 0 0 0 0 0 0 1277004866 20119555 4161888256 479281152 33554432 3951703 2704102 614675 930110 4000621
1790331104482 0 54923 54 3074428254 3028565016 0 0 0 0 0 0 1277066909 20119740 4163694592 206299136 0 4171030 2847072 674512 997769 4322958
1790331105512 0 124941 9027 3074598055 3028655831 0 0 0 0 0 0 1277165849 20120022 4164620288 525602816 28237824 4588096 3121068 775724 1083643 4443668
1790331106553 0 128002 14355 3074729224 3028778676 0 0 0 0 0 0 1277276186 20120317 4167057408 519294976 69005312 4959574 3359339 885055 1162803 4702928
1790331107573 0 105134 13 3074828658 3028915396 0 0 0 0 0 0 1277352562 20120530 4168581120 409554944 0 5204620 3530490 960424 1254320 5022816
1790331108597 0 142338 0 3074967343 3029016809 0 0 0 0 0 0 1277463385 20120821 4168417280 566874112 0 5588424 3775864 1066353 1349710 5284675
1790331109624 0 24757 4320 3075029628 3029192412 0 0 0 0 0 0 1277512299 20120995 4169314304 120455168 19841024 5775012 3894241 1121970 1526581 5688103
1790331110648 0 107946 1125 3075196245 3029278906 0 0 0 0 0 0 1277648109 20121441 4169207808 451276800 11993088 6223804 4185396 1257117 1634877 5929594
1790331111675 0 111029 20513 3075336909 3029397330 0 0 0 0 0 0 1277773421 20122336 4169289728 544198656 11673600 6632166 4440250 1383273 1733699 6146368
1790331112701 0 57492 27464 3075450750 3029557634 0 0 0 0 0 0 1277866031 20122617 4167593984 353267712 88137728 6924160 4621804 1475689 1800170 6397305
1790331113733 0 95173 20 3075589976 3029686533 0 0 0 0 0 0 1277967495 20122928 4165554176 361631744 0 7240890 4822802 1573212 1926594 6745269
1790331114758 0 75684 9032 3075721635 3029828814 0 0 0 0 0 0 1278053227 20123163 4162957312 307675136 37134336 7532188 5001775 1663036 2058614 7115945
1790331115780 0 55777 37 3075836821 3029972841 0 0 0 0 0 0 1278120486 20123372 4159664128 226095104 22364160 7766804 5136358 1729775 2199296 7526274
1790331116826 0 88509 8138 3075994979 3030090186 0 0 0 0 0 0 1278213094 20123647 4156334080 356159488 70799360 8100953 5334686 1822903 2303495 7836300
1790331117867 0 78652 10877 3076113576 3030215952 0 0 0 0 0 0 1278285290 20123847 4152848384 376672256 0 8339586 5478890 1892041 2400216 8145498
1790331118892 0 36890 6084 3076224430 3030373315 0 0 0 0 0 0 1278352967 20124044 4150992896 149983232 54325248 8612103 5633552 1962843 2521261 8559588
1790331119935 0 60359 767 3076363427 3030494270 0 0 0 0 0 0 1278445933 20124311 4148547584 247123968 15896576 8931293 5827338 2055741 2610104 8793854
1790331120954 0 52771 1827 3076474994 3030612303 0 0 0 0 0 0 1278524944 20124535 4148031488 222175232 7692288 9187956 5987328 2134239 2715750 9005813
1790331121974 0 76225 5137 3076609574 3030720083 0 0 0 0 0 0 1278609213 20124784 4145668096 346083328 1802240 9493468 6169427 2218356 2790456 9175366
1790331123005 0 85111 71 3076702605 3030809388 0 0 0 0 0 0 1278682731 20125009 4145696768 329392128 0 9703245 6307378 2286365 2906484 9482810
1790331124041 0 67890 2310 3076818598 3030940340 0 0 0 0 0 0 1278775036 20125289 4146479104 278077440 23556096 9995787 6502953 2383820 2995412 9691447
1790331125065 0 72589 0 3076957956 3031077160 0 0 0 0 0 0 1278853066 20125560 4145528832 272429056 0 10303106 6695351 2460311 3129426 9997123
1790331126093 0 118946 0 3077099660 3031172393 0 0 0 0 0 0 1278964220 20126021 4146896896 468021248 0 10665921 6924015 2570850 3228579 10216648
1790331127123 0 61044 0 3077181912 3031312682 0 0 0 0 0 0 1279028741 20126199 4147392512 224460800 0 10857321 7056462 2636179 3323213 10532342
1790331128147 0 87481 0 3077331074 3031435563 0 0 0 0 0 0 1279127924 20126497 4147113984 337522688 0 11211226 7278085 2735702 3396262 10769308
1790331129187 0 55160 20292 3077443763 3031560254 0 0 0 0 0 0 1279218789 20126743 4149002240 335691776 3571712 11515110 7466407 2827070 3494962 11056898
1790331130225 0 52522 45 3077554332 3031693551 0 0 0 0 0 0 1279287106 20126937 4148256768 192532480 0 11747638 7622350 2893238 3573461 11359872
1790331131250 0 71442 4818 3077673581 3031789469 0 0 0 0 0 0 1279368089 20127172 4147449856 290717696 31236096 12052759 7812582 2977911 3672334 11618874
1790331132275 0 81653 32 3077792254 3031902345 0 0 0 0 0 0 1279460414 20127432 4149211136 340459520 4206592 12326859 7999182 3068196 3754971 11867954
1790331133301 0 103281 0 3077920460 3032009008 0 0 0 0 0 0 1279573439 20127713 4150988800 405659648 0 12660876 8217193 3179483 3890051 12162970
1790331134345 0 42597 948 3078005809 3032154173 0 0 0 0 0 0 1279635338 20127883 4151767040 199815168 2920448 12878204 8353784 3243828 4006399 12489374
1790331135389 0 74540 20343 3078163601 3032260656 0 0 0 0 0 0 1279742592 20128190 4151156736 387313664 12685312 13279017 8596189 3352407 4119589 12693775
1790331136408 0 86941 7876 3078283427 3032380390 0 0 0 0 0 0 1279822564 20128466 4151238656 356069376 46706688 13569663 8784206 3432426 4187462 12823459
1790331137431 0 65248 719 3078388617 3032514430 0 0 0 0 0 0 1279902125 20128738 4150738944 274702336 4497408 13841086 8956167 3511399 4302338 13118635
1790331138449 0 101018 6377 3078537018 3032621531 0 0 0 0 0 0 1280011973 20129076 4152373248 409710592 41873408 14200733 9193986 3621854 4417461 13328526
1790331139475 0 2680 45 3078610821 3032799759 0 0 0 0 0 0 1280069306 20129258 4152938496 4096 17596416 14390611 9316374 3677308 4532903 13745368
1790331140512 0 82560 4964 3078771308 3032875831 0 0 0 0 0 0 1280182558 20129731 4152897536 335884288 33546240 14799809 9575353 3792433 4627631 13885770
1790331141541 0 87800 22 3078882040 3032986165 0 0 0 0 0 0 1280268228 20129989 4152815616 339668992 0 15066720 9747155 3872511 4731749 14162384
1790331142566 0 116392 0 3079021471 3033096794 0 0 0 0 0 0 1280381707 20130338 4153413632 454754304 0 15421030 9982826 3988522 4807782 14369271
1790331143588 0 82598 3397 3079132907 3033238824 0 0 0 0 0 0 1280463331 20130594 4154023936 338497536 25464832 15709639 10165057 4072200 4924525 14707587
1790331144611 0 26074 896 3079221916 3033386906 0 0 0 0 0 0 1280519845 20130768 4153839616 111599616 3031040 15916402 10296242 4128651 5007697 15003678
1790331145630 0 75820 0 3079364754 3033480775 0 0 0 0 0 0 1280613430 20131053 4153020416 292556800 0 16257506 10508871 4220551 5108033 15154894
1790331146671 0 100485 2371 3079501316 3033590410 0 0 0 0 0 0 1280705182 20131317 4152311808 407625728 59101184 16586644 10722554 4314991 5216158 15348734
1790331147725 0 107650 0 3079629073 3033713225 0 0 0 0 0 0 1280792417 20131581 4151189504 417714176 0 16876937 10905687 4398833 5332711 15678295
1790331148747 0 69442 7389 3079740239 3033855359 0 0 0 0 0 0 1280864232 20131805 4151156736 324243456 6803456 17135599 11074455 4473635 5371652 15723159
1790331149778 0 73929 0 3079857333 3033975299 0 0 0 0 0 0 1280957701 20132063 4152332288 285962240 8318976 17424294 11263779 4564955 5478834 15968531
1790331150808 0 9766 0 3079945658 3034127876 0 0 0 0 0 0 1281030583 20132277 4152872960 21553152 0 17643106 11406188 4637327 5590010 16352774
1790331151833 0 73647 48 3080112113 3034230301 0 0 0 0 0 0 1281126049 20132573 4150796288 279633920 0 18020054 11636524 4733082 5713127 16591383
1790331152856 0 68200 0 3080225446 3034349062 0 0 0 0 0 0 1281200127 20132789 4149760000 255619072 0 18272585 11792808 4806116 5813387 16913425
1790331153883 0 85119 405 3080361415 3034467779 0 0 0 0 0 0 1281290906 20133075 4148510720 352821248 4046848 18582341 11989547 4899695 5880083 17099365
1790331154913 0 77450 10171 3080487610 3034591880 0 0 0 0 0 0 1281372097 20133341 4146692096 363941888 0 18853040 12162879 4979932 5994302 17368627
1790331155939 0 7546 7 3080564584 3034748948 0 0 0 0 0 0 1281423575 20133520 4145627136 12992512 0 19038068 12272080 5030006 6113147 17825276
1790331156962 0 71734 7514 3080727227 3034839942 0 0 0 0 0 0 1281556904 20133929 4146728960 320741376 0 19462630 12534718 5163085 6252504 18087076
1790331157990 0 63970 0 3080839321 3034967078 0 0 0 0 0 0 1281634016 20134180 4145360896 240898048 0 19713675 12696237 5241265 6338526 18347954
1790331159025 0 71496 38 3080952102 3035072548 0 0 0 0 0 0 1281702267 20134408 4143550464 276377600 0 19974858 12855181 5308086 6461749 18683314
1790331160047 0 100881 0 3081102465 3035193384 0 0 0 0 0 0 1281807734 20134780 4143583232 390541312 0 20327051 13079221 5414953 6566021 18930883
1790331161068 0 52234 65 3081216306 3035355751 0 0 0 0 0 0 1281876804 20135053 4142411776 208699392 9224192 20584797 13245131 5485650 6641536 19242842
1790331162093 0 56606 4380 3081351446 3035482340 0 0 0 0 0 0 1281974380 20135387 4141907968 236871680 0 20896806 13446394 5577508 6705662 19411897
1790331163115 0 86834 0 3081497504 3035602541 0 0 0 0 0 0 1282076531 20135756 4142219264 333750272 0 21243318 13671020 5682273 6818120 19652539
1790331164147 0 85865 0 3081641894 3035747901 0 0 0 0 0 0 1282178707 20136125 4141887488 332169216 0 21580943 13889411 5782729 6900467 19818507
1790331165187 0 48070 1014 3081775682 3035918511 0 0 0 0 0 0 1282270523 20136455 4142886912 221925376 3923968 21926038 14106610 5879391 6986911 20027390
1790331166210 0 118782 0 3081940891 3036013816 0 0 0 0 0 0 1282373269 20136832 4142194688 463650816 0 22290726 14346414 5980736 7053061 20179059
1790331167234 0 85097 16498 3082056808 3036147445 0 0 0 0 0 0 1282454320 20137145 4142071808 410632192 15388672 22570333 14531732 6063618 7182513 20520836
1790331168257 0 71858 0 3082170490 3036290343 0 0 0 0 0 0 1282548697 20137474 4143718400 274116608 0 22849740 14712886 6154974 7280170 20820946
1790331169285 0 88200 5913 3082318676 3036416596 0 0 0 0 0 0 1282666839 20137897 4145848320 359264256 55603200 23242268 14962963 6276694 7387355 21081222
1790331170334 0 37450 3929 3082429192 3036580029 0 0 0 0 0 0 1282741319 20138216 4146683904 184614912 8409088 23506015 15130929 6351177 7465918 21363644
1790331171367 0 86963 0 3082585104 3036689938 0 0 0 0 0 0 1282847080 20138622 4146626560 341155840 0 23873820 15360932 6452335 7554563 21542129
1790331172390 0 84102 2993 3082709363 3036813986 0 0 0 0 0 0 1282929148 20138943 4146032640 345538560 0 24165631 15551959 6534547 7682400 21802554
1790331173418 0 74590 38 3082842911 3036960178 0 0 0 0 0 0 1283026615 20139807 4146352128 303304704 29708288 24499910 15769496 6635462 7799800 22099863
1790331174462 0 104174 0 3082982981 3037070826 0 0 0 0 0 0 1283107341 20140145 4145680384 411971584 3358720 24806864 15965501 6714604 7891827 22321930
1790331175486 0 55046 14601 3083083719 3037206050 0 0 0 0 0 0 1283176678 20140423 4145172480 233160704 63127552 25049946 16123496 6785975 8039963 22733132
1790331176506 0 56449 1752 3083210948 3037344702 0 0 0 0 0 0 1283260000 20140750 4145266688 230604800 22990848 25341668 16316386 6869877 8128781 22934514
1790331177527 0 101042 16279 3083363697 3037438515 0 0 0 0 0 0 1283386119 20141215 4147478528 492609536 0 25730871 16569366 6992868 8244692 23185075
1790331178558 0 58116 11443 3083469598 3037591966 0 0 0 0 0 0 1283457981 20141511 4148199424 284274688 9736192 25993063 16730152 7066824 8320398 23381400
1790331179583 0 102473 5548 3083618015 3037702047 0 0 0 0 0 0 1283560138 20141916 4146806784 417542144 54464512 26357608 16961114 7170021 8441174 23577626
1790331180616 0 34860 1601 3083720622 3037876188 0 0 0 0 0 0 1283637680 20142204 4146290688 163078144 1671168 26610331 17117038 7246510 8519795 23812501
1790331181643 0 105921 0 3083886266 3037972305 0 0 0 0 0 0 1283766553 20142697 4147101696 410607616 0 27024338 17381837 7372805 8639300 24016346
1790331182671 0 91041 34 3084016827 3038117743 0 0 0 0 0 0 1283853423 20143066 4146036736 371126272 27770880 27370960 17581520 7463227 8745592 24305548
1790331183719 0 105549 6809 3084163594 3038243037 0 0 0 0 0 0 1283959799 20143495 4145807360 428818432 51462144 27728063 17810372 7569211 8820980 24511484
1790331184754 0 85248 50 3084280448 3038386971 0 0 0 0 0 0 1284039042 20143797 4144508928 327684096 0 27984486 17975124 7643070 8901332 24833454
1790331185794 0 44299 533 3084411194 3038558328 0 0 0 0 0 0 1284128883 20144143 4144607232 198189056 1728512 28318574 18178188 7737664 9026707 25153718
1790331186817 0 66648 8920 3084551509 3038667919 0 0 0 0 0 0 1284238800 20144581 4145446912 272990208 56934400 28693254 18405081 7848609 9129764 25361685
1790331187841 0 88443 43 3084669702 3038773018 0 0 0 0 0 0 1284329268 20144959 4145954816 356270080 6672384 28971817 18587004 7938567 9251766 25633361
1790331188869 0 56667 1876 3084776164 3038909412 0 0 0 0 0 0 1284412283 20145274 4145860608 221302784 32497664 29230564 18751910 8021579 9333174 25909151
1790331189910 0 101631 3942 3084934685 3039021050 0 0 0 0 0 0 1284522715 20145723 4145868800 412172288 53153792 29638842 18993354 8132014 9451157 26202915
1790331190951 0 18520 48 3085030233 3039203739 0 0 0 0 0 0 1284593104 20146035 4145401856 52875264 0 29871431 19138578 8200872 9570380 26687810
1790331191976 0 87592 734 3085202395 3039306128 0 0 0 0 0 0 1284717890 20146569 4144017408 361467904 10190848 30300205 19412587 8326678 9711035 26949731
1790331192998 0 110110 0 3085343144 3039424915 0 0 0 0 0 0 1284819897 20146954 4144087040 430125056 0 30615481 19621436 8426075 9817440 27257176
1790331194020 0 62853 5611 3085449453 3039572944 0 0 0 0 0 0 1284898505 20147269 4144050176 257445888 43823104 30884800 19790196 8508314 9888118 27521104
1790331195049 0 58925 49 3085574531 3039707563 0 0 0 0 0 0 1284988712 20147591 4144345088 224456704 0 31193699 19978533 8593208 10007271 27826629
1790331196079 0 41791 1170 3085705807 3039854692 0 0 0 0 0 0 1285092052 20147984 4144775168 190201856 3297280 31536220 20194384 8697253 10117148 28058727
1790331197115 0 89363 64 3085873104 3039975680 0 0 0 0 0 0 1285205469 20148458 4143222784 358334464 6807552 31932860 20450138 8813810 10216597 28294594
1790331198144 0 81504 8019 3085997390 3040099846 0 0 0 0 0 0 1285279018 20148783 4142944256 372424704 0 32210651 20625533 8887807 10314909 28583473
1790331199169 0 72302 334 3086117702 3040237118 0 0 0 0 0 0 1285375542 20149165 4143509504 306765824 2433024 32520521 20826876 8983864 10425872 28897108
1790331200208 0 105959 1109 3086270442 3040355300 0 0 0 0 0 0 1285491637 20149596 4143706112 427712512 34201600 32897818 21066229 9100935 10529323 29161885
1790331201241 0 7403 1856 3086356695 3040539643 0 0 0 0 0 0 1285556686 20149858 4144414720 52301824 4460544 33112805 21199689 9165478 10620067 29487473
1790331202277 0 68843 0 3086524279 3040647443 0 0 0 0 0 0 1285688016 20150341 4145033216 264937472 0 33538955 21465494 9293783 10727278 29705917
1790331203301 0 71667 168 3086644956 3040765221 0 0 0 0 0 0 1285776273 20150696 4144066560 287506432 17235968 33832063 21659893 9386115 10844130 30020196
1790331204334 0 75402 1898 3086773234 3040888042 0 0 0 0 0 0 1285881516 20151103 4144799744 302452736 0 34161416 21866555 9486456 10961469 30318596
1790331205358 0 68477 3014 3086906951 3041027376 0 0 0 0 0 0 1285977103 20151470 4145823744 278523904 27979776 34527618 22088354 9586258 11090515 30635114
1790331206383 0 7877 4761 3087019990 3041199299 0 0 0 0 0 0 1286058197 20152336 4145049600 70348800 3715072 34811428 22264793 9665791 11200212 30951672
1790331207415 0 56474 2234 3087186453 3041319707 0 0 0 0 0 0 1286178245 20152810 4144615424 231571456 35180544 35208816 22525426 9787220 11317810 31156929
1790331208452 0 75115 23 3087336830 3041453675 0 0 0 0 0 0 1286285608 20153252 4144992256 302379008 10764288 35569674 22751170 9892966 11430970 31404517
1790331209482 0 92400 10698 3087481385 3041570247 0 0 0 0 0 0 1286395016 20153696 4146073600 376475648 55685120 35949015 22981800 10003957 11556714 31701006
1790331210506 0 84912 9155 3087607802 3041705574 0 0 0 0 0 0 1286489624 20154094 4146003968 400166912 1998848 36257336 23180590 10099211 11646566 31902997
1790331211532 0 12111 73 3087701652 3041881297 0 0 0 0 0 0 1286555411 20154354 4145979392 28405760 0 36471865 23318484 10161523 11738385 32253686
1790331212553 0 105427 0 3087883918 3041970491 0 0 0 0 0 0 1286673299 20154840 4144148480 409718784 0 36894191 23587510 10281695 11816917 32381192
1790331213577 0 74137 11148 3088008451 3042115330 0 0 0 0 0 0 1286759920 20155197 4144033792 355753984 17911808 37193103 23782536 10369773 11921969 32714645
1790331214658 0 80367 0 3088148913 3042260283 0 0 0 0 0 0 1286878033 20155673 4144660480 314580992 6262784 37553052 24006911 10483761 12023761 32967684
1790331215687 0 81478 584 3088289675 3042399548 0 0 0 0 0 0 1286976839 20156051 4145381376 318853120 0 37884404 24216689 10582084 12119350 33231450
1790331216712 0 60253 7563 3088428182 3042552336 0 0 0 0 0 0 1287072319 20156442 4145389568 288788480 0 38243954 24433877 10681710 12207020 33425286
1790331217737 0 99017 5904 3088587462 3042674687 0 0 0 0 0 0 1287177848 20156886 4143996928 403251200 50102272 38627670 24674148 10787007 12293337 33647914
1790331218773 0 84395 6205 3088715294 3042816650 0 0 0 0 0 0 1287257102 20157225 4143063040 372080640 0 38917963 24859220 10865978 12365559 33809253
1790331219794 0 57437 753 3088827778 3042961586 0 0 0 0 0 0 1287351104 20157589 4143828992 248295424 5414912 39201462 25048760 10959925 12473890 34179017
1790331220819 0 63295 3650 3088961890 3043086804 0 0 0 0 0 0 1287464530 20158029 4145610752 274481152 20340736 39544405 25271222 11072800 12549107 34406729
1790331221855 0 88914 0 3089116613 3043219634 0 0 0 0 0 0 1287585203 20158528 4147437568 340881408 0 39945805 25514124 11193940 12638328 34661500
1790331222874 0 88897 0 3089247568 3043350739 0 0 0 0 0 0 1287682796 20158933 4146774016 363999232 14450688 40277190 25721520 11291606 12754275 34997604
1790331223897 0 58728 0 3089362984 3043496116 0 0 0 0 0 0 1287760388 20159250 4145004544 219246592 0 40534781 25885240 11369293 12871983 35287710
1790331224926 0 74929 8910 3089510060 3043618123 0 0 0 0 0 0 1287875415 20159714 4145549312 346144768 0 40915611 26120224 11482068 12980807 35580104
1790331225946 0 68116 68 3089648815 3043772630 0 0 0 0 0 0 1287971607 20160114 4145065984 285044736 5644288 41266732 26336785 11581282 13088000 35850173
1790331226967 0 7488 119 3089755067 3043939382 0 0 0 0 0 0 1288055427 20160480 4145963008 40853504 3514368 41548737 26505394 11664652 13208439 36275139
1790331227988 0 54814 7154 3089924223 3044054270 0 0 0 0 0 0 1288168446 20160977 4145430528 271839232 0 41951200 26759123 11778263 13300563 36467824
1790331229013 0 92798 13 3090073985 3044172918 0 0 0 0 0 0 1288287022 20161468 4144984064 360067072 0 42317555 26989425 11893778 13390374 36730788
1790331230040 0 54719 9636 3090204687 3044332561 0 0 0 0 0 0 1288389734 20161898 4145131520 267624448 0 42661187 27199884 11996311 13472361 36981060
1790331231065 0 99094 61 3090365937 3044458689 0 0 0 0 0 0 1288504226 20162379 4145520640 389767168 3469312 43078537 27445145 12112052 13585037 37263725
1790331232101 0 14867 0 3090433836 3044610894 0 0 0 0 0 0 1288547513 20162569 4144439296 42733568 0 43218704 27536785 12151622 13727203 37686324
1790331233125 0 65105 8808 3090584384 3044702469 0 0 0 0 0 0 1288661935 20163065 4143403008 317878272 0 43578559 27777684 12269894 13851543 37965876
1790331234146 0 74214 0 3090691792 3044809552 0 0 0 0 0 0 1288747765 20163446 4143611904 283328512 0 43871417 27951259 12355607 13925337 38187174
1790331235166 0 92354 14533 3090830352 3044915413 0 0 0 0 0 0 1288858500 20163933 4144869376 402178048 53235712 44235942 28181869 12467406 14026751 38343681
1790331236186 0 74369 11075 3090924539 3045030887 0 0 0 0 0 0 1288946365 20164289 4146130944 360628224 0 44497004 28344898 12555730 14117005 38648815
1790331237213 0 20490 483 3090997510 3045168637 0 0 0 0 0 0 1288988027 20164489 4144852992 102940672 1163264 44649160 28444315 12595272 14237031 39111240
1790331238247 0 77646 5062 3091152041 3045261210 0 0 0 0 0 0 1289104839 20164970 4143501312 312524800 29270016 45051515 28689948 12714184 14347525 39286454
1790331239267 0 79947 588 3091259941 3045371487 0 0 0 0 0 0 1289186501 20165347 4144660480 329187328 4501504 45321235 28861876 12795311 14470104 39667122
1790331240295 0 63396 6874 3091359554 3045481072 0 0 0 0 0 0 1289255085 20165668 4144369664 287870976 0 45546744 29004522 12859609 14573077 39949230
1790331241331 0 67000 4291 3091447512 3045568227 0 0 0 0 0 0 1289325836 20165968 4144680960 272326656 26820608 45783187 29155705 12935644 14699363 40336807
1790331242365 0 36245 608 3091523977 3045679244 0 0 0 0 0 0 1289369346 20166176 4144021504 146067456 2371584 45943237 29259975 12977940 14789360 40647919
1790331243387 0 87528 4644 3091663238 3045763060 0 0 0 0 0 0 1289466499 20166652 4143321088 372883456 0 46273606 29464776 13074256 14902288 40944136
1790331244415 0 87492 36 3091754863 3045859144 0 0 0 0 0 0 1289532037 20167041 4143816704 339693568 0 46496363 29604745 13140361 15005749 41219326
1790331245437 0 96488 0 3091865206 3045960539 0 0 0 0 0 0 1289610063 20167400 4143980544 374173696 0 46758109 29772158 13216861 15095400 41514166
1790331246471 0 79018 0 3091979870 3046092636 0 0 0 0 0 0 1289697359 20167812 4143935488 303382528 0 47029083 29956051 13305221 15191006 41836479
1790331247494 0 29830 0 3092048260 3046210221 0 0 0 0 0 0 1289742491 20168032 4143595520 101871616 0 47194951 30053692 13347174 15336528 42307451
1790331248522 0 59446 8006 3092170884 3046295468 0 0 0 0 0 0 1289827711 20168642 4143964160 286318592 0 47507522 30246078 13437102 15432673 42631420
1790331249562 0 61722 196 3092263401 3046393454 0 0 0 0 0 0 1289896442 20168927 4144103424 267771904 6447104 47740211 30389843 13504786 15529238 43030236
1790331250601 0 81110 843 3092371739 3046481747 0 0 0 0 0 0 1289983818 20169293 4144861184 344723456 3371008 48008000 30567960 13592604 15684554 43478783
1790331251632 0 79496 1161 3092462858 3046574137 0 0 0 0 0 0 1290064177 20169632 4145340416 322756608 29110272 48261809 30721918 13673511 15816777 43806938
1790331252661 0 66300 6942 3092596891 3046715522 0 0 0 0 0 0 1290162313 20170051 4146483200 309534720 0 48602632 30927752 13771628 15921736 44123163
1790331253694 0 92352 5262 3092702699 3046797182 0 0 0 0 0 0 1290235046 20170402 4145270784 375881728 35209216 48868588 31090556 13844588 16026218 44424731
1790331254731 0 102260 8493 3092813078 3046894241 0 0 0 0 0 0 1290321527 20170756 4145451008 434003968 29990912 49152739 31266274 13931333 16140856 44829397
1790331255757 0 97177 6890 3092895265 3046983214 0 0 0 0 0 0 1290386219 20171042 4145229824 396070912 43016192 49352619 31397758 13995526 16259527 45293254
1790331256784 0 51825 12230 3093007222 3047135060 0 0 0 0 0 0 1290466305 20171396 4144328704 249290752 30449664 49609043 31568672 14075658 16341359 45516445
1790331257804 0 65634 45 3093132773 3047259084 0 0 0 0 0 0 1290549107 20171767 4144467968 268222464 1957888 49913188 31756796 14157891 16457345 45837097
1790331258828 0 58278 3613 3093236999 3047367127 0 0 0 0 0 0 1290616419 20172085 4144590848 236527616 37376000 50167673 31914138 14226225 16543148 46150382
1790331259875 0 111030 13823 3093383832 3047451066 0 0 0 0 0 0 1290712198 20172529 4143427584 525643776 5881856 50498501 32128656 14321236 16629691 46349035
1790331260907 0 70375 0 3093455977 3047577519 0 0 0 0 0 0 1290746936 20172731 4141953024 265691136 0 50633059 32216812 14355509 16705287 46697774
1790331261933 0 78159 14965 3093576979 3047675902 0 0 0 0 0 0 1290843380 20173186 4143603712 384565248 901120 50934489 32417470 14453033 16797450 46926874
1790331262955 0 16671 9 3093636811 3047811970 0 0 0 0 0 0 1290891121 20173381 4143439872 49520640 0 51080575 32509025 14496280 16883912 47311436
1790331263977 0 96948 6413 3093810158 3047898888 0 0 0 0 0 0 1291017725 20173969 4145344512 397230080 40603648 51526728 32789534 14627510 16981414 47511878
1790331264995 0 112217 4844 3093930339 3048005236 0 0 0 0 0 0 1291113298 20174397 4144918528 459677696 31776768 51832501 32983937 14723069 17135228 47923109
1790331266018 0 68988 7154 3094024960 3048140757 0 0 0 0 0 0 1291193952 20174735 4145942528 321859584 0 52075508 33137273 14803072 17224658 48182651
1790331267047 0 37281 3971 3094117906 3048268878 0 0 0 0 0 0 1291258174 20175013 4145352704 168837120 9707520 52298302 33275025 14867930 17332763 48561074
1790331268071 0 117958 0 3094277620 3048351678 0 0 0 0 0 0 1291349969 20175469 4143632384 461062144 0 52644950 33489395 14955811 17411656 48766521
1790331269093 0 32 0 3094289045 3048480974 0 0 0 0 0 0 1291385653 20175607 4170694656 131072 0 52710081 33533445 14991822 17469650 48959362
1790331270113 0 33 0 3094289046 3048480974 0 0 0 0 0 0 1291577633 20176340 4172488704 131072 0 52922469 33725799 15184613 17581511 49025905
1790331271132 0 33 0 3094289046 3048480974 0 0 0 0 0 0 1291776222 20177147 4177641472 131072 0 53178007 33922875 15382948 17733914 49088515
1790331272152 0 33 0 3094289046 3048480974 0 0 0 0 0 0 1291948002 20178318 4183855104 131072 0 53836688 34093075 15554665 17892094 49117058
1790331273171 0 30 0 3094289047 3048480974 0 0 0 0 0 0 1291986536 20178492 1354412032 45056 0 53888055 34134775 15596293 17941253 49144547
