1790320311559 0 0 0 2216635154 2170872969 0 0 0 0 0 0 867666217 18836856 - - - - - - - -
1790320313338 0 136714 28 2217086253 2171187173 0 0 0 0 0 0 867666224 18836958 1784369152 510865408 0 0 0 7 0 3854
1790320314367 0 141252 8200 2217273651 2171361948 0 0 0 0 0 0 867666224 18836959 2586361856 599068672 9633792 0 0 7 0 28552
1790320315406 0 148923 4440 2217458244 2171542925 0 0 0 0 0 0 867666224 18836961 3325689856 632729600 16564224 0 0 7 0 82468
1790320316468 0 157976 3443 2217628618 2171705225 0 0 0 0 0 0 867666224 18836961 4035297280 642039808 25165824 0 0 7 0 151069
1790320317504 0 153552 4041 2217789247 2171869340 0 0 0 0 0 0 867671297 18836969 4140851200 645505024 8388608 267063 140850 5083 37605 203097
1790320318534 0 158966 1573 2217969140 2172046631 0 0 0 0 0 0 867685497 18836987 4140257280 647180288 6815744 542948 333493 19280 90548 352358
1790320319556 0 158215 2771 2218154170 2172230903 0 0 0 0 0 0 867704722 18837017 4139823104 652517376 12189696 811868 537452 38056 126049 480608
1790320320597 0 150635 9725 2218319181 2172396553 0 0 0 0 0 0 867730704 18837090 4140339200 659312640 16777216 1075266 727013 64020 166943 714794
1790320321657 0 124028 10573 2218431917 2172535056 0 0 0 0 0 0 867753816 18837258 4141486080 557105152 41005056 1301888 863630 87661 218709 978853
1790320322694 0 82792 5118 2218547921 2172697752 0 0 0 0 0 0 867778926 18837388 4142727168 352079872 24645632 1519224 1004825 112775 279451 1408280
1790320323713 0 154744 5715 2218716245 2172793586 0 0 0 0 0 0 867827721 18837615 4145438720 646365184 8388608 1819512 1221256 160540 327905 1689441
1790320324733 0 135515 0 2218818824 2172920983 0 0 0 0 0 0 867861131 18837745 4147638272 533655552 0 1992929 1350512 192863 387775 1972879
1790320325756 0 130525 4846 2218947360 2173049700 0 0 0 0 0 0 867908102 18837902 4150456320 541057024 5156864 2233082 1526895 240543 453299 2289692
1790320326788 0 116736 10240 2219065991 2173176795 0 0 0 0 0 0 867943046 18838098 4151906304 510861312 5910528 2464352 1683594 276535 565277 2585934
1790320327808 0 84419 5819 2219164596 2173312794 0 0 0 0 0 0 867988938 18838288 4154556416 356773888 14024704 2675201 1826696 322720 622319 2962790
1790320328835 0 133354 3820 2219323352 2173424020 0 0 0 0 0 0 868046894 18838510 4155887616 553431040 18919424 2988061 2042324 380672 667404 3147809
1790320329855 0 126480 0 2219428409 2173539624 0 0 0 0 0 0 868098661 18838685 4157489152 497385472 0 3202145 2192006 428866 756522 3525672
1790320330878 0 98571 0 2219537607 2173676840 0 0 0 0 0 0 868152969 18838854 4158959616 381337600 0 3447912 2356597 485240 827626 3864141
1790320331914 0 83743 0 2219658071 2173812008 0 0 0 0 0 0 868219299 18839072 4159721472 340742144 16777216 3708084 2541193 548450 885843 4271922
1790320332963 0 82229 2733 2219778888 2173931657 0 0 0 0 0 0 868303777 18839298 4163092480 340901888 40960 4024888 2749322 635797 953468 4535829
1790320334004 0 124322 5984 2219925515 2174032993 0 0 0 0 0 0 868389717 18839562 4164194304 528924672 54956032 4375551 2983566 722480 1022973 4833973
1790320335041 0 78747 1583 2220027431 2174184887 0 0 0 0 0 0 868458472 18839756 4164886528 330317824 14241792 4650454 3153960 791753 1093518 5097614
1790320336078 0 112742 0 2220161214 2174286195 0 0 0 0 0 0 868570816 18840046 4167589888 445939712 0 5014057 3390952 898470 1193972 5278200
1790320337113 0 100271 0 2220276646 2174414195 0 0 0 0 0 0 868644980 18840256 4167483392 421965824 52248576 5304096 3585610 976059 1298483 5601069
1790320338167 0 94477 0 2220390130 2174533412 0 0 0 0 0 0 868741117 18840524 4167892992 369770496 0 5626018 3788637 1068418 1425108 5945303
1790320339192 0 67750 0 2220490352 2174660388 0 0 0 0 0 0 868821886 18840810 4169347072 260366336 0 5890312 3969918 1151597 1567170 6304847
1790320340215 0 96920 16644 2220627435 2174751497 0 0 0 0 0 0 868934274 18841182 4168736768 397246464 68308992 6287242 4218266 1268161 1707918 6609853
1790320341243 0 63303 6470 2220713707 2174881605 0 0 0 0 0 0 869007786 18841395 4168884224 278867968 30277632 6526814 4366555 1340075 1774013 6991048
1790320342262 0 106369 57 2220842476 2174973751 0 0 0 0 0 0 869118036 18841738 4168232960 416710656 0 6860889 4574841 1448308 1915263 7298361
1790320343283 0 4562 57 2220893133 2175126167 0 0 0 0 0 0 869155960 18841852 4167491584 16936960 5697536 7004676 4661907 1488786 2015055 7834308
1790320344307 0 78739 1322 2221058589 2175216328 0 0 0 0 0 0 869272895 18842194 4165242880 327917568 7204864 7383950 4901008 1606673 2126421 8086938
1790320345331 0 63299 871 2221172040 2175345716 0 0 0 0 0 0 869345147 18842395 4162445312 264650752 12414976 7598943 5040250 1678004 2211749 8457211
1790320346359 0 80123 8578 2221306625 2175455805 0 0 0 0 0 0 869410714 18842598 4158824448 328183808 42287104 7857558 5189374 1744492 2325184 8763631
1790320347383 0 86535 1681 2221423266 2175572875 0 0 0 0 0 0 869490847 18842827 4156022784 360980480 8028160 8123904 5344498 1824247 2415966 9054678
1790320348403 0 31518 5230 2221525604 2175726674 0 0 0 0 0 0 869547258 18842988 4153425920 152084480 6606848 8329184 5468011 1880846 2505655 9453130
1790320349435 0 51173 0 2221652038 2175838401 0 0 0 0 0 0 869635948 18843224 4151902208 192925696 0 8613555 5638715 1965347 2589162 9748271
1790320350459 0 77486 8867 2221790665 2175942239 0 0 0 0 0 0 869723750 18843474 4149940224 317644800 47493120 8936674 5835535 2057031 2735247 10039282
1790320351477 0 62955 4349 2221895034 2176065449 0 0 0 0 0 0 869792073 18843673 4148805632 258371584 28033024 9173100 5979910 2125890 2811013 10323485
1790320352495 0 56617 16423 2222002474 2176167279 0 0 0 0 0 0 869864436 18843871 4147249152 231903232 77074432 9418168 6131943 2198214 2909942 10614134
1790320353517 0 47768 6740 2222117639 2176300864 0 0 0 0 0 0 869956306 18844177 4146614272 237531136 0 9695457 6314798 2288871 3007320 10849944
1790320354541 0 85633 9125 2222248591 2176391760 0 0 0 0 0 0 870043613 18844460 4146397184 353796096 47362048 9997951 6514038 2377412 3122909 11111178
1790320355560 0 114035 0 2222373278 2176497054 0 0 0 0 0 0 870128608 18844722 4146999296 447090688 0 10296236 6699028 2459523 3222584 11336280
1790320356585 0 125654 0 2222503793 2176615848 0 0 0 0 0 0 870228820 18845044 4148101120 494071808 0 10625752 6909712 2559097 3308736 11615548
1790320357607 0 61433 6024 2222604547 2176774858 0 0 0 0 0 0 870304864 18845245 4147695616 251731968 36016128 10879317 7075425 2638671 3410534 11903333
1790320358628 0 67469 0 2222716842 2176887055 0 0 0 0 0 0 870373051 18845438 4147003392 257343488 0 11118674 7223836 2700308 3471627 12135099
1790320359653 0 61486 49 2222824499 2177000704 0 0 0 0 0 0 870456184 18845675 4148011008 249933824 12685312 11403705 7407902 2789000 3585892 12493512
1790320360677 0 89064 8425 2222963626 2177103938 0 0 0 0 0 0 870547572 18845947 4148043776 362201088 43253760 11727483 7615963 2881382 3688536 12734853
1790320361703 0 107328 0 2223076263 2177206546 0 0 0 0 0 0 870616977 18846150 4147507200 413585408 0 11976676 7773900 2946761 3777732 12978077
1790320362729 0 59294 1191 2223174452 2177351614 0 0 0 0 0 0 870696367 18846378 4148387840 251256832 1941504 12222877 7938761 3028180 3847096 13211214
1790320363754 0 90437 0 2223303218 2177450489 0 0 0 0 0 0 870807732 18846679 4150251520 348102656 0 12543465 8157219 3138993 3941203 13452508
1790320364776 0 70813 7316 2223397208 2177556826 0 0 0 0 0 0 870886778 18846910 4151853056 288256000 40730624 12819396 8325368 3220573 4061790 13802031
1790320365797 0 79949 22 2223510807 2177668532 0 0 0 0 0 0 870973882 18847138 4152578048 312766464 6275072 13119803 8499826 3306121 4150341 14063249
1790320366820 0 51194 9256 2223626304 2177803732 0 0 0 0 0 0 871041633 18847349 4151717888 205410304 51474432 13395838 8670158 3374900 4233179 14390804
1790320367844 0 59663 461 2223737305 2177915020 0 0 0 0 0 0 871123797 18847626 4150886400 247422976 3563520 13671357 8850579 3457126 4387533 14724787
1790320368865 0 71069 0 2223864850 2178031529 0 0 0 0 0 0 871229667 18847954 4152684544 274448384 0 13997785 9061208 3559372 4471001 14911067
1790320369896 0 98524 1686 2224015839 2178153365 0 0 0 0 0 0 871340083 18848304 4153565184 418811904 6590464 14387727 9310633 3672325 4564174 15130213
1790320370928 0 65799 5088 2224121117 2178288040 0 0 0 0 0 0 871413984 18848529 4154130432 289710080 0 14649761 9475345 3746739 4661400 15352880
1790320371962 0 77242 1059 2224249564 2178409021 0 0 0 0 0 0 871523300 18848843 4154634240 334667776 1949696 14993204 9695740 3855037 4780338 15662599
1790320372993 0 127109 18050 2224412044 2178504686 0 0 0 0 0 0 871650656 18849261 4154527744 519585792 86704128 15406231 9970638 3984473 4898254 15884775
1790320374012 0 26686 0 2224481923 2178693041 0 0 0 0 0 0 871698997 18849416 4154122240 87388160 0 15554324 10072213 4031267 4992386 16173781
1790320375034 0 80733 1022 2224633879 2178789952 0 0 0 0 0 0 871819089 18849771 4155203584 318140416 0 15935338 10318731 4148033 5071137 16361012
1790320376061 0 89123 0 2224760475 2178909107 0 0 0 0 0 0 871893498 18850017 4153806848 345542656 0 16214932 10496515 4223518 5151223 16612135
1790320377094 0 70993 438 2224874285 2179040672 0 0 0 0 0 0 871982030 18850258 4154490880 308350976 0 16532172 10689423 4313336 5238088 16907945
1790320378118 0 78480 12156 2225004759 2179151899 0 0 0 0 0 0 872071786 18850540 4153270272 317497344 62263296 16837988 10888090 4405565 5336299 17168931
1790320379140 0 55832 0 2225111992 2179293906 0 0 0 0 0 0 872149869 18850755 4152389632 208556032 0 17083437 11046672 4478442 5414692 17414492
1790320380163 0 109883 12702 2225275039 2179390146 0 0 0 0 0 0 872265173 18851136 4152459264 443899904 63348736 17501002 11309079 4599069 5516162 17627809
1790320381183 0 125111 0 2225393222 2179505876 0 0 0 0 0 0 872352617 18851695 4152758272 490139648 0 17780644 11484184 4683359 5696599 17955898
1790320382209 0 76077 32 2225498833 2179660467 0 0 0 0 0 0 872419450 18851889 4151193600 293212160 0 18015091 11632830 4748508 5776553 18352751
1790320383238 0 83448 61 2225627122 2179781295 0 0 0 0 0 0 872514045 18852180 4150284288 321523712 0 18324319 11826754 4842422 5873791 18594800
1790320384265 0 48979 0 2225732922 2179921733 0 0 0 0 0 0 872585819 18852415 4150272000 176799744 0 18568149 11981573 4917237 5984311 18918402
1790320385293 0 84410 417 2225882655 2180035688 0 0 0 0 0 0 872671623 18852711 4147482624 351510528 5246976 18877307 12181512 5003903 6078717 19176020
1790320386326 0 68156 0 2225991666 2180161305 0 0 0 0 0 0 872741465 18852958 4145590272 274706432 16003072 19136529 12334680 5074731 6233717 19558889
1790320387352 0 77253 0 2226109412 2180269897 0 0 0 0 0 0 872847478 18853298 4147478528 297254912 0 19454236 12531980 5177282 6346816 19786943
1790320388380 0 93034 12775 2226250979 2180382993 0 0 0 0 0 0 872936872 18853586 4144652288 432586752 0 19768001 12732235 5269370 6443877 20026440
1790320389403 0 41009 0 2226351631 2180548427 0 0 0 0 0 0 873011314 18853839 4144140288 147841024 0 20017115 12885119 5341546 6547000 20355861
1790320390433 0 89259 10759 2226515514 2180653379 0 0 0 0 0 0 873116608 18854248 4143644672 421261312 0 20404578 13119706 5448893 6665036 20601399
1790320391456 0 88139 0 2226658808 2180808526 0 0 0 0 0 0 873203135 18854593 4141506560 338157568 0 20709791 13317982 5533256 6739261 20863131
1790320392484 0 71438 0 2226781469 2180947791 0 0 0 0 0 0 873287104 18854889 4140888064 273068032 0 20997799 13505192 5616274 6834451 21106855
1790320393508 0 88173 0 2226912966 2181062480 0 0 0 0 0 0 873381795 18855233 4141264896 345616384 0 21308228 13709793 5710525 6928053 21266759
1790320394531 0 75965 0 2227049080 2181210723 0 0 0 0 0 0 873483108 18855594 4142292992 291016704 0 21629670 13920580 5812075 7012059 21528268
1790320395554 0 62333 1036 2227175707 2181350078 0 0 0 0 0 0 873566185 18855924 4142505984 269168640 1204224 21955955 14122347 5899163 7092654 21778252
1790320396574 0 110284 0 2227321954 2181449359 0 0 0 0 0 0 873657188 18856273 4141719552 428875776 0 22290767 14331108 5989509 7178209 21917557
1790320397599 0 62613 53 2227425866 2181600909 0 0 0 0 0 0 873730322 18856537 4141862912 236511232 0 22534393 14490246 6058471 7281074 22267156
1790320398622 0 123406 0 2227586902 2181701286 0 0 0 0 0 0 873858683 18856989 4144091136 487059456 0 22953218 14759052 6188817 7394077 22483089
1790320399645 0 12595 16 2227660574 2181885759 0 0 0 0 0 0 873907424 18857189 4144713728 29954048 0 23125605 14872877 6240172 7488823 23024507
1790320400672 0 81392 10332 2227831696 2181977893 0 0 0 0 0 0 874031566 18857631 4145287168 391499776 0 23559221 15141086 6364931 7586281 23164744
1790320401718 0 43497 7884 2227941334 2182127678 0 0 0 0 0 0 874105611 18857923 4145999872 226566144 7430144 23820362 15308105 6434846 7654833 23414103
1790320402751 0 96701 0 2228082648 2182223752 0 0 0 0 0 0 874203214 18858312 4146069504 373047296 0 24156103 15526920 6535970 7775410 23735329
1790320403787 0 76504 10074 2228218137 2182369370 0 0 0 0 0 0 874293563 18858651 4145487872 370929664 8511488 24483925 15737667 6626858 7860652 24012526
1790320404807 0 51464 0 2228334200 2182520675 0 0 0 0 0 0 874372529 18858974 4145987584 200814592 10260480 24758763 15912849 6706454 7971827 24327897
1790320405839 0 95255 890 2228492356 2182634024 0 0 0 0 0 0 874458214 18859361 4145131520 418738176 1908736 25091156 16132018 6791178 8047712 24516952
1790320406880 0 85797 7271 2228616310 2182761193 0 0 0 0 0 0 874559578 18859743 4146655232 351322112 45076480 25409923 16344767 6892848 8141807 24730621
1790320407913 0 38278 5767 2228705218 2182898809 0 0 0 0 0 0 874623276 18860000 4147183616 191844352 0 25613825 16476110 6953517 8252483 25085471
1790320408944 0 108837 13459 2228869093 2182984764 0 0 0 0 0 0 874764034 18860537 4149055488 461119488 60948480 26057993 16762566 7097296 8349518 25257251
1790320409972 0 55292 0 2228978939 2183161351 0 0 0 0 0 0 874836396 18860855 4149202944 208592896 0 26308802 16919510 7168898 8459858 25562291
1790320410991 0 117493 10826 2229145000 2183254567 0 0 0 0 0 0 874957108 18861334 4148031488 481243136 56885248 26733542 17185150 7290368 8595423 25825045
1790320412031 0 71279 5914 2229252906 2183413539 0 0 0 0 0 0 875036723 18862187 4148273152 346574848 9330688 26996377 17352816 7369711 8673913 26126705
1790320413079 0 125344 7085 2229420846 2183526184 0 0 0 0 0 0 875155659 18862655 4147691520 553828352 11763712 27413395 17608838 7487938 8750443 26291492
1790320414123 0 44381 1183 2229505157 2183697378 0 0 0 0 0 0 875208587 18862878 4147302400 179695616 30396416 27619053 17734995 7542361 8858319 26637135
1790320415161 0 67950 8975 2229657769 2183818691 0 0 0 0 0 0 875312961 18863289 4146900992 324218880 0 27984558 17966307 7646728 8944492 26894645
1790320416183 0 57003 11256 2229765111 2183934613 0 0 0 0 0 0 875406827 18863644 4146765824 233734144 55652352 28271327 18146793 7739627 9066265 27261744
1790320417203 0 70763 1424 2229905380 2184071010 0 0 0 0 0 0 875503451 18864053 4146593792 287985664 28725248 28610509 18357590 7837295 9148334 27486305
1790320418230 0 71688 0 2230035236 2184201429 0 0 0 0 0 0 875594842 18864440 4146323456 283365376 5124096 28912920 18544735 7924601 9283544 27793408
1790320419260 0 42784 677 2230143249 2184337623 0 0 0 0 0 0 875674528 18864772 4146991104 186466304 1273856 29181487 18715816 8006333 9389227 28135775
1790320420282 0 60345 50 2230285759 2184463108 0 0 0 0 0 0 875785867 18865201 4147216384 243081216 7548928 29547603 18935566 8116103 9487437 28468640
1790320421305 0 62356 7373 2230416616 2184584725 0 0 0 0 0 0 875873658 18865580 4146561024 268378112 32051200 29861324 19131962 8206933 9599804 28740146
1790320422326 0 103326 0 2230554958 2184689429 0 0 0 0 0 0 875967180 18865980 4144443392 399069184 0 30188486 19331994 8298133 9736135 29026802
1790320423349 0 85112 0 2230660592 2184813334 0 0 0 0 0 0 876042383 18866309 4144852992 329498624 0 30443462 19493442 8371615 9844538 29324431
1790320424371 0 28863 4212 2230768508 2184973333 0 0 0 0 0 0 876125602 18866614 4144848896 135340032 8622080 30715264 19669863 8458378 9957630 29711791
1790320425394 0 93700 0 2230930530 2185074528 0 0 0 0 0 0 876248485 18867100 4145192960 362958848 0 31100650 19921461 8579069 10070609 29903074
1790320426415 0 57257 4307 2231041342 2185217721 0 0 0 0 0 0 876337914 18867446 4145901568 230330368 28422144 31404322 20110638 8671712 10183610 30208847
1790320427440 0 85269 0 2231173838 2185326444 0 0 0 0 0 0 876441147 18867843 4146438144 326922240 0 31725784 20318113 8771739 10285454 30474679
1790320428467 0 56986 625 2231290328 2185470697 0 0 0 0 0 0 876516104 18868158 4144857088 233439232 1273856 32003507 20490188 8848885 10410593 30860828
1790320429498 0 65782 600 2231426821 2185598175 0 0 0 0 0 0 876596253 18868520 4143443968 278011904 2478080 32307404 20682619 8928386 10515294 31157494
1790320430527 0 60626 0 2231561839 2185739043 0 0 0 0 0 0 876702645 18868941 4143341568 241938432 24485888 32638210 20902232 9036418 10605032 31519308
1790320431560 0 101466 16 2231714384 2185850724 0 0 0 0 0 0 876810366 18869391 4143431680 409321472 10850304 33014960 21138394 9142605 10669843 31663501
1790320432583 0 82546 0 2231825450 2185980780 0 0 0 0 0 0 876899509 18869713 4144013312 318218240 0 33311548 21310565 9229025 10786129 32001314
1790320433608 0 48134 20 2231942603 2186132339 0 0 0 0 0 0 876988040 18870074 4144869376 176144384 0 33602281 21497913 9317082 10886742 32404367
1790320434632 0 20263 0 2232062315 2186279957 0 0 0 0 0 0 877076547 18870409 4144254976 63356928 0 33881865 21682369 9407913 10997086 32708517
1790320435658 0 53372 4028 2232211195 2186391598 0 0 0 0 0 0 877191031 18870882 4144926720 246829056 2273280 34274932 21931128 9524801 11115887 32942437
1790320436679 0 78803 0 2232337981 2186497047 0 0 0 0 0 0 877283935 18871249 4145909760 302936064 0 34599391 22133418 9617064 11207282 33247297
1790320437704 0 56576 1385 2232434125 2186614010 0 0 0 0 0 0 877351265 18871530 4145356800 232935424 7151616 34852831 22287291 9685037 11302840 33633826
1790320438732 0 65726 10202 2232553258 2186715406 0 0 0 0 0 0 877438023 18871880 4145192960 317448192 0 35122572 22471309 9770277 11447063 33933407
1790320439756 0 45010 568 2232664236 2186856475 0 0 0 0 0 0 877517574 18872190 4144975872 196186112 3448832 35389868 22640482 9850354 11540112 34255127
1790320440779 0 42507 3461 2232803073 2186994991 0 0 0 0 0 0 877616034 18872607 4145446912 181911552 22675456 35725430 22851840 9948820 11628135 34526200
1790320441802 0 66069 593 2232942686 2187113898 0 0 0 0 0 0 877717149 18873008 4146241536 279470080 1961984 36076821 23070849 10048725 11726219 34787363
1790320442828 0 100305 11972 2233100432 2187226009 0 0 0 0 0 0 877839419 18873465 4146204672 478199808 0 36467772 23322840 10172165 11828417 34972987
1790320443849 0 58409 68 2233206057 2187385406 0 0 0 0 0 0 877912320 18873754 4146450432 233873408 19558400 36719567 23484642 10245584 11912793 35257542
1790320444883 0 5655 518 2233331640 2187563389 0 0 0 0 0 0 877993992 18874126 4145893376 42213376 1900544 37014223 23670331 10325718 12016513 35590961
1790320445925 0 59203 1558 2233499647 2187676723 0 0 0 0 0 0 878119957 18874657 4145864704 260476928 2015232 37430250 23934975 10453218 12097565 35731866
1790320446951 0 97629 0 2233646330 2187786568 0 0 0 0 0 0 878233946 18875090 4146446336 379822080 0 37806599 24165450 10564624 12194592 35910554
1790320447984 0 98002 4 2233789195 2187928895 0 0 0 0 0 0 878334493 18875494 4146315264 378187776 0 38153242 24378993 10664896 12319701 36227394
1790320449011 0 59731 46 2233892061 2188070206 0 0 0 0 0 0 878401477 18875770 4145762304 238374912 17317888 38407865 24537261 10734154 12419503 36496987
1790320450038 0 9723 811 2233995867 2188223229 0 0 0 0 0 0 878463262 18876063 4144742400 51470336 5181440 38647762 24688350 10796462 12497808 36792662
1790320451062 0 95182 67 2234158619 2188301325 0 0 0 0 0 0 878574157 18876506 4144111616 368451584 0 39026119 24932245 10904864 12594529 36928149
1790320452088 0 80567 2212 2234289197 2188444400 0 0 0 0 0 0 878675848 18876908 4144316416 345731072 10485760 39342824 25147838 11008137 12700130 37256968
1790320453117 0 60282 2511 2234409469 2188584664 0 0 0 0 0 0 878767272 18877271 4145496064 243261440 39292928 39629195 25336282 11100535 12809950 37588236
1790320454156 0 83648 23 2234564805 2188719101 0 0 0 0 0 0 878890694 18877776 4147433472 321511424 0 40032782 25580047 11222300 12962738 37922280
1790320455177 0 54442 47 2234693017 2188876513 0 0 0 0 0 0 878989297 18878164 4147621888 229105664 3493888 40353519 25783490 11321700 13072573 38180462
1790320456199 0 98975 292 2234850261 2188988899 0 0 0 0 0 0 879100368 18878649 4146208768 405254144 24764416 40735489 26024222 11433929 13204410 38456488
1790320457240 0 69781 55 2234978766 2189146843 0 0 0 0 0 0 879197862 18879031 4146098176 289751040 6930432 41063172 26223260 11529631 13309797 38811971
1790320458260 0 98794 4538 2235118374 2189252922 0 0 0 0 0 0 879300609 18879464 4145541120 404377600 31383552 41426118 26447327 11634385 13423021 39031747
1790320459284 0 71246 0 2235230145 2189396726 0 0 0 0 0 0 879375510 18879836 4145475584 271962112 0 41681799 26604260 11706791 13514847 39356038
1790320460305 0 87560 876 2235374220 2189523720 0 0 0 0 0 0 879474229 18880285 4145008640 369655808 0 42034298 26825906 11807562 13631578 39690840
1790320461329 0 97315 15359 2235511885 2189637108 0 0 0 0 0 0 879584697 18880727 4145074176 468668416 1134592 42386020 27049899 11918497 13703092 39832710
1790320462348 0 83264 12 2235633755 2189788360 0 0 0 0 0 0 879681758 18881108 4146225152 320167936 0 42699093 27239845 12012468 13792962 40079552
1790320463373 0 80597 0 2235755962 2189913331 0 0 0 0 0 0 879763487 18881467 4145881088 321474560 6578176 43003504 27422816 12094118 13899854 40410995
1790320464398 0 78090 12994 2235875123 2190021928 0 0 0 0 0 0 879849668 18881870 4145340416 375828480 10149888 43301211 27606481 12183503 14011845 40691024
1790320465416 0 59849 19 2235991149 2190169012 0 0 0 0 0 0 879928798 18882260 4144611328 242216960 5836800 43558000 27779982 12261145 14100452 41020680
1790320466449 0 53236 9 2236112492 2190297035 0 0 0 0 0 0 880034708 18882701 4144795648 196665344 0 43894347 27982007 12366826 14232424 41360778
1790320467473 0 53703 4541 2236240870 2190420518 0 0 0 0 0 0 880132129 18883112 4145766400 220733440 31756288 44224849 28190215 12464997 14345127 41575457
1790320468493 0 71647 7027 2236362194 2190521743 0 0 0 0 0 0 880239975 18883523 4146540544 293752832 42590208 44554094 28399178 12572842 14460297 41847283
1790320469525 0 77754 0 2236468672 2190628732 0 0 0 0 0 0 880308232 18883828 4145324032 295776256 0 44783140 28547732 12638546 14564214 42134717
1790320470549 0 64643 8 2236588876 2190761976 0 0 0 0 0 0 880409890 18884261 4144754688 261070848 3600384 45113795 28753255 12740264 14682259 42495670
1790320471574 0 76376 2 2236734772 2190896085 0 0 0 0 0 0 880513859 18884737 4145721344 305258496 782336 45461855 28980180 12846158 14784673 42751979
1790320472602 0 82824 8176 2236868186 2191015357 0 0 0 0 0 0 880612875 18885184 4145078272 386486272 0 45786106 29190050 12945279 14888500 42990515
1790320473631 0 105541 293 2237001810 2191133972 0 0 0 0 0 0 880697272 18885575 4144971776 438865920 3289088 46101600 29385846 13029551 15007499 43329600
1790320474657 0 67462 330 2237116802 2191286832 0 0 0 0 0 0 880774369 18885923 4144173056 286670848 0 46366516 29554186 13104059 15139203 43692449
1790320475692 0 71465 16 2237257611 2191423993 0 0 0 0 0 0 880883667 18886377 4145115136 272072704 0 46719702 29783000 13215457 15253792 44012824
1790320476718 0 55491 0 2237378771 2191561214 0 0 0 0 0 0 880971636 18886790 4144451584 205586432 0 47010922 29970341 13302049 15384838 44365889
1790320477746 0 97387 0 2237528298 2191668735 0 0 0 0 0 0 881071201 18887262 4143960064 375984128 0 47368040 30190088 13399713 15462318 44528753
1790320478782 0 64707 5475 2237659374 2191827178 0 0 0 0 0 0 881173939 18887685 4144033792 312614912 1482752 47702807 30401798 13506029 15565635 44739997
1790320479816 0 48449 400 2237779106 2191968112 0 0 0 0 0 0 881267091 18888084 4144869376 215965696 3358720 48007411 30594535 13597572 15688676 45103156
1790320480852 0 58718 0 2237922393 2192101540 0 0 0 0 0 0 881384971 18888574 4145127424 222248960 0 48381981 30823282 13712993 15773075 45340277
1790320481877 0 103400 0 2238058225 2192192677 0 0 0 0 0 0 881487881 18889017 4145668096 403771392 0 48729672 31036408 13818941 15861492 45614675
1790320482897 0 99034 1137 2238159330 2192297153 0 0 0 0 0 0 881566802 18889340 4144996352 411848704 7725056 49008778 31205325 13900577 15985066 46081650
1790320483921 0 80350 995 2238252820 2192409378 0 0 0 0 0 0 881643827 18889659 4145758208 329129984 12173312 49251680 31356790 13977015 16054597 46343533
1790320484949 0 85823 13258 2238357046 2192495912 0 0 0 0 0 0 881727034 18889998 4145577984 383713280 33124352 49526515 31525569 14060295 16205674 46789814
1790320485974 0 24746 0 2238428221 2192641198 0 0 0 0 0 0 881768647 18890184 4145242112 81948672 0 49664000 31619794 14100774 16305535 47233755
1790320486998 0 110088 39 2238578013 2192705719 0 0 0 0 0 0 881878551 18890648 4144779264 428167168 0 50045654 31855341 14211806 16402456 47397759
1790320488036 0 105489 949 2238672050 2192803374 0 0 0 0 0 0 881939131 18890944 4144308224 431865856 24023040 50275176 32002579 14272942 16503357 47732484
1790320489060 0 61186 68 2238797340 2192973947 0 0 0 0 0 0 882015254 18891330 4142829568 250630144 13557760 50550580 32181859 14348516 16582648 48025379
1790320490080 0 118152 52 2238971282 2193090998 0 0 0 0 0 0 882129222 18891842 4142538752 486588416 1101824 50933386 32436593 14462043 16684410 48247895
1790320491118 0 21041 365 2239021729 2193238411 0 0 0 0 0 0 882168668 18892039 4142759936 96587776 3665920 51053731 32516228 14500402 16774570 48607787
1790320492156 0 75220 4453 2239163589 2193321843 0 0 0 0 0 0 882279124 18892539 4144427008 305999872 29204480 51421975 32749198 14612916 16884518 48845061
1790320493176 0 102627 6424 2239285827 2193414747 0 0 0 0 0 0 882364449 18892928 4145311744 416034816 37453824 51724525 32934057 14698225 16967776 49138708
1790320494196 0 91249 0 2239395808 2193542326 0 0 0 0 0 0 882451585 18893258 4145238016 352907264 0 52005580 33104049 14781802 17102594 49523375
1790320495223 0 78226 289 2239509786 2193669288 0 0 0 0 0 0 882544050 18893626 4145922048 325492736 1277952 52291635 33291313 14876795 17186618 49829621
1790320496253 0 54375 4280 2239640494 2193819606 0 0 0 0 0 0 882618459 18893995 4143587328 236576768 15228928 52587032 33468983 14951870 17297510 50216056
1790320497276 0 97000 471 2239782129 2193922519 0 0 0 0 0 0 882718704 18894453 4143525888 397844480 3792896 52947284 33690992 15052078 17378640 50484129
1790320498300 0 76243 1056 2239876754 2194037351 0 0 0 0 0 0 882788121 18894740 4143763456 317898752 1134592 53158979 33838170 15120394 17477172 50925718
1790320499325 0 0 0 2239938304 2194176281 0 0 0 0 0 0 882832309 18894924 4143689728 0 0 53318446 33937470 15166093 17527698 51107180
1790320500344 0 33 0 2239938418 2194176266 0 0 0 0 0 0 882972705 18895494 4171149312 131072 0 53457493 34067627 15302954 17592753 51204997
1790320501364 0 33 0 2239938418 2194176266 0 0 0 0 0 0 883175321 18896294 4176031744 131072 0 53696539 34268860 15505379 17666728 51237058
1790320502384 0 33 0 2239938418 2194176266 0 0 0 0 0 0 883354816 18896982 4181643264 131072 0 54196542 34448138 15686027 17902551 51290252
1790320503403 0 33 0 2239938418 2194176266 0 0 0 0 0 0 883456948 18897900 2783289344 86016 0 54499777 34552618 15790722 18087052 51338525
