1790329520779 0 18 0 2956071576 2910263300 0 0 0 0 0 0 1199829226 19884430 - - - - - - - -
1790329522174 0 153162 1563 2956398682 2910435752 0 0 0 0 0 0 1199829228 19884530 1266864128 599617536 12566528 0 0 2 0 8519
1790329523211 0 152137 1422 2956576868 2910615079 0 0 0 0 0 0 1199829228 19884530 2041249792 608509952 22589440 0 0 2 0 277642
1790329524231 0 149394 1982 2956771383 2910811802 0 0 0 0 0 0 1199829228 19884530 2835398656 613105664 8388608 0 0 2 0 389860
1790329525251 0 149030 2041 2956977620 2911018234 0 0 0 0 0 0 1199829228 19884530 3678392320 612929536 8388608 0 0 2 0 506492
1790329526271 0 131367 2060 2957182254 2911240600 0 0 0 0 0 0 1199829728 19884530 4159262720 541749248 8388608 175125 87513 502 72048 544884
1790329527300 0 135942 1914 2957336161 2911390048 0 0 0 0 0 0 1199841299 19884543 4158799872 563113984 33554432 433461 253384 12133 159374 638334
1790329528321 0 122055 0 2957491143 2911560730 0 0 0 0 0 0 1199852959 19884560 4157952000 488751104 0 655051 418354 22772 237423 718902
1790329529340 0 142179 0 2957643460 2911692826 0 0 0 0 0 0 1199870168 19884586 4157837312 571498496 0 881467 587492 40021 327429 820211
1790329530360 0 137622 73 2957774864 2911828971 0 0 0 0 0 0 1199886518 19884647 4158058496 552996864 0 1094227 735499 56779 428459 954334
1790329531381 0 93637 0 2957870252 2911968282 0 0 0 0 0 0 1199910021 19884789 4159164416 375062528 0 1291276 853351 79337 515671 1102300
1790329532400 0 106724 30900 2958000857 2912055002 0 0 0 0 0 0 1199948412 19884982 4161724416 476016640 95707136 1549127 1024873 119186 609687 1191036
1790329533419 0 97701 0 2958111919 2912205888 0 0 0 0 0 0 1199985834 19885139 4164272128 386727936 0 1744634 1168547 156102 728586 1341244
1790329534443 0 114981 26479 2958238203 2912288485 0 0 0 0 0 0 1200039144 19885330 4168187904 470556672 108511232 1993971 1350593 209918 815115 1425703
1790329535462 0 133859 0 2958354821 2912412690 0 0 0 0 0 0 1200077560 19885471 4170399744 537055232 0 2197759 1500677 246865 917778 1595330
1790329536485 0 152603 0 2958441354 2912480446 0 0 0 0 0 0 1200116139 19885639 4172754944 615682048 0 2375317 1626195 286423 1136982 1892130
1790329537506 0 124007 57 2958542712 2912610481 0 0 0 0 0 0 1200152081 19885814 4174143488 500588544 0 2582195 1761391 320289 1308229 2097116
1790329538525 0 47007 0 2958625023 2912769715 0 0 0 0 0 0 1200194065 19885968 4176474112 182046720 0 2759413 1885571 363905 1441477 2415291
1790329539545 0 122395 65 2958764004 2912833212 0 0 0 0 0 0 1200245386 19886166 4177096704 487780352 0 3032834 2074959 415722 1537160 2478697
1790329540564 0 113201 0 2958878599 2912957108 0 0 0 0 0 0 1200288571 19886335 4177068032 453537792 0 3264151 2232314 457842 1700017 2695036
1790329541592 0 99860 7 2958985919 2913077955 0 0 0 0 0 0 1200349637 19886511 4178046976 396013568 0 3516488 2400642 519904 1879280 2909946
1790329542616 0 102936 35 2959107998 2913196659 0 0 0 0 0 0 1200403483 19886692 4178243584 411570176 0 3766834 2576681 573756 2054797 3076805
1790329543636 0 49471 22 2959215191 2913357461 0 0 0 0 0 0 1200458355 19886862 4179193856 188387328 0 3997523 2737667 629128 2225521 3280922
1790329544655 0 115311 46 2959340367 2913416823 0 0 0 0 0 0 1200534042 19887088 4180615168 461651968 0 4312761 2938114 704176 2297900 3309414
1790329545680 0 96379 116 2959456754 2913551917 0 0 0 0 0 0 1200601619 19887284 4182208512 396234752 17711104 4581002 3121674 771888 2437879 3413140
1790329546706 0 110288 0 2959560681 2913642163 0 0 0 0 0 0 1200681053 19887486 4183445504 445284352 0 4847907 3303253 849314 2538195 3511109
1790329547728 0 136606 0 2959664929 2913720054 0 0 0 0 0 0 1200763622 19887713 4184621056 550854656 0 5128650 3489823 932870 2698806 3618456
1790329548752 0 107472 22755 2959761506 2913823014 0 0 0 0 0 0 1200844594 19887907 4186820608 541630464 7782400 5406619 3669696 1014927 2813012 3654387
1790329549771 0 62195 0 2959839637 2913969197 0 0 0 0 0 0 1200896792 19888061 4186546176 248520704 0 5597651 3796794 1065568 2976226 3824534
1790329550791 0 111132 0 2959945937 2914026541 0 0 0 0 0 0 1200988028 19888271 4187070464 451129344 0 5899272 3990859 1155304 3209888 3940882
1790329551813 0 55083 0 2960018956 2914155615 0 0 0 0 0 0 1201049774 19888423 4187545600 223514624 15405056 6095977 4122545 1220035 3393320 4171373
1790329552836 0 97181 2537 2960123188 2914215267 0 0 0 0 0 0 1201123110 19888602 4186959872 424165376 6086656 6344942 4286644 1293881 3575539 4418888
1790329553860 0 55599 28788 2960203845 2914311229 0 0 0 0 0 0 1201194401 19888766 4186976256 227733504 124493824 6558174 4420402 1365175 3673314 4590506
1790329554879 0 60574 0 2960272778 2914403917 0 0 0 0 0 0 1201240590 19888940 4187287552 237654016 0 6711078 4522865 1411406 3808965 4936122
1790329555906 0 87615 1869 2960369119 2914471260 0 0 0 0 0 0 1201325337 19889198 4186738688 376381440 5476352 6964613 4679353 1495597 3937789 5037733
1790329556932 0 69535 1946 2960445361 2914565650 0 0 0 0 0 0 1201382845 19889372 4184920064 284708864 22974464 7144534 4792569 1553619 4125345 5418678
1790329557955 0 103858 12 2960541380 2914629196 0 0 0 0 0 0 1201451599 19889576 4184162304 417181696 0 7353758 4926527 1620858 4296137 5744970
1790329558986 0 89928 4775 2960630240 2914727352 0 0 0 0 0 0 1201507314 19889746 4181475328 393474048 9441280 7552020 5046993 1678088 4419511 6054586
1790329560005 0 56558 0 2960709506 2914844609 0 0 0 0 0 0 1201551366 19889877 4179787776 222674944 0 7695580 5135625 1720133 4519987 6232268
1790329561024 0 79477 7081 2960811123 2914916336 0 0 0 0 0 0 1201606820 19890033 4177367040 362364928 6742016 7904067 5265400 1777087 4649620 6450301
1790329562068 0 72574 0 2960891361 2915010534 0 0 0 0 0 0 1201668882 19890195 4176211968 288870400 4214784 8077934 5377577 1838130 4719802 6666741
1790329563108 0 78376 1334 2960987945 2915099912 0 0 0 0 0 0 1201729985 19890379 4175278080 328458240 7643136 8284721 5508386 1900247 4849611 6967506
1790329564132 0 70063 1668 2961069027 2915189007 0 0 0 0 0 0 1201794119 19890542 4174278656 290926592 4210688 8486540 5628544 1964382 5017989 7337642
1790329565151 0 68353 0 2961153840 2915277270 0 0 0 0 0 0 1201848918 19890690 4173058048 269664256 0 8672716 5744119 2018737 5181221 7697959
1790329566171 0 64045 1725 2961239729 2915365617 0 0 0 0 0 0 1201898241 19890842 4171120640 262455296 21417984 8860344 5858861 2069037 5329583 8022982
1790329567194 0 83348 0 2961328612 2915436957 0 0 0 0 0 0 1201968541 19891028 4170600448 339218432 0 9068941 5996816 2137786 5456578 8195829
1790329568214 0 88205 0 2961414354 2915517891 0 0 0 0 0 0 1202029049 19891202 4169883648 355016704 0 9261614 6118969 2197834 5539331 8377496
1790329569245 0 16530 1562 2961478576 2915652226 0 0 0 0 0 0 1202076819 19891326 4169191424 90595328 28672 9406480 6215981 2246567 5724189 8843638
1790329570267 0 71111 7999 2961598773 2915711532 0 0 0 0 0 0 1202155315 19891536 4168101888 326823936 0 9667193 6385172 2324900 5908015 9081343
1790329571291 0 96574 14235 2961699478 2915780470 0 0 0 0 0 0 1202217400 19891709 4166848512 395657216 76095488 9875583 6526573 2388203 6117802 9361173
1790329572313 0 100786 0 2961775998 2915866962 0 0 0 0 0 0 1202285225 19891889 4167700480 403349504 0 10065841 6653644 2453875 6219552 9653269
1790329573332 0 77498 7 2961853118 2915967273 0 0 0 0 0 0 1202332767 19892030 4166664192 317566976 13500416 10233835 6765930 2503134 6343330 9996234
1790329574356 0 17033 1452 2961914244 2916087558 0 0 0 0 0 0 1202378543 19892155 4167168000 79319040 6311936 10377527 6864196 2549316 6496594 10444345
1790329575375 0 80797 0 2962028865 2916139791 0 0 0 0 0 0 1202458047 19892369 4167200768 322670592 0 10631772 7034330 2627321 6642573 10575686
1790329576394 0 71401 6 2962120786 2916241148 0 0 0 0 0 0 1202506104 19892513 4167053312 288272384 1785856 10817615 7160136 2676075 6807686 10940974
1790329577413 0 78788 4719 2962207089 2916315324 0 0 0 0 0 0 1202565852 19892700 4166717440 322924544 34320384 11012741 7296049 2736662 6902400 11155954
1790329578432 0 63197 4099 2962279537 2916403969 0 0 0 0 0 0 1202623899 19892877 4167327744 260419584 31662080 11181981 7412250 2794673 7098616 11548130
1790329579454 0 29995 287 2962355003 2916516555 0 0 0 0 0 0 1202678827 19893069 4168273920 133324800 3543040 11346733 7525812 2849601 7295009 11897846
1790329580477 0 65451 65 2962456860 2916583104 0 0 0 0 0 0 1202739374 19893271 4167593984 265846784 0 11562282 7669393 2907026 7399063 12023091
1790329581505 0 83630 37 2962551845 2916659931 0 0 0 0 0 0 1202798715 19893451 4168249344 336297984 0 11776709 7808705 2966644 7595230 12349785
1790329582533 0 82337 21 2962630466 2916739853 0 0 0 0 0 0 1202851828 19893606 4168486912 328876032 2547712 11943579 7928081 3021583 7730008 12725455
1790329583553 0 107673 0 2962725545 2916809479 0 0 0 0 0 0 1202913355 19893806 4168495104 432914432 0 12158964 8068002 3082678 7862707 12929587
1790329584581 0 49876 928 2962799465 2916940264 0 0 0 0 0 0 1202964671 19893963 4168445952 224907264 4022272 12326721 8185359 3134500 7933943 13112572
1790329585603 0 94578 0 2962909446 2917006607 0 0 0 0 0 0 1203033005 19894169 4169076736 383123456 0 12573695 8350669 3201215 8121917 13378980
1790329586623 0 115567 0 2962999183 2917075216 0 0 0 0 0 0 1203108913 19894365 4170620928 461959168 0 12801043 8502005 3279174 8208738 13532433
1790329587642 0 72535 52 2963062492 2917181697 0 0 0 0 0 0 1203168031 19894511 4171907072 290861056 0 12970826 8616474 3337136 8359087 13898556
1790329588663 0 94321 43 2963153918 2917251374 0 0 0 0 0 0 1203230733 19894688 4171526144 380592128 0 13196002 8757346 3399974 8515488 14194315
1790329589688 0 10715 3061 2963211316 2917389596 0 0 0 0 0 0 1203271228 19894807 4172787712 52658176 16924672 13347501 8853263 3442068 8669886 14668943
1790329590709 0 69032 0 2963320385 2917443106 0 0 0 0 0 0 1203347717 19895015 4172271616 272265216 0 13607864 9022324 3517323 8816665 14850258
1790329591729 0 86255 7081 2963422626 2917521129 0 0 0 0 0 0 1203413196 19895195 4171513856 397287424 0 13838970 9179798 3584036 8937479 15042398
1790329592748 0 95200 0 2963511520 2917608039 0 0 0 0 0 0 1203481502 19895395 4172197888 376598528 0 14058835 9327048 3652291 9032939 15249612
1790329593772 0 82160 0 2963589563 2917699152 0 0 0 0 0 0 1203541506 19895562 4173062144 326148096 0 14249522 9455693 3712319 9173218 15497920
1790329594797 0 41722 1490 2963664074 2917812595 0 0 0 0 0 0 1203600567 19895724 4173848576 187473920 1982464 14435439 9579943 3770766 9339227 15872633
1790329595819 0 76660 11 2963766386 2917881446 0 0 0 0 0 0 1203676009 19895921 4174721024 313999360 12959744 14690762 9750481 3846272 9568520 16089824
1790329596839 0 61724 5329 2963847066 2917972215 0 0 0 0 0 0 1203740300 19896102 4175761408 279384064 0 14896252 9887778 3910101 9774189 16345389
1790329597866 0 62197 14152 2963940033 2918055342 0 0 0 0 0 0 1203807049 19896282 4176224256 278142976 52400128 15123194 10039349 3977824 9861739 16521051
1790329598892 0 109177 17 2964040608 2918123149 0 0 0 0 0 0 1203891454 19896518 4176744448 437133312 0 15366842 10207651 4061275 9964399 16650223
1790329599916 0 25229 1814 2964108450 2918273434 0 0 0 0 0 0 1203949481 19896674 4177874944 120344576 3469312 15537338 10326114 4120258 10080080 16895802
1790329600940 0 51571 40 2964208234 2918348346 0 0 0 0 0 0 1204030973 19896864 4178518016 204951552 0 15794842 10488907 4199672 10199610 17077771
1790329601959 0 88748 0 2964309951 2918412925 0 0 0 0 0 0 1204109976 19897110 4178538496 353067008 0 16042029 10657046 4280247 10405083 17290909
1790329602980 0 88521 0 2964400821 2918504063 0 0 0 0 0 0 1204173614 19897317 4177772544 354209792 0 16257294 10799171 4343368 10510178 17424207
1790329604003 0 66797 13776 2964489711 2918600908 0 0 0 0 0 0 1204225978 19897484 4176449536 316538880 28835840 16463925 10923526 4396241 10612175 17634070
1790329605035 0 5460 1460 2964548339 2918733164 0 0 0 0 0 0 1204270094 19897613 4177129472 48533504 1191936 16606895 11016103 4440867 10654129 17697026
1790329606059 0 87446 0 2964668168 2918772397 0 0 0 0 0 0 1204358400 19897891 4175806464 349974528 0 16868536 11199180 4527422 10769976 17786654
1790329607079 0 77510 25 2964759453 2918873740 0 0 0 0 0 0 1204423501 19898101 4175392768 311275520 0 17066040 11335820 4591761 10860094 17991668
1790329608098 0 85905 0 2964868320 2918974127 0 0 0 0 0 0 1204490716 19898298 4174905344 344096768 0 17303858 11483500 4659992 11032934 18279723
1790329609123 0 45851 0 2964951143 2919096988 0 0 0 0 0 0 1204555592 19898502 4174655488 181329920 0 17496393 11611308 4725344 11264460 18637614
1790329610143 0 38470 20116 2965047193 2919180330 0 0 0 0 0 0 1204630529 19898734 4173701120 157573120 99438592 17728679 11762272 4800791 11449141 18932673
1790329611163 0 74819 0 2965143613 2919260399 0 0 0 0 0 0 1204699251 19898940 4173258752 295067648 0 17943504 11902291 4868541 11623793 19246586
1790329612188 0 56991 1800 2965240392 2919373342 0 0 0 0 0 0 1204764866 19899155 4172558336 233435136 30375936 18169297 12047360 4935640 11732870 19443746
1790329613216 0 82578 0 2965338711 2919447848 0 0 0 0 0 0 1204841244 19899368 4171804672 331862016 0 18394770 12192129 5011539 11849853 19637515
1790329614237 0 85822 0 2965401396 2919507253 0 0 0 0 0 0 1204896145 19899527 4171997184 345653248 0 18537225 12293612 5064359 12002238 19998579
1790329615261 0 59281 1193 2965492093 2919623404 0 0 0 0 0 0 1204948507 19899685 4169682944 264024064 2637824 18715315 12409422 5118768 12185358 20328775
1790329616280 0 87163 0 2965602111 2919706669 0 0 0 0 0 0 1205019276 19899917 4168531968 350863360 0 18965236 12565373 5187541 12385421 20524235
1790329617317 0 80744 587 2965712029 2919822527 0 0 0 0 0 0 1205089679 19900170 4168155136 352911360 2392064 19198314 12724519 5259425 12490845 20719446
1790329618336 0 86772 48 2965814752 2919919690 0 0 0 0 0 0 1205159984 19900382 4166434816 343158784 0 19419532 12872880 5329731 12717759 20937795
1790329619355 0 101504 20 2965917442 2920007701 0 0 0 0 0 0 1205223092 19900595 4165591040 402722816 0 19637263 13018288 5393393 12946288 21223439
1790329620380 0 39177 2180 2965990452 2920140895 0 0 0 0 0 0 1205266176 19900745 4164653056 156299264 21958656 19793867 13119522 5436949 13092589 21663228
1790329621398 0 80801 5823 2966101988 2920207055 0 0 0 0 0 0 1205339557 19900978 4164456448 349343744 21172224 20044846 13287625 5509820 13306294 21837162
1790329622417 0 75891 2 2966191339 2920307166 0 0 0 0 0 0 1205418589 19901224 4165459968 302845952 0 20259294 13433484 5587848 13528731 22105179
1790329623443 0 88102 0 2966302807 2920406467 0 0 0 0 0 0 1205490987 19901482 4164775936 352448512 0 20494832 13595331 5659470 13669584 22304963
1790329624464 0 89909 4091 2966399873 2920497554 0 0 0 0 0 0 1205562810 19901713 4165218304 385597440 20414464 20723834 13749872 5733650 13793773 22494510
1790329625487 0 778 6 2966453192 2920643987 0 0 0 0 0 0 1205602430 19901874 4165668864 7258112 3313664 20846669 13830775 5771665 13947365 22956659
1790329626519 0 83860 60 2966572121 2920679859 0 0 0 0 0 0 1205691234 19902188 4166021120 331055104 0 21117590 14017739 5861483 14105865 23108247
1790329627541 0 84947 7592 2966671204 2920770552 0 0 0 0 0 0 1205755431 19902431 4165218304 347672576 51679232 21346792 14170708 5926205 14228386 23276529
1790329628563 0 84420 39 2966741584 2920848891 0 0 0 0 0 0 1205808244 19902615 4165308416 337571840 0 21511007 14281904 5977017 14550283 23698235
1790329629582 0 94343 1606 2966832496 2920928326 0 0 0 0 0 0 1205884340 19902870 4166639616 386183168 6434816 21727026 14433379 6055114 14761275 23982793
1790329630604 0 5832 19131 2966900253 2921067107 0 0 0 0 0 0 1205931553 19903030 4166107136 108257280 16781312 21881858 14536860 6102328 14916990 24455730
1790329631636 0 52149 0 2967004144 2921143801 0 0 0 0 0 0 1206010575 19903314 4165738496 207212544 16461824 22121734 14697337 6179961 15097740 24665110
1790329632660 0 100101 636 2967099225 2921190306 0 0 0 0 0 0 1206061037 19903497 4164796416 407740416 17883136 22327918 14831316 6231811 15297830 24970289
1790329633679 0 116216 0 2967194221 2921269725 0 0 0 0 0 0 1206138537 19903776 4165890048 469975040 0 22563532 14988448 6306759 15485961 25234306
1790329634698 0 98038 23 2967283557 2921377222 0 0 0 0 0 0 1206210371 19904005 4167426048 397627392 0 22771057 15137538 6378454 15618491 25442653
1790329635720 0 1644 1095 2967349900 2921539221 0 0 0 0 0 0 1206255593 19904163 4167897088 19894272 5402624 22935433 15242126 6425853 15772421 25904619
1790329636744 0 76714 0 2967468574 2921583582 0 0 0 0 0 0 1206343650 19904447 4168364032 312172544 0 23227082 15430408 6510849 15962885 26024474
1790329637765 0 69800 0 2967559015 2921680863 0 0 0 0 0 0 1206418560 19904698 4169392128 281325568 0 23462054 15586826 6587299 16137564 26260303
1790329638794 0 59428 14734 2967657094 2921774662 0 0 0 0 0 0 1206505827 19904979 4169814016 303550464 35438592 23717153 15760626 6676598 16337738 26517751
1790329639816 0 88401 0 2967753721 2921856993 0 0 0 0 0 0 1206574603 19905225 4170240000 360128512 0 23945414 15910215 6742345 16553061 26776277
1790329640843 0 1512 0 2967819880 2922010151 0 0 0 0 0 0 1206624887 19905399 4170780672 0 14819328 24116539 16017708 6795203 16621411 27070136
1790329641865 0 113697 12721 2967956621 2922022231 0 0 0 0 0 0 1206727505 19905773 4170772480 536727552 0 24436269 16238496 6898276 16812797 27127665
1790329642885 0 74883 0 2968029550 2922146350 0 0 0 0 0 0 1206773213 19905960 4170055680 298258432 0 24587180 16342625 6941943 16957599 27570067
1790329643905 0 68877 17215 2968123555 2922229221 0 0 0 0 0 0 1206833130 19906197 4169142272 282120192 81879040 24808217 16485251 7003902 17174716 27905074
1790329644925 0 86736 6575 2968217562 2922315934 0 0 0 0 0 0 1206902434 19906476 4170027008 396058624 4882432 25025457 16631712 7073238 17280529 28044473
1790329645949 0 9262 1849 2968279731 2922460585 0 0 0 0 0 0 1206951025 19906650 4170452992 61370368 2871296 25175367 16735481 7120993 17428845 28425139
1790329646968 0 85953 0 2968401482 2922507285 0 0 0 0 0 0 1207043641 19906994 4170510336 345972736 0 25442495 16919483 7212384 17540855 28497209
1790329647988 0 87302 0 2968496077 2922600470 0 0 0 0 0 0 1207116926 19907272 4171427840 349315072 0 25670234 17070474 7286830 17648410 28652018
1790329649012 0 44225 6956 2968573121 2922713719 0 0 0 0 0 0 1207173055 19907477 4170702848 215797760 3301376 25853180 17190174 7342918 17839337 29078769
1790329650031 0 92545 0 2968681512 2922780706 0 0 0 0 0 0 1207239169 19907749 4170194944 372883456 0 26093989 17344583 7408142 17978201 29273430
1790329651058 0 1555 533 2968738551 2922928220 0 0 0 0 0 0 1207285333 19907917 4170379264 19968000 5521408 26247667 17441121 7455591 18079614 29524028
1790329652082 0 80705 3117 2968864450 2922972458 0 0 0 0 0 0 1207362883 19908232 4169170944 330567680 28385280 26509556 17625932 7533655 18205370 29612013
1790329653115 0 67852 12553 2968951774 2923063083 0 0 0 0 0 0 1207420942 19908474 4168032256 313729024 34598912 26719145 17758475 7591202 18318626 29789767
1790329654136 0 91149 0 2969046746 2923147398 0 0 0 0 0 0 1207482066 19908728 4168097792 364953600 0 26925051 17893081 7651118 18426234 29956351
1790329655156 0 108817 0 2969143371 2923226247 0 0 0 0 0 0 1207561624 19909033 4168888320 439304192 0 27157680 18051353 7730363 18621570 30208888
1790329656180 0 3018 18 2969213222 2923401842 0 0 0 0 0 0 1207595034 19909179 4167835648 4263936 0 27300926 18144973 7764272 18781300 30719148
1790329657199 0 72598 0 2969322733 2923441835 0 0 0 0 0 0 1207664129 19909442 4168130560 289148928 0 27543776 18296916 7833409 18878516 30848803
1790329658218 0 111623 0 2969438641 2923518636 0 0 0 0 0 0 1207746985 19909755 4167798784 452153344 0 27794485 18470902 7916763 19013452 30986786
1790329659238 0 75775 0 2969502007 2923617965 0 0 0 0 0 0 1207795354 19909933 4167888896 306753536 0 27958143 18573594 7965107 19136024 31262728
1790329660256 0 105332 24692 2969610851 2923672621 0 0 0 0 0 0 1207867269 19910211 4166893568 519364608 26267648 28201590 18728653 8038041 19212275 31342161
1790329661275 0 9931 0 2969670532 2923852304 0 0 0 0 0 0 1207909314 19910368 4166242304 37195776 0 28325848 18809582 8077037 19319199 31659812
1790329662295 0 93343 0 2969795807 2923894297 0 0 0 0 0 0 1207995601 19910672 4166266880 371470336 0 28604529 18999628 8165372 19420685 31725119
1790329663314 0 73642 4187 2969885735 2923999711 0 0 0 0 0 0 1208062396 19910947 4166057984 315396096 21020672 28818248 19140573 8233167 19625585 32056733
1790329664332 0 85186 66 2969986408 2924092984 0 0 0 0 0 0 1208127905 19911167 4166074368 336445440 0 29034705 19279903 8297807 19838782 32350013
1790329665352 0 84420 0 2970074791 2924182083 0 0 0 0 0 0 1208192724 19911419 4165689344 341225472 0 29242283 19415683 8360988 20037667 32620766
1790329666377 0 4603 0 2970143635 2924330787 0 0 0 0 0 0 1208242590 19911610 4166156288 7589888 0 29388617 19517000 8412344 20120694 32804868
1790329667399 0 98835 8 2970269515 2924362525 0 0 0 0 0 0 1208339059 19911972 4166336512 392478720 0 29679423 19718180 8508850 20257122 32879615
1790329668420 0 89299 34 2970359418 2924461864 0 0 0 0 0 0 1208411474 19912243 4166504448 357048320 0 29910693 19861910 8580739 20466756 33174600
1790329669440 0 99768 57 2970450769 2924542737 0 0 0 0 0 0 1208490428 19912544 4167532544 402796544 0 30144757 20011997 8658796 20654222 33416328
1790329670460 0 94988 0 2970542281 2924639015 0 0 0 0 0 0 1208568444 19912796 4167397376 383037440 0 30378630 20164727 8736764 20871299 33719110
1790329671483 0 1595 375 2970597270 2924787211 0 0 0 0 0 0 1208616304 19912968 4167409664 13905920 3293184 30521365 20260066 8786567 21044865 34070343
1790329672513 0 67543 0 2970701598 2924825948 0 0 0 0 0 0 1208694658 19913283 4167516160 265920512 0 30774800 20417424 8864122 21193720 34214871
1790329673539 0 73375 0 2970797582 2924916066 0 0 0 0 0 0 1208766714 19913540 4167790592 296538112 12713984 31021187 20576208 8937010 21403556 34442065
1790329674562 0 56359 0 2970888027 2925023510 0 0 0 0 0 0 1208831466 19913805 4166848512 228585472 9555968 31233365 20714844 9002238 21531630 34597509
1790329675585 0 66866 0 2970987701 2925112651 0 0 0 0 0 0 1208898709 19914074 4166316032 274505728 1769472 31442971 20860035 9068992 21600287 34759832
1790329676605 0 10305 0 2971058649 2925240159 0 0 0 0 0 0 1208949309 19914288 4165677056 32198656 0 31615066 20968950 9119300 21717173 34970648
1790329677624 0 113022 0 2971181916 2925260640 0 0 0 0 0 0 1209047135 19914666 4167303168 450711552 0 31924989 21170423 9217397 21852306 35027190
1790329678644 0 72408 536 2971250350 2925369204 0 0 0 0 0 0 1209103050 19914862 4167778304 288124928 0 32096394 21285613 9273340 21981518 35217883
1790329679663 0 101397 14089 2971350928 2925427250 0 0 0 0 0 0 1209170976 19915128 4167225344 473927680 0 32335032 21440126 9341243 22177157 35469914
1790329680684 0 87811 27 2971434156 2925538120 0 0 0 0 0 0 1209225879 19915326 4166750208 349200384 0 32512438 21560147 9396153 22316278 35692652
1790329681714 0 8638 3335 2971495794 2925675727 0 0 0 0 0 0 1209268005 19915494 4166701056 61095936 12013568 32655991 21657622 9437866 22407294 36130948
1790329682737 0 119216 876 2971634015 2925705764 0 0 0 0 0 0 1209355724 19915830 4165820416 488435712 0 32957106 21860147 9525025 22567816 36205115
1790329683756 0 69315 5962 2971714255 2925830658 0 0 0 0 0 0 1209416328 19916045 4166991872 317906944 0 33155227 21988059 9586112 22683944 36513071
1790329684776 0 137788 0 2971826681 2925880699 0 0 0 0 0 0 1209497513 19916354 4167184384 553881600 0 33417970 22166836 9667268 22886522 36736138
1790329685797 0 68396 14619 2971901675 2926010524 0 0 0 0 0 0 1209551623 19916552 4166688768 280137728 74125312 33604727 22288095 9722394 23079563 37123526
1790329686820 0 3172 438 2971963346 2926151545 0 0 0 0 0 0 1209599812 19916726 4167303168 26853376 2736128 33754217 22387376 9769635 23209385 37539771
1790329687840 0 59332 36 2972078999 2926211496 0 0 0 0 0 0 1209677351 19917032 4166791168 243023872 13029376 34006082 22558694 9847685 23412960 37714236
1790329688864 0 72662 644 2972177040 2926295850 0 0 0 0 0 0 1209737521 19917286 4166221824 310050816 2863104 34212716 22696983 9907780 23602946 38011352
1790329689893 0 72191 640 2972269012 2926388021 0 0 0 0 0 0 1209800159 19917510 4166021120 295694336 41943040 34419765 22836163 9970420 23801965 38356067
1790329690938 0 98992 11753 2972377889 2926459038 0 0 0 0 0 0 1209874625 19917807 4165771264 465891328 7704576 34666434 23004343 10045396 23988329 38650361
1790329691965 0 49899 1806 2972446735 2926586839 0 0 0 0 0 0 1209924444 19918003 4165816320 204386304 29560832 34818510 23111058 10095215 24137516 38939989
1790329692989 0 96619 0 2972551602 2926646792 0 0 0 0 0 0 1209993141 19918247 4165279744 383156224 0 35030333 23262365 10163496 24249207 39084893
1790329694012 0 70954 0 2972621162 2926742025 0 0 0 0 0 0 1210043048 19918443 4165296128 285548544 0 35206306 23372568 10212287 24419841 39465167
1790329695036 0 69461 67 2972703666 2926825962 0 0 0 0 0 0 1210093650 19918658 4165865472 274075648 0 35391579 23493892 10262612 24525362 39673518
1790329696063 0 83582 0 2972796646 2926904846 0 0 0 0 0 0 1210161678 19918924 4166504448 334557184 0 35612424 23640469 10330917 24663592 39838645
1790329697097 0 1024 2131 2972851570 2927040336 0 0 0 0 0 0 1210194552 19919073 4165746688 10227712 23764992 35732580 23717903 10364813 24753879 40235869
1790329698122 0 74231 1679 2972966775 2927082721 0 0 0 0 0 0 1210275707 19919391 4166123520 301703168 23506944 35982924 23890840 10446479 24908830 40395310
1790329699143 0 71353 16 2973050986 2927171396 0 0 0 0 0 0 1210337325 19919619 4166762496 281821184 0 36176061 24021909 10507589 25148634 40738296
1790329700163 0 81590 0 2973142242 2927252319 0 0 0 0 0 0 1210400499 19919896 4167569408 322834432 0 36394117 24158580 10570784 25333687 41000389
1790329701182 0 89329 0 2973226640 2927329120 0 0 0 0 0 0 1210463638 19920138 4167450624 359198720 0 36585648 24284589 10632918 25430802 41148962
1790329702209 0 26813 1497 2973293911 2927457384 0 0 0 0 0 0 1210513992 19920326 4167921664 130658304 2785280 36748023 24390667 10684259 25595185 41458562
1790329703232 0 66533 0 2973398841 2927524188 0 0 0 0 0 0 1210587421 19920594 4167659520 263884800 0 36983845 24544977 10756126 25754570 41652602
1790329704251 0 115558 0 2973500202 2927576395 0 0 0 0 0 0 1210662820 19920887 4167577600 466530304 0 37240173 24709005 10831597 25903893 41808791
1790329705271 0 88803 0 2973572596 2927675722 0 0 0 0 0 0 1210719855 19921118 4168253440 354242560 0 37409455 24825033 10888950 26032017 42121009
1790329706290 0 89276 6 2973662340 2927764773 0 0 0 0 0 0 1210785060 19921369 4168081408 355389440 0 37625223 24965686 10955353 26253177 42458123
1790329707309 0 52723 611 2973749599 2927888390 0 0 0 0 0 0 1210830291 19921573 4166803456 225644544 3469312 37809453 25086445 11000571 26365413 42621461
1790329708329 0 41310 22 2973843294 2927993778 0 0 0 0 0 0 1210891994 19921832 4166660096 157609984 0 38027167 25223542 11061688 26563121 42883105
1790329709349 0 74407 0 2973940836 2928058265 0 0 0 0 0 0 1210979200 19922159 4168282112 294850560 0 38274329 25391182 11148465 26712883 43057407
1790329710368 0 100019 1452 2974043597 2928133896 0 0 0 0 0 0 1211050391 19922417 4167307264 422998016 7352320 38506585 25548413 11220651 26909943 43238978
1790329711387 0 92339 0 2974121660 2928221077 0 0 0 0 0 0 1211107828 19922624 4167237632 374272000 0 38695326 25661659 11275558 27074708 43563554
1790329712417 0 17857 18172 2974188453 2928344193 0 0 0 0 0 0 1211162232 19922829 4167979008 147906560 11218944 38864948 25775212 11332493 27206570 43803548
1790329713436 0 79212 0 2974290743 2928403332 0 0 0 0 0 0 1211231556 19923117 4167692288 320303104 0 39096770 25929066 11399801 27417442 44038711
1790329714462 0 83480 1547 2974375484 2928482392 0 0 0 0 0 0 1211310165 19923407 4168151040 358674432 6934528 39320580 26081769 11480470 27547755 44264854
1790329715492 0 75659 0 2974465301 2928581499 0 0 0 0 0 0 1211361994 19923615 4167008256 301551616 0 39504626 26203948 11530726 27712132 44587966
1790329716513 0 94867 0 2974562381 2928659324 0 0 0 0 0 0 1211427132 19923866 4166455296 380387328 0 39730461 26349604 11595400 27819929 44804627
1790329717535 0 15408 438 2974623570 2928799504 0 0 0 0 0 0 1211470923 19924043 4166950912 79716352 1683456 39872680 26441739 11641099 27937946 45145312
1790329718562 0 60799 4196 2974727974 2928854773 0 0 0 0 0 0 1211549889 19924384 4166807552 286863360 0 40097693 26604485 11719704 28073570 45272821
1790329719585 0 58526 0 2974814734 2928948031 0 0 0 0 0 0 1211610995 19924647 4167041024 227164160 0 40297031 26734539 11780747 28332460 45655323
1790329720610 0 84513 365 2974913161 2929020049 0 0 0 0 0 0 1211676248 19924930 4167180288 356401152 3026944 40529767 26881634 11846523 28425247 45805911
1790329721629 0 87292 0 2975002250 2929106754 0 0 0 0 0 0 1211742992 19925203 4167344128 351330304 0 40744705 27020025 11911767 28606853 46107039
1790329722653 0 72965 18396 2975094161 2929194646 0 0 0 0 0 0 1211813382 19925491 4167053312 338743296 48418816 40961575 27170292 11984192 28693861 46272536
1790329723675 0 68879 0 2975174440 2929297316 0 0 0 0 0 0 1211871420 19925722 4166983680 271446016 0 41143123 27288634 12041176 28892231 46616875
1790329724700 0 8996 3066 2975247333 2929427167 0 0 0 0 0 0 1211924867 19925960 4166705152 71819264 4124672 41321756 27402567 12095639 29052117 46842748
1790329725730 0 32 0 2975247367 2929439144 0 0 0 0 0 0 1212072898 19926729 4193583104 131072 0 41470643 27540645 12240279 29148521 46925466
1790329726750 0 33 0 2975247368 2929439144 0 0 0 0 0 0 1212280271 19927594 4196356096 131072 0 41715078 27748287 12448598 29290303 46995327
1790329727769 0 33 0 2975247368 2929439144 0 0 0 0 0 0 1212441457 19929069 4199256064 131072 0 42248118 27909101 12610120 29546258 47065474
1790329728788 0 26 0 2975247369 2929439144 0 0 0 0 0 0 1212553503 19929492 3125006336 94208 0 42400628 28023328 12724275 29685973 47113064
