1790328184304 0 784 0 2833833631 2788024617 0 0 0 0 0 0 1157594253 19732340 - - - - - - - -
1790328185867 0 163125 4039 2834179270 2788203786 0 0 0 0 0 0 1157594254 19732403 1318645760 653733888 5246976 0 0 1 0 47661
1790328186948 0 161392 1987 2834354008 2788382359 0 0 0 0 0 0 1157594254 19732406 2078703616 639119360 16531456 0 0 1 0 84468
1790328187975 0 152253 3994 2834536248 2788571845 0 0 0 0 0 0 1157594254 19732406 2846629888 607686656 24936448 0 0 1 0 118151
1790328189015 0 112451 0 2834692765 2788771808 0 0 0 0 0 0 1157594254 19732483 3459506176 419745792 0 0 0 1 0 138977
1790328190074 0 154227 2048 2834917741 2788953310 0 0 0 0 0 0 1157595263 19732491 4141461504 631361536 25165824 130193 69042 1010 21237 161174
1790328191095 0 145697 6281 2835155270 2789195425 0 0 0 0 0 0 1157602354 19732499 4139724800 611610624 5263360 450921 307438 8101 68212 214654
1790328192119 0 111881 10187 2835313635 2789383310 0 0 0 0 0 0 1157617586 19732519 4139560960 459272192 40128512 674549 486495 23336 121487 325543
1790328193145 0 145495 2048 2835577551 2789621731 0 0 0 0 0 0 1157642513 19732557 4139143168 582799360 25165824 1007522 771130 47756 176388 472422
1790328194165 0 141951 1899 2835754043 2789802012 0 0 0 0 0 0 1157666767 19732803 4139724800 595341312 8388608 1307413 972551 72512 240953 649237
1790328195194 0 128396 4429 2835922553 2789981326 0 0 0 0 0 0 1157703208 19733013 4141559808 555872256 12636160 1574871 1176586 108466 299613 960414
1790328196232 0 90967 9567 2836061106 2790152334 0 0 0 0 0 0 1157729438 19733161 4142546944 402599936 28729344 1786362 1340468 134388 345611 1157538
1790328197259 0 99579 11616 2836227791 2790308440 0 0 0 0 0 0 1157760704 19733324 4143968256 407777280 47702016 2043073 1540258 166515 417404 1276785
1790328198279 0 149108 0 2836403756 2790446297 0 0 0 0 0 0 1157804907 19733495 4146102272 584822784 0 2317387 1752241 210146 456622 1487726
1790328199300 0 63608 20712 2836552432 2790659906 0 0 0 0 0 0 1157834226 19733695 4146290688 260882432 84869120 2555002 1936901 240014 520252 1654016
1790328200339 0 88268 6973 2836756675 2790853191 0 0 0 0 0 0 1157888219 19733954 4147650560 432754688 33554432 2883600 2188668 292436 596982 1791964
1790328201384 0 129340 0 2836971766 2791034168 0 0 0 0 0 0 1157944271 19734227 4148072448 509861888 0 3248126 2456978 347454 643661 1880147
1790328202426 0 115503 5108 2837170198 2791241066 0 0 0 0 0 0 1158004326 19734489 4148408320 550825984 49172480 3591471 2718329 409633 700934 1993730
1790328203457 0 92257 61 2837382190 2791481643 0 0 0 0 0 0 1158062285 19734706 4148359168 354676736 0 3943353 2984358 466506 770363 2121864
1790328204483 0 93107 0 2837560188 2791658809 0 0 0 0 0 0 1158124323 19734940 4149112832 356081664 0 4250356 3221216 526567 833952 2254172
1790328205512 0 79882 8192 2837720138 2791823726 0 0 0 0 0 0 1158184945 19735141 4149542912 331493376 33214464 4554315 3449136 590206 887779 2353784
1790328206555 0 121427 1971 2837910680 2791978996 0 0 0 0 0 0 1158255509 19735361 4149886976 526331904 14188544 4878126 3694092 658967 944186 2522650
1790328207601 0 151895 0 2838081813 2792121743 0 0 0 0 0 0 1158312705 19735565 4148604928 597266432 0 5153033 3889467 717470 1024173 2772889
1790328208642 0 20005 2402 2838141431 2792310737 0 0 0 0 0 0 1158342446 19735652 4149280768 94486528 52207616 5260136 3967762 747312 1067942 3355280
1790328209695 0 53093 12553 2838297335 2792423661 0 0 0 0 0 0 1158398913 19735835 4148883456 275980288 0 5494834 4134522 803381 1121435 3524552
1790328210720 0 99406 4 2838458516 2792550814 0 0 0 0 0 0 1158438910 19735975 4146683904 380112896 0 5701869 4282116 843123 1171969 3707712
1790328211743 0 128367 3066 2838605441 2792665555 0 0 0 0 0 0 1158477907 19736106 4143980544 511373312 0 5921987 4427567 883692 1233255 3876918
1790328212770 0 34479 11964 2838695992 2792841366 0 0 0 0 0 0 1158501550 19736180 4142694400 157872128 45371392 6075720 4519326 906784 1280682 4147222
1790328213800 0 47171 9782 2838826609 2792961351 0 0 0 0 0 0 1158541597 19736308 4140916736 227770368 0 6278968 4654695 945108 1325506 4313326
1790328214827 0 51914 33809 2838957595 2793063596 0 0 0 0 0 0 1158584684 19736439 4139442176 358887424 4042752 6509301 4808493 990458 1388598 4528034
1790328215846 0 59131 4307 2839072757 2793201115 0 0 0 0 0 0 1158620136 19736547 4137172992 239984640 33067008 6682505 4936601 1025371 1456534 4684209
1790328216872 0 50948 4247 2839193901 2793330579 0 0 0 0 0 0 1158646327 19736644 4134756352 237797376 0 6873655 5062278 1052074 1512777 4829134
1790328217899 0 28076 8161 2839318771 2793474328 0 0 0 0 0 0 1158682259 19736746 4134158336 164278272 12238848 7078475 5201640 1088006 1571997 5100407
1790328218937 0 70941 23937 2839501683 2793598555 0 0 0 0 0 0 1158742310 19737004 4133453824 288481280 113385472 7368877 5411397 1147619 1685488 5309156
1790328219958 0 81444 646 2839632588 2793742300 0 0 0 0 0 0 1158786527 19737177 4133060608 343932928 3149824 7578014 5567474 1191799 1753899 5483938
1790328220989 0 58840 2724 2839756947 2793887201 0 0 0 0 0 0 1158828117 19737343 4132921344 267390976 6053888 7776247 5715531 1233869 1811055 5674401
1790328222027 0 96319 20 2839895900 2793991319 0 0 0 0 0 0 1158868245 19737497 4132577280 383152128 7970816 8000798 5876994 1273410 1876931 5808956
1790328223065 0 45938 3158 2840005964 2794148598 0 0 0 0 0 0 1158913332 19737639 4133511168 216944640 21905408 8193812 6019993 1319079 1948435 6070176
1790328224105 0 95805 9510 2840188499 2794274941 0 0 0 0 0 0 1158968765 19737850 4132855808 390336512 58814464 8478074 6236549 1374523 2026814 6176106
1790328225126 0 90538 4983 2840316361 2794412650 0 0 0 0 0 0 1159000615 19737985 4132085760 370860032 38248448 8664150 6385816 1406370 2088083 6322425
1790328226163 0 99330 657 2840477544 2794569444 0 0 0 0 0 0 1159052644 19738158 4132036608 430112768 7544832 8923508 6575814 1458395 2148440 6494692
1790328227209 0 67049 59 2840584802 2794709363 0 0 0 0 0 0 1159082737 19738277 4132495360 254627840 0 9085181 6699729 1486027 2193463 6641911
1790328228242 0 96264 593 2840721334 2794816131 0 0 0 0 0 0 1159121300 19738407 4132884480 400015360 5914624 9300184 6862529 1527055 2249806 6772478
1790328229265 0 127185 0 2840888283 2794952881 0 0 0 0 0 0 1159161089 19738584 4132061184 499769344 0 9545769 7048394 1564065 2311181 6902065
1790328230292 0 81689 0 2841009733 2795119795 0 0 0 0 0 0 1159185007 19738693 4131532800 309284864 0 9719705 7182959 1590254 2359904 7071362
1790328231331 0 80139 7118 2841161351 2795265793 0 0 0 0 0 0 1159226628 19738849 4132012032 359870464 14544896 9962073 7370456 1631865 2431813 7266459
1790328232363 0 64663 7316 2841307510 2795427356 0 0 0 0 0 0 1159271229 19739014 4132442112 263118848 58105856 10183988 7546921 1676863 2488498 7490126
1790328233388 0 50794 12208 2841426810 2795555620 0 0 0 0 0 0 1159308261 19739140 4132700160 204021760 66502656 10362155 7693096 1714051 2542568 7661015
1790328234415 0 65649 6290 2841567416 2795687169 0 0 0 0 0 0 1159352939 19739285 4134076416 268181504 37556224 10590172 7868990 1758713 2602721 7804105
1790328235436 0 126101 730 2841719556 2795784576 0 0 0 0 0 0 1159398902 19739439 4134731776 496467968 0 10822264 8044791 1802082 2654492 7942876
1790328236462 0 94798 0 2841831087 2795927937 0 0 0 0 0 0 1159425630 19739534 4135165952 365682688 0 10993544 8174322 1830916 2700984 8054790
1790328237488 0 116500 0 2842000180 2796075394 0 0 0 0 0 0 1159462121 19739678 4134612992 454774784 0 11238424 8362677 1866859 2769866 8183275
1790328238513 0 40147 436 2842115460 2796266633 0 0 0 0 0 0 1159494388 19739792 4134670336 164552704 10649600 11412840 8497995 1898202 2807931 8371978
1790328239540 0 0 31548 2842254851 2796415245 0 0 0 0 0 0 1159530930 19739913 4134469632 0 146415616 11618185 8659399 1936689 2848259 8463641
1790328240573 0 103522 0 2842428129 2796516418 0 0 0 0 0 0 1159581701 19740077 4135317504 401747968 0 11864480 8848451 1984951 2891499 8554548
1790328241596 0 130373 0 2842572730 2796634179 0 0 0 0 0 0 1159619218 19740193 4135256064 511782912 0 12083106 9005490 2023439 2958024 8703063
1790328242622 0 70267 0 2842687935 2796809293 0 0 0 0 0 0 1159649687 19740302 4135374848 282746880 13508608 12246106 9134631 2055264 3002771 8933866
1790328243647 0 74807 591 2842841608 2796958112 0 0 0 0 0 0 1159711661 19740483 4136734720 316817408 2412544 12487941 9311592 2116895 3085214 9212413
1790328244668 0 126598 17447 2843038949 2797086716 0 0 0 0 0 0 1159770161 19740669 4135989248 514060288 87355392 12793279 9531004 2175908 3152983 9373775
1790328245688 0 127880 0 2843171349 2797235274 0 0 0 0 0 0 1159810932 19740813 4135694336 499150848 0 13009044 9674091 2215477 3225025 9558380
1790328246717 0 96609 5294 2843300905 2797390873 0 0 0 0 0 0 1159851251 19740962 4135534592 402833408 41086976 13233351 9828197 2256998 3310267 9797865
1790328247751 0 71090 1560 2843434405 2797553490 0 0 0 0 0 0 1159892753 19741117 4134674432 289378304 26087424 13433131 9973862 2297534 3388624 10040686
1790328248779 0 1617 901 2843558750 2797748160 0 0 0 0 0 0 1159925136 19741249 4132237312 25726976 9027584 13612561 10104537 2330534 3450899 10281004
1790328249819 0 79243 0 2843732807 2797845278 0 0 0 0 0 0 1159976291 19741464 4130840576 300056576 0 13862349 10288042 2378493 3517457 10450071
1790328250845 0 57722 35 2843850392 2797984540 0 0 0 0 0 0 1160021191 19741644 4131590144 213032960 0 14065792 10436717 2425407 3581448 10750186
1790328251873 0 74229 730 2843998066 2798114943 0 0 0 0 0 0 1160072015 19741830 4131831808 317820928 16637952 14299927 10615948 2477251 3660205 10948098
1790328252915 0 55120 1564 2844128445 2798263846 0 0 0 0 0 0 1160114638 19742015 4132253696 223563776 31805440 14517720 10771088 2519872 3751660 11177443
1790328253951 0 91444 8176 2844302059 2798394171 0 0 0 0 0 0 1160163960 19742216 4131991552 420249600 14475264 14790456 10967159 2569708 3796410 11280442
1790328254984 0 43187 44 2844412198 2798560645 0 0 0 0 0 0 1160199992 19742376 4131876864 151834624 0 14956763 11093453 2605156 3862035 11585699
1790328256012 0 67611 1230 2844573813 2798696860 0 0 0 0 0 0 1160244135 19742588 4130484224 278749184 17281024 15203839 11283825 2649370 3936539 11799728
1790328257036 0 92623 0 2844737038 2798836155 0 0 0 0 0 0 1160301141 19742835 4131151872 358641664 0 15469660 11479292 2704337 4009058 12012070
1790328258061 0 75362 1860 2844872715 2798987167 0 0 0 0 0 0 1160344331 19743036 4131635200 319815680 7086080 15683676 11647874 2750078 4055143 12154418
1790328259096 0 43005 667 2844976036 2799124058 0 0 0 0 0 0 1160382842 19743186 4132679680 182149120 2146304 15854076 11775160 2787234 4123428 12405911
1790328260135 0 67801 9867 2845130160 2799244309 0 0 0 0 0 0 1160426042 19743386 4131651584 321765376 0 16081293 11951744 2830761 4185224 12561646
1790328261159 0 106269 16843 2845279670 2799348315 0 0 0 0 0 0 1160487153 19743651 4132925440 433373184 83210240 16339878 12146148 2892904 4243172 12727174
1790328262183 0 75578 6510 2845388519 2799498205 0 0 0 0 0 0 1160517439 19743784 4132331520 309653504 39198720 16498839 12270937 2922818 4296236 12945341
1790328263207 0 74636 11392 2845507700 2799613469 0 0 0 0 0 0 1160556483 19743958 4132462592 367177728 0 16685274 12410772 2962230 4381784 13193324
1790328264234 0 48375 2217 2845609681 2799750965 0 0 0 0 0 0 1160591765 19744111 4132663296 221659136 3358720 16848103 12534827 2996634 4447855 13500104
1790328265269 0 136527 0 2845785864 2799841061 0 0 0 0 0 0 1160650468 19744382 4133543936 535855104 0 17129538 12749095 3055721 4518124 13627890
1790328266296 0 98040 60 2845885628 2799979310 0 0 0 0 0 0 1160676198 19744515 4132630528 379510784 0 17273736 12857873 3079890 4575731 13803853
1790328267319 0 77604 50 2845996173 2800110331 0 0 0 0 0 0 1160705482 19744675 4132548608 292261888 0 17445048 12986439 3110744 4651420 14072832
1790328268340 0 101197 3577 2846142844 2800229728 0 0 0 0 0 0 1160757405 19744899 4132483072 420700160 0 17687760 13166434 3162130 4717908 14293375
1790328269366 0 79592 1499 2846282244 2800393226 0 0 0 0 0 0 1160791338 19745062 4132425728 335548416 6688768 17894093 13325263 3197091 4785670 14455646
1790328270394 0 74543 12975 2846441862 2800546044 0 0 0 0 0 0 1160839615 19745289 4131688448 353161216 26476544 18157088 13514957 3245405 4842355 14602434
1790328271421 0 86355 1137 2846609472 2800713965 0 0 0 0 0 0 1160889509 19745519 4131696640 374407168 2023424 18408698 13700931 3294748 4913431 14844451
1790328272448 0 96459 0 2846746103 2800841283 0 0 0 0 0 0 1160932116 19745713 4131618816 372809728 0 18603744 13847927 3334818 4984209 15042452
1790328273472 0 98833 0 2846899876 2800992836 0 0 0 0 0 0 1160975854 19745935 4130971648 383963136 0 18827526 14021658 3379248 5046757 15242898
1790328274494 0 52561 8437 2847045584 2801176394 0 0 0 0 0 0 1161011733 19746108 4130697216 209154048 49721344 19059024 14186250 3417580 5114452 15432591
1790328275521 0 74805 11680 2847226505 2801332052 0 0 0 0 0 0 1161069839 19746381 4131303424 357519360 0 19331757 14387072 3474672 5180121 15592891
1790328276543 0 66388 28 2847366675 2801491944 0 0 0 0 0 0 1161106372 19746558 4130410496 248668160 0 19529485 14535599 3510806 5227742 15821249
1790328277566 0 93487 0 2847559631 2801657808 0 0 0 0 0 0 1161160824 19746788 4128784384 373030912 3235840 19829378 14752237 3566644 5291498 16012190
1790328278586 0 94361 20114 2847717608 2801794931 0 0 0 0 0 0 1161194806 19746946 4127510528 446099456 40513536 20068497 14918983 3600053 5374163 16175127
1790328279610 0 103021 16547 2847894796 2801967033 0 0 0 0 0 0 1161229744 19747126 4125257728 485838848 26386432 20319485 15102012 3635492 5446873 16345709
1790328280650 0 95394 1825 2848055625 2802150099 0 0 0 0 0 0 1161280608 19747355 4125298688 422047744 1613824 20552094 15278778 3685364 5512796 16562013
1790328281680 0 83040 0 2848230969 2802339606 0 0 0 0 0 0 1161344252 19747613 4125999104 317292544 0 20816074 15486607 3746979 5572693 16722960
1790328282705 0 76387 6424 2848374815 2802483595 0 0 0 0 0 0 1161380756 19747803 4126195712 335458304 0 21031216 15648862 3785028 5660481 16967256
1790328283733 0 73937 3723 2848554907 2802668903 0 0 0 0 0 0 1161437251 19748065 4127232000 311877632 0 21323024 15858410 3842004 5732218 17225307
1790328284768 0 47999 0 2848659751 2802803444 0 0 0 0 0 0 1161478786 19748249 4128133120 196612096 3551232 21498619 15989089 3882124 5816611 17476340
1790328285792 0 66640 47 2848830948 2802955992 0 0 0 0 0 0 1161532401 19748482 4127817728 270884864 9183232 21769981 16193087 3937638 5887108 17615814
1790328286816 0 78765 38 2849013005 2803125989 0 0 0 0 0 0 1161572442 19748701 4126400512 300257280 0 22026049 16388039 3976205 5951043 17840736
1790328287844 0 55777 44 2849187683 2803323599 0 0 0 0 0 0 1161621398 19748916 4126023680 204222464 0 22298089 16590593 4025610 6007129 17996560
1790328288871 0 70408 16852 2849356889 2803461441 0 0 0 0 0 0 1161667672 19749153 4125442048 359534592 20287488 22549732 16788975 4072906 6095273 18156927
1790328289896 0 45786 1946 2849520778 2803664804 0 0 0 0 0 0 1161711886 19749375 4124372992 214020096 5111808 22786099 16974689 4117123 6156323 18351406
1790328290931 0 74907 7114 2849714538 2803824463 0 0 0 0 0 0 1161755619 19749624 4123856896 304730112 58130432 23057463 17188442 4161366 6228894 18526640
1790328291979 0 106040 7089 2849909774 2803988466 0 0 0 0 0 0 1161804974 19749867 4124303360 463642624 33357824 23336057 17408632 4210721 6273464 18633964
1790328293011 0 91137 6 2850046639 2804147239 0 0 0 0 0 0 1161853693 19750065 4125741056 354230272 0 23544516 17572439 4255434 6342935 18883654
1790328294039 0 95433 0 2850216904 2804313146 0 0 0 0 0 0 1161905670 19750295 4126289920 366309376 0 23806079 17773530 4310918 6424105 19072998
1790328295072 0 121097 3488 2850389946 2804457124 0 0 0 0 0 0 1161944719 19750523 4126322688 493981696 44736512 24058419 17965057 4350533 6497122 19196623
1790328296090 0 87436 9928 2850557924 2804652384 0 0 0 0 0 0 1161994110 19750751 4126830592 353894400 58355712 24318586 18156827 4399870 6572779 19375441
1790328297117 0 70881 1188 2850704828 2804824546 0 0 0 0 0 0 1162031642 19750957 4126040064 299266048 14135296 24536730 18321912 4437424 6633883 19566481
1790328298141 0 108214 23 2850861560 2804944988 0 0 0 0 0 0 1162077894 19751156 4125470720 421978112 0 24753873 18493054 4481096 6703385 19754963
1790328299167 0 118701 1606 2851012918 2805084507 0 0 0 0 0 0 1162116336 19751334 4124954624 504111104 2285568 24973964 18656935 4522025 6783521 19994612
1790328300193 0 80226 1050 2851153787 2805264333 0 0 0 0 0 0 1162149848 19751524 4124524544 343539712 10248192 25172888 18806557 4555084 6854743 20193007
1790328301217 0 51664 365 2851288479 2805428211 0 0 0 0 0 0 1162187328 19751698 4125863936 207257600 21553152 25374179 18958292 4592562 6921156 20462010
1790328302241 0 59716 15506 2851461400 2805578141 0 0 0 0 0 0 1162228499 19751917 4124725248 242872320 70934528 25619090 19139963 4634244 6984329 20710167
1790328303268 0 54136 0 2851603334 2805740914 0 0 0 0 0 0 1162266913 19752094 4124930048 194555904 0 25813371 19290417 4671178 7046039 20964051
1790328304291 0 125073 0 2851820721 2805887347 0 0 0 0 0 0 1162338950 19752407 4125466624 488873984 0 26143369 19538738 4740021 7129659 21158482
1790328305314 0 63479 4388 2851969963 2806093938 0 0 0 0 0 0 1162371185 19752598 4125474816 255836160 34271232 26363495 19702027 4776930 7197663 21435181
1790328306341 0 19431 871 2852120925 2806292647 0 0 0 0 0 0 1162421718 19752824 4126003200 100634624 3428352 26583852 19873593 4825386 7259591 21669805
1790328307374 0 50773 1022 2852319253 2806459447 0 0 0 0 0 0 1162479800 19753110 4126334976 219971584 5328896 26900167 20103273 4885545 7333349 21904995
1790328308399 0 55621 42 2852490634 2806626685 0 0 0 0 0 0 1162535766 19753377 4126150656 208072704 0 27160704 20293869 4938951 7400166 22158026
1790328309431 0 77871 3442 2852648059 2806758440 0 0 0 0 0 0 1162579457 19753599 4126167040 345337856 16830464 27397478 20474674 4984690 7488628 22386473
1790328310483 0 64880 7 2852821464 2806948246 0 0 0 0 0 0 1162629758 19753851 4125265920 256872448 6836224 27662256 20662441 5033504 7574571 22559908
1790328311524 0 78422 45 2853000857 2807114169 0 0 0 0 0 0 1162682920 19754132 4125294592 298434560 0 27925917 20866164 5086465 7634046 22742184
1790328312548 0 66765 0 2853149805 2807274906 0 0 0 0 0 0 1162732545 19754368 4125798400 248934400 0 28157813 21041254 5135169 7687253 22946073
1790328313579 0 52316 678 2853310234 2807448878 0 0 0 0 0 0 1162776772 19754618 4125089792 225337344 1900544 28399274 21221906 5182076 7750216 23136455
1790328314605 0 66868 14875 2853484811 2807594938 0 0 0 0 0 0 1162827704 19754859 4125347840 350699520 14462976 28667071 21426424 5233450 7817098 23294690
1790328315639 0 98157 0 2853664638 2807758238 0 0 0 0 0 0 1162876945 19755132 4124672000 376676352 0 28927833 21623130 5281771 7882169 23451445
1790328316669 0 1930 597 2853791515 2807980791 0 0 0 0 0 0 1162912560 19755332 4124422144 26906624 1490944 29125431 21771064 5317282 7957476 23691406
1790328317692 0 43178 12070 2853978948 2808115526 0 0 0 0 0 0 1162963979 19755613 4123987968 174841856 71864320 29398810 21983748 5369727 8014017 23797676
1790328318713 0 60060 60 2854141923 2808273378 0 0 0 0 0 0 1163022938 19755919 4125351936 236122112 8224768 29653924 22178100 5427796 8078766 23935303
1790328319743 0 61486 0 2854305047 2808435259 0 0 0 0 0 0 1163059610 19756154 4125036544 236208128 2342912 29884507 22354036 5464857 8138379 24094932
1790328320771 0 62820 0 2854487541 2808616458 0 0 0 0 0 0 1163109815 19756446 4125216768 233852928 0 30153016 22558193 5513725 8231658 24328133
1790328321795 0 35688 0 2854655512 2808811497 0 0 0 0 0 0 1163156818 19756715 4125249536 122269696 0 30403323 22750446 5560545 8298577 24599323
1790328322831 0 48041 0 2854815242 2808958954 0 0 0 0 0 0 1163205189 19756993 4125724672 173305856 0 30637688 22931581 5609060 8382424 24845970
1790328323857 0 127912 12034 2855018754 2809070596 0 0 0 0 0 0 1163256580 19757262 4124786688 519753728 67227648 30939578 23160807 5661814 8450634 24976376
1790328324880 0 48018 4 2855138846 2809282570 0 0 0 0 0 0 1163286840 19757421 4125126656 188661760 2355200 31110713 23285720 5691634 8527095 25223446
1790328325907 0 51413 16851 2855317663 2809441158 0 0 0 0 0 0 1163345964 19757692 4125786112 281649152 13828096 31399760 23503188 5751711 8595069 25416056
1790328326927 0 70516 0 2855493110 2809614319 0 0 0 0 0 0 1163399898 19757958 4125302784 266883072 0 31657365 23695271 5805134 8676479 25706493
1790328327949 0 76354 0 2855675123 2809790449 0 0 0 0 0 0 1163452326 19758227 4125655040 289329152 0 31947372 23903425 5856024 8751680 25947136
1790328328972 0 64550 1095 2855840619 2809966939 0 0 0 0 0 0 1163496538 19758485 4124516352 288944128 708608 32208220 24088845 5901539 8836010 26166385
1790328329998 0 96855 0 2856043689 2810138623 0 0 0 0 0 0 1163561849 19758818 4124655616 392712192 11771904 32514941 24318318 5967591 8911326 26365849
1790328331029 0 111014 2745 2856228416 2810306667 0 0 0 0 0 0 1163618900 19759117 4124753920 452640768 31031296 32815412 24534449 6024643 8998634 26574362
1790328332054 0 62629 9052 2856383618 2810503746 0 0 0 0 0 0 1163669269 19759369 4125458432 293031936 0 33065582 24713957 6074516 9065801 26869277
1790328333076 0 77374 44 2856536848 2810651206 0 0 0 0 0 0 1163711417 19759594 4125003776 291663872 0 33283813 24885306 6116150 9130995 27054480
1790328334101 0 105078 2847 2856726977 2810810751 0 0 0 0 0 0 1163766658 19759913 4124557312 429314048 0 33580346 25099257 6168620 9208955 27229672
1790328335126 0 60095 0 2856867747 2810999363 0 0 0 0 0 0 1163806533 19760096 4124020736 222949376 0 33792885 25260921 6211170 9293226 27488445
1790328336170 0 89257 0 2857079108 2811181583 0 0 0 0 0 0 1163867979 19760411 4122787840 359813120 7159808 34111918 25497629 6268787 9353322 27682940
1790328337209 0 44804 0 2857242700 2811389509 0 0 0 0 0 0 1163910884 19760672 4123377664 158621696 0 34357566 25681958 6315606 9437959 27918052
1790328338235 0 124135 1533 2857459229 2811525559 0 0 0 0 0 0 1163981809 19761015 4124037120 522108928 3244032 34705244 25944074 6386100 9520355 28074507
1790328339262 0 83080 0 2857592174 2811700808 0 0 0 0 0 0 1164021932 19761225 4124770304 316735488 0 34902316 26094928 6425628 9606339 28380422
1790328340286 0 55147 0 2857735271 2811871817 0 0 0 0 0 0 1164066448 19761461 4124852224 201076736 0 35125711 26262936 6470376 9690338 28601722
1790328341310 0 92774 12050 2857931313 2812018379 0 0 0 0 0 0 1164132980 19761789 4126031872 402890752 42934272 35451523 26505882 6537743 9756710 28773491
1790328342332 0 35048 0 2858064414 2812221003 0 0 0 0 0 0 1164172357 19762011 4125257728 119721984 0 35640674 26651270 6576828 9831273 29015021
1790328343361 0 37768 4550 2858226801 2812376171 0 0 0 0 0 0 1164216326 19762260 4124581888 172494848 31641600 35896770 26838767 6622092 9890960 29256607
1790328344397 0 82944 15550 2858410042 2812503353 0 0 0 0 0 0 1164271370 19762588 4124270592 417226752 15974400 36187491 27056629 6677150 9966103 29415224
1790328345420 0 125105 346 2858596941 2812663460 0 0 0 0 0 0 1164312067 19762862 4123119616 517165056 4771840 36450120 27259244 6717081 10043605 29657767
1790328346445 0 92897 51 2858763100 2812862058 0 0 0 0 0 0 1164351887 19763103 4122279936 385761280 2588672 36690951 27438826 6756958 10105743 29868391
1790328347469 0 105537 36 2858948019 2813034334 0 0 0 0 0 0 1164404947 19763405 4122943488 408682496 0 36958298 27647741 6809450 10173599 30048934
1790328348495 0 109731 4818 2859096669 2813174042 0 0 0 0 0 0 1164461216 19763646 4122992640 448688128 41009152 37209977 27840190 6866666 10237064 30201388
1790328349518 0 64136 998 2859241465 2813368240 0 0 0 0 0 0 1164505152 19763871 4123852800 276881408 3788800 37438376 28006070 6908624 10291486 30381933
1790328350551 0 41452 438 2859393991 2813543875 0 0 0 0 0 0 1164552586 19764119 4124549120 169537536 0 37672995 28179339 6955544 10354459 30614607
1790328351575 0 92646 71 2859593591 2813692781 0 0 0 0 0 0 1164605574 19764398 4123598848 352931840 0 37964431 28397253 7011407 10419202 30783983
1790328352606 0 50293 47 2859744966 2813886302 0 0 0 0 0 0 1164656587 19764635 4123410432 178655232 0 38190234 28568877 7059914 10478206 31006893
1790328353639 0 78690 1 2859904337 2814017347 0 0 0 0 0 0 1164693042 19764858 4122664960 301416448 0 38425106 28742289 7097764 10555477 31216551
1790328354659 0 74263 0 2860059574 2814177102 0 0 0 0 0 0 1164738003 19765093 4122161152 288980992 0 38668537 28924003 7140104 10615429 31389831
1790328355682 0 69205 10220 2860222901 2814335230 0 0 0 0 0 0 1164786051 19765362 4121673728 330727424 0 38914051 29113097 7190960 10684988 31547557
1790328356702 0 91008 72 2860386704 2814487394 0 0 0 0 0 0 1164845432 19765634 4123361280 357085184 7380992 39177846 29315314 7251129 10752174 31744726
1790328357724 0 90986 0 2860562577 2814663267 0 0 0 0 0 0 1164891404 19765885 4122316800 350732288 0 39420714 29502309 7293293 10844748 31991205
1790328358745 0 133468 9198 2860731360 2814780544 0 0 0 0 0 0 1164940411 19766139 4123152384 542879744 55771136 39693529 29702153 7346240 10911190 32125323
1790328359771 0 89701 632 2860868028 2814969454 0 0 0 0 0 0 1164985725 19766372 4124155904 404418560 3055616 39912644 29865837 7391464 10986671 32324672
1790328360802 0 32 0 2860868066 2815059837 0 0 0 0 0 0 1165069197 19766950 4151922688 131072 0 39991576 29940469 7472875 11028053 32367746
1790328361822 0 33 0 2860868067 2815059837 0 0 0 0 0 0 1165247825 19767699 4159361024 131072 0 40190265 30115820 7650042 11094274 32396843
1790328362842 0 33 0 2860868067 2815059844 0 0 0 0 0 0 1165412504 19768336 4168503296 131072 0 40416728 30279739 7816185 11171267 32424794
1790328363862 0 4 0 2860868068 2815059847 0 0 0 0 0 0 1165418730 19768371 19099648 4096 0 40429151 30287873 7824423 11172990 32425588
