1790318893242 0 1 0 2112882731 2067127154 0 0 0 0 0 0 799141823 18630336 - - - - - - - -
1790318894835 0 99053 0 2113250001 2067395316 0 0 0 0 0 0 799141826 18630404 1464250368 455434240 29372416 0 0 3 0 11211
1790318895887 0 135326 4907 2113472421 2067577017 0 0 0 0 0 0 799141826 18630404 2397769728 568332288 33554432 0 0 3 0 80324
1790318896906 0 113911 2085 2113734103 2067862576 0 0 0 0 0 0 799141826 18630404 3458592768 469757952 16777216 0 0 3 0 81810
1790318897926 0 87745 0 2113948281 2068104948 0 0 0 0 0 0 799141826 18630404 4159918080 340336640 0 93947 40264 3 56873 98298
1790318898945 0 109287 12240 2114125708 2068248587 0 0 0 0 0 0 799152948 18630416 4158844928 497127424 44781568 402571 231368 11125 146032 138161
1790318899973 0 127378 17155 2114295257 2068395171 0 0 0 0 0 0 799164707 18630459 4158013440 520552448 70098944 648843 413732 22773 263362 140841
1790318901009 0 143160 3991 2114429213 2068526474 0 0 0 0 0 0 799177899 18630479 4157788160 596541440 7729152 843086 557038 35965 333950 285004
1790318902028 0 147638 4161 2114548427 2068641038 0 0 0 0 0 0 799194625 18630505 4158185472 614055936 8388608 1006841 692436 52704 409620 469676
1790318903050 0 102159 2256 2114625453 2068765428 0 0 0 0 0 0 799209996 18630609 4158754816 432869376 8388608 1179473 787067 67552 548047 892115
1790318904070 0 141470 6862 2114742062 2068838128 0 0 0 0 0 0 799237629 18630770 4160176128 604508160 10149888 1417064 931095 95695 648204 1092227
1790318905089 0 19063 0 2114778602 2069003941 0 0 0 0 0 0 799251269 18630831 4161040384 67538944 0 1487738 977430 107933 708498 1417498
1790318906116 0 103518 2090 2114926978 2069065809 0 0 0 0 0 0 799301118 18631048 4164456448 436871168 14200832 1757607 1176529 158880 808131 1515810
1790318907149 0 151410 0 2115041993 2069135015 0 0 0 0 0 0 799346467 18631219 4167757824 605601792 0 1972521 1333277 203763 955911 1720543
1790318908176 0 101029 82 2115117482 2069260987 0 0 0 0 0 0 799377573 18631316 4169895936 405221376 5668864 2113660 1439832 234031 1063542 2057282
1790318909228 0 128432 13140 2115233152 2069335970 0 0 0 0 0 0 799422190 18631513 4172533760 577548288 50331648 2336951 1602161 280256 1231812 2262148
1790318910248 0 25741 53 2115284071 2069502611 0 0 0 0 0 0 799439625 18631596 4173410304 92938240 0 2438055 1666557 296706 1418220 2748309
1790318911272 0 100365 5008 2115416900 2069556035 0 0 0 0 0 0 799499720 18631847 4176216064 429371392 9629696 2725235 1862074 357756 1596557 2938285
1790318912292 0 137812 2580 2115531511 2069635759 0 0 0 0 0 0 799539712 18632000 4176642048 571211776 16777216 2953402 2016167 397764 1668711 3078675
1790318913312 0 115857 0 2115606540 2069735115 0 0 0 0 0 0 799570982 18632126 4177248256 463822848 0 3099222 2119529 428564 1736363 3286414
1790318914336 0 126839 6111 2115705699 2069817209 0 0 0 0 0 0 799611603 18632266 4177264640 521916416 29630464 3300638 2261985 469640 1864716 3533326
1790318915355 0 16964 0 2115747393 2069974811 0 0 0 0 0 0 799628496 18632318 4177281024 57004032 0 3385077 2316780 486034 1932774 3857320
1790318916378 0 113894 7884 2115889082 2070011653 0 0 0 0 0 0 799702860 18632551 4178124800 499654656 7901184 3705932 2534041 560927 2069573 3891896
1790318917397 0 144994 4068 2115992759 2070088266 0 0 0 0 0 0 799753668 18632711 4178550784 593948672 16777216 3926875 2689868 611704 2180039 4003512
1790318918416 0 133207 0 2116078622 2070189852 0 0 0 0 0 0 799797205 18632844 4179521536 537214976 0 4112411 2815207 653713 2382780 4301670
1790318919436 0 108542 0 2116158517 2070294300 0 0 0 0 0 0 799850502 18633000 4180762624 433344512 0 4326044 2947602 707556 2509741 4635216
1790318920458 0 28313 644 2116225605 2070441024 0 0 0 0 0 0 799885425 18633113 4181307392 130818048 3874816 4475874 3052237 742964 2559809 4762859
1790318921481 0 124438 0 2116350988 2070470962 0 0 0 0 0 0 799971508 18633336 4182708224 500883456 0 4781058 3260185 828085 2656435 4826898
1790318922500 0 95000 0 2116423918 2070573370 0 0 0 0 0 0 800035081 18633517 4184199168 376012800 0 4993121 3395547 892122 2755767 5024024
1790318923520 0 99774 0 2116508648 2070653302 0 0 0 0 0 0 800107909 18633700 4185792512 400052224 0 5222058 3552054 963507 2919673 5314817
1790318924539 0 124529 6569 2116610071 2070723348 0 0 0 0 0 0 800178520 18633880 4186632192 543084544 4964352 5490224 3726793 1036041 3041442 5365634
1790318925563 0 110263 8026 2116688093 2070814228 0 0 0 0 0 0 800244741 18634055 4187099136 476123136 40054784 5714289 3871758 1102777 3265972 5643861
1790318926582 0 57189 0 2116756484 2070943691 0 0 0 0 0 0 800296015 18634176 4187164672 223973376 0 5895909 3985990 1153535 3435087 5986997
1790318927612 0 76274 2044 2116857700 2071023697 0 0 0 0 0 0 800377068 18634369 4187299840 318668800 20389888 6143213 4161224 1235105 3605640 6134407
1790318928633 0 74204 0 2116949579 2071119820 0 0 0 0 0 0 800446474 18634537 4186681344 290582528 0 6368745 4306673 1303303 3730123 6295694
1790318929653 0 94430 44 2117044662 2071194618 0 0 0 0 0 0 800525263 18634735 4186865664 382816256 0 6616718 4461608 1381782 3923479 6547118
1790318930675 0 72821 1995 2117126378 2071296020 0 0 0 0 0 0 800587157 18634961 4186611712 316362752 2682880 6811390 4588269 1443884 4113317 6911569
1790318931696 0 50961 53 2117204585 2071397917 0 0 0 0 0 0 800659989 18635173 4186619904 200491008 0 7011463 4713027 1515934 4332653 7219594
1790318932720 0 95898 14103 2117318041 2071452486 0 0 0 0 0 0 800740632 18635424 4184977408 392978432 57303040 7276215 4881053 1598680 4470422 7455357
1790318933740 0 122765 0 2117421751 2071543384 0 0 0 0 0 0 800807902 18635623 4182446080 494641152 0 7495387 5017487 1664395 4662411 7766282
1790318934760 0 66206 16 2117490112 2071668339 0 0 0 0 0 0 800843825 18635732 4180631552 258482176 0 7624599 5094287 1700851 4840738 8239893
1790318935779 0 61862 6 2117576961 2071759510 0 0 0 0 0 0 800894593 18635877 4178268160 247107584 0 7792366 5203945 1750072 4945808 8412526
1790318936799 0 25724 0 2117656100 2071874834 0 0 0 0 0 0 800946865 18636015 4176945152 94920704 0 7965940 5309268 1803409 5045209 8607763
1790318937818 0 79627 0 2117771580 2071936275 0 0 0 0 0 0 801024445 18636240 4175114240 319139840 0 8218268 5466633 1879924 5238057 8858063
1790318938841 0 83775 0 2117859611 2072020206 0 0 0 0 0 0 801094077 18636425 4174594048 340975616 0 8427314 5598387 1948682 5494292 9217027
1790318939864 0 67617 0 2117941815 2072118562 0 0 0 0 0 0 801147562 18636569 4173418496 266661888 0 8623543 5711943 2004614 5642810 9550530
1790318940883 0 69513 0 2118036843 2072211753 0 0 0 0 0 0 801203017 18636733 4171550720 274173952 5750784 8824780 5836188 2061067 5837190 9853035
1790318941903 0 35494 0 2118109291 2072318269 0 0 0 0 0 0 801259953 18636886 4170915840 137158656 0 8994246 5944990 2115970 6023297 10211377
1790318942923 0 61995 0 2118213591 2072396068 0 0 0 0 0 0 801328738 18637078 4169400320 242737152 0 9217078 6093252 2185748 6113835 10355051
1790318943943 0 85958 26353 2118323553 2072455923 0 0 0 0 0 0 801406357 18637286 4168028160 351813632 116998144 9471600 6258387 2264391 6260863 10572382
1790318944962 0 67662 0 2118395463 2072572199 0 0 0 0 0 0 801455077 18637428 4168241152 265101312 0 9627742 6358317 2311089 6380714 10925447
1790318945987 0 97933 10 2118503545 2072649971 0 0 0 0 0 0 801524361 18637604 4167151616 389853184 0 9852260 6510961 2381645 6521973 11197109
1790318947008 0 27803 0 2118564020 2072780600 0 0 0 0 0 0 801578628 18637748 4167479296 99221504 0 10010800 6614029 2435654 6652912 11540650
1790318948030 0 67116 5132 2118671941 2072844151 0 0 0 0 0 0 801652536 18637963 4166688768 283783168 28536832 10248165 6779226 2510570 6798672 11765672
1790318949051 0 74180 0 2118762096 2072932194 0 0 0 0 0 0 801712909 18638133 4166619136 294981632 0 10447957 6908730 2569425 6891285 11939276
1790318950070 0 94323 0 2118865031 2073015139 0 0 0 0 0 0 801779607 18638307 4167114752 371728384 0 10672064 7062851 2637158 6975540 12120680
1790318951090 0 82836 0 2118952880 2073114468 0 0 0 0 0 0 801830451 18638463 4166758400 339296256 7389184 10852737 7190528 2688485 7211551 12476590
1790318952110 0 66871 0 2119039227 2073216780 0 0 0 0 0 0 801891019 18638653 4166918144 263487488 0 11041383 7321714 2748047 7396450 12847197
1790318953130 0 74863 3618 2119131206 2073297204 0 0 0 0 0 0 801959299 18638859 4167241728 306638848 26406912 11254147 7466153 2817333 7499879 13039922
1790318954149 0 72052 0 2119220596 2073392928 0 0 0 0 0 0 802017773 18639068 4168245248 284770304 0 11449820 7595053 2874822 7629424 13308128
1790318955168 0 119896 0 2119324760 2073449251 0 0 0 0 0 0 802089144 18639293 4168286208 479006720 0 11683642 7753432 2946190 7784618 13491027
1790318956190 0 88051 0 2119399320 2073555703 0 0 0 0 0 0 802133917 18639427 4168130560 349966336 0 11847952 7863620 2991334 7943637 13937280
1790318957210 0 33419 0 2119468218 2073679264 0 0 0 0 0 0 802185781 18639586 4168933376 132698112 4947968 12000346 7970601 3042720 8053528 14271655
1790318958230 0 72613 0 2119571992 2073743777 0 0 0 0 0 0 802254944 18639796 4168445952 295571456 0 12230981 8125474 3109942 8251889 14509923
1790318959250 0 60196 3565 2119669148 2073849984 0 0 0 0 0 0 802309409 18639969 4168929280 282202112 0 12445173 8267179 3166287 8431654 14844593
1790318960274 0 59437 1597 2119759497 2073942840 0 0 0 0 0 0 802381750 18640163 4170035200 264056832 5435392 12664773 8419335 3239370 8551981 15073183
1790318961295 0 93005 0 2119859659 2074011045 0 0 0 0 0 0 802461768 18640371 4171214848 376930304 0 12901970 8582945 3317263 8729738 15277700
1790318962320 0 50446 0 2119932177 2074126142 0 0 0 0 0 0 802516679 18640517 4172128256 194134016 0 13086841 8700585 3373695 8809595 15430202
1790318963340 0 77393 1281 2120028744 2074194535 0 0 0 0 0 0 802587526 18640722 4172951552 317001728 16412672 13333565 8860802 3445560 8930230 15599170
1790318964361 0 69973 5422 2120107341 2074276348 0 0 0 0 0 0 802642423 18640870 4172435456 286601216 41943040 13531093 8982888 3500456 9091902 15910451
1790318965386 0 67654 4453 2120198215 2074370474 0 0 0 0 0 0 802704436 18641044 4171964416 277274624 36331520 13746592 9125448 3562029 9200933 16151596
1790318966412 0 65378 0 2120276814 2074455874 0 0 0 0 0 0 802761032 18641221 4172345344 257339392 0 13924778 9249907 3618485 9313221 16407106
1790318967432 0 88382 0 2120380146 2074536148 0 0 0 0 0 0 802836452 18641428 4172701696 360112128 0 14169397 9415967 3691467 9558666 16655523
1790318968451 0 70365 0 2120465409 2074639561 0 0 0 0 0 0 802902357 18641613 4174024704 287723520 15089664 14379376 9558648 3760245 9744193 16993663
1790318969470 0 94147 3577 2120571218 2074717926 0 0 0 0 0 0 802981211 18641816 4175089664 385634304 30527488 14647137 9736204 3839257 9848107 17105687
1790318970489 0 74914 6 2120652403 2074821833 0 0 0 0 0 0 803051460 18642006 4175929344 300736512 0 14856335 9878457 3906454 10009313 17420482
1790318971511 0 64005 72 2120749058 2074929387 0 0 0 0 0 0 803120252 18642197 4176293888 260718592 22495232 15091456 10036880 3976749 10191767 17732047
1790318972540 0 41482 0 2120836787 2075039567 0 0 0 0 0 0 803197696 18642408 4177575936 158060544 0 15312175 10190148 4055235 10288873 17926958
1790318973559 0 114198 0 2120954451 2075084691 0 0 0 0 0 0 803293743 18642669 4178485248 455294976 0 15609171 10385376 4150551 10411346 18018403
1790318974579 0 56110 30 2121023347 2075211647 0 0 0 0 0 0 803353295 18642810 4179140608 223547392 0 15787335 10501270 4208771 10530855 18232485
1790318975601 0 72349 14235 2121127613 2075285533 0 0 0 0 0 0 803430330 18643053 4178677760 296157184 76619776 16042860 10674658 4288364 10654102 18454149
1790318976621 0 92063 54 2121221101 2075373442 0 0 0 0 0 0 803492926 18643258 4178108416 377090048 9261056 16256358 10816736 4350960 10746692 18570381
1790318977640 0 57543 0 2121301813 2075488648 0 0 0 0 0 0 803543007 18643419 4177059840 225382400 0 16435030 10925731 4399814 10864145 18694174
1790318978659 0 85887 0 2121409261 2075567771 0 0 0 0 0 0 803624367 18643659 4176850944 345559040 0 16692896 11097071 4479479 11046416 18767273
1790318979679 0 69186 0 2121499102 2075674268 0 0 0 0 0 0 803690881 18643871 4175851520 273338368 0 16886724 11233826 4546382 11246174 19150764
1790318980711 0 72258 7957 2121598282 2075762480 0 0 0 0 0 0 803751013 18644083 4175126528 335540224 0 17098537 11374398 4608463 11372199 19359956
1790318981733 0 77316 0 2121691568 2075858591 0 0 0 0 0 0 803816131 18644273 4174819328 307396608 0 17312290 11508987 4672850 11504737 19545582
1790318982752 0 37025 0 2121780662 2075988062 0 0 0 0 0 0 803883893 18644486 4174786560 140795904 0 17509750 11642954 4740414 11609554 19712705
1790318983771 0 110003 5227 2121909610 2076038888 0 0 0 0 0 0 803980405 18644781 4173148160 450572288 46551040 17808718 11840808 4838438 11709301 19775922
1790318984791 0 77700 4304 2121998495 2076160930 0 0 0 0 0 0 804031566 18644973 4171829248 318246912 35704832 18011861 11964458 4889599 11784096 19897141
1790318985810 0 116918 0 2122106301 2076233828 0 0 0 0 0 0 804118783 18645221 4171988992 470581248 0 18261867 12128992 4975371 11949494 20050779
1790318986830 0 93648 0 2122197774 2076348517 0 0 0 0 0 0 804193136 18645444 4171862016 377155584 0 18469426 12269257 5049149 12066340 20262410
1790318987849 0 53345 0 2122295384 2076486310 0 0 0 0 0 0 804256284 18645628 4169793536 212729856 4308992 18675457 12400282 5114334 12202568 20393501
1790318988868 0 119119 15119 2122422829 2076533012 0 0 0 0 0 0 804334325 18645886 4168187904 487911424 76464128 18963368 12580551 5192359 12384024 20557187
1790318989888 0 86438 0 2122507586 2076665572 0 0 0 0 0 0 804383610 18646074 4167086080 345649152 0 19123016 12690518 5239101 12564330 20973529
1790318990907 0 120035 0 2122616987 2076741349 0 0 0 0 0 0 804461042 18646314 4166246400 477028352 0 19364170 12855210 5318630 12673886 21151618
1790318991927 0 95795 0 2122714536 2076863206 0 0 0 0 0 0 804527815 18646523 4166090752 381947904 0 19576546 12999400 5384470 12852410 21480492
1790318992947 0 35189 0 2122801216 2077010397 0 0 0 0 0 0 804576089 18646692 4164972544 129126400 0 19753951 13114470 5434140 12981137 21741414
1790318993966 0 96301 0 2122926847 2077074910 0 0 0 0 0 0 804660738 18646963 4164718592 388370432 0 20046150 13305023 5516770 13088937 21830906
1790318994986 0 95615 58 2123022364 2077171096 0 0 0 0 0 0 804736238 18647204 4165042176 383361024 0 20262707 13454637 5592753 13206170 21986514
1790318996006 0 89761 0 2123119942 2077274592 0 0 0 0 0 0 804805019 18647445 4164845568 363417600 0 20475663 13602268 5661037 13370494 22201954
1790318997026 0 106491 43 2123227816 2077365724 0 0 0 0 0 0 804882512 18647702 4165742592 425504768 0 20725482 13767068 5739575 13653477 22454141
1790318998045 0 46300 0 2123310054 2077508205 0 0 0 0 0 0 804945150 18647926 4165869568 185495552 0 20911694 13896792 5800680 13812432 22683673
1790318999064 0 78385 0 2123421123 2077587054 0 0 0 0 0 0 805028845 18648224 4166098944 311828480 0 21172345 14075885 5885883 13921133 22798252
1790319000086 0 81836 0 2123523752 2077686355 0 0 0 0 0 0 805087944 18648433 4164878336 332984320 23228416 21394864 14223626 5946000 14041564 23051024
1790319001112 0 95913 39 2123616707 2077765216 0 0 0 0 0 0 805166515 18648704 4166033408 385347584 0 21622795 14378167 6021998 14244711 23340865
1790319002135 0 56799 0 2123695310 2077882937 0 0 0 0 0 0 805230629 18648910 4166508544 224120832 0 21800285 14505668 6087686 14347246 23604373
1790319003155 0 48038 0 2123797605 2077994000 0 0 0 0 0 0 805296915 18649166 4165480448 190570496 0 22026079 14652035 6152415 14498659 23868116
1790319004175 0 69441 8055 2123908120 2078075034 0 0 0 0 0 0 805361114 18649400 4164800512 322183168 0 22267462 14812101 6218643 14650351 24068113
1790319005194 0 85012 0 2123993338 2078152722 0 0 0 0 0 0 805429306 18649653 4165537792 338432000 0 22476780 14952469 6285902 14778270 24265043
1790319006214 0 94712 1095 2124089716 2078238260 0 0 0 0 0 0 805506914 18649912 4167098368 384606208 0 22707121 15113258 6363410 14970536 24506089
1790319007233 0 74328 0 2124168066 2078338068 0 0 0 0 0 0 805563141 18650104 4167835648 294199296 0 22897555 15237607 6420190 15119378 24798057
1790319008252 0 45262 0 2124255449 2078454570 0 0 0 0 0 0 805632949 18650342 4168892416 179232768 0 23117851 15381881 6489478 15266938 25019673
1790319009272 0 90601 45 2124363264 2078516984 0 0 0 0 0 0 805716627 18650634 4169535488 364752896 0 23389961 15561000 6572626 15376050 25133832
1790319010291 0 96566 0 2124452190 2078599981 0 0 0 0 0 0 805800422 18650904 4170534912 387186688 0 23622526 15722810 6656795 15517205 25364743
1790319011310 0 85731 0 2124546811 2078705454 0 0 0 0 0 0 805863444 18651128 4170432512 342458368 0 23845409 15865953 6720035 15722202 25690148
1790319012330 0 79759 35 2124628888 2078793511 0 0 0 0 0 0 805928149 18651348 4171001856 312078336 0 24056728 15999563 6785700 15835146 25913934
1790319013350 0 49891 0 2124717324 2078911849 0 0 0 0 0 0 805993455 18651587 4171071488 200146944 0 24262363 16140092 6848966 16021929 26262830
1790319014369 0 94717 0 2124827752 2078977392 0 0 0 0 0 0 806066702 18651890 4169986048 382230528 0 24510046 16306543 6922427 16132585 26345194
1790319015390 0 69920 58 2124905343 2079079757 0 0 0 0 0 0 806116260 18652091 4169445376 278364160 0 24684369 16421986 6972768 16334360 26775970
1790319016412 0 75243 0 2124991589 2079160690 0 0 0 0 0 0 806188107 18652361 4170149888 300470272 0 24899466 16565357 7043618 16456796 26957528
1790319017432 0 79231 0 2125089690 2079254918 0 0 0 0 0 0 806252349 18652612 4169973760 320237568 0 25121977 16715838 7108337 16568186 27119388
1790319018451 0 29491 0 2125161370 2079376256 0 0 0 0 0 0 806309308 18652812 4170604544 113856512 0 25277737 16827249 7165655 16794489 27495743
1790319019475 0 79388 43 2125272695 2079437686 0 0 0 0 0 0 806392170 18653127 4170919936 323084288 0 25535439 17000767 7249182 17013604 27703840
1790319020495 0 97625 4526 2125365624 2079507902 0 0 0 0 0 0 806460984 18653375 4170539008 399761408 31744000 25758403 17146939 7319018 17204441 28012127
1790319021518 0 74331 68 2125457005 2079627096 0 0 0 0 0 0 806511260 18653582 4169895936 300273664 15704064 25957301 17272086 7369294 17421391 28412723
1790319022537 0 99726 0 2125555106 2079699849 0 0 0 0 0 0 806593904 18653879 4169945088 400777216 0 26206334 17433242 7449405 17627976 28686079
1790319023563 0 39489 7925 2125627966 2079825052 0 0 0 0 0 0 806632903 18654051 4169068544 202080256 13082624 26346665 17536283 7491005 17718060 28836242
1790319024586 0 79177 1 2125730848 2079896077 0 0 0 0 0 0 806699668 18654308 4168216576 320303104 0 26574937 17688693 7555182 17970823 29146742
1790319025613 0 72860 331 2125823759 2079995007 0 0 0 0 0 0 806766980 18654571 4168728576 312217600 3751936 26807663 17833619 7623991 18268038 29497695
1790319026636 0 60864 2749 2125910068 2080091029 0 0 0 0 0 0 806829802 18654809 4168572928 276422656 4136960 26997365 17968129 7687336 18370829 29678831
1790319027658 0 53479 5976 2126005179 2080190100 0 0 0 0 0 0 806889490 18655054 4168421376 252375040 0 27205637 18105574 7745993 18536777 30050052
1790319028683 0 51377 1526 2126104823 2080296457 0 0 0 0 0 0 806947198 18655275 4167970816 224915456 5312512 27429944 18244798 7804719 18690183 30264103
1790319029702 0 67191 56 2126204507 2080381762 0 0 0 0 0 0 807019080 18655546 4168294400 264794112 0 27639531 18387712 7875074 18798243 30415322
1790319030721 0 62881 3 2126291360 2080472909 0 0 0 0 0 0 807081795 18655780 4168081408 245002240 0 27839630 18521137 7939377 18905041 30587191
1790319031740 0 85759 0 2126399206 2080557936 0 0 0 0 0 0 807154762 18656044 4167331840 351186944 16838656 28099413 18686827 8012795 19171945 30844424
1790319032759 0 78999 0 2126490829 2080656213 0 0 0 0 0 0 807216871 18656281 4166647808 312520704 0 28292294 18811516 8074396 19325274 31161299
1790319033778 0 57250 16399 2126577439 2080748263 0 0 0 0 0 0 807278406 18656497 4166717440 234147840 79286272 28488624 18948240 8136440 19516000 31488719
1790319034797 0 39765 17 2126664843 2080869533 0 0 0 0 0 0 807344344 18656757 4166344704 156598272 0 28684118 19081060 8200625 19699886 31851450
1790319035818 0 94362 0 2126780913 2080930973 0 0 0 0 0 0 807422696 18657030 4166004736 378445824 0 28932325 19247716 8278693 19894286 32076424
1790319036838 0 97734 0 2126878555 2081025192 0 0 0 0 0 0 807484931 18657276 4165218304 390205440 0 29148825 19387406 8340939 20087208 32408666
1790319037860 0 66355 0 2126960714 2081138860 0 0 0 0 0 0 807550156 18657511 4166373376 267608064 0 29337742 19516296 8405638 20292265 32786740
1790319038888 0 89954 7369 2127060928 2081208131 0 0 0 0 0 0 807625635 18657802 4166291456 368451584 43859968 29572929 19680822 8483668 20508642 33045976
1790319039908 0 51718 0 2127129803 2081322566 0 0 0 0 0 0 807683093 18658005 4166868992 207884288 0 29736002 19786272 8539116 20638687 33257989
1790319040928 0 103300 0 2127235686 2081376847 0 0 0 0 0 0 807767862 18658326 4167766016 414789632 0 29998241 19954611 8624281 20768481 33389102
1790319041947 0 89223 6632 2127319866 2081468551 0 0 0 0 0 0 807836606 18658581 4167467008 382464000 24641536 30209336 20093690 8694688 20942494 33701580
1790319042966 0 77677 0 2127394405 2081561178 0 0 0 0 0 0 807905372 18658800 4167553024 312037376 0 30401635 20221786 8761395 21143009 34076131
1790319043992 0 29880 2393 2127464764 2081676988 0 0 0 0 0 0 807956759 18659001 4167852032 153841664 4354048 30563713 20329234 8814188 21300601 34415298
1790319045028 0 55009 0 2127565939 2081755370 0 0 0 0 0 0 808033249 18659297 4168294400 215441408 0 30818934 20492199 8890266 21512750 34690804
1790319046051 0 83222 0 2127666769 2081828053 0 0 0 0 0 0 808108085 18659591 4167741440 338477056 12304384 31062234 20650728 8965242 21694732 34958418
1790319047075 0 95616 64 2127761248 2081909964 0 0 0 0 0 0 808168823 18659825 4166918144 379125760 0 31263217 20787770 9026346 21840226 35197469
1790319048099 0 77565 0 2127843451 2082010349 0 0 0 0 0 0 808227825 18660050 4166860800 313544704 0 31445562 20913839 9082803 21914601 35355479
1790319049120 0 38836 11156 2127912801 2082107306 0 0 0 0 0 0 808285861 18660261 4167397376 159072256 62525440 31634923 21036719 9143895 22027918 35592092
1790319050143 0 58699 58 2128004769 2082190535 0 0 0 0 0 0 808354685 18660537 4168228864 225841152 0 31849790 21176911 9212136 22181488 35897787
1790319051164 0 92791 6 2128101353 2082253036 0 0 0 0 0 0 808427601 18660812 4167929856 367669248 0 32083723 21332106 9284889 22272871 36014925
1790319052192 0 95130 10592 2128196397 2082335119 0 0 0 0 0 0 808493257 18661046 4167737344 389652480 65478656 32312917 21479422 9351291 22452089 36324575
1790319053214 0 99249 18470 2128290961 2082417704 0 0 0 0 0 0 808553331 18661283 4167213056 500035584 0 32517974 21618840 9410236 22633458 36561724
1790319054233 0 112303 12264 2128385908 2082505922 0 0 0 0 0 0 808618610 18661570 4166828032 520896512 0 32734521 21764865 9476641 22775943 36873060
1790319055252 0 19059 638 2128427629 2082652385 0 0 0 0 0 0 808640651 18661657 4166459392 76066816 15470592 32817093 21822637 9498719 22915723 37377968
1790319056270 0 99384 11534 2128549900 2082683361 0 0 0 0 0 0 808730524 18661978 4167356416 431992832 34402304 33114945 22017166 9588560 23065074 37459012
1790319057289 0 82229 0 2128628988 2082791243 0 0 0 0 0 0 808791104 18662203 4167737344 328527872 0 33287712 22141622 9647606 23150228 37651519
1790319058308 0 76305 0 2128701983 2082870094 0 0 0 0 0 0 808844413 18662388 4167467008 308518912 0 33468944 22257008 9700493 23331923 37968236
1790319059345 0 52356 8292 2128796474 2082980258 0 0 0 0 0 0 808910535 18662640 4167749632 255688704 34885632 33682892 22403811 9768567 23496150 38225144
1790319060394 0 76079 6 2128892571 2083060961 0 0 0 0 0 0 808982554 18662900 4167663616 299749376 0 33903104 22551050 9838905 23611368 38465866
1790319061414 0 103563 4234 2128997927 2083134569 0 0 0 0 0 0 809048138 18663173 4167323648 445304832 0 34125537 22700651 9904639 23859041 38752942
1790319062440 0 91568 27 2129086252 2083239081 0 0 0 0 0 0 809106468 18663388 4167073792 367083520 0 34324293 22833053 9962678 24099908 39114195
1790319063459 0 97928 7665 2129176054 2083315014 0 0 0 0 0 0 809167297 18663643 4166705152 437059584 0 34531833 22973213 10024527 24203751 39321347
1790319064491 0 49347 307 2129231608 2083426452 0 0 0 0 0 0 809213510 18663799 4167626752 212901888 1785856 34662397 23066579 10071547 24290952 39620351
1790319065511 0 89466 0 2129335956 2083490986 0 0 0 0 0 0 809282958 18664033 4166606848 358047744 0 34875761 23218514 10139311 24392081 39774708
1790319066530 0 85626 3 2129418098 2083576961 0 0 0 0 0 0 809337306 18664241 4166115328 346537984 1642496 35067234 23342143 10193223 24496464 39963467
1790319067551 0 92480 0 2129501841 2083653805 0 0 0 0 0 0 809389601 18664467 4166303744 366501888 0 35258423 23468711 10246640 24652166 40200758
1790319068571 0 77445 0 2129579903 2083746984 0 0 0 0 0 0 809444586 18664695 4167188480 310792192 0 35429834 23587678 10299846 24843794 40586195
1790319069598 0 11582 1180 2129643139 2083874795 0 0 0 0 0 0 809486705 18664870 4166467584 66387968 2945024 35581487 23684182 10343971 25063358 41086667
1790319070624 0 93023 0 2129760213 2083911671 0 0 0 0 0 0 809567359 18665189 4166582272 372924416 0 35830265 23855789 10423496 25154446 41157742
1790319071653 0 81593 52 2129844000 2084006850 0 0 0 0 0 0 809624864 18665409 4166868992 327925760 21999616 36023831 23984204 10482898 25424750 41530371
1790319072675 0 76712 7966 2129924159 2084083944 0 0 0 0 0 0 809684932 18665670 4167430144 352051200 0 36221226 24110185 10542505 25626250 41872076
1790319073702 0 60187 0 2129996730 2084180994 0 0 0 0 0 0 809739912 18665883 4168003584 233467904 0 36389222 24219213 10596929 25782955 42302330
1790319074726 0 42881 1646 2130074662 2084274613 0 0 0 0 0 0 809795945 18666098 4167962624 188481536 3108864 36583467 24339720 10653466 25897304 42577826
1790319075747 0 65343 0 2130164071 2084343239 0 0 0 0 0 0 809859327 18666337 4168601600 255156224 0 36775418 24472295 10716608 26109048 42881412
1790319076775 0 64284 803 2130248345 2084427776 0 0 0 0 0 0 809920113 18666567 4167819264 270995456 2150400 36979048 24603157 10777690 26217510 43046914
1790319077796 0 102815 0 2130349062 2084490697 0 0 0 0 0 0 810000264 18666882 4168499200 417071104 0 37233821 24767543 10855757 26378715 43307136
1790319078815 0 71727 0 2130426598 2084599242 0 0 0 0 0 0 810050588 18667085 4168159232 283856896 0 37408503 24882945 10908132 26533752 43598497
1790319079839 0 23180 771 2130493934 2084714394 0 0 0 0 0 0 810101456 18667292 4168142848 105598976 2994176 37568141 24988477 10958979 26664125 43825935
1790319080858 0 86935 0 2130610580 2084768122 0 0 0 0 0 0 810171263 18667591 4167110656 343085056 0 37829504 25154745 11028336 26868536 44079700
1790319081880 0 76954 60 2130688610 2084856133 0 0 0 0 0 0 810231421 18667845 4167884800 311017472 4993024 38025369 25283637 11089455 27084495 44420424
1790319082907 0 70468 666 2130768782 2084942438 0 0 0 0 0 0 810296627 18668086 4168339456 297037824 4431872 38221036 25415763 11153636 27300283 44823065
1790319083926 0 98488 4002 2130870948 2085012965 0 0 0 0 0 0 810363838 18668348 4167319552 403517440 30969856 38435482 25565637 11221916 27453039 45024030
1790319084955 0 14489 649 2130924928 2085154278 0 0 0 0 0 0 810405456 18668498 4167790592 65900544 17444864 38574971 25645000 11262977 27661656 45530439
1790319085983 0 48794 5215 2131031350 2085221857 0 0 0 0 0 0 810490590 18668806 4168900608 199860224 31973376 38838892 25817353 11348624 27868878 45750132
1790319087002 0 107407 0 2131132028 2085269031 0 0 0 0 0 0 810568152 18669110 4168269824 432766976 0 39076285 25980764 11424146 28115886 46015406
1790319088021 0 92536 0 2131208240 2085360169 0 0 0 0 0 0 810628206 18669322 4168163328 375869440 0 39261293 26105022 11483712 28257558 46216240
1790319089042 0 60348 512 2131284599 2085468453 0 0 0 0 0 0 810668301 18669501 4167061504 247209984 15433728 39420025 26211968 11526335 28359008 46498725
1790319090067 0 90886 1139 2131388826 2085541253 0 0 0 0 0 0 810736131 18669782 4166340608 390787072 1998848 39658686 26363352 11593143 28548213 46772541
1790319091087 0 37128 0 2131454711 2085662044 0 0 0 0 0 0 810789048 18669998 4167630848 147922944 0 39806440 26464635 11644545 28648599 46996363
1790319092107 0 70247 5552 2131558447 2085727133 0 0 0 0 0 0 810862995 18670301 4166930432 325472256 0 40031673 26625200 11721028 28829543 47185649
1790319093127 0 95112 29 2131652979 2085802289 0 0 0 0 0 0 810926138 18670579 4166971392 378650624 0 40240949 26762917 11782627 29012300 47524619
1790319094146 0 70266 3730 2131727428 2085897941 0 0 0 0 0 0 810982652 18670804 4167282688 287809536 29597696 40434195 26882913 11840686 29226037 47842180
1790319095170 0 2089 53 2131781858 2086024279 0 0 0 0 0 0 811021695 18670956 4167909376 6369280 1921024 40558995 26964795 11878194 29336256 48187631
1790319096202 0 91568 876 2131906218 2086058308 0 0 0 0 0 0 811115634 18671371 4167131136 390512640 8613888 40859413 27164375 11973715 29467997 48261771
1790319097221 0 110351 0 2131999704 2086133907 0 0 0 0 0 0 811184961 18671642 4166938624 445722624 0 41067667 27302437 12040616 29583744 48473018
1790319098245 0 1 8 2132044471 2086288984 0 0 0 0 0 0 811217359 18671798 4166909952 0 3919872 41180788 27374060 12075393 29691885 48701171
1790319099267 0 33 0 2132044504 2086288961 0 0 0 0 0 0 811385437 18672635 4194177024 131072 0 41350419 27532211 12240201 29747454 48742791
1790319100286 0 33 0 2132044504 2086288961 0 0 0 0 0 0 811592604 18673461 4197449728 131072 0 41597094 27739722 12448511 29891051 48804632
1790319101306 0 33 0 2132044504 2086288961 0 0 0 0 0 0 811760042 18674655 4199141376 131072 0 42137582 27905730 12614931 30108788 48840909
1790319102326 0 33 0 2132044504 2086288961 0 0 0 0 0 0 811850571 18676526 2802888704 86016 0 42263829 27999617 12708605 30167984 48873486
