1790333656683 0 0 0 3292772130 3246960768 0 0 0 0 0 0 1372965848 20420247 - - - - - - - -
1790333658092 0 134173 9912 3293182972 3247227902 0 0 0 0 0 0 1372965850 20420351 1561530368 588922880 10801152 0 0 2 0 16033
1790333659242 0 153201 1985 3293387068 3247420437 0 0 0 0 0 0 1372965850 20420351 2471845888 604020736 16777216 0 0 2 0 33956
1790333660268 0 153460 1958 3293564230 3247597383 0 0 0 0 0 0 1372965850 20420351 3189161984 604520448 10428416 0 0 2 0 67690
1790333661302 0 154107 2038 3293752690 3247785183 0 0 0 0 0 0 1372965850 20420351 3962183680 614219776 10584064 0 0 2 0 182012
1790333662327 0 152914 2571 3293934869 3247968005 0 0 0 0 0 0 1372968855 20420352 4141154304 611299328 11370496 233774 142709 2496 34194 238606
1790333663347 0 160778 1432 3294114126 3248140485 0 0 0 0 0 0 1372976490 20420366 4139757568 668426240 3747840 490162 336105 10642 79613 327997
1790333664366 0 171549 2048 3294283591 3248298646 0 0 0 0 0 0 1372991654 20420389 4139601920 702951424 16777216 713622 520680 25875 120236 480395
1790333665385 0 150562 1580 3294437682 3248474099 0 0 0 0 0 0 1373007503 20420410 4139364352 617627648 8249344 911859 687868 41655 162975 665893
1790333666411 0 114423 12288 3294567053 3248628980 0 0 0 0 0 0 1373023876 20420507 4139397120 468672512 50331648 1112466 835534 58028 217058 1053574
1790333667435 0 91790 1062 3294682354 3248777965 0 0 0 0 0 0 1373038708 20420655 4139909120 367501312 33280000 1287281 959668 72923 271430 1369500
1790333668475 0 117583 6112 3294854247 3248919202 0 0 0 0 0 0 1373069067 20420858 4141154304 511860736 37482496 1559397 1165014 103271 334181 1615523
1790333669529 0 68532 2571 3294981952 3249099415 0 0 0 0 0 0 1373096947 20421003 4142452736 296099840 12447744 1752864 1315048 130475 373261 1876122
1790333670572 0 63192 2042 3295118170 3249241581 0 0 0 0 0 0 1373124035 20421130 4143759360 254185472 8388608 1969024 1479961 157165 430097 2153344
1790333671592 0 144182 1974 3295321645 3249363958 0 0 0 0 0 0 1373166550 20421301 4145537024 590163968 4153344 2274639 1725393 200259 481830 2452470
1790333672614 0 139650 4155 3295465352 3249510217 0 0 0 0 0 0 1373199002 20421487 4146200576 573980672 16777216 2504601 1902022 232142 588363 2765661
1790333673641 0 69692 0 3295553501 3249672391 0 0 0 0 0 0 1373218310 20421599 4146380800 260612096 0 2639990 2004041 250859 697678 3049032
1790333674682 0 58304 8626 3295691357 3249812972 0 0 0 0 0 0 1373255074 20421780 4146872320 274370560 45588480 2875214 2182198 287689 766095 3360334
1790333675731 0 105510 6626 3295858391 3249934751 0 0 0 0 0 0 1373300284 20421996 4147990528 453169152 7254016 3152279 2394575 333925 814942 3583730
1790333676755 0 105477 6724 3296010237 3250086674 0 0 0 0 0 0 1373338762 20422178 4147777536 431648768 37122048 3412040 2585294 372514 871441 3943902
1790333677781 0 117674 18764 3296163491 3250215918 0 0 0 0 0 0 1373391688 20422375 4148527104 496340992 87023616 3682773 2792069 425840 926310 4176375
1790333678803 0 144442 0 3296340076 3250384191 0 0 0 0 0 0 1373440342 20422578 4148785152 568270848 0 3972811 3009028 471935 1001208 4533134
1790333679824 0 142672 6085 3296496652 3250536567 0 0 0 0 0 0 1373495298 20422786 4149301248 617832448 5640192 4253173 3225657 528221 1058541 4870072
1790333680843 0 139473 4074 3296650647 3250695915 0 0 0 0 0 0 1373553285 20422974 4149555200 568029184 29204480 4540700 3439172 587444 1130301 5166826
1790333681866 0 138601 6200 3296795498 3250839422 0 0 0 0 0 0 1373608685 20423143 4149989376 583180288 23494656 4788637 3630839 642837 1183823 5326199
1790333682891 0 49661 11069 3296919902 3251047815 0 0 0 0 0 0 1373646677 20423285 4149776384 237830144 9216000 4985689 3774734 679809 1244512 5692083
1790333683916 0 109971 20 3297103120 3251181906 0 0 0 0 0 0 1373719392 20423517 4149051392 423985152 0 5280686 3985374 749950 1309372 5929116
1790333684947 0 72010 487 3297234332 3251350470 0 0 0 0 0 0 1373763708 20423655 4148277248 291168256 15384576 5477093 4127615 797860 1367350 6258519
1790333685977 0 75904 11919 3297377213 3251478002 0 0 0 0 0 0 1373807332 20423811 4146532352 306413568 71249920 5683079 4270854 840973 1409933 6468598
1790333687012 0 70517 0 3297500148 3251618125 0 0 0 0 0 0 1373846559 20423933 4145438720 261873664 0 5865043 4390342 879057 1471967 6743161
1790333688049 0 17864 4574 3297619539 3251785932 0 0 0 0 0 0 1373871714 20424022 4143140864 89432064 12935168 6056017 4511047 905867 1519857 6937608
1790333689073 0 52434 979 3297760942 3251896122 0 0 0 0 0 0 1373917901 20424164 4141355008 214847488 14577664 6295221 4665153 952062 1580033 7150394
1790333690097 0 87022 26 3297899189 3252000530 0 0 0 0 0 0 1373964081 20424301 4140220416 334036992 1482752 6530147 4818071 997728 1636784 7312181
1790333691135 0 70712 1316 3298027011 3252143913 0 0 0 0 0 0 1373994898 20424414 4136816640 299012096 16793600 6714451 4953475 1028539 1686952 7620712
1790333692170 0 97696 1168 3298161010 3252250770 0 0 0 0 0 0 1374026186 20424532 4134563840 409088000 5005312 6923427 5093080 1059834 1755689 7750220
1790333693196 0 78422 805 3298286795 3252396229 0 0 0 0 0 0 1374063185 20424703 4133408768 321884160 9515008 7134913 5233440 1096330 1864512 7974586
1790333694216 0 82309 17 3298423970 3252530109 0 0 0 0 0 0 1374111910 20424885 4133679104 315011072 0 7348714 5393415 1145621 1923053 8148668
1790333695244 0 88956 0 3298552373 3252652032 0 0 0 0 0 0 1374161278 20425054 4133675008 342130688 0 7559683 5550711 1193375 2004707 8528699
1790333696271 0 97153 19126 3298722352 3252794876 0 0 0 0 0 0 1374216209 20425264 4132900864 494280704 0 7846974 5757191 1249866 2059530 8661351
1790333697304 1 50562 0 3298822178 3252960268 0 0 0 0 0 0 1374238835 20425408 4132302848 188145664 0 7990390 5865627 1272458 2112095 8908589
1790333698326 1 99823 2431 3298985462 3253071824 0 0 0 0 0 0 1374296839 20425640 4133650432 423247872 5521408 8266840 6071242 1330483 2164979 9043142
1790333699350 1 63105 0 3299096314 3253221219 0 0 0 0 0 0 1374324621 20425772 4132642816 234070016 0 8433827 6194600 1358726 2223129 9299379
1790333700382 1 59746 0 3299226183 3253354350 0 0 0 0 0 0 1374361164 20426402 4132552704 222859264 0 8622061 6346189 1393683 2260918 9441764
1790333701409 1 110422 0 3299419298 3253496924 0 0 0 0 0 0 1374419673 20426625 4131540992 431489024 0 8921382 6573066 1451688 2323685 9622292
1790333702451 1 54664 291 3299530333 3253663442 0 0 0 0 0 0 1374447936 20426932 4131672064 259964928 4304896 9082032 6701852 1480421 2359331 9808021
1790333703496 1 112592 2 3299705423 3253780657 0 0 0 0 0 0 1374500305 20427318 4132777984 437948416 0 9358060 6909323 1532802 2429420 9959976
1790333704518 1 74327 0 3299817410 3253931017 0 0 0 0 0 0 1374526526 20427435 4131344384 279728128 0 9525859 7036402 1559526 2486277 10136117
1790333705552 1 71450 1703 3299980515 3254095376 0 0 0 0 0 0 1374560473 20427575 4130484224 301551616 37502976 9769976 7222169 1594483 2543552 10260192
1790333706613 1 97333 1405 3300123264 3254212790 0 0 0 0 0 0 1374601049 20427731 4130988032 431075328 7057408 9992602 7394713 1634046 2598987 10430268
1790333707656 1 127442 4 3300285155 3254345715 0 0 0 0 0 0 1374651330 20427917 4132548608 498900992 0 10239104 7589985 1684317 2675361 10582183
1790333708681 1 76413 27 3300394023 3254505579 0 0 0 0 0 0 1374683199 20428020 4132605952 279674880 0 10397567 7716902 1715126 2713341 10742412
1790333709703 1 54577 0 3300539214 3254672537 0 0 0 0 0 0 1374720739 20428151 4133224448 191180800 0 10611011 7886333 1753138 2776511 10997772
1790333710746 1 86541 19144 3300726417 3254808699 0 0 0 0 0 0 1374774037 20428334 4134354944 459681792 14467072 10909048 8112093 1807544 2837829 11132480
1790333711804 1 86288 1119 3300868385 3254969249 0 0 0 0 0 0 1374810464 20428448 4134178816 349831168 58982400 11115754 8275489 1844469 2888647 11290815
1790333712848 1 105239 0 3301012227 3255094811 0 0 0 0 0 0 1374844822 20428574 4134068224 403943424 0 11308333 8426262 1878319 2943541 11390646
1790333713891 1 81065 4283 3301153085 3255255705 0 0 0 0 0 0 1374887951 20428708 4133896192 377606144 0 11515108 8591120 1919911 2995324 11563060
1790333714930 1 44690 0 3301263221 3255406467 0 0 0 0 0 0 1374919227 20428813 4134797312 157061120 0 11678631 8715133 1951203 3045073 11675090
1790333715962 1 61182 24 3301403778 3255530504 0 0 0 0 0 0 1374952698 20428920 4135124992 243912704 7983104 11882599 8872621 1986190 3096001 11884038
1790333717010 1 60061 30 3301538914 3255666904 0 0 0 0 0 0 1374996250 20429053 4136689664 218181632 0 12078739 9017637 2027198 3167726 12108636
1790333718037 1 91382 7081 3301702285 3255792072 0 0 0 0 0 0 1375044023 20429208 4137234432 369438720 50679808 12331764 9203839 2078026 3228448 12238406
1790333719068 1 25602 3924 3301828610 3255987131 0 0 0 0 0 0 1375082987 20429320 4137254912 129392640 19132416 12503467 9334166 2116480 3290346 12456616
1790333720105 1 94779 1095 3302009873 3256101939 0 0 0 0 0 0 1375133352 20429531 4136345600 378089472 44212224 12787683 9534394 2167358 3344410 12591952
1790333721163 1 71318 0 3302138159 3256254942 0 0 0 0 0 0 1375168274 20429683 4135907328 265871360 0 12971826 9661801 2200743 3420644 12753628
1790333722199 1 119253 5986 3302319308 3256382178 0 0 0 0 0 0 1375226231 20429886 4135010304 512667648 0 13267498 9868244 2260238 3496230 12900744
1790333723224 1 78711 1971 3302433158 3256540630 0 0 0 0 0 0 1375263723 20430020 4134780928 315437056 27136000 13440044 9993951 2297729 3562072 13172383
1790333724274 1 90833 1667 3302560367 3256656002 0 0 0 0 0 0 1375292481 20430136 4132974592 381333504 2375680 13625489 10119370 2324950 3608827 13309412
1790333725312 1 40030 0 3302656861 3256804855 0 0 0 0 0 0 1375321780 20430268 4132347904 132308992 0 13763828 10221432 2351685 3684718 13598296
1790333726364 1 72553 20249 3302813222 3256908407 0 0 0 0 0 0 1375374697 20430467 4132868096 397848576 17948672 14023782 10411363 2408189 3751365 13796631
1790333727407 1 89486 0 3302933917 3257032477 0 0 0 0 0 0 1375418774 20430633 4132925440 342618112 0 14193762 10545142 2448478 3817571 13991273
1790333728434 1 84084 1116 3303056316 3257159206 0 0 0 0 0 0 1375459677 20430802 4133699584 348585984 6565888 14393122 10695238 2493171 3876192 14127114
1790333729475 1 30373 3301 3303172190 3257326515 0 0 0 0 0 0 1375498646 20430950 4133646336 148856832 7720960 14582683 10831015 2531644 3939572 14361751
1790333730528 1 84953 1042 3303339861 3257442166 0 0 0 0 0 0 1375547449 20431161 4133351424 374943744 3502080 14835010 11017207 2580428 4039312 14602532
1790333731570 1 92303 5721 3303470192 3257560038 0 0 0 0 0 0 1375583368 20431329 4133203968 393920512 1568768 15029120 11166132 2614849 4110456 14748281
1790333732604 1 77041 0 3303595024 3257706106 0 0 0 0 0 0 1375628127 20431530 4132425728 298967040 14049280 15226415 11314961 2660081 4197864 15086298
1790333733641 1 86560 0 3303737421 3257838928 0 0 0 0 0 0 1375671294 20431715 4133113856 325877760 0 15449821 11480830 2703254 4272597 15272939
1790333734670 1 61846 3349 3303860625 3257983473 0 0 0 0 0 0 1375709825 20431883 4133003264 249651200 19935232 15645200 11632281 2743834 4343976 15490659
1790333735707 1 113936 0 3304017639 3258091642 0 0 0 0 0 0 1375761209 20432108 4133388288 435478528 0 15878259 11813188 2792118 4404271 15672486
1790333736747 1 109338 873 3304140911 3258219118 0 0 0 0 0 0 1375796682 20432276 4133097472 448192512 31088640 16078461 11961492 2830696 4447604 15880968
1790333737792 1 89780 19650 3304246588 3258325234 0 0 0 0 0 0 1375833678 20432432 4133122048 374251520 83308544 16242578 12087552 2867683 4501728 16070990
1790333738813 1 101189 12555 3304387085 3258461359 0 0 0 0 0 0 1375881386 20432636 4133679104 408461312 66453504 16463147 12253970 2914954 4547465 16223847
1790333739836 1 128219 0 3304526357 3258585987 0 0 0 0 0 0 1375924601 20432828 4133158912 492314624 0 16673754 12414977 2955533 4601092 16423352
1790333740862 1 5386 4156 3304597570 3258776257 0 0 0 0 0 0 1375944149 20432925 4132982784 19578880 19132416 16789807 12500610 2978154 4646699 16744139
1790333741905 1 86725 11 3304768853 3258870164 0 0 0 0 0 0 1376004478 20433204 4133474304 346345472 5238784 17067485 12710581 3036221 4702707 16864744
1790333742946 1 57360 800 3304896235 3259026233 0 0 0 0 0 0 1376040759 20433371 4132950016 256143360 13676544 17250421 12853189 3074762 4775243 17135387
1790333743989 1 91616 2993 3305056406 3259149886 0 0 0 0 0 0 1376084936 20433586 4131971072 367284224 0 17483096 13027208 3115334 4846633 17323091
1790333745026 1 87181 2482 3305182752 3259281084 0 0 0 0 0 0 1376129676 20433798 4133076992 351793152 0 17698633 13182216 3162662 4917610 17584733
1790333746054 1 58574 12 3305290065 3259419396 0 0 0 0 0 0 1376156518 20433942 4133171200 212676608 0 17863343 13303005 3189499 4982712 17758188
1790333747079 1 74631 4158 3305431473 3259540807 0 0 0 0 0 0 1376197551 20434148 4132864000 324534272 9850880 18090479 13470215 3230603 5040972 17930802
1790333748112 1 105743 0 3305583468 3259665667 0 0 0 0 0 0 1376241106 20434347 4131991552 402984960 0 18325638 13638643 3274603 5101259 18086887
1790333749136 1 91592 0 3305722187 3259818494 0 0 0 0 0 0 1376285304 20434556 4131655680 349208576 0 18520809 13790018 3315727 5157673 18283572
1790333750167 1 86934 8780 3305880117 3259972461 0 0 0 0 0 0 1376325916 20434764 4130705408 368119808 45334528 18753246 13969570 3359926 5212643 18411587
1790333751195 1 48166 12 3306004289 3260144014 0 0 0 0 0 0 1376360852 20434924 4130807808 170127360 0 18940882 14101738 3393842 5282688 18664207
1790333752219 1 87910 378 3306183575 3260283315 0 0 0 0 0 0 1376412759 20435167 4131323904 367325184 2195456 19218308 14308762 3446261 5337055 18787726
1790333753248 1 74168 0 3306329803 3260443712 0 0 0 0 0 0 1376459999 20435369 4130996224 280768512 0 19425374 14463552 3490033 5401236 19004995
1790333754270 1 127420 2048 3306524837 3260583712 0 0 0 0 0 0 1376508311 20435595 4128952320 520888320 22892544 19704851 14678985 3542315 5452315 19139579
1790333755298 1 68634 8479 3306657195 3260768141 0 0 0 0 0 0 1376544755 20435746 4128563200 276365312 66539520 19916554 14825074 3578808 5520049 19366768
1790333756331 1 120858 0 3306840393 3260907536 0 0 0 0 0 0 1376584332 20435931 4126953472 461930496 0 20171858 15012096 3617864 5590719 19540309
1790333757359 1 75890 0 3306983166 3261095345 0 0 0 0 0 0 1376614729 20436117 4125523968 282591232 0 20378898 15157657 3647652 5673162 19798106
1790333758393 1 79323 722 3307150145 3261258436 0 0 0 0 0 0 1376663908 20436359 4125413376 333623296 24276992 20631434 15352290 3697427 5738966 19990558
1790333759429 1 52180 17 3307287004 3261422940 0 0 0 0 0 0 1376713770 20436571 4125556736 207015936 9592832 20834979 15509147 3747275 5805117 20196069
1790333760464 1 76436 826 3307466314 3261576969 0 0 0 0 0 0 1376758998 20436802 4125159424 342876160 1724416 21089753 15703636 3793002 5860750 20335921
1790333761521 1 96900 69 3307651673 3261742662 0 0 0 0 0 0 1376816535 20437058 4126101504 373338112 17543168 21396635 15919304 3847986 5937966 20491492
1790333762567 1 83635 761 3307825600 3261929360 0 0 0 0 0 0 1376872510 20437305 4126883840 359751680 13627392 21677192 16128649 3906538 5997111 20678678
1790333763598 1 127148 72 3308008826 3262069803 0 0 0 0 0 0 1376917239 20437721 4125327360 491864064 0 21928980 16323812 3950227 6089248 20885062
1790333764621 1 77919 0 3308133860 3262243944 0 0 0 0 0 0 1376949598 20437890 4124491776 294457344 0 22115035 16463903 3982114 6158115 21134448
1790333765644 1 81659 14089 3308301442 3262393668 0 0 0 0 0 0 1376994844 20438103 4124463104 400461824 0 22370519 16658704 4028754 6225172 21342938
1790333766666 1 43869 0 3308405405 3262549400 0 0 0 0 0 0 1377021030 20438209 4124696576 145539072 0 22507918 16767087 4054116 6284329 21627087
1790333767697 1 84541 0 3308559479 3262662880 0 0 0 0 0 0 1377062178 20438419 4124307456 320561152 0 22727994 16943095 4095675 6348613 21770538
1790333768732 1 102522 18 3308721770 3262807284 0 0 0 0 0 0 1377102273 20438612 4123881472 397180928 0 22963430 17125835 4134228 6398454 22040168
1790333769753 1 123096 949 3308896333 3262960392 0 0 0 0 0 0 1377146520 20438860 4124172288 524341248 0 23233747 17331502 4180524 6458994 22259023
1790333770790 1 128794 401 3309059764 3263118477 0 0 0 0 0 0 1377195886 20439116 4124667904 519237632 43286528 23457233 17515969 4229378 6516050 22542947
1790333771832 1 93253 1232 3309251455 3263344917 0 0 0 0 0 0 1377223204 20439252 4125245440 29343744 16326656 23595537 17620880 4257137 6561104 22875833
1790333772852 1 192546 10850 3309507262 3263491951 0 0 0 0 0 0 1377275506 20439453 4126666752 371597312 55947264 23821971 17797776 4309509 6633750 23113804
1790333773871 1 223969 800 3309700369 3263663771 0 0 0 0 0 0 1377293490 20439536 4125769728 321937408 0 23924541 17874320 4326470 6662492 23437758
1790333774891 1 238811 9877 3309906471 3263845708 0 0 0 0 0 0 1377311478 20439635 4126035968 305868800 9719808 24052001 17965942 4345481 6695917 23728979
1790333775912 1 261176 2117 3310109435 3264034132 0 0 0 0 0 0 1377339161 20440661 4125872128 374771712 0 24211109 18085341 4373235 6726409 23974012
1790333776945 1 200873 1647 3310213176 3264198683 0 0 0 0 0 0 1377372628 20440805 4126576640 240144384 6463488 24376685 18206731 4406631 6771587 24219304
1790333777996 1 261835 2395 3310390457 3264314112 0 0 0 0 0 0 1377421442 20441014 4125782016 490528768 3174400 24634729 18399752 4454423 6816489 24326827
1790333779036 1 259792 448 3310528992 3264456893 0 0 0 0 0 0 1377461498 20441179 4125188096 561868800 1585152 24820756 18548397 4494478 6874543 24592745
1790333780087 1 126897 9422 3310590599 3264642327 0 0 0 0 0 0 1377475844 20441250 4125110272 250089472 7876608 24909580 18614485 4508819 6921646 24855019
1790333781129 1 138745 318 3310726053 3264775011 0 0 0 0 0 0 1377507214 20441444 4124028928 536997888 18477056 25100025 18757154 4541217 6989946 25087000
1790333782170 1 23808 2058 3310801892 3264964316 0 0 0 0 0 0 1377524686 20441528 4124291072 116506624 15052800 25202918 18831495 4558693 7038121 25309032
1790333783214 1 80820 5402 3310965163 3265066991 0 0 0 0 0 0 1377567856 20441741 4125298688 328376320 44490752 25443591 19010920 4601868 7092039 25478021
1790333784247 1 95587 388 3311120616 3265212598 0 0 0 0 0 0 1377600215 20442309 4124872704 398897152 2244608 25630701 19155495 4633718 7138223 25669342
1790333785273 1 84896 134 3311246846 3265349631 0 0 0 0 0 0 1377628926 20442725 4124319744 327913472 0 25807377 19287567 4662519 7174707 25774229
1790333786306 1 95769 143 3311372232 3265464291 0 0 0 0 0 0 1377655651 20442905 4122804224 372297728 0 25972649 19414157 4689817 7220383 25877296
1790333787335 1 135401 830 3311512269 3265564358 0 0 0 0 0 0 1377694353 20443157 4123312128 551686144 16437248 26183708 19573356 4728367 7279179 25945594
1790333788358 1 15700 3684 3311585161 3265753864 0 0 0 0 0 0 1377722601 20443334 4124569600 89206784 6893568 26312046 19664247 4756106 7326602 26193522
1790333789390 1 95528 4114 3311752396 3265840836 0 0 0 0 0 0 1377761608 20443610 4124192768 389050368 37163008 26536684 19839003 4795698 7396237 26311889
1790333790420 1 83395 0 3311876547 3265981109 0 0 0 0 0 0 1377799695 20443794 4124590080 316207104 0 26718399 19977366 4832168 7423154 26471940
1790333791445 1 97025 3854 3312027621 3266114679 0 0 0 0 0 0 1377845422 20443992 4124700672 390856704 14106624 26959291 20152245 4878915 7482839 26752836
1790333792469 1 80486 1434 3312160152 3266266116 0 0 0 0 0 0 1377881932 20444213 4124844032 334733312 2064384 27149561 20295780 4914915 7514448 26960443
1790333793493 1 68467 365 3312284174 3266403467 0 0 0 0 0 0 1377920210 20444671 4124037120 285884416 3534848 27330868 20437284 4954245 7561750 27205251
1790333794513 1 64409 785 3312425508 3266548264 0 0 0 0 0 0 1377960844 20444902 4124340224 269500416 4284416 27550398 20595883 4994863 7603850 27449172
1790333795536 1 112215 0 3312591167 3266666898 0 0 0 0 0 0 1378014294 20445243 4123983872 433549312 0 27797935 20777889 5044725 7669597 27665085
1790333796560 1 83983 24 3312712518 3266816396 0 0 0 0 0 0 1378049670 20445442 4124291072 322297856 0 27993560 20919794 5083243 7717969 27888661
1790333797582 1 73443 532 3312847938 3266961850 0 0 0 0 0 0 1378088234 20445652 4124045312 306081792 4169728 28192879 21076496 5122310 7759176 28105642
1790333798607 1 68653 2034 3312972693 3267089919 0 0 0 0 0 0 1378127807 20445861 4124028928 292290560 13463552 28386590 21221445 5161844 7797242 28225983
1790333799638 1 83503 0 3313096034 3267200420 0 0 0 0 0 0 1378162740 20446066 4123488256 320430080 0 28559141 21357411 5196346 7852709 28365747
1790333800671 1 128978 0 3313231581 3267290535 0 0 0 0 0 0 1378190609 20446240 4122578944 503869440 0 28749721 21502098 5222597 7889748 28419623
1790333801705 1 80125 22 3313347829 3267455570 0 0 0 0 0 0 1378222027 20446434 4121903104 306442240 0 28915695 21629911 5254001 7937999 28606662
1790333802736 1 101199 59 3313473586 3267560190 0 0 0 0 0 0 1378261636 20446638 4122574848 391737344 0 29116934 21777761 5293573 8003129 28735835
1790333803771 1 41787 0 3313567674 3267713774 0 0 0 0 0 0 1378293500 20446811 4123054080 152838144 0 29258736 21890388 5325451 8041543 28888159
1790333804804 1 79756 6764 3313707964 3267809456 0 0 0 0 0 0 1378328945 20447010 4123017216 324587520 45936640 29467828 22052247 5362948 8109869 28991429
1790333805831 1 84254 8 3313838453 3267942147 0 0 0 0 0 0 1378378183 20447225 4124020736 321544192 0 29663259 22201502 5409217 8203761 29185987
1790333806857 1 99233 0 3313980659 3268069286 0 0 0 0 0 0 1378416979 20447462 4124696576 382701568 0 29876237 22363296 5449254 8258815 29430454
1790333807882 1 100762 0 3314111152 3268198403 0 0 0 0 0 0 1378448611 20447659 4124020736 393814016 0 30060624 22505650 5481669 8305319 29611404
1790333808906 1 44121 855 3314214893 3268357751 0 0 0 0 0 0 1378476947 20447825 4124090368 179687424 7356416 30216933 22620444 5510964 8364465 29822096
1790333809932 1 107630 712 3314344641 3268424318 0 0 0 0 0 0 1378520032 20448037 4124663808 442220544 4087808 30409067 22773471 5552572 8410468 30013060
1790333810956 1 128584 0 3314450418 3268509450 0 0 0 0 0 0 1378554433 20448201 4125736960 488439808 0 30560439 22890530 5586980 8471951 30462098
1790333811985 1 185807 2440 3314597920 3268597559 0 0 0 0 0 0 1378577163 20448339 4124606464 689856512 2809856 30686507 22990691 5611166 8512599 30725185
1790333813006 1 183306 674 3314692413 3268696453 0 0 0 0 0 0 1378600792 20448447 4125097984 644861952 1695744 30801939 23077141 5634287 8547784 31011465
1790333814028 1 180587 1815 3314790938 3268796536 0 0 0 0 0 0 1378624448 20448626 4125069312 659599360 5423104 30934598 23183144 5658454 8594271 31358465
1790333815049 1 143889 6726 3314856717 3268894188 0 0 0 0 0 0 1378639885 20448724 4124897280 549208064 2113536 31032597 23253884 5673379 8644295 31699044
1790333816069 1 137947 1403 3314943814 3268992854 0 0 0 0 0 0 1378663949 20448817 4125843456 524513280 3997696 31131544 23329469 5697011 8692067 32111002
1790333817091 1 116777 524 3315028712 3269099568 0 0 0 0 0 0 1378691248 20448971 4126126080 473849856 5505024 31256417 23427727 5724234 8730214 32431808
1790333818111 1 83822 437 3315101656 3269205358 0 0 0 0 0 0 1378714368 20449088 4126744576 347258880 1232896 31370519 23515170 5748383 8767035 32822064
1790333819131 1 61390 2729 3315182134 3269306074 0 0 0 0 0 0 1378743160 20449298 4126949376 263032832 2949120 31501003 23611445 5777163 8816710 33260190
1790333820151 1 46030 644 3315263465 3269404720 0 0 0 0 0 0 1378767233 20449437 4126580736 188649472 9547776 31612023 23698111 5800811 8861643 33634402
1790333821170 1 99440 10324 3315403135 3269481438 0 0 0 0 0 0 1378804875 20449644 4127117312 407318528 50597888 31831373 23855258 5838879 8909182 33977717
1790333822190 1 91666 389 3315483088 3269579025 0 0 0 0 0 0 1378829511 20449762 4127338496 373772288 1458176 31955256 23943794 5863530 8946693 34374177
1790333823212 1 127314 409 3315600320 3269660634 0 0 0 0 0 0 1378860375 20449952 4126896128 525430784 1597440 32129328 24070943 5893889 9016705 34680966
1790333824238 1 86434 989 3315660832 3269761267 0 0 0 0 0 0 1378879428 20450056 4126674944 357683200 5189632 32220093 24136004 5912922 9061320 35123345
1790333825270 1 59458 1897 3315746466 3269873022 0 0 0 0 0 0 1378905636 20450175 4126330880 242786304 14319616 32349544 24233874 5939129 9097609 35401428
1790333826294 1 92870 2003 3315880520 3269973538 0 0 0 0 0 0 1378949757 20450393 4126392320 394055680 2744320 32549839 24387731 5983332 9144231 35578016
1790333827318 1 137553 1101 3316017638 3270067230 0 0 0 0 0 0 1378999086 20450616 4126732288 566132736 9601024 32772214 24552405 6032591 9216007 35844810
1790333828348 0 69547 584 3316074243 3270191873 0 0 0 0 0 0 1379022212 20450712 4127514624 287064064 0 32862548 24619882 6054203 9270165 36296954
1790333829389 0 9854 631 3316140204 3270317887 0 0 0 0 0 0 1379035080 20450788 4127125504 46329856 2547712 32964552 24688232 6068568 9329256 36570804
1790333830441 0 95204 68 3316288604 3270381297 0 0 0 0 0 0 1379081254 20451009 4127346688 368427008 0 33191676 24855783 6113785 9388612 36696378
1790333831460 1 91023 405 3316388406 3270484929 0 0 0 0 0 0 1379110097 20451162 4127387648 369287168 4300800 33354393 24973263 6144109 9442711 37083807
1790333832481 1 109332 1745 3316490826 3270567843 0 0 0 0 0 0 1379139870 20451326 4127019008 451948544 4640768 33513832 25089001 6173311 9510776 37293134
1790333833503 1 37048 4736 3316550564 3270696732 0 0 0 0 0 0 1379149694 20451397 4126109696 150491136 28610560 33593748 25149988 6183699 9583475 37616309
1790333834543 1 46913 53 3316642798 3270783609 0 0 0 0 0 0 1379189224 20451571 4126515200 168620032 0 33742332 25256608 6219541 9648674 37902265
1790333835582 1 72 45 3316698901 3270886798 0 0 0 0 0 0 1379199608 20451648 4124917760 0 0 33838383 25323734 6233581 9670538 37913393
1790333836605 1 47 0 3316700208 3270888039 0 0 0 0 0 0 1379321404 20452218 4156780544 65536 0 33956415 25435803 6353430 9695143 37954255
1790333837627 1 72 0 3316700344 3270888149 0 0 0 0 0 0 1379485898 20453986 4163715072 131072 0 34149209 25597995 6517314 9767373 37987845
1790333838648 1 33087 0 3316733919 3270888529 0 0 0 0 0 0 1379640679 20454652 4171456512 131072 0 34349972 25750341 6671566 9809811 38009360
1790333839673 1 36242 14471 3316766317 3270903488 0 0 0 0 0 0 1379648967 20454695 196685824 0 0 34366829 25761584 6682937 9818959 38011879
