1790335652271 0 0 0 3418660272 3372761008 0 0 0 0 0 0 1410996602 20579949 - - - - - - - -
1790335653929 0 127673 2032 3419039199 3373010246 0 0 0 0 0 0 1410996623 20580059 1476808704 544997376 55492608 0 0 21 0 190731
1790335654966 0 140580 12118 3419245466 3373193483 0 0 0 0 0 0 1410996623 20580060 2381934592 575315968 49823744 0 0 21 0 215969
1790335655985 0 138315 3655 3419456410 3373415004 0 0 0 0 0 0 1410996623 20580060 3223736320 547151872 31748096 0 0 21 0 270760
1790335657004 0 144023 4171 3419617342 3373569878 0 0 0 0 0 0 1410996623 20580062 3899277312 596295680 25165824 0 0 21 0 632373
1790335658023 0 142797 8192 3419759915 3373709662 0 0 0 0 0 0 1410996623 20580062 4159504384 584892416 33554432 160888 79021 21 40792 868812
1790335659049 0 96737 3070 3419860850 3373861806 0 0 0 0 0 0 1411005241 20580073 4159254528 393527296 20942848 336334 187663 8638 156188 1121578
1790335660068 0 135336 1901 3420018972 3373982498 0 0 0 0 0 0 1411014814 20580084 4158132224 562704384 7786496 570531 355383 17714 258664 1315329
1790335661089 0 88932 10873 3420132962 3374133850 0 0 0 0 0 0 1411024472 20580100 4157693952 402182144 20443136 738089 478294 27869 355575 1630419
1790335662112 0 127881 2056 3420255937 3374226730 0 0 0 0 0 0 1411040131 20580122 4157923328 524259328 3571712 915181 613849 43580 434727 2004459
1790335663133 0 123868 2040 3420365671 3374340499 0 0 0 0 0 0 1411055381 20580184 4158107648 523763712 8388608 1104023 741137 57829 541632 2413460
1790335664159 0 127126 0 3420462728 3374436278 0 0 0 0 0 0 1411077927 20580326 4159258624 510066688 0 1301197 858130 80886 629123 2591344
1790335665178 0 112590 14308 3420553587 3374527410 0 0 0 0 0 0 1411104552 20580457 4160851968 494338048 41021440 1487512 977198 107950 754015 2878775
1790335666197 0 23218 0 3420592741 3374670203 0 0 0 0 0 0 1411116316 20580519 4161732608 82276352 0 1549132 1024879 119203 854682 3386678
1790335667235 0 96912 0 3420726750 3374730589 0 0 0 0 0 0 1411164510 20580712 4165107712 408502272 29294592 1801671 1208465 166895 948455 3515761
1790335668276 0 149880 2993 3420842316 3374790133 0 0 0 0 0 0 1411211107 20580879 4168421376 613806080 0 2016765 1366729 213832 1051257 3684768
1790335669301 0 98396 2045 3420909667 3374909868 0 0 0 0 0 0 1411234757 20580958 4170010624 408657920 8388608 2142421 1460176 238155 1166034 4080191
1790335670339 0 116889 9924 3421016384 3374990341 0 0 0 0 0 0 1411279402 20581152 4172357632 524849152 23355392 2349470 1609901 282330 1232627 4205859
1790335671381 0 29029 0 3421061992 3375133631 0 0 0 0 0 0 1411294298 20581224 4173176832 107540480 0 2440185 1667619 296724 1468351 4596656
1790335672405 0 102656 73 3421189816 3375187804 0 0 0 0 0 0 1411351287 20581463 4176060416 411742208 0 2714623 1852029 353664 1544572 4695751
1790335673425 0 125020 8687 3421295389 3375262459 0 0 0 0 0 0 1411392848 20581614 4177014784 543223808 33554432 2935049 2000725 396246 1689508 4965108
1790335674445 0 144310 4030 3421401219 3375353642 0 0 0 0 0 0 1411429815 20581777 4176789504 599199744 16519168 3139123 2144250 433212 1837114 5168941
1790335675464 0 151301 0 3421498600 3375448000 0 0 0 0 0 0 1411469834 20581912 4176846848 607367168 0 3322210 2277372 472231 1987175 5398527
1790335676483 0 7291 11 3421525531 3375618998 0 0 0 0 0 0 1411484183 20581948 4177338368 19939328 0 3389455 2319041 486564 2062099 5716254
1790335677508 0 128195 8029 3421673294 3375637771 0 0 0 0 0 0 1411560399 20582187 4178018304 526716928 38506496 3722920 2545592 563795 2134242 5774535
1790335678528 0 136065 2936 3421776195 3375737880 0 0 0 0 0 0 1411612650 20582351 4178886656 573509632 16777216 3941751 2699412 616114 2245949 5946213
1790335679548 0 147552 1 3421868649 3375821822 0 0 0 0 0 0 1411658809 20582493 4179271680 595865600 0 4146770 2835556 661208 2308838 5996722
1790335680567 0 124853 16 3421944260 3375920068 0 0 0 0 0 0 1411708509 20582638 4180922368 498237440 0 4339850 2959646 711455 2442807 6415265
1790335681586 0 7740 0 3421988840 3376081829 0 0 0 0 0 0 1411734197 20582714 4181360640 21155840 0 4437907 3030248 737102 2495028 6648175
1790335682611 0 142153 3836 3422137327 3376092077 0 0 0 0 0 0 1411834161 20582982 4183085056 605663232 8388608 4808861 3279341 837101 2714727 6683591
1790335683632 0 144018 0 3422223553 3376180233 0 0 0 0 0 0 1411902812 20583170 4184190976 582356992 0 5043805 3431301 904238 2899898 6912914
1790335684652 0 121443 0 3422300314 3376279563 0 0 0 0 0 0 1411978796 20583356 4186304512 490655744 0 5264671 3583414 980151 3059213 7095510
1790335685675 0 83703 0 3422379175 3376396288 0 0 0 0 0 0 1412028444 20583485 4186763264 334303232 0 5468047 3710857 1029362 3212389 7422924
1790335686698 0 31098 768 3422456731 3376525794 0 0 0 0 0 0 1412090619 20583656 4186763264 145276928 9994240 5682588 3854006 1093508 3353812 7659709
1790335687717 0 117659 0 3422577550 3376560613 0 0 0 0 0 0 1412196210 20583910 4187521024 467386368 0 6010185 4071475 1198117 3529118 7690528
1790335688736 0 97202 15732 3422679807 3376667636 0 0 0 0 0 0 1412266010 20584071 4187127808 453615616 16777216 6261661 4235877 1269405 3678280 7802750
1790335689754 0 136192 0 3422789666 3376754213 0 0 0 0 0 0 1412356246 20584285 4186828800 549617664 0 6531059 4409656 1357985 3776638 7904190
1790335690774 0 97158 0 3422876601 3376880166 0 0 0 0 0 0 1412421913 20584513 4186906624 389357568 0 6743734 4546592 1423272 3947507 8150041
1790335691793 0 28777 5 3422952132 3377024065 0 0 0 0 0 0 1412487284 20584724 4186857472 113381376 0 6936000 4666960 1488470 4180028 8461010
1790335692817 0 95801 17179 3423084684 3377072503 0 0 0 0 0 0 1412592364 20585027 4185219072 392400896 93151232 7257172 4869992 1595295 4405448 8605230
1790335693838 0 90642 6525 3423182794 3377186390 0 0 0 0 0 0 1412654486 20585214 4183048192 371269632 51367936 7460602 5000048 1657790 4597922 8952758
1790335694859 0 93863 0 3423293663 3377300571 0 0 0 0 0 0 1412717850 20585410 4180287488 374095872 0 7678930 5131417 1720257 4764180 9307944
1790335695878 0 86068 6 3423407753 3377422401 0 0 0 0 0 0 1412782933 20585592 4177231872 348364800 0 7909637 5277732 1783974 4975750 9645205
1790335696898 0 6132 0 3423489477 3377584000 0 0 0 0 0 0 1412847628 20585764 4176216064 16953344 0 8094245 5394405 1848719 5099796 9929390
1790335697917 0 93693 0 3423624104 3377631125 0 0 0 0 0 0 1412941366 20586031 4174618624 379744256 0 8401336 5584230 1941965 5238261 10024304
1790335698936 0 68934 37 3423713117 3377744752 0 0 0 0 0 0 1413001665 20586191 4172959744 278220800 0 8613084 5708149 2002514 5407530 10310789
1790335699959 0 42132 10957 3423810034 3377857781 0 0 0 0 0 0 1413058657 20586366 4171632640 219209728 13971456 8818251 5838637 2062053 5616791 10650944
1790335700978 0 87542 56 3423925174 3377938277 0 0 0 0 0 0 1413147313 20586600 4170186752 350294016 0 9089952 6012701 2148242 5838806 10879904
1790335701997 0 3100 42 3424009984 3378107566 0 0 0 0 0 0 1413205382 20586767 4169428992 5115904 0 9278516 6132473 2206233 5900620 11045507
1790335703016 0 55220 0 3424129748 3378175197 0 0 0 0 0 0 1413290541 20586995 4168572928 220061696 0 9551823 6308843 2291476 6103303 11265796
1790335704035 0 68423 3765 3424244266 3378272826 0 0 0 0 0 0 1413362403 20587189 4167794688 288542720 25067520 9796623 6472414 2365804 6295781 11542599
1790335705053 0 66176 22 3424339295 3378373850 0 0 0 0 0 0 1413437092 20587385 4167557120 271056896 13705216 10025439 6623921 2439977 6528931 11843194
1790335706071 0 71115 885 3424441515 3378470216 0 0 0 0 0 0 1413501745 20587579 4166488064 291287040 24707072 10236596 6770222 2505141 6676132 12121553
1790335707090 0 27545 0 3424531269 3378604431 0 0 0 0 0 0 1413566849 20587761 4167004160 107261952 0 10431826 6904807 2568265 6780394 12332080
1790335708109 0 106718 0 3424664759 3378658705 0 0 0 0 0 0 1413648967 20587984 4166742016 428105728 0 10730156 7099207 2650433 6966600 12510582
1790335709134 0 58185 41 3424747254 3378789808 0 0 0 0 0 0 1413704745 20588151 4167090176 229953536 0 10916924 7225423 2707119 7123153 12935307
1790335710156 0 88707 0 3424852556 3378864531 0 0 0 0 0 0 1413784139 20588409 4167356416 350806016 0 11161505 7393386 2786603 7330763 13192706
1790335711176 0 81817 5037 3424948072 3378961944 0 0 0 0 0 0 1413853037 20588652 4167827456 358404096 0 11368181 7536284 2854891 7482892 13433278
1790335712196 0 39786 803 3425043642 3379103720 0 0 0 0 0 0 1413903361 20588826 4167405568 171888640 0 11561439 7667861 2905707 7712417 13805249
1790335713215 0 64008 0 3425150477 3379187233 0 0 0 0 0 0 1413978665 20589039 4168118272 253911040 0 11822078 7833632 2980836 7911594 14045055
1790335714235 0 65880 0 3425250729 3379285538 0 0 0 0 0 0 1414046240 20589248 4168605696 259469312 0 12033786 7983709 3048622 8095812 14311064
1790335715254 0 114356 0 3425363664 3379350051 0 0 0 0 0 0 1414124181 20589490 4168376320 460070912 0 12292742 8157480 3126104 8305260 14532967
1790335716273 0 96303 0 3425456301 3379460644 0 0 0 0 0 0 1414179160 20589655 4168642560 385822720 0 12499903 8294437 3180709 8476516 14894706
1790335717296 0 47318 3996 3425541401 3379591112 0 0 0 0 0 0 1414245832 20589832 4169695232 210153472 25337856 12709455 8438494 3249265 8635227 15175680
1790335718318 0 82306 0 3425649830 3379668294 0 0 0 0 0 0 1414337357 20590071 4171296768 328404992 0 12979573 8621464 3339037 8752359 15276080
1790335719337 0 75908 20 3425743887 3379768634 0 0 0 0 0 0 1414404388 20590250 4171485184 300535808 0 13210927 8768067 3406259 8941488 15570281
1790335720357 0 85441 5849 3425844475 3379854035 0 0 0 0 0 0 1414471934 20590442 4172214272 396312576 0 13463350 8928639 3474851 9136704 15803291
1790335721376 0 75516 16 3425934918 3379960122 0 0 0 0 0 0 1414546890 20590652 4172169216 309301248 17948672 13701840 9082914 3549773 9341683 16115481
1790335722395 0 115260 0 3426053578 3380038987 0 0 0 0 0 0 1414623359 20590877 4171653120 466038784 0 13962951 9262932 3624715 9432121 16224441
1790335723415 0 76075 0 3426149222 3380173816 0 0 0 0 0 0 1414688428 20591055 4171870208 307585024 0 14185724 9411236 3689141 9563518 16374199
1790335724434 0 89526 135 3426247764 3380258784 0 0 0 0 0 0 1414771264 20591297 4173619200 359129088 0 14429744 9579480 3773165 9698096 16537298
1790335725453 0 86336 23726 3426355150 3380345816 0 0 0 0 0 0 1414851143 20591499 4174589952 405536768 64368640 14706272 9762493 3854538 9937048 16777557
1790335726489 0 67896 4047 3426441660 3380470359 0 0 0 0 0 0 1414920358 20591696 4175732736 313454592 0 14930788 9911358 3923814 10130782 17054917
1790335727511 0 74790 17 3426541056 3380566980 0 0 0 0 0 0 1414998333 20591897 4176338944 295936000 0 15167485 10073133 4000243 10236529 17200894
1790335728530 0 91159 0 3426648848 3380658294 0 0 0 0 0 0 1415086405 20592163 4176601088 369491968 0 15419696 10253754 4086733 10427007 17413950
1790335729555 0 65665 0 3426743059 3380778134 0 0 0 0 0 0 1415165898 20592359 4178055168 258756608 0 15678766 10416383 4168271 10629003 17658369
1790335730576 0 70148 0 3426841807 3380872312 0 0 0 0 0 0 1415253151 20592622 4179578880 278786048 0 15933549 10586469 4255351 10820558 17857345
1790335731595 0 100642 0 3426956193 3380956281 0 0 0 0 0 0 1415328042 20592872 4178493440 401879040 0 16196859 10761785 4330583 10945360 17977407
1790335732614 0 89787 4526 3427058947 3381065383 0 0 0 0 0 0 1415392275 20593079 4177055744 416849920 0 16438204 10910913 4395669 11144278 18245182
1790335733633 0 58594 60 3427149484 3381191505 0 0 0 0 0 0 1415456007 20593259 4176961536 231837696 0 16646628 11046981 4457747 11306216 18496122
1790335734658 0 88724 64 3427268603 3381280654 0 0 0 0 0 0 1415547765 20593546 4175777792 359227392 0 16910771 11234861 4549118 11533820 18686799
1790335735677 0 87543 51 3427376042 3381389130 0 0 0 0 0 0 1415613865 20593765 4175347712 348123136 0 17139227 11384594 4616338 11725673 18981018
1790335736696 0 104071 0 3427493977 3381490572 0 0 0 0 0 0 1415696030 20594001 4174823424 411590656 0 17408185 11555122 4698916 11866075 19166938
1790335737715 0 37725 22861 3427586529 3381626777 0 0 0 0 0 0 1415767879 20594226 4174319616 247500800 28405760 17628368 11699480 4771286 12012806 19459499
1790335738734 0 91499 0 3427701656 3381710893 0 0 0 0 0 0 1415859728 20594494 4173713408 370823168 0 17895706 11876094 4860454 12164992 19574592
1790335739753 0 96993 0 3427811621 3381815342 0 0 0 0 0 0 1415922086 20594715 4172292096 389025792 0 18137421 12028257 4924239 12291373 19744427
1790335740772 0 93361 0 3427912486 3381919790 0 0 0 0 0 0 1416006996 20594940 4172062720 370888704 0 18383179 12184440 5008365 12498308 20015157
1790335741792 0 95625 0 3428017075 3382022193 0 0 0 0 0 0 1416087745 20595176 4171780096 379084800 0 18610622 12340600 5089898 12594984 20161546
1790335742816 0 4180 20061 3428114188 3382190697 0 0 0 0 0 0 1416149629 20595376 4169211904 117198848 5812224 18810904 12477548 5152516 12758395 20553912
1790335743834 0 83154 5913 3428248165 3382259910 0 0 0 0 0 0 1416228033 20595642 4168032256 386805760 0 19103057 12659703 5231563 12871561 20630163
1790335744853 0 76125 36 3428347776 3382372272 0 0 0 0 0 0 1416297954 20595863 4167196672 305098752 0 19315960 12804648 5299312 12977315 20778332
1790335745872 0 88015 0 3428460955 3382473695 0 0 0 0 0 0 1416379556 20596116 4166885376 354123776 12668928 19567889 12978521 5382441 13083223 20911232
1790335746891 0 77102 4308 3428578076 3382597425 0 0 0 0 0 0 1416444263 20596340 4165156864 341512192 15024128 19807844 13135266 5447659 13268305 21167238
1790335747914 0 30746 22554 3428681334 3382728888 0 0 0 0 0 0 1416511996 20596553 4164804608 226717696 24780800 20039574 13290088 5515392 13350227 21270515
1790335748934 0 90570 0 3428798981 3382809203 0 0 0 0 0 0 1416606379 20596845 4165562368 360374272 0 20311050 13475920 5608332 13514639 21449471
1790335749954 0 61654 12 3428898183 3382937177 0 0 0 0 0 0 1416677260 20597095 4165636096 246349824 0 20531484 13626573 5678642 13705695 21732819
1790335750973 0 94028 0 3429016615 3383023235 0 0 0 0 0 0 1416762986 20597388 4165853184 379965440 0 20804673 13809507 5763867 13923857 21962196
1790335751993 0 82350 0 3429112307 3383130719 0 0 0 0 0 0 1416840122 20597669 4166836224 332525568 0 21031268 13966618 5841503 14034772 22149528
1790335753012 0 16980 27 3429194531 3383278306 0 0 0 0 0 0 1416896632 20597886 4166397952 69550080 27144192 21219927 14096015 5899516 14235527 22564896
1790335754032 0 84457 0 3429323051 3383339316 0 0 0 0 0 0 1416976170 20598170 4165799936 335417344 0 21502837 14283759 5978084 14314324 22630778
1790335755056 0 76016 6 3429422148 3383446809 0 0 0 0 0 0 1417061355 20598467 4167225344 313757696 23801856 21741777 14451472 6064821 14466994 22815534
1790335756077 0 62547 11 3429527426 3383565658 0 0 0 0 0 0 1417132960 20598712 4166381568 249913344 5939200 21976426 14608751 6135845 14616190 23036644
1790335757109 0 90510 57 3429643480 3383653659 0 0 0 0 0 0 1417208436 20598985 4165578752 364716032 15257600 22241419 14781168 6210307 14801279 23219572
1790335758151 0 54698 2984 3429740100 3383783201 0 0 0 0 0 0 1417281306 20599246 4166090752 224043008 43679744 22463645 14936318 6284702 14985002 23500371
1790335759171 0 69221 0 3429850319 3383881764 0 0 0 0 0 0 1417362344 20599527 4167155712 274350080 0 22717720 15109964 6364666 15128788 23685398
1790335760190 0 54464 0 3429948221 3383994453 0 0 0 0 0 0 1417437334 20599772 4167921664 214888448 0 22959615 15269487 6439209 15372111 23953811
1790335761210 0 87617 67 3430061226 3384074278 0 0 0 0 0 0 1417524268 20600057 4168921088 350474240 0 23249951 15453185 6525911 15575314 24183073
1790335762229 0 68449 67 3430152591 3384184857 0 0 0 0 0 0 1417601520 20600312 4169646080 278286336 0 23481374 15612210 6602217 15703785 24338851
1790335763250 0 58235 38 3430254095 3384296544 0 0 0 0 0 0 1417684678 20600584 4170010624 229277696 0 23733658 15782368 6686952 15908266 24618401
1790335764271 0 65485 0 3430358366 3384393598 0 0 0 0 0 0 1417766278 20600861 4170891264 257097728 0 23999869 15954507 6768705 16035657 24817761
1790335765290 0 95898 0 3430471703 3384476543 0 0 0 0 0 0 1417844385 20601162 4170506240 386494464 0 24266854 16130076 6845402 16134162 24945434
1790335766308 0 95749 0 3430573939 3384578916 0 0 0 0 0 0 1417917990 20601428 4170334208 389881856 11472896 24503082 16292594 6920875 16242998 25125902
1790335767327 0 147584 0 3430692464 3384645505 0 0 0 0 0 0 1417996023 20601732 4169437184 594784256 0 24762047 16465752 6997605 16336661 25209997
1790335768347 0 90402 0 3430775498 3384785795 0 0 0 0 0 0 1418062759 20601989 4169891840 363114496 0 24968606 16601919 7063761 16508099 25549309
1790335769367 0 46235 0 3430870813 3384925322 0 0 0 0 0 0 1418127992 20602235 4170608640 179073024 0 25186963 16751824 7129901 16667061 25842834
1790335770387 0 54778 0 3430971572 3385017484 0 0 0 0 0 0 1418205205 20602504 4170432512 220352512 0 25406643 16903313 7205099 16808408 25969456
1790335771407 0 69175 0 3431078096 3385109631 0 0 0 0 0 0 1418285399 20602829 4171190272 275689472 0 25658055 17073191 7287277 16933962 26114249
1790335772439 0 81656 7903 3431191951 3385203152 0 0 0 0 0 0 1418365973 20603106 4170031104 382603264 1888256 25929538 17246800 7366815 17058446 26237351
1790335773463 0 109078 0 3431302339 3385293971 0 0 0 0 0 0 1418438655 20603407 4169740288 438530048 0 26181565 17409495 7440393 17208756 26406787
1790335774482 0 45792 0 3431384068 3385439015 0 0 0 0 0 0 1418496927 20603629 4169814016 176353280 0 26373313 17535214 7499814 17410185 26727015
1790335775505 0 76423 6999 3431502754 3385520122 0 0 0 0 0 0 1418564728 20603924 4168462336 355684352 0 26628105 17707648 7568131 17621230 26903095
1790335776526 0 88529 0 3431600879 3385613091 0 0 0 0 0 0 1418640238 20604211 4168327168 354189312 0 26872463 17860775 7641079 17754876 27067711
1790335777545 0 77018 0 3431697962 3385721643 0 0 0 0 0 0 1418711103 20604488 4168208384 307159040 0 27085671 18012015 7712464 17867700 27242810
1790335778565 0 72741 9 3431806279 3385834289 0 0 0 0 0 0 1418774240 20604749 4168142848 287596544 0 27328443 18166298 7776666 17991438 27373473
1790335779584 0 77217 0 3431918023 3385941472 0 0 0 0 0 0 1418843589 20605020 4167987200 307507200 0 27578562 18321596 7845469 18102346 27495718
1790335780604 0 69593 0 3432020968 3386052065 0 0 0 0 0 0 1418920093 20605299 4168036352 271138816 0 27798327 18476875 7922998 18210180 27689455
1790335781635 0 98230 1 3432135612 3386138111 0 0 0 0 0 0 1418998030 20605588 4167081984 396341248 0 28069105 18650172 7999499 18325394 27802039
1790335782666 0 89892 0 3432241973 3386252750 0 0 0 0 0 0 1419077637 20605877 4166836224 361558016 0 28314073 18806397 8079558 18419379 27959555
1790335783686 0 58546 6132 3432345720 3386381734 0 0 0 0 0 0 1419145428 20606120 4166590464 273256448 0 28537882 18959276 8148351 18652355 28277443
1790335784707 0 31581 2336 3432439797 3386506675 0 0 0 0 0 0 1419216836 20606398 4166238208 156622848 0 28758223 19106975 8219214 18745860 28421348
1790335785726 0 84221 1402 3432562100 3386577333 0 0 0 0 0 0 1419302106 20606703 4165955584 344969216 23191552 29024767 19286361 8305419 18947803 28612692
1790335786744 0 69227 3093 3432669505 3386698253 0 0 0 0 0 0 1419377101 20606982 4165464064 298213376 0 29264696 19442799 8377318 19147979 28933552
1790335787764 0 90920 0 3432774665 3386784519 0 0 0 0 0 0 1419457134 20607288 4166037504 364593152 0 29509656 19609201 8458923 19339995 29197685
1790335788783 0 96101 0 3432875016 3386879768 0 0 0 0 0 0 1419530639 20607557 4166475776 382332928 0 29736239 19761896 8532477 19531711 29504310
1790335789804 0 40168 0 3432959778 3387020392 0 0 0 0 0 0 1419601025 20607819 4166549504 158318592 0 29944740 19897721 8601232 19636041 29705794
1790335790823 0 96340 0 3433079479 3387083881 0 0 0 0 0 0 1419696546 20608175 4166930432 384307200 0 30231161 20088488 8698959 19891767 29867468
1790335791845 0 90491 0 3433162611 3387172970 0 0 0 0 0 0 1419770951 20608422 4166909952 364421120 0 30452383 20232915 8772226 20014581 30034820
1790335792866 0 66890 8541 3433253544 3387278819 0 0 0 0 0 0 1419846937 20608723 4167925760 300593152 30277632 30683165 20381839 8850278 20253472 30324451
1790335793886 0 75541 5 3433349511 3387374703 0 0 0 0 0 0 1419919328 20608975 4168323072 303878144 0 30928957 20537513 8920592 20458077 30608947
1790335794907 0 40624 0 3433418529 3387478676 0 0 0 0 0 0 1419970681 20609182 4168257536 158183424 0 31090022 20645049 8972857 20598716 31013935
1790335795927 0 128622 0 3433553587 3387525781 0 0 0 0 0 0 1420055784 20609545 4166524928 520585216 0 31376530 20838179 9057057 20758595 31125491
1790335796945 0 65913 60 3433633230 3387668065 0 0 0 0 0 0 1420115314 20609766 4166676480 269971456 14422016 31570021 20965211 9118116 20923717 31456184
1790335797964 0 96940 15330 3433747696 3387736278 0 0 0 0 0 0 1420210155 20610120 4168118272 402481152 79724544 31861039 21158509 9213516 21112536 31630352
1790335798982 0 82425 5057 3433836117 3387849528 0 0 0 0 0 0 1420281558 20610374 4168388608 362184704 16216064 32086545 21305017 9284871 21261732 31830264
1790335800000 0 68992 543 3433938958 3387970175 0 0 0 0 0 0 1420349365 20610647 4168245248 282591232 18595840 32322592 21459849 9352679 21365969 32059865
1790335801019 0 80054 5269 3434047272 3388062708 0 0 0 0 0 0 1420419648 20610904 4167004160 376201216 0 32564356 21618922 9422915 21592543 32321517
1790335802038 0 111906 0 3434153030 3388141795 0 0 0 0 0 0 1420493664 20611238 4167012352 448372736 0 32794214 21779327 9495935 21832758 32557755
1790335803057 0 73301 2249 3434245568 3388270808 0 0 0 0 0 0 1420561399 20611469 4167471104 303235072 0 33012398 21923734 9564092 21999594 32869811
1790335804076 0 56339 1625 3434345352 3388388234 0 0 0 0 0 0 1420631483 20611735 4167843840 263237632 1404928 33252292 22081614 9634555 22101443 33050667
1790335805096 0 74221 39 3434455015 3388481421 0 0 0 0 0 0 1420709178 20612039 4167950336 294928384 0 33511188 22251873 9711472 22302556 33286293
1790335806115 0 68388 0 3434551443 3388583823 0 0 0 0 0 0 1420780544 20612287 4167819264 269991936 0 33738825 22403833 9782321 22533068 33597796
1790335807135 0 57310 0 3434645826 3388689346 0 0 0 0 0 0 1420849864 20612560 4167651328 228581376 0 33956967 22549629 9850430 22765202 33945847
1790335808154 0 91279 0 3434763882 3388773315 0 0 0 0 0 0 1420919286 20612839 4167184384 364601344 0 34201521 22715641 9921600 22872896 34075896
1790335809182 0 59106 2695 3434860560 3388899954 0 0 0 0 0 0 1420981840 20613068 4166905856 269037568 9932800 34416580 22860550 9985132 23045125 34426539
1790335810204 0 81796 0 3434964874 3388983919 0 0 0 0 0 0 1421055807 20613368 4166787072 324550656 0 34651560 23022052 10058072 23153571 34606969
1790335811226 0 79560 0 3435063018 3389084260 0 0 0 0 0 0 1421123025 20613627 4165877760 319561728 0 34864088 23170940 10125365 23344200 34906112
1790335812247 0 54252 0 3435157462 3389204074 0 0 0 0 0 0 1421183681 20613844 4165468160 229335040 3366912 35061317 23309915 10186972 23464407 35108154
1790335813266 0 124763 0 3435279258 3389255270 0 0 0 0 0 0 1421266430 20614186 4166324224 502693888 0 35354995 23498336 10268641 23622282 35237549
1790335814288 0 63346 2299 3435352021 3389387021 0 0 0 0 0 0 1421318766 20614404 4167163904 266342400 21725184 35524224 23613466 10322058 23831871 35654559
1790335815310 0 68391 0 3435451355 3389483707 0 0 0 0 0 0 1421381706 20614662 4166029312 269459456 0 35735388 23753333 10383999 23974965 35899368
1790335816329 0 69800 15 3435554154 3389585116 0 0 0 0 0 0 1421457690 20614956 4166311936 276111360 0 35967488 23910709 10459476 24177642 36195648
1790335817348 0 78868 8342 3435654339 3389667929 0 0 0 0 0 0 1421537125 20615268 4167868416 369197056 0 36209678 24074190 10538385 24307049 36368903
1790335818367 0 69413 9609 3435750351 3389772082 0 0 0 0 0 0 1421597422 20615549 4167327744 284413952 55115776 36437046 24214997 10600783 24375205 36487923
1790335819390 0 81646 3333 3435847980 3389863756 0 0 0 0 0 0 1421670379 20615822 4168237056 334422016 31023104 36673523 24362872 10673671 24646723 36789167
1790335820409 0 59216 0 3435933388 3389974884 0 0 0 0 0 0 1421732331 20616047 4168470528 229937152 0 36852342 24489255 10734106 24753077 36958768
1790335821429 0 87662 0 3436035571 3390048667 0 0 0 0 0 0 1421808539 20616333 4168077312 348766208 0 37096397 24649239 10810074 24890806 37111824
1790335822456 0 100324 0 3436136254 3390136732 0 0 0 0 0 0 1421885523 20616633 4169125888 408817664 13783040 37352539 24810985 10887129 25116335 37405128
1790335823501 0 101482 13642 3436233818 3390219487 0 0 0 0 0 0 1421955174 20616895 4168675328 415637504 74133504 37590265 24966364 10958466 25338777 37677700
1790335824524 0 86833 2555 3436325241 3390336691 0 0 0 0 0 0 1422001429 20617114 4166836224 355590144 27099136 37770220 25087781 11004721 25515589 38060782
1790335825542 0 22864 6570 3436403434 3390474903 0 0 0 0 0 0 1422056889 20617328 4167520256 109871104 26169344 37957955 25206010 11060181 25760040 38457906
1790335826561 0 77709 0 3436508524 3390531570 0 0 0 0 0 0 1422146716 20617675 4169240576 304803840 0 38219814 25380623 11149779 25929619 38620725
1790335827585 0 56794 949 3436598101 3390641153 0 0 0 0 0 0 1422208331 20617900 4168069120 247123968 1478656 38421083 25516808 11210966 26016878 38836081
1790335828604 0 107302 0 3436714205 3390707647 0 0 0 0 0 0 1422295018 20618227 4167913472 431194112 0 38703349 25691242 11296342 26245374 39057808
1790335829631 0 8289 10984 3436783585 3390865114 0 0 0 0 0 0 1422350962 20618432 4168368128 67284992 41369600 38880411 25807366 11354253 26373214 39314981
1790335830655 0 66214 0 3436895107 3390929723 0 0 0 0 0 0 1422431107 20618764 4167892992 267153408 0 39131810 25978783 11431836 26624016 39515191
1790335831674 0 70661 5037 3436990679 3391015833 0 0 0 0 0 0 1422510678 20619034 4167999488 327208960 0 39373841 26141046 11513764 26747191 39659393
1790335832702 0 67014 60 3437087524 3391121181 0 0 0 0 0 0 1422570838 20619275 4167495680 269389824 0 39578223 26280837 11571137 26969485 39945881
1790335833724 0 91287 0 3437196656 3391206205 0 0 0 0 0 0 1422642257 20619572 4166729728 363470848 0 39823407 26437916 11644563 27164888 40237930
1790335834746 0 44028 305 3437283037 3391339498 0 0 0 0 0 0 1422707523 20619851 4167475200 198778880 1400832 40025151 26574344 11709790 27270372 40455956
1790335835767 0 52110 8906 3437389407 3391429192 0 0 0 0 0 0 1422785554 20620180 4166967296 251162624 16166912 40263799 26740507 11788335 27331947 40520517
1790335836788 0 66717 15665 3437493697 3391512149 0 0 0 0 0 0 1422850808 20620472 4166926336 323506176 34541568 40509655 26891226 11853589 27536695 40815278
1790335837809 0 74217 0 3437582567 3391609116 0 0 0 0 0 0 1422918104 20620757 4167544832 293752832 0 40724264 27028485 11919868 27626541 40957450
1790335838833 0 91633 7300 3437686264 3391688231 0 0 0 0 0 0 1422999225 20621098 4166881280 375263232 50585600 40971523 27200364 12002557 27802671 41211174
1790335839858 0 12895 1135 3437755537 3391842248 0 0 0 0 0 0 1423049066 20621299 4167331840 75841536 3751936 41132387 27304798 12052359 27921361 41423270
1790335840888 0 82838 0 3437880562 3391898499 0 0 0 0 0 0 1423132256 20621661 4166410240 330936320 0 41406205 27484267 12134420 28074791 41552373
1790335841918 0 69831 0 3437969943 3392000906 0 0 0 0 0 0 1423201070 20621958 4166115328 283852800 10596352 41617466 27627978 12203851 28191778 41764162
1790335842936 0 97773 0 3438079825 3392082821 0 0 0 0 0 0 1423269848 20622273 4165185536 392282112 0 41843829 27786688 12271240 28445072 42040182
1790335843955 0 91494 5840 3438170770 3392174354 0 0 0 0 0 0 1423332573 20622532 4165431296 421371904 2355200 42060117 27926161 12335864 28567624 42214868
1790335844979 0 78147 2018 3438265781 3392286651 0 0 0 0 0 0 1423399295 20622806 4165578752 344780800 4214784 42277554 28071956 12402586 28751733 42567859
1790335846001 0 85292 0 3438366482 3392381993 0 0 0 0 0 0 1423473664 20623108 4165500928 339062784 0 42517015 28227753 12475989 28999221 42833818
1790335847020 0 76443 0 3438464163 3392488495 0 0 0 0 0 0 1423534246 20623382 4164947968 304738304 0 42740048 28373876 12537026 29217212 43137358
1790335848039 0 65425 5448 3438558610 3392588695 0 0 0 0 0 0 1423609717 20623681 4165328896 301137920 0 42962311 28525866 12613022 29336086 43283745
1790335849059 0 77019 0 3438663505 3392687153 0 0 0 0 0 0 1423684115 20623998 4165279744 309555200 0 43184006 28681896 12684942 29460273 43461674
1790335850080 0 44195 6004 3438754356 3392804912 0 0 0 0 0 0 1423750315 20624273 4165472256 208531456 20750336 43407676 28829283 12753096 29712021 43772500
1790335851101 0 54624 62 3438847402 3392893563 0 0 0 0 0 0 1423817588 20624543 4166066176 213499904 0 43618037 28968091 12819366 29849747 43917851
1790335852122 0 76240 4244 3438954800 3392975025 0 0 0 0 0 0 1423889033 20624873 4165726208 312279040 39235584 43859973 29129514 12892325 30016086 44118779
1790335853143 0 55396 16644 3439050290 3393079074 0 0 0 0 0 0 1423957824 20625146 4166025216 320901120 0 44090484 29281642 12961127 30153234 44291303
1790335854161 0 32 0 3439050357 3393151127 0 0 0 0 0 0 1424064715 20625700 4192538624 131072 0 44197944 29380045 13066003 30176480 44352150
1790335855181 0 33 0 3439050358 3393151127 0 0 0 0 0 0 1424267999 20626605 4196171776 131072 0 44438758 29581416 13268261 30289240 44410069
1790335856201 0 33 0 3439050358 3393151127 0 0 0 0 0 0 1424439760 20627298 4201832448 131072 0 44977178 29752300 13440527 30424907 44435882
1790335857225 0 33 0 3439050358 3393151127 0 0 0 0 0 0 1424571736 20629437 4200910848 131072 0 45160393 29887027 13575028 30605546 44509071
