1790325813194 0 0 0 2642555781 2596755004 0 0 0 0 0 0 1070880013 19477864 - - - - - - - -
1790325814822 0 148336 3887 2642980422 2597027743 0 0 0 0 0 0 1070880026 19477969 1480933376 548810752 18067456 0 0 13 0 32109
1790325816057 0 162868 17 2643157227 2597193395 0 0 0 0 0 0 1070880026 19477970 2408689664 655646720 16519168 0 0 13 0 102131
1790325817123 0 163964 3985 2643310939 2597342086 0 0 0 0 0 0 1070880026 19477972 3038613504 657166336 573440 0 0 13 0 159034
1790325818168 0 147034 10208 2643454964 2597496945 0 0 0 0 0 0 1070880026 19477972 3640811520 644923392 28905472 0 0 13 0 246919
1790325819234 0 153452 2036 2643611491 2597655301 0 0 0 0 0 0 1070880464 19477972 4141694976 645304320 8388608 97968 40197 509 22475 301266
1790325820262 0 111595 9158 2643740793 2597819270 0 0 0 0 0 0 1070885608 19477980 4140654592 467214336 38879232 310926 171740 5596 71152 363874
1790325821293 0 157801 1845 2643931429 2597971171 0 0 0 0 0 0 1070901887 19478005 4139974656 631083008 8388608 597898 374526 21873 135275 573943
1790325822314 0 118489 5929 2644043156 2598117927 0 0 0 0 0 0 1070914026 19478023 4139622400 481566720 32817152 767502 502777 33058 160934 670255
1790325823334 0 112191 2056 2644154755 2598239588 0 0 0 0 0 0 1070927643 19478043 4139675648 455626752 8388608 919186 624047 47252 201604 799427
1790325824367 0 77705 19030 2644269800 2598372261 0 0 0 0 0 0 1070951753 19478147 4140580864 360955904 43200512 1146182 766118 71741 252712 1124821
1790325825399 0 100007 3261 2644404501 2598500247 0 0 0 0 0 0 1070977894 19478323 4141744128 416366592 3477504 1398153 922863 97395 304454 1390065
1790325826434 0 115869 6122 2644534087 2598611316 0 0 0 0 0 0 1071016777 19478500 4144418816 474419200 25165824 1648414 1095927 136853 353806 1736202
1790325827461 0 102247 1766 2644648200 2598743324 0 0 0 0 0 0 1071045577 19478643 4145963008 414892032 22781952 1839568 1236929 165564 404496 2060622
1790325828485 0 103121 21364 2644775554 2598850281 0 0 0 0 0 0 1071084527 19478794 4148359168 422252544 87506944 2059593 1403323 204531 463238 2379996
1790325829507 0 83922 0 2644880390 2598995626 0 0 0 0 0 0 1071125082 19478931 4150550528 322383872 0 2253462 1539164 241777 525685 2744866
1790325830527 0 69871 36 2644995404 2599124640 0 0 0 0 0 0 1071164644 19479120 4152426496 282603520 10313728 2482561 1699029 283098 677121 3094000
1790325831562 0 89335 1808 2645143734 2599251830 0 0 0 0 0 0 1071221014 19479363 4155158528 384008192 5713920 2785306 1900691 340007 731270 3355286
1790325832627 0 88693 888 2645270092 2599379856 0 0 0 0 0 0 1071277447 19479553 4156686336 381329408 13119488 3040390 2082897 395485 803542 3678956
1790325833680 0 79700 0 2645388181 2599507627 0 0 0 0 0 0 1071330205 19479743 4157747200 306126848 0 3285328 2250407 448153 881502 4077139
1790325834711 0 39177 2030 2645487292 2599645303 0 0 0 0 0 0 1071388096 19479908 4159799296 170663936 7122944 3514935 2406993 505567 940851 4358922
1790325835746 0 97630 22246 2645656991 2599736338 0 0 0 0 0 0 1071488090 19480214 4161933312 399589376 91119616 3913721 2681794 607638 1054027 4601903
1790325836786 0 84856 1328 2645756616 2599869582 0 0 0 0 0 0 1071553765 19480415 4163436544 352858112 3276800 4160811 2841213 671238 1114612 4887967
1790325837813 0 135299 0 2645901792 2599965773 0 0 0 0 0 0 1071640171 19480673 4164665344 531898368 0 4518666 3071713 759501 1198834 5204291
1790325838852 0 102563 8168 2645994515 2600083012 0 0 0 0 0 0 1071714380 19480870 4165849088 438550528 19664896 4787956 3242716 833856 1248786 5422787
1790325839886 0 116192 2456 2646123273 2600203881 0 0 0 0 0 0 1071809778 19481122 4168065024 481435648 20516864 5124514 3463550 928230 1339561 5696486
1790325840916 0 65153 0 2646211752 2600345748 0 0 0 0 0 0 1071880054 19481299 4168601600 247296000 0 5342154 3615248 994509 1440298 6201274
1790325841940 0 69109 0 2646336656 2600466580 0 0 0 0 0 0 1071983589 19481608 4168601600 266371072 0 5691724 3844023 1098154 1557812 6451209
1790325842971 0 59194 0 2646442253 2600582293 0 0 0 0 0 0 1072063644 19481890 4169240576 222470144 0 5977814 4027911 1180078 1757201 6802289
1790325844001 0 75156 4058 2646566162 2600686164 0 0 0 0 0 0 1072173510 19482237 4169048064 306401280 14876672 6346930 4256105 1292488 1855546 7124943
1790325845026 0 76368 2098 2646680684 2600801469 0 0 0 0 0 0 1072265917 19482522 4168781824 311693312 8781824 6658688 4451720 1385904 1936851 7470856
1790325846048 0 86639 0 2646802390 2600914738 0 0 0 0 0 0 1072362583 19482809 4167049216 329129984 0 6957391 4639254 1478781 2033788 7829412
1790325847083 0 84273 45 2646910331 2601025341 0 0 0 0 0 0 1072446169 19483060 4165255168 342962176 39038976 7234214 4814550 1566161 2103110 7999377
1790325848129 0 63957 2102 2647018766 2601151785 0 0 0 0 0 0 1072515455 19483245 4163469312 266850304 1052672 7465888 4953674 1632877 2192840 8349984
1790325849162 0 77356 107 2647150309 2601272178 0 0 0 0 0 0 1072592449 19483470 4160339968 316850176 9224192 7724876 5109365 1711043 2322905 8821868
1790325850182 0 98806 0 2647286571 2601386865 0 0 0 0 0 0 1072672441 19483711 4157034496 381562880 0 8002043 5271897 1787838 2435739 9188258
1790325851217 0 7807 1 2647359481 2601550699 0 0 0 0 0 0 1072718556 19483830 4155678720 24883200 15499264 8171993 5369992 1836096 2498292 9482125
1790325852280 0 73772 1402 2647520655 2601644834 0 0 0 0 0 0 1072818689 19484114 4151959552 297041920 14712832 8513885 5573447 1936137 2607033 9722448
1790325853328 0 43216 657 2647612751 2601768139 0 0 0 0 0 0 1072874136 19484275 4149841920 176832512 14782464 8735562 5700496 1994118 2680391 9980978
1790325854349 0 54930 0 2647737238 2601881475 0 0 0 0 0 0 1072951732 19484497 4148375552 207384576 0 9004957 5866779 2066011 2750902 10166696
1790325855377 0 58520 778 2647853220 2601993198 0 0 0 0 0 0 1073021454 19484698 4146978816 241442816 5861376 9262038 6026665 2141316 2855230 10484480
1790325856401 0 53067 1 2647964993 2602110980 0 0 0 0 0 0 1073101181 19484927 4145438720 197783552 0 9521226 6187133 2216070 2968208 10824464
1790325857425 0 99029 0 2648101011 2602201156 0 0 0 0 0 0 1073206323 19485260 4145778688 382959616 0 9841069 6402721 2323490 3074742 11034074
1790325858453 0 68882 0 2648170349 2602300443 0 0 0 0 0 0 1073257701 19485414 4145844224 278728704 0 10018359 6518495 2375901 3151610 11305820
1790325859477 0 83062 72 2648285805 2602401867 0 0 0 0 0 0 1073323932 19485635 4145901568 332607488 7757824 10286088 6685318 2442400 3243191 11550744
1790325860511 0 95042 989 2648417425 2602520606 0 0 0 0 0 0 1073422509 19485935 4146405376 411234304 8519680 10620037 6896365 2542498 3352409 11817099
1790325861548 0 53064 57 2648511588 2602657701 0 0 0 0 0 0 1073495300 19486136 4147265536 202375168 1871872 10832159 7041658 2611220 3452541 12142358
1790325862576 0 82129 0 2648654268 2602771300 0 0 0 0 0 0 1073584098 19486404 4146958336 314757120 0 11151728 7246240 2701218 3526183 12353823
1790325863604 0 74550 2479 2648748278 2602870446 0 0 0 0 0 0 1073661617 19486627 4148461568 315805696 13602816 11408427 7406769 2781598 3634355 12753803
1790325864631 0 83332 8614 2648871563 2602979199 0 0 0 0 0 0 1073747783 19486866 4149112832 354787328 31526912 11688630 7599272 2867782 3729857 13001965
1790325865655 0 47835 1920 2648960316 2603109868 0 0 0 0 0 0 1073805249 19487022 4148240384 207392768 8769536 11905903 7730937 2925261 3832124 13352998
1790325866675 0 109426 5913 2649118039 2603202324 0 0 0 0 0 0 1073930928 19487374 4150124544 448348160 37818368 12292472 7988510 3050971 3926201 13515154
1790325867703 0 81009 4158 2649210052 2603323947 0 0 0 0 0 0 1074018178 19487590 4151332864 340869120 0 12533949 8145538 3134073 4037042 13817387
1790325868727 0 85297 0 2649318813 2603432534 0 0 0 0 0 0 1074106639 19487827 4153319424 331173888 0 12825291 8327354 3221835 4122333 14048724
1790325869751 0 63169 4890 2649417705 2603548741 0 0 0 0 0 0 1074171156 19488133 4152799232 282673152 4489216 13083788 8479866 3290626 4226107 14295330
1790325870775 0 104299 0 2649551733 2603646617 0 0 0 0 0 0 1074263010 19488423 4152074240 404475904 0 13412833 8680572 3380465 4317326 14482846
1790325871798 0 24397 0 2649630055 2603804937 0 0 0 0 0 0 1074321484 19488638 4152242176 79339520 0 13609624 8806890 3436943 4425188 14968092
1790325872826 0 98883 0 2649785547 2603885835 0 0 0 0 0 0 1074451088 19489551 4153106432 387006464 0 14015244 9072564 3565815 4500917 15145079
1790325873861 0 98010 0 2649901462 2604002574 0 0 0 0 0 0 1074536177 19489822 4154429440 377450496 0 14307095 9259914 3651230 4619386 15443383
1790325874909 0 88073 16253 2650025498 2604120375 0 0 0 0 0 0 1074613341 19490080 4153720832 427126784 9048064 14627361 9456858 3732300 4711811 15665302
1790325875934 0 87281 5798 2650121509 2604227629 0 0 0 0 0 0 1074688830 19490332 4154019840 357498880 33091584 14876912 9619303 3808810 4804332 15898515
1790325876956 0 64955 0 2650223898 2604358078 0 0 0 0 0 0 1074769166 19490564 4153884672 249597952 0 15113087 9779983 3883386 4912967 16198061
1790325877979 0 73075 9636 2650344463 2604461113 0 0 0 0 0 0 1074870560 19490873 4154716160 338866176 0 15429283 9991243 3989510 5016488 16458572
1790325879007 0 81598 0 2650455665 2604573120 0 0 0 0 0 0 1074952289 19491115 4154589184 315346944 942080 15694507 10160621 4067143 5131402 16760569
1790325880044 0 91829 455 2650581843 2604688750 0 0 0 0 0 0 1075039026 19491390 4154200064 377479168 1523712 16009252 10357526 4156455 5228709 17031449
1790325881072 0 60131 16387 2650691253 2604814000 0 0 0 0 0 0 1075113449 19491606 4153966592 281407488 47964160 16287873 10532868 4233450 5304828 17221623
1790325882096 0 89553 0 2650830982 2604940717 0 0 0 0 0 0 1075209825 19491878 4153008128 349818880 4534272 16613328 10740026 4325718 5398877 17535420
1790325883132 0 85426 10 2650944875 2605058496 0 0 0 0 0 0 1075281557 19492096 4151537664 338698240 23855104 16867443 10905720 4399417 5486137 17810781
1790325884189 0 67842 0 2651058154 2605189488 0 0 0 0 0 0 1075359388 19492333 4151250944 264257536 0 17132468 11073732 4473494 5546524 17980501
1790325885221 0 102915 0 2651206882 2605303099 0 0 0 0 0 0 1075471861 19492680 4152143872 402046976 0 17503642 11309568 4588813 5644293 18218726
1790325886265 0 13530 458 2651290943 2605476188 0 0 0 0 0 0 1075537620 19492893 4152934400 81375232 6672384 17723305 11447150 4656067 5723123 18515407
1790325887335 0 74856 0 2651445666 2605569967 0 0 0 0 0 0 1075638499 19493207 4151496704 277200896 0 18081941 11664499 4755850 5815447 18729462
1790325888373 0 86369 0 2651563503 2605676440 0 0 0 0 0 0 1075714160 19493432 4150079488 331902976 0 18346613 11831205 4830949 5917773 19010237
1790325889395 0 123769 584 2651708098 2605783026 0 0 0 0 0 0 1075814499 19493740 4148699136 504758272 0 18683550 12043944 4931486 6013296 19302685
1790325890416 0 67708 571 2651799866 2605930931 0 0 0 0 0 0 1075875806 19493951 4147253248 281088000 2506752 18893807 12175147 4994273 6106850 19669178
1790325891437 0 22661 2154 2651894962 2606069259 0 0 0 0 0 0 1075938969 19494205 4146626560 101212160 13697024 19116030 12312689 5058981 6193185 20035880
1790325892464 0 75795 0 2652046176 2606169438 0 0 0 0 0 0 1076059452 19494575 4146671616 283787264 0 19490824 12543837 5174322 6280805 20217256
1790325893489 0 65370 5948 2652156508 2606284353 0 0 0 0 0 0 1076132819 19494814 4145156096 267923456 34140160 19754448 12709602 5252861 6389557 20439810
1790325894511 0 73890 815 2652271480 2606395972 0 0 0 0 0 0 1076197487 19495065 4143202304 300924928 20459520 20015413 12865779 5317572 6473446 20639405
1790325895542 0 81104 0 2652390166 2606508327 0 0 0 0 0 0 1076288872 19495370 4143325184 310149120 0 20301419 13043452 5402816 6562237 20848438
1790325896588 0 13970 12920 2652502573 2606674843 0 0 0 0 0 0 1076355733 19495627 4142579712 128311296 12025856 20538615 13201677 5475714 6649249 21127469
1790325897625 0 91521 1176 2652662414 2606768962 0 0 0 0 0 0 1076456817 19496007 4141105152 377032704 0 20901243 13431939 5573260 6752040 21335624
1790325898664 0 71904 393 2652774996 2606901904 0 0 0 0 0 0 1076531956 19496295 4141199360 313114624 9818112 21172561 13604231 5650715 6823509 21526685
1790325899708 0 61262 4412 2652894225 2607027798 0 0 0 0 0 0 1076630078 19496641 4142514176 244621312 39837696 21459425 13803108 5750059 6919077 21796670
1790325900740 0 76672 17156 2653043615 2607149001 0 0 0 0 0 0 1076727609 19497291 4141486080 390279168 3788800 21799954 14024996 5847310 7033944 21990501
1790325901766 0 54897 1385 2653150567 2607293561 0 0 0 0 0 0 1076799395 19497559 4142374912 239357952 1511424 22063853 14188586 5917214 7117227 22296431
1790325902802 0 55471 8148 2653286856 2607422308 0 0 0 0 0 0 1076878476 19497861 4140945408 266010624 0 22364463 14380541 5996404 7228907 22521670
1790325903830 0 63510 22 2653417534 2607553120 0 0 0 0 0 0 1076970584 19498196 4141821952 253140992 3891200 22673835 14582818 6087287 7342428 22815652
1790325904865 0 89919 33 2653563770 2607672942 0 0 0 0 0 0 1077099003 19498639 4144533504 358813696 8060928 23060088 14834898 6217963 7444083 23049822
1790325905892 0 81708 54 2653688992 2607806541 0 0 0 0 0 0 1077179127 19498960 4144824320 345837568 6508544 23355054 15022566 6298098 7589299 23384483
1790325906914 0 74417 14946 2653834381 2607944322 0 0 0 0 0 0 1077286926 19499381 4146020352 322015232 58847232 23730586 15253956 6406912 7666151 23590234
1790325907937 0 58343 0 2653948248 2608089068 0 0 0 0 0 0 1077362939 19499659 4146249728 221294592 0 23995030 15420294 6480218 7748469 23877854
1790325908960 0 64771 420 2654081595 2608215625 0 0 0 0 0 0 1077459476 19500040 4145774592 268558336 2871296 24325126 15638486 6578949 7869717 24167311
1790325909985 0 85515 17 2654237454 2608351232 0 0 0 0 0 0 1077563199 19500454 4145778688 333393920 0 24670460 15864060 6677839 7978017 24442753
1790325911013 0 56788 0 2654344964 2608487407 0 0 0 0 0 0 1077635068 19500759 4146049024 211755008 0 24932906 16029001 6749533 8059792 24760192
1790325912052 0 89243 675 2654496612 2608605966 0 0 0 0 0 0 1077735232 19501136 4146282496 379932672 2285568 25291245 16265610 6855211 8175531 25077563
1790325913081 0 69407 0 2654614788 2608744419 0 0 0 0 0 0 1077828533 19501500 4146737152 269160448 2285568 25566824 16453468 6944588 8255698 25364738
1790325914116 0 106643 72 2654766447 2608859062 0 0 0 0 0 0 1077951052 19501942 4148527104 412033024 0 25967104 16703589 7067895 8378568 25633593
1790325915160 0 79408 3925 2654890642 2609006421 0 0 0 0 0 0 1078032585 19502281 4148310016 323411968 42287104 26285043 16898421 7152642 8481000 25907488
1790325916189 0 68812 37 2655009338 2609139660 0 0 0 0 0 0 1078125720 19502656 4147826688 275681280 4653056 26584337 17082558 7244553 8583257 26208156
1790325917228 0 45282 734 2655122369 2609275761 0 0 0 0 0 0 1078211849 19503007 4148137984 195690496 7331840 26860957 17259966 7331316 8663220 26518054
1790325918251 0 131783 0 2655295139 2609362554 0 0 0 0 0 0 1078322816 19503488 4145647616 521646080 0 27267294 17510660 7438106 8768306 26761863
1790325919288 0 95375 652 2655402861 2609506201 0 0 0 0 0 0 1078389450 19503769 4145991680 398934016 4718592 27536920 17667900 7506914 8875579 27126019
1790325920311 0 89003 12360 2655538396 2609636244 0 0 0 0 0 0 1078493147 19504148 4146626560 375234560 52277248 27878439 17889458 7612658 8968002 27374773
1790325921336 0 71308 3931 2655657448 2609781601 0 0 0 0 0 0 1078575255 19504474 4144713728 316919808 1683456 28144100 18062373 7694304 9063862 27669118
1790325922362 0 11640 0 2655751667 2609939310 0 0 0 0 0 0 1078643087 19504751 4146294784 25161728 0 28364672 18206612 7758980 9159204 27979698
1790325923390 0 113529 0 2655928381 2610014063 0 0 0 0 0 0 1078775076 19505265 4146348032 444440576 0 28805749 18476406 7889493 9290024 28185798
1790325924422 0 61721 1001 2656010640 2610147423 0 0 0 0 0 0 1078835830 19505516 4146356224 267661312 5795840 29012844 18609459 7955421 9368863 28581136
1790325925456 0 100044 10954 2656159590 2610247908 0 0 0 0 0 0 1078940217 19505904 4145754112 446853120 23437312 29385419 18833562 8060199 9514146 28850933
1790325926483 0 73345 4 2656255801 2610381662 0 0 0 0 0 0 1079014568 19506210 4146237440 279232512 0 29618302 18978614 8130119 9633444 29219735
1790325927512 0 19414 59 2656352827 2610532513 0 0 0 0 0 0 1079079776 19506509 4145065984 58200064 0 29844704 19121704 8195971 9756894 29537612
1790325928544 0 71233 9286 2656512945 2610631836 0 0 0 0 0 0 1079183593 19506927 4143374336 337920000 0 30227122 19361934 8300968 9854582 29746280
1790325929572 0 75251 17 2656627712 2610751565 0 0 0 0 0 0 1079270417 19507262 4143951872 303738880 16457728 30509535 19544801 8389421 9992429 30099217
1790325930592 0 101520 6988 2656771399 2610862174 0 0 0 0 0 0 1079371118 19507698 4143960064 415846400 42835968 30843736 19761207 8491101 10073472 30317066
1790325931613 0 65172 3836 2656872531 2611002659 0 0 0 0 0 0 1079437468 19507962 4143726592 274018304 0 31078384 19902293 8554280 10195527 30671436
1790325932640 0 12028 316 2656971235 2611158036 0 0 0 0 0 0 1079528230 19508292 4145438720 65437696 1753088 31365195 20079574 8644583 10314692 31044881
1790325933677 0 81593 14387 2657146989 2611250199 0 0 0 0 0 0 1079646325 19508758 4144304128 391700480 15306752 31771997 20343877 8765804 10423238 31302035
1790325934705 0 73280 9935 2657260526 2611376590 0 0 0 0 0 0 1079720762 19509068 4143009792 339247104 7266304 32036432 20511791 8840775 10505656 31587599
1790325935728 0 94040 0 2657381664 2611486882 0 0 0 0 0 0 1079804019 19509418 4142985216 363991040 0 32330071 20691095 8921453 10617577 31910249
1790325936753 0 88406 11198 2657514342 2611614137 0 0 0 0 0 0 1079897167 19509782 4142743552 424861696 253952 32647616 20898065 9015615 10718484 32223353
1790325937789 0 508 2476 2657581050 2611777387 0 0 0 0 0 0 1079952613 19509981 4143624192 24154112 8736768 32816121 21008750 9071259 10806344 32694722
1790325938822 0 38946 3448 2657720906 2611877831 0 0 0 0 0 0 1080054394 19510368 4143947776 179118080 1671168 33168671 21225671 9174374 10890843 32891594
1790325939845 0 51825 1971 2657841624 2611987408 0 0 0 0 0 0 1080140736 19510725 4143538176 210526208 0 33452424 21401572 9255560 10987043 33157679
1790325940868 0 67142 0 2657963146 2612095233 0 0 0 0 0 0 1080239299 19511105 4143710208 252768256 0 33765131 21598062 9354162 11078652 33399118
1790325941906 0 76541 9410 2658091298 2612204660 0 0 0 0 0 0 1080336256 19511506 4143550464 361967616 0 34083350 21807176 9452570 11193589 33686230
1790325942935 0 23659 40 2658177628 2612353246 0 0 0 0 0 0 1080401894 19511769 4144386048 76148736 0 34321246 21951069 9520418 11292757 34107049
1790325943962 0 74417 2451 2658336051 2612458583 0 0 0 0 0 0 1080510317 19512208 4143816704 329023488 1781760 34725527 22202062 9629363 11408779 34330345
1790325944985 0 94245 0 2658468512 2612573441 0 0 0 0 0 0 1080615063 19512609 4144574464 361295872 0 35046616 22413008 9732722 11551168 34695813
1790325946009 0 99152 11972 2658607127 2612695207 0 0 0 0 0 0 1080718743 19513012 4144807936 460869632 9711616 35394706 22633988 9838729 11670683 35058996
1790325947032 0 105853 2459 2658724613 2612815744 0 0 0 0 0 0 1080805562 19513398 4144873472 454201344 4657152 35689036 22812894 9924524 11747831 35378338
1790325948068 0 3708 424 2658777756 2612973040 0 0 0 0 0 0 1080840492 19513544 4145553408 20148224 5570560 35816983 22890216 9958947 11828592 35866172
1790325949088 0 79146 671 2658937584 2613057063 0 0 0 0 0 0 1080960611 19514008 4145242112 332943360 425984 36212336 23140859 10080613 11915495 36048477
1790325950109 0 73108 0 2659057284 2613183354 0 0 0 0 0 0 1081050577 19514351 4145061888 279687168 0 36495876 23322508 10163803 12010567 36313637
1790325951133 0 101575 36 2659203483 2613301074 0 0 0 0 0 0 1081148166 19514759 4144074752 399552512 0 36840923 23540309 10262523 12103636 36534236
1790325952164 0 64832 7057 2659314123 2613441536 0 0 0 0 0 0 1081228805 19515073 4144746496 308822016 0 37118857 23716997 10346733 12254855 36962165
1790325953198 0 11143 3718 2659424587 2613609015 0 0 0 0 0 0 1081310974 19515410 4145012736 63844352 14151680 37395686 23892906 10430443 12359794 37374897
1790325954229 0 76010 8460 2659587493 2613702210 0 0 0 0 0 0 1081431635 19515903 4145184768 345747456 7696384 37800281 24149893 10551110 12473837 37629639
1790325955255 0 89620 14776 2659724080 2613818976 0 0 0 0 0 0 1081532243 19516271 4145164288 408358912 35135488 38145965 24363663 10651740 12570286 37859546
1790325956285 0 74570 626 2659852919 2613977289 0 0 0 0 0 0 1081611383 19516604 4144283648 322048000 6852608 38427099 24546514 10730847 12701802 38139821
1790325957318 0 71765 11490 2659973625 2614089659 0 0 0 0 0 0 1081690104 19516935 4143251456 289824768 60768256 38717037 24729211 10810092 12801741 38404342
1790325958344 0 48707 0 2660088775 2614239338 0 0 0 0 0 0 1081784546 19517306 4144594944 184434688 2326528 38998896 24918351 10903529 12899035 38728173
1790325959373 0 89507 11 2660236138 2614345893 0 0 0 0 0 0 1081884564 19517728 4144111616 352804864 8032256 39330602 25136478 11001689 12962753 38890596
1790325960409 0 61926 1865 2660345679 2614481271 0 0 0 0 0 0 1081977110 19518078 4145455104 251633664 26238976 39631906 25324251 11097174 13088702 39210864
1790325961433 0 76944 63 2660474455 2614596690 0 0 0 0 0 0 1082088689 19518496 4147757056 290598912 0 39965236 25530591 11205923 13162573 39441001
1790325962463 0 100054 1085 2660621487 2614719572 0 0 0 0 0 0 1082188546 19518927 4146462720 408289280 23302144 40316433 25756521 11308116 13239217 39596285
1790325963491 0 12951 1148 2660709431 2614894560 0 0 0 0 0 0 1082260650 19519210 4145856512 67637248 1458176 40542181 25894195 11379637 13322542 39928399
1790325964530 0 111780 500 2660879438 2614966200 0 0 0 0 0 0 1082392065 19519741 4146651136 464699392 1167360 40965460 26166664 11510049 13454837 40118687
1790325965562 0 99592 14 2660960807 2615060258 0 0 0 0 0 0 1082451618 19519989 4145790976 388304896 0 41174526 26291173 11568560 13562396 40495486
1790325966593 0 74831 0 2661030128 2615154523 0 0 0 0 0 0 1082504289 19520572 4145446912 303009792 2744320 41353240 26399106 11622077 13759098 41072165
1790325967639 0 85977 2238 2661132722 2615243769 0 0 0 0 0 0 1082573411 19520990 4144914432 352903168 21463040 41596253 26556655 11692373 13883960 41483798
1790325968667 0 35209 2215 2661199530 2615361423 0 0 0 0 0 0 1082623237 19521199 4145430528 142995456 17420288 41759429 26660576 11743220 14023046 42041071
1790325969688 0 63376 8906 2661315034 2615442108 0 0 0 0 0 0 1082705487 19521560 4144443392 303206400 0 42031213 26835543 11825048 14110541 42282275
1790325970709 0 78115 8833 2661412717 2615525119 0 0 0 0 0 0 1082787643 19521876 4145012736 363130880 0 42291088 26994512 11905143 14213901 42580528
1790325971739 0 87921 62 2661519944 2615631205 0 0 0 0 0 0 1082869576 19522195 4146139136 353718272 19202048 42569235 27167038 11988667 14342020 42927306
1790325972789 0 80234 3358 2661605386 2615721082 0 0 0 0 0 0 1082930323 19522458 4146630656 326529024 21540864 42789244 27298898 12049790 14442279 43288611
1790325973811 0 55133 345 2661676733 2615820511 0 0 0 0 0 0 1082983110 19522704 4145942528 228323328 2228224 42970990 27406122 12100166 14536801 43696268
1790325974841 0 65547 0 2661798661 2615932315 0 0 0 0 0 0 1083067480 19523068 4145786880 252715008 0 43248143 27584106 12182581 14639414 44038359
1790325975867 0 122256 676 2661923361 2615999761 0 0 0 0 0 0 1083152796 19523465 4144484352 497467392 2248704 43556378 27776268 12272265 14723222 44340259
1790325976887 0 80621 570 2661985495 2616103750 0 0 0 0 0 0 1083212296 19523693 4144398336 331501568 3596288 43721161 27881784 12329728 14843676 44873294
1790325977912 0 94166 1455 2662082123 2616185808 0 0 0 0 0 0 1083285192 19523970 4144435200 383610880 12427264 43963304 28030903 12405172 14955984 45309512
1790325978944 0 53034 507 2662141109 2616286863 0 0 0 0 0 0 1083337466 19524180 4144979968 221675520 1564672 44110192 28127136 12453945 15056080 45679410
1790325979989 0 52262 39 2662223616 2616370535 0 0 0 0 0 0 1083404282 19524457 4145483776 200937472 0 44333858 28262310 12519147 15155873 46091273
1790325981029 0 58563 0 2662308742 2616449441 0 0 0 0 0 0 1083469464 19524735 4145303552 239501312 4530176 44543646 28398057 12586378 15242172 46409756
1790325982086 0 104502 25 2662427386 2616522141 0 0 0 0 0 0 1083548098 19525097 4144848896 407035904 0 44821289 28571489 12664291 15367242 46728285
1790325983123 0 100929 0 2662507817 2616606115 0 0 0 0 0 0 1083616958 19525365 4144742400 393904128 0 45048621 28707181 12732757 15443417 47012944
1790325984150 0 60769 273 2662567218 2616705221 0 0 0 0 0 0 1083666658 19525577 4144996352 244310016 1130496 45209264 28809475 12784611 15573301 47522433
1790325985190 0 27517 0 2662638214 2616809894 0 0 0 0 0 0 1083713032 19525806 4145233920 113139712 8761344 45373170 28914501 12830420 15677795 47893838
1790325986236 0 59750 292 2662751973 2616891273 0 0 0 0 0 0 1083800273 19526200 4144570368 249806848 4517888 45662530 29098256 12919777 15789378 48197227
1790325987256 0 92895 4673 2662873744 2616975313 0 0 0 0 0 0 1083890082 19526570 4145364992 409747456 1785856 45961403 29289783 13009661 15901855 48482556
1790325988278 0 102757 19 2663001116 2617097628 0 0 0 0 0 0 1083972472 19526962 4144074752 416870400 5230592 46254244 29469526 13091351 15990506 48732939
1790325989304 0 82513 1101 2663085405 2617200993 0 0 0 0 0 0 1084042151 19527249 4144996352 342929408 4440064 46463153 29608771 13160647 16071657 49107517
1790325990338 0 33197 0 2663148691 2617314734 0 0 0 0 0 0 1084082748 19527443 4144615424 118960128 2420736 46613969 29699419 13200176 16158280 49558981
1790325991367 0 77104 1080 2663276897 2617398330 0 0 0 0 0 0 1084182906 19527885 4144709632 311681024 3330048 46933037 29909568 13302349 16222921 49745222
1790325992391 0 65033 6092 2663368034 2617496101 0 0 0 0 0 0 1084244541 19528164 4144439296 303206400 2265088 47155693 30046890 13363083 16344095 50054148
1790325993419 0 80314 0 2663466154 2617585073 0 0 0 0 0 0 1084305710 19528459 4144312320 312942592 0 47377920 30188082 13423667 16440688 50440252
1790325994444 0 62951 354 2663553365 2617689491 0 0 0 0 0 0 1084378592 19528719 4144664576 256204800 1585152 47617201 30332189 13498570 16566386 50846120
1790325995465 0 55307 1387 2663640731 2617783384 0 0 0 0 0 0 1084442243 19529008 4144672768 228601856 0 47816338 30467828 13561237 16658991 51201925
1790325996489 0 61728 457 2663729190 2617866274 0 0 0 0 0 0 1084513683 19529300 4144152576 246603776 2199552 48036563 30609502 13631672 16801142 51670757
1790325997517 0 100673 565 2663844664 2617942779 0 0 0 0 0 0 1084600876 19529663 4144504832 410087424 9207808 48344919 30791941 13720575 16876567 51932431
1790325998548 0 79674 848 2663921152 2618039986 0 0 0 0 0 0 1084653282 19529897 4145168384 332845056 0 48530120 30904843 13770706 16987916 52369088
1790325999606 0 90948 365 2664025118 2618133122 0 0 0 0 0 0 1084725009 19530248 4144369664 377335808 1802240 48782894 31061958 13842682 17092301 52687536
1790326000652 0 12812 1947 2664069696 2618254152 0 0 0 0 0 0 1084759166 19530410 4144648192 51335168 16994304 48910344 31141853 13879148 17218159 53187079
1790326001673 0 95690 3 2664229030 2618332560 0 0 0 0 0 0 1084871416 19530891 4144062464 371810304 0 49266084 31371939 13987567 17318618 53406416
1790326002698 0 98511 0 2664341453 2618442170 0 0 0 0 0 0 1084950154 19531411 4144275456 380182528 0 49535605 31547141 14067258 17419265 53697260
1790326003729 0 83576 835 2664427522 2618542005 0 0 0 0 0 0 1085013043 19531665 4144209920 346365952 1609728 49751471 31683212 14131079 17524829 54029387
1790326004754 0 32 0 2664435943 2618635200 0 0 0 0 0 0 1085044480 19531787 4171149312 131072 0 49799670 31716163 14160887 17538472 54092284
1790326005775 0 33 0 2664435944 2618635200 0 0 0 0 0 0 1085233996 19532641 4173078528 131072 0 50010095 31905764 14350959 17602972 54135625
1790326006795 0 33 0 2664435944 2618635200 0 0 0 0 0 0 1085436637 19533489 4177502208 131072 0 50262130 32107822 14554097 17676291 54166302
1790326007815 0 33 0 2664435944 2618635200 0 0 0 0 0 0 1085604312 19534133 4182642688 131072 0 50909140 32272751 14720281 17872827 54195833
1790326008834 0 16 0 2664435945 2618635200 0 0 0 0 0 0 1085650494 19534315 1655640064 53248 0 50966723 32323083 14770474 17893598 54212495
