1790325531550 0 0 0 2619780555 2573979744 0 0 0 0 0 0 1055458611 19418554 - - - - - - - -
1790325532721 0 144838 3051 2620061833 2574113272 0 0 0 0 0 0 1055458612 19418654 1088888832 607768576 4628480 0 0 3 0 5240
1790325533783 0 161111 1923 2620248001 2574284084 0 0 0 0 0 0 1055458614 19418655 1865744384 642408448 6680576 0 0 3 0 129718
1790325534805 0 157589 4096 2620423403 2574460847 0 0 0 0 0 0 1055458614 19418655 2614509568 659156992 8380416 0 0 3 0 313614
1790325535843 0 122858 2047 2620577158 2574651284 0 0 0 0 0 0 1055458614 19418657 3214893056 519192576 10211328 0 0 3 0 385685
1790325536906 0 151067 3019 2620787951 2574832988 0 0 0 0 0 0 1055458614 19418657 4071022592 595574784 12738560 0 0 3 0 449545
1790325537931 0 145774 3024 2620969181 2575019621 0 0 0 0 0 0 1055464668 19418661 4140498944 594386944 8388608 311131 172307 5561 55015 506241
1790325538965 0 154749 1920 2621153987 2575196300 0 0 0 0 0 0 1055479378 19418684 4139724800 653778944 8388608 602178 376487 20767 98611 647860
1790325539998 0 152413 2049 2621326668 2575371397 0 0 0 0 0 0 1055498601 19418713 4139515904 602419200 23973888 844592 563213 39551 152264 820395
1790325541027 0 132938 10245 2621478989 2575534977 0 0 0 0 0 0 1055526635 19418814 4140257280 583360512 6664192 1105359 745061 66567 195406 1112091
1790325542056 0 122685 2670 2621613769 2575687540 0 0 0 0 0 0 1055554362 19419005 4141690880 509153280 12169216 1366286 904550 94725 243641 1422855
1790325543090 0 141642 0 2621765611 2575823033 0 0 0 0 0 0 1055596410 19419196 4144267264 556507136 0 1643358 1096650 136777 309853 1651860
1790325544115 0 104688 14717 2621891544 2575971252 0 0 0 0 0 0 1055632301 19419358 4146659328 478507008 16355328 1869519 1261284 173179 367830 1965788
1790325545140 0 80130 14610 2622022947 2576127333 0 0 0 0 0 0 1055676380 19419515 4149288960 383807488 58646528 2101261 1436827 216744 412828 2251708
1790325546161 0 105038 4141 2622185780 2576275750 0 0 0 0 0 0 1055729272 19419729 4151812096 450285568 65536 2403717 1651933 270149 539188 2525225
1790325547183 0 122744 0 2622336533 2576412858 0 0 0 0 0 0 1055791392 19420000 4155047936 480813056 0 2716330 1857278 330350 649019 2790955
1790325548207 0 32515 0 2622437873 2576604418 0 0 0 0 0 0 1055827929 19420139 4155691008 110542848 0 2909430 1992886 365390 705838 3121201
1790325549235 0 128981 19416 2622636264 2576686971 0 0 0 0 0 0 1055924013 19420470 4157947904 528547840 79527936 3355943 2295804 465424 774227 3265974
1790325550260 0 134892 8172 2622782446 2576838455 0 0 0 0 0 0 1056000926 19420707 4160016384 583663616 33554432 3665380 2515442 541338 851380 3518333
1790325551284 0 141102 0 2622914970 2576973059 0 0 0 0 0 0 1056096862 19420973 4163244032 558321664 0 4004579 2737131 634858 945511 3863355
1790325552311 0 133653 0 2623054174 2577119569 0 0 0 0 0 0 1056180002 19421240 4164558848 529469440 0 4335525 2957796 716831 1021907 4014777
1790325553336 0 75253 0 2623175289 2577299176 0 0 0 0 0 0 1056254194 19421447 4165103616 288104448 0 4649817 3153655 792581 1085115 4194777
1790325554384 0 91749 2299 2623337221 2577442681 0 0 0 0 0 0 1056376410 19421774 4167540736 431005696 59838464 5089554 3440212 916300 1180491 4347675
1790325555467 0 107612 4830 2623480210 2577567083 0 0 0 0 0 0 1056486853 19422082 4167602176 480669696 16777216 5477243 3695281 1027743 1301602 4481342
1790325556507 0 95108 6708 2623609949 2577707316 0 0 0 0 0 0 1056589502 19422393 4168392704 425422848 9990144 5828287 3926009 1129385 1401832 4660295
1790325557539 0 114490 18315 2623747859 2577814033 0 0 0 0 0 0 1056704748 19422785 4168564736 544108544 80715776 6215807 4169527 1245970 1538324 4860134
1790325558573 0 25185 33 2623812512 2577986334 0 0 0 0 0 0 1056764851 19422967 4169269248 90918912 0 6388469 4284143 1300394 1635697 5180554
1790325559600 0 70924 18 2623951369 2578079489 0 0 0 0 0 0 1056879743 19423307 4168605696 269156352 0 6768683 4516551 1416377 1743785 5417198
1790325560629 0 51232 26626 2624054772 2578176310 0 0 0 0 0 0 1056960345 19423544 4167315456 214921216 113770496 7043515 4688297 1501294 1851448 5750248
1790325561648 0 108916 5402 2624199487 2578284380 0 0 0 0 0 0 1057065045 19423859 4165292032 443166720 33628160 7370693 4898351 1606489 1923850 5935436
1790325562672 0 74963 6697 2624294303 2578411846 0 0 0 0 0 0 1057127788 19424040 4163571712 305369088 31948800 7573384 5019392 1669259 2023091 6234680
1790325563694 0 23732 4091 2624387528 2578558874 0 0 0 0 0 0 1057177627 19424187 4160679936 110669824 10641408 7746138 5122461 1718871 2114061 6629969
1790325564720 0 67353 0 2624523420 2578655096 0 0 0 0 0 0 1057251726 19424406 4156694528 250253312 0 8021366 5279823 1791362 2218165 6906755
1790325565743 0 82948 3608 2624649392 2578762107 0 0 0 0 0 0 1057327396 19424624 4152938496 335654912 29499392 8299730 5442626 1868312 2276999 7121797
1790325566767 0 89897 0 2624753772 2578862970 0 0 0 0 0 0 1057398029 19424824 4151422976 349233152 0 8532314 5584430 1937080 2367381 7418787
1790325567789 0 41697 22684 2624843645 2578978444 0 0 0 0 0 0 1057453672 19424982 4149297152 170889216 104890368 8736687 5710264 1994870 2435727 7720802
1790325568811 0 65609 0 2624960657 2579094291 0 0 0 0 0 0 1057533700 19425196 4148867072 244031488 0 9010538 5870717 2070394 2499263 7942094
1790325569837 0 73835 43 2625075477 2579200787 0 0 0 0 0 0 1057606030 19425395 4147392512 283361280 0 9257116 6024418 2142175 2582984 8121209
1790325570859 0 73280 2787 2625192640 2579315799 0 0 0 0 0 0 1057690250 19425643 4146069504 300154880 23609344 9543679 6209860 2231126 2658061 8369174
1790325571879 0 77205 0 2625297969 2579419926 0 0 0 0 0 0 1057773399 19425918 4145852416 295399424 0 9790375 6369868 2312733 2779716 8713143
1790325572905 0 40315 1105 2625397219 2579554898 0 0 0 0 0 0 1057840124 19426140 4145770496 179154944 9801728 10032893 6525527 2381512 2877392 8972975
1790325573939 0 109417 0 2625554281 2579643994 0 0 0 0 0 0 1057946327 19426446 4146794496 423100416 0 10398567 6762088 2484674 2963700 9138682
1790325574967 0 95955 0 2625652313 2579755611 0 0 0 0 0 0 1058027946 19426696 4147560448 368201728 0 10652687 6926017 2567820 3035742 9416674
1790325575991 0 95391 0 2625772843 2579876444 0 0 0 0 0 0 1058101281 19426912 4146077696 371875840 0 10923104 7100090 2640697 3112843 9601491
1790325577031 0 92975 3327 2625899988 2580002831 0 0 0 0 0 0 1058200305 19427183 4147589120 393048064 39157760 11255594 7307979 2741243 3163618 9759238
1790325578087 0 55961 1225 2625997108 2580139126 0 0 0 0 0 0 1058271702 19427386 4148043776 246534144 3334144 11471982 7459935 2812065 3251037 10169701
1790325579122 0 77469 0 2626124416 2580246128 0 0 0 0 0 0 1058350731 19427619 4147236864 299380736 0 11760177 7642443 2889558 3326034 10397104
1790325580150 0 63758 43 2626232587 2580367898 0 0 0 0 0 0 1058425150 19427835 4148027392 247226368 2490368 12025281 7808376 2963476 3425780 10654545
1790325581174 0 83353 0 2626346309 2580462159 0 0 0 0 0 0 1058524145 19428110 4150132736 321388544 0 12321570 8006184 3063000 3523166 10928135
1790325582198 0 108428 0 2626471891 2580562512 0 0 0 0 0 0 1058629808 19428407 4151300096 427851776 0 12642924 8217853 3165912 3607344 11188946
1790325583232 0 53633 1259 2626565656 2580709761 0 0 0 0 0 0 1058693749 19428602 4152254464 234700800 4366336 12886144 8367653 3233023 3683898 11474370
1790325584258 0 51216 7 2626684901 2580832716 0 0 0 0 0 0 1058789297 19428879 4153475072 187473920 0 13206063 8559249 3327906 3793528 11795056
1790325585280 0 92516 3336 2626825336 2580929137 0 0 0 0 0 0 1058876251 19429174 4151447552 379240448 26546176 13539395 8773722 3417741 3920921 12023928
1790325586299 0 82768 57 2626935495 2581051780 0 0 0 0 0 0 1058968502 19429456 4152623104 338681856 14188544 13841839 8962764 3508787 4007130 12269725
1790325587332 0 104468 0 2627058582 2581153224 0 0 0 0 0 0 1059075549 19429792 4154773504 402976768 0 14164290 9172887 3615000 4075767 12461128
1790325588362 0 37005 886 2627146495 2581307792 0 0 0 0 0 0 1059130128 19429983 4153831424 159551488 3174400 14379843 9312576 3670494 4179084 12788094
1790325589390 0 72436 17 2627281645 2581408161 0 0 0 0 0 0 1059229310 19430299 4154167296 277807104 0 14721731 9517696 3763847 4265934 13008144
1790325590425 0 77280 761 2627394019 2581515179 0 0 0 0 0 0 1059324978 19430571 4155039744 321216512 1486848 15017941 9719925 3865365 4369306 13296942
1790325591446 0 87745 45 2627516111 2581627308 0 0 0 0 0 0 1059418696 19430852 4154142720 336998400 0 15305333 9912868 3955870 4452494 13503446
1790325592467 0 101434 6132 2627646329 2581738090 0 0 0 0 0 0 1059518004 19431150 4154408960 413437952 39591936 15651804 10130820 4059403 4548700 13749532
1790325593493 0 10111 16254 2627734700 2581907497 0 0 0 0 0 0 1059580528 19431340 4154523648 115130368 10215424 15869787 10267350 4121915 4627512 14110125
1790325594516 0 94567 7957 2627896993 2581993781 0 0 0 0 0 0 1059688771 19431667 4153626624 385658880 46837760 16253857 10515422 4230244 4742051 14373972
1790325595537 0 108473 0 2628012885 2582103324 0 0 0 0 0 0 1059762654 19431884 4152963072 426803200 0 16528541 10680963 4298658 4835808 14586364
1790325596564 0 54450 2935 2628110236 2582251954 0 0 0 0 0 0 1059832990 19432104 4152627200 219013120 30670848 16770693 10842038 4374481 4932915 14928151
1790325597593 0 0 13253 2628203139 2582389106 0 0 0 0 0 0 1059895646 19432307 4151676928 0 55627776 16986434 10980578 4437034 4991886 15026996
1790325598611 0 9871 1426 2628335256 2582523311 0 0 0 0 0 0 1059989511 19432608 4151885824 52809728 2523136 17298279 11182997 4529962 5090917 15287636
1790325599640 0 89004 0 2628500569 2582610738 0 0 0 0 0 0 1060102541 19432974 4152102912 345645056 0 17693303 11425274 4638363 5177561 15457993
1790325600665 0 71037 1670 2628607541 2582733990 0 0 0 0 0 0 1060173878 19433188 4151717888 289083392 19779584 17953362 11588472 4715296 5242560 15696603
1790325601699 0 103552 18867 2628763253 2582840005 0 0 0 0 0 0 1060280849 19433501 4149653504 513363968 8495104 18315282 11815178 4820192 5330284 15875112
1790325602727 0 98589 3869 2628878764 2582975484 0 0 0 0 0 0 1060371169 19433776 4150353920 401641472 30273536 18593995 11994383 4912554 5440922 16240315
1790325603751 0 14786 4821 2628965596 2583145173 0 0 0 0 0 0 1060423110 19433946 4149026816 78077952 8183808 18775478 12113700 4964497 5536616 16621496
1790325604773 0 87301 0 2629140040 2583251856 0 0 0 0 0 0 1060528665 19434329 4145545216 335912960 0 19149961 12344332 5064799 5675256 16829113
1790325605796 0 83010 3706 2629272846 2583385384 0 0 0 0 0 0 1060643484 19434668 4146323456 337911808 29442048 19518848 12573754 5184871 5772254 17106773
1790325606817 0 65309 880 2629373090 2583506281 0 0 0 0 0 0 1060704568 19434889 4144902144 281018368 4403200 19733224 12708369 5243904 5842854 17382723
1790325607845 0 84208 4774 2629498351 2583608640 0 0 0 0 0 0 1060783091 19435171 4143915008 344915968 28880896 20023086 12890525 5324501 5936420 17644220
1790325608868 0 50916 4103 2629607838 2583751860 0 0 0 0 0 0 1060858047 19435423 4143816704 236916736 5681152 20294272 13046881 5398412 6030633 17986828
1790325609897 0 47172 68 2629748050 2583900032 0 0 0 0 0 0 1060940204 19435741 4141928448 184909824 4071424 20578153 13232394 5478028 6118105 18292456
1790325610922 0 121215 20 2629912221 2583990192 0 0 0 0 0 0 1061069024 19436174 4142563328 473772032 0 20979642 13501676 5608875 6220428 18529537
1790325611944 0 73704 0 2630037725 2584163224 0 0 0 0 0 0 1061139917 19436459 4141907968 281808896 0 21248175 13674937 5677722 6325924 18848717
1790325612986 0 87699 66 2630181953 2584293230 0 0 0 0 0 0 1061250756 19436843 4142444544 339435520 0 21622148 13907264 5788559 6407714 18990025
1790325614027 0 10468 1252 2630290512 2584477982 0 0 0 0 0 0 1061324299 19437135 4142850048 68845568 2428928 21878145 14078482 5865175 6501301 19255161
1790325615068 0 74564 24 2630446070 2584570566 0 0 0 0 0 0 1061422130 19437474 4141780992 291323904 19857408 22243839 14304164 5960677 6574339 19371248
1790325616104 0 55241 43 2630573084 2584717105 0 0 0 0 0 0 1061510819 19437805 4142198784 222167040 12197888 22547154 14501948 6047856 6673671 19713271
1790325617139 0 70422 11 2630720480 2584849170 0 0 0 0 0 0 1061619238 19438198 4143206400 269508608 5197824 22895963 14735304 6156186 6745536 19899707
1790325618178 0 81781 72 2630869095 2584986428 0 0 0 0 0 0 1061712468 19438562 4143239168 312676352 0 23231192 14951605 6250339 6861899 20180871
1790325619203 0 64350 32 2630993344 2585128330 0 0 0 0 0 0 1061814244 19438910 4145684480 245854208 0 23556136 15160652 6351826 6953681 20433853
1790325620225 0 45225 7373 2631130939 2585277644 0 0 0 0 0 0 1061912273 19439288 4146302976 220315648 0 23890638 15379049 6451142 7047323 20643415
1790325621250 0 76816 664 2631285740 2585407344 0 0 0 0 0 0 1062012839 19439701 4145152000 324349952 1536000 24258499 15611028 6552614 7123654 20816311
1790325622273 0 98994 3358 2631434595 2585531381 0 0 0 0 0 0 1062118719 19440102 4144857088 410300416 0 24608984 15840204 6658181 7276777 21087170
1790325623304 0 71818 2422 2631548682 2585673996 0 0 0 0 0 0 1062187809 19440393 4144631808 314593280 12042240 24864105 16008878 6727678 7370018 21337901
1790325624353 0 61750 0 2631682771 2585820188 0 0 0 0 0 0 1062263772 19440710 4144525312 232939520 0 25156939 16197975 6803466 7449777 21580602
1790325625393 0 82133 21 2631820832 2585937891 0 0 0 0 0 0 1062362833 19441083 4145524736 320008192 20008960 25492098 16414582 6901745 7535190 21760103
1790325626425 0 96355 8956 2631951933 2586045759 0 0 0 0 0 0 1062479495 19441538 4148690944 390914048 50065408 25844294 16650698 7020939 7651722 22050008
1790325627450 0 93874 656 2632089511 2586194316 0 0 0 0 0 0 1062572384 19441901 4147838976 391405568 3125248 26166099 16852668 7112503 7760666 22376934
1790325628471 0 81431 416 2632226744 2586344019 0 0 0 0 0 0 1062673539 19442297 4147904512 333680640 15945728 26524626 17072611 7214422 7886071 22763312
1790325629491 0 17937 1314 2632334869 2586514730 0 0 0 0 0 0 1062752236 19442622 4147113984 87601152 2940928 26796479 17244176 7293157 7958721 23043135
1790325630525 0 72958 0 2632484429 2586610686 0 0 0 0 0 0 1062883830 19443124 4147916800 277712896 0 27189943 17492221 7422032 8077225 23265242
1790325631553 0 105985 0 2632639286 2586732543 0 0 0 0 0 0 1062982540 19443525 4147458048 411312128 0 27571461 17718185 7522708 8157948 23523910
1790325632577 0 50797 49 2632735808 2586884119 0 0 0 0 0 0 1063044227 19443774 4146520064 196534272 5947392 27808156 17863719 7584079 8278026 23992090
1790325633602 0 89395 5402 2632875614 2586980126 0 0 0 0 0 0 1063144226 19444166 4146020352 364142592 41361408 28152944 18080173 7685210 8370423 24205395
1790325634624 0 31322 26 2632977290 2587145001 0 0 0 0 0 0 1063223781 19444480 4146147328 102993920 0 28391911 18235942 7764147 8499202 24623183
1790325635650 0 54522 0 2633124574 2587268963 0 0 0 0 0 0 1063327078 19444930 4146102272 205357056 0 28746984 18458833 7864540 8597888 24805121
1790325636676 0 86418 3696 2633275948 2587385051 0 0 0 0 0 0 1063437088 19445404 4146376704 368844800 12517376 29136845 18694731 7978313 8721283 25146544
1790325637696 0 74027 52 2633393622 2587518731 0 0 0 0 0 0 1063522010 19445756 4146196480 294895616 16900096 29435331 18874714 8062968 8828434 25439531
1790325638720 0 74112 0 2633528751 2587653961 0 0 0 0 0 0 1063620224 19446135 4145790976 286228480 0 29767794 19073453 8158245 8959375 25744850
1790325639742 0 44902 1752 2633647415 2587800133 0 0 0 0 0 0 1063700367 19446490 4145098752 179687424 18522112 30069680 19257970 8241277 9080475 26128017
1790325640760 0 45254 2336 2633764585 2587916256 0 0 0 0 0 0 1063784294 19446860 4144013312 181297152 19021824 30346850 19435311 8325237 9156950 26375080
1790325641782 0 73404 0 2633895221 2588020943 0 0 0 0 0 0 1063878364 19447231 4144574464 279699456 0 30660800 19632414 8418135 9277010 26612359
1790325642806 0 98105 0 2634027374 2588128464 0 0 0 0 0 0 1063975550 19447587 4143849472 386879488 0 30968855 19830795 8510635 9350780 26841498
1790325643831 0 115181 0 2634157092 2588241105 0 0 0 0 0 0 1064068477 19447969 4144271360 451342336 0 31289611 20035852 8607317 9419722 27013257
1790325644855 0 76420 2277 2634275210 2588395748 0 0 0 0 0 0 1064169125 19448335 4144676864 328458240 1773568 31606170 20238592 8708976 9521544 27339038
1790325645880 0 93046 63 2634419481 2588525786 0 0 0 0 0 0 1064264145 19448716 4143616000 356065280 0 31919464 20443923 8802972 9627920 27612889
1790325646905 0 86208 0 2634542868 2588655829 0 0 0 0 0 0 1064339608 19449022 4142002176 330432512 0 32196411 20620026 8878900 9745010 27940821
1790325647934 0 56724 1499 2634660021 2588801043 0 0 0 0 0 0 1064438277 19449406 4143448064 252522496 0 32504925 20819764 8979160 9912094 28346272
1790325648953 0 88553 55 2634806310 2588916885 0 0 0 0 0 0 1064544871 19449841 4143755264 354738176 7307264 32868354 21052013 9085671 10018969 28560864
1790325649980 0 14475 3601 2634916884 2589097990 0 0 0 0 0 0 1064619211 19450159 4143853568 78426112 19111936 33137606 21217558 9159645 10118460 28896682
1790325651016 0 76487 0 2635067005 2589189804 0 0 0 0 0 0 1064739365 19450618 4144263168 294227968 0 33506290 21455978 9276810 10232965 29126728
1790325652048 0 89610 68 2635192628 2589302445 0 0 0 0 0 0 1064842698 19451003 4144824320 352194560 0 33813098 21659344 9378055 10366084 29461709
1790325653072 0 61313 1575 2635317114 2589453450 0 0 0 0 0 0 1064933242 19451372 4144816128 249032704 19173376 34123802 21864410 9474624 10465034 29734756
1790325654096 0 100411 0 2635450510 2589549231 0 0 0 0 0 0 1065031695 19451768 4145766400 391389184 0 34474900 22073855 9571184 10610807 30010053
1790325655119 0 40139 500 2635556452 2589715051 0 0 0 0 0 0 1065104432 19452040 4145565696 170356736 1560576 34729364 22237787 9644068 10718608 30357166
1790325656144 0 75950 10220 2635705449 2589818548 0 0 0 0 0 0 1065210164 19452500 4145311744 365637632 0 35073926 22471745 9749814 10825057 30598427
1790325657166 0 109255 0 2635839122 2589929113 0 0 0 0 0 0 1065312336 19453003 4145704960 424251392 0 35402686 22677940 9852159 10921216 30850216
1790325658190 0 62643 53 2635946181 2590082758 0 0 0 0 0 0 1065384246 19453309 4145405952 243032064 4526080 35641484 22833341 9921583 11018971 31306104
1790325659218 0 115013 4785 2636105586 2590185122 0 0 0 0 0 0 1065512688 19453822 4146208768 498790400 2899968 36076187 23102296 10053082 11090407 31453797
1790325660246 0 13549 13994 2636193437 2590365230 0 0 0 0 0 0 1065575513 19454256 4146634752 114507776 5734400 36290440 23238867 10115976 11144736 31924667
1790325661265 0 89466 4 2636364118 2590473758 0 0 0 0 0 0 1065699250 19454747 4146278400 356741120 8290304 36708763 23499178 10238132 11226175 32102887
1790325662307 0 81707 904 2636507047 2590623712 0 0 0 0 0 0 1065794252 19455123 4145111040 355758080 4825088 37048019 23712609 10332128 11324744 32368574
1790325663360 0 88104 599 2636644056 2590754593 0 0 0 0 0 0 1065899667 19455531 4145332224 388419584 8425472 37397097 23936322 10440606 11426045 32585620
1790325664401 0 90964 0 2636786244 2590894583 0 0 0 0 0 0 1066000106 19455957 4145319936 351809536 0 37725596 24149690 10537718 11520147 32829744
1790325665425 0 33723 876 2636904044 2591068650 0 0 0 0 0 0 1066086112 19456302 4145491968 147312640 3325952 38033621 24337719 10626037 11628776 33220568
1790325666450 0 95911 0 2637073655 2591176892 0 0 0 0 0 0 1066200374 19456777 4145348608 372330496 0 38433379 24585934 10737032 11748270 33425066
1790325667480 0 58502 7016 2637203106 2591336820 0 0 0 0 0 0 1066279948 19457115 4143611904 277536768 2232320 38735940 24782380 10820832 11852653 33683631
1790325668500 0 71221 0 2637334804 2591462590 0 0 0 0 0 0 1066372935 19457495 4144660480 270524416 0 39047155 24986833 10911728 11963442 33982087
1790325669531 0 88521 0 2637473672 2591584392 0 0 0 0 0 0 1066482275 19457921 4146257920 340090880 0 39386487 25207869 11018341 12055283 34239281
1790325670558 0 15451 27 2637575165 2591758858 0 0 0 0 0 0 1066561339 19458229 4146544640 41684992 0 39637761 25364632 11097697 12161245 34585350
1790325671586 0 71739 63 2637728758 2591856104 0 0 0 0 0 0 1066691664 19458755 4148396032 289533952 8445952 40073910 25629592 11232066 12286407 34828640
1790325672607 0 117248 0 2637890997 2591972863 0 0 0 0 0 0 1066802586 19459244 4147273728 459833344 0 40453275 25868899 11341002 12415278 35041049
1790325673633 0 53127 9558 2638001950 2592138669 0 0 0 0 0 0 1066878648 19459580 4145860608 259117056 0 40720697 26030990 11419074 12519947 35302104
1790325674657 0 60296 6424 2638125196 2592257870 0 0 0 0 0 0 1066972652 19459971 4145627136 274132992 0 41025065 26223247 11509341 12632094 35585927
1790325675678 0 22657 774 2638228513 2592404467 0 0 0 0 0 0 1067058813 19460297 4146163712 105783296 3432448 41324646 26397509 11598722 12737294 35942785
1790325676699 0 101658 0 2638401177 2592498564 0 0 0 0 0 0 1067167891 19460787 4144812032 396316672 0 41728395 26645456 11705692 12842972 36134305
1790325677724 0 50713 0 2638510823 2592659336 0 0 0 0 0 0 1067255694 19461144 4145229824 187949056 0 42015233 26825611 11794318 12939216 36410690
1790325678747 0 76083 9292 2638659181 2592772885 0 0 0 0 0 0 1067378855 19461668 4145676288 369418240 921600 42395710 27073216 11920339 13033996 36600012
1790325679768 0 79963 0 2638787838 2592907146 0 0 0 0 0 0 1067470111 19462024 4146827264 304463872 0 42714079 27266321 12008428 13124947 36895066
1790325680795 0 7736 687 2638891928 2593082789 0 0 0 0 0 0 1067544797 19462362 4146266112 37068800 7958528 42984193 27429166 12085158 13247346 37306785
1790325681827 0 88353 569 2639060340 2593170532 0 0 0 0 0 0 1067669636 19462919 4145688576 377483264 2068480 43378115 27689594 12210163 13357298 37487985
1790325682851 0 92759 336 2639174885 2593281111 0 0 0 0 0 0 1067763276 19463318 4145496064 381149184 1552384 43665806 27874795 12302198 13473003 37845439
1790325683879 0 61306 14761 2639248508 2593371670 0 0 0 0 0 0 1067816692 19463536 4145688576 290267136 25481216 43871181 27992538 12357564 13564534 38230933
1790325684903 0 55766 150 2639324510 2593468002 0 0 0 0 0 0 1067874706 19463771 4146335744 228417536 10555392 44063730 28113321 12416089 13642913 38566139
1790325685927 0 14859 887 2639384201 2593567676 0 0 0 0 0 0 1067924944 19463954 4146139136 64548864 3526656 44225903 28210173 12464793 13765280 39109609
1790325686949 0 94058 73 2639528006 2593633119 0 0 0 0 0 0 1068026046 19464418 4146016256 366596096 0 44563317 28427314 12563818 13859723 39286831
1790325687975 0 85280 0 2639621497 2593735520 0 0 0 0 0 0 1068093406 19464702 4144869376 332783616 0 44802234 28571906 12633254 13965334 39683864
1790325689000 0 103742 0 2639732091 2593827681 0 0 0 0 0 0 1068180179 19465091 4144803840 405934080 0 45069201 28747275 12717431 14097661 39977909
1790325690023 0 117089 15695 2639863566 2593929844 0 0 0 0 0 0 1068274832 19465496 4145446912 547979264 0 45401819 28959001 12815722 14177381 40178919
1790325691055 0 63981 1794 2639917946 2594051326 0 0 0 0 0 0 1068312824 19465655 4145274880 281804800 6868992 45522989 29036289 12852685 14304403 40728800
1790325692098 0 68657 0 2640015604 2594146148 0 0 0 0 0 0 1068376677 19465943 4144656384 260755456 0 45740238 29180447 12914173 14389079 41083783
1790325693127 0 79855 66 2640111913 2594231162 0 0 0 0 0 0 1068449614 19466261 4144705536 316166144 2637824 45983201 29334329 12989371 14482595 41365775
1790325694154 0 118335 552 2640223090 2594303487 0 0 0 0 0 0 1068523445 19466572 4144136192 482988032 3411968 46239020 29498440 13062865 14583445 41689666
1790325695181 0 88485 230 2640297599 2594408161 0 0 0 0 0 0 1068579973 19466809 4144226304 358387712 13750272 46420274 29621624 13120880 14665489 42052741
1790325696204 0 16632 3998 2640371566 2594550244 0 0 0 0 0 0 1068633936 19467069 4144107520 68321280 32821248 46599556 29736752 13174573 14782747 42508801
1790325697233 0 100400 1405 2640535530 2594632873 0 0 0 0 0 0 1068751106 19467590 4144050176 405196800 36868096 46996429 29986745 13292547 14858732 42677525
1790325698293 0 90970 2422 2640630280 2594736008 0 0 0 0 0 0 1068813682 19467876 4143419392 378859520 23879680 47221669 30128898 13354717 14998028 43116000
1790325699341 0 79062 860 2640716345 2594835609 0 0 0 0 0 0 1068874978 19468152 4143747072 327139328 1753088 47435492 30261753 13415603 15157391 43602840
1790325700381 0 69617 2539 2640825284 2594952365 0 0 0 0 0 0 1068951483 19468476 4143136768 321966080 0 47690414 30421968 13488776 15254723 43885358
1790325701434 0 51218 357 2640928400 2595076126 0 0 0 0 0 0 1069033098 19468854 4143624192 215138304 5398528 47950906 30587249 13573472 15359557 44257767
1790325702476 0 50666 55 2641019732 2595168208 0 0 0 0 0 0 1069109770 19469177 4143546368 188948480 0 48175163 30732445 13647411 15475464 44698994
1790325703501 0 106891 11169 2641149895 2595231113 0 0 0 0 0 0 1069209462 19469590 4144885760 459288576 38121472 48523319 30945902 13750963 15601516 44950776
1790325704522 0 81050 5539 2641230528 2595343214 0 0 0 0 0 0 1069274753 19469865 4145061888 351944704 0 48723014 31074508 13813620 15675662 45298145
1790325705560 0 88589 0 2641322001 2595432470 0 0 0 0 0 0 1069349050 19470182 4145766400 349470720 5521408 48961472 31224154 13888072 15759185 45556412
1790325706584 0 45536 2190 2641392366 2595543883 0 0 0 0 0 0 1069409315 19470421 4146188288 186212352 16613376 49161800 31350507 13950698 15890059 46019559
1790325707606 0 66850 8049 2641506124 2595630373 0 0 0 0 0 0 1069499599 19470809 4145729536 311926784 0 49427676 31525857 14037918 16037131 46420910
1790325708630 0 74371 0 2641598564 2595723347 0 0 0 0 0 0 1069564192 19471096 4145176576 284323840 0 49644888 31664413 14100488 16174463 46866780
1790325709659 0 86587 22 2641724378 2595837022 0 0 0 0 0 0 1069648464 19471464 4143820800 357896192 5148672 49947933 31856705 14188714 16320587 47190619
1790325710682 0 86667 390 2641836500 2595948483 0 0 0 0 0 0 1069728386 19471834 4144099328 354578432 2240512 50225511 32029783 14269272 16467025 47614248
1790325711714 0 50601 548 2641931375 2596079457 0 0 0 0 0 0 1069781486 19472116 4143341568 216551424 5234688 50428728 32162761 14322739 16563534 48042688
1790325712752 0 60817 5950 2642050249 2596182924 0 0 0 0 0 0 1069859557 19472472 4142194688 275779584 7430144 50685804 32334164 14396226 16656117 48383657
1790325713802 0 132156 0 2642184154 2596251157 0 0 0 0 0 0 1069964840 19472929 4144287744 525438976 0 51017504 32551173 14501555 16762057 48629181
1790325714822 0 70111 1163 2642260814 2596388781 0 0 0 0 0 0 1070022997 19473195 4145192960 298184704 5836800 51219867 32680646 14562709 16851327 48932178
1790325715846 0 87402 7101 2642374894 2596479533 0 0 0 0 0 0 1070114743 19473578 4146581504 398659584 3887104 51518900 32866284 14654514 16937209 49130084
1790325716874 0 25747 6811 2642446782 2596613590 0 0 0 0 0 0 1070171772 19473832 4146712576 115003392 25182208 51714408 32985606 14713016 17055916 49542729
1790325717904 0 22139 7252 2642555268 2596725169 0 0 0 0 0 0 1070254949 19474172 4147245056 90681344 49860608 51994131 33156652 14796191 17148383 49818801
1790325718924 0 32 0 2642555302 2596754525 0 0 0 0 0 0 1070358693 19474633 4173881344 131072 0 52094594 33251901 14897943 17172971 49903394
1790325719944 0 34 0 2642555304 2596754525 0 0 0 0 0 0 1070557002 19475533 4176621568 131072 0 52325600 33448492 15095203 17254179 49949987
1790325720963 0 67 0 2642555337 2596754525 0 0 0 0 0 0 1070751359 19476329 4181331968 131072 0 52629182 33643855 15291716 17428620 50012172
1790325722000 0 67 0 2642555337 2596754525 0 0 0 0 0 0 1070879968 19477846 4184285184 135168 0 53186805 33772649 15421210 17564924 50035554
