1790318660500 0 14 0 2092716272 2046963258 0 0 0 0 0 0 785865501 18580528 - - - - - - - -
1790318661874 0 149138 1176 2092964318 2047060934 0 0 0 0 0 0 785865504 18580628 967692288 621912064 7344128 0 0 3 0 215679
1790318662905 1 114947 1961 2093111711 2047241844 0 0 0 0 0 0 785865504 18580659 1589886976 470159360 8314880 0 0 3 0 331357
1790318663925 1 95179 36 2093293706 2047445406 0 0 0 0 0 0 785865504 18580671 2330247168 370106368 12705792 0 0 3 0 343991
1790318664946 1 112874 12141 2093494819 2047616804 0 0 0 0 0 0 785865504 18580690 3159810048 468373504 40177664 0 0 3 0 357158
1790318665965 1 120193 0 2093664189 2047790441 0 0 0 0 0 0 785865504 18581867 3844534272 479490048 0 0 0 3 0 361758
1790318666986 1 79844 3001 2093802686 2047966670 0 0 0 0 0 0 785865504 18581981 4159787008 326975488 8388608 130107 60777 3 62448 375528
1790318668007 1 124716 953 2093968798 2048089440 0 0 0 0 0 0 785877099 18581993 4159016960 502087680 6225920 411729 237902 11621 135882 448449
1790318669026 1 40263 405 2094067775 2048273690 0 0 0 0 0 0 785883140 18582002 4158226432 164495360 1388544 557147 346138 17695 212816 624369
1790318670045 1 27286 35 2094178530 2048397704 0 0 0 0 0 0 785892720 18582172 4158001152 99549184 0 715956 461942 26835 287996 752022
1790318671066 1 134301 69 2094346472 2048458436 0 0 0 0 0 0 785912597 18582962 4158038016 533749760 0 955265 647650 46609 350244 765899
1790318672086 1 19362 0 2094418292 2048645346 0 0 0 0 0 0 785922011 18583034 4158144512 63868928 0 1080055 728950 56258 430220 956491
1790318673109 1 105098 0 2094565539 2048706786 0 0 0 0 0 0 785955078 18583237 4159655936 411123712 0 1380230 906130 88006 572638 1076486
1790318674132 1 98703 5084 2094681996 2048824651 0 0 0 0 0 0 785992394 18583414 4162244608 418439168 39342080 1593726 1059603 126900 645637 1218074
1790318675157 1 98402 15436 2094805105 2048937891 0 0 0 0 0 0 786041186 18583602 4165849088 407326720 78581760 1829159 1227220 175575 759171 1365360
1790318676186 1 105696 49 2094937039 2049077648 0 0 0 0 0 0 786088799 18583773 4169109504 396566528 0 2057878 1399049 223263 849833 1469160
1790318677211 1 67881 0 2095062251 2049240693 0 0 0 0 0 0 786134491 18583960 4171706368 234053632 0 2283434 1565990 267945 953988 1548072
1790318678231 1 149802 7154 2095219579 2049309284 0 0 0 0 0 0 786192940 18584228 4174729216 625917952 0 2606652 1780437 327458 1078339 1574248
1790318679252 1 141597 7811 2095343354 2049440362 0 0 0 0 0 0 786247344 18584429 4176523264 562343936 41943040 2870984 1955734 381850 1195634 1715329
1790318680272 1 132517 4088 2095467307 2049577123 0 0 0 0 0 0 786295066 18584620 4177326080 555790336 16777216 3109383 2124125 429588 1281087 1789950
1790318681297 1 99322 12154 2095592412 2049727382 0 0 0 0 0 0 786343880 18584790 4176900096 459587584 36024320 3351390 2294854 477836 1384833 1858539
1790318682317 1 42786 63 2095694126 2049897673 0 0 0 0 0 0 786402855 18584951 4177960960 141189120 0 3581192 2447795 534772 1444192 1954510
1790318683338 1 126522 0 2095838350 2049958140 0 0 0 0 0 0 786467468 18585169 4178354176 470536192 0 3879753 2654304 600945 1553079 2006982
1790318684358 1 126660 0 2095959253 2050078972 0 0 0 0 0 0 786526435 18585354 4179501056 454586368 0 4138188 2830615 660917 1648703 2125412
1790318685378 1 156076 4088 2096084467 2050170684 0 0 0 0 0 0 786602810 18585578 4181450752 620666880 0 4436771 3028170 735789 1746277 2198867
1790318686398 1 142007 0 2096185473 2050289948 0 0 0 0 0 0 786662370 18585749 4182577152 526356480 0 4674036 3185958 796318 1826580 2319289
1790318687418 1 32321 9371 2096271125 2050475850 0 0 0 0 0 0 786727925 18585914 4183183360 164003840 35110912 4901954 3336885 862393 1938115 2507006
1790318688439 1 118431 0 2096389103 2050517074 0 0 0 0 0 0 786827414 18586172 4185686016 462987264 0 5212499 3546394 959863 2001804 2541189
1790318689459 1 111275 357 2096501049 2050635806 0 0 0 0 0 0 786905641 18586369 4186730496 428695552 0 5499412 3734422 1038056 2096343 2599391
1790318690479 1 98686 6479 2096605375 2050746506 0 0 0 0 0 0 786990796 18586581 4187185152 422027264 17940480 5793304 3922382 1125252 2174165 2656715
1790318691498 1 146036 0 2096683938 2050784340 0 0 0 0 0 0 787063125 18586763 4187656192 567234560 0 6004544 4066338 1197129 2346081 2988852
1790318692518 1 120639 0 2096794768 2050920534 0 0 0 0 0 0 787132848 18586927 4187279360 455159808 0 6249116 4228734 1265775 2472359 3062594
1790318693539 1 61946 0 2096893557 2051077954 0 0 0 0 0 0 787212911 18587126 4186931200 233787392 0 6487358 4387708 1346799 2579517 3177508
1790318694563 1 121008 20 2097063606 2051188933 0 0 0 0 0 0 787278139 18587340 4187168768 314728448 0 6705092 4525036 1412520 2673847 3324368
1790318695588 1 118324 0 2097143942 2051271927 0 0 0 0 0 0 787347376 18587552 4186849280 303116288 0 6905738 4650521 1480108 2768808 3502625
1790318696608 1 140880 48 2097247778 2051353257 0 0 0 0 0 0 787424539 18587789 4184944640 402477056 0 7144899 4799699 1557803 2852733 3601299
1790318697645 1 53757 16631 2097362191 2051536584 0 0 0 0 0 0 787490165 18587992 4184317952 166342656 121942016 7344881 4930153 1624517 2940706 3807369
1790318698687 1 78321 65 2097471964 2051637983 0 0 0 0 0 0 787552798 18588314 4181684224 309624832 0 7552379 5057261 1686649 3020097 3923703
1790318699708 1 72035 3577 2097590099 2051758940 0 0 0 0 0 0 787613859 18588540 4178911232 332861440 0 7770344 5193800 1747689 3166523 4175180
1790318700728 1 89815 29887 2097713848 2051838471 0 0 0 0 0 0 787689785 18588753 4176576512 491552768 0 8017626 5347112 1823686 3295409 4325472
1790318701749 1 44069 54 2097795169 2051995442 0 0 0 0 0 0 787745222 18588914 4175486976 169811968 0 8195461 5456118 1878196 3467289 4654161
1790318702771 1 74061 0 2097905026 2052075394 0 0 0 0 0 0 787831488 18589152 4174770176 295071744 0 8457530 5620513 1963609 3614439 4841644
1790318703791 1 74068 0 2098012596 2052182880 0 0 0 0 0 0 787894037 18589454 4172836864 292864000 0 8689340 5760509 2027374 3758187 5049837
1790318704811 1 28320 987 2098104257 2052319398 0 0 0 0 0 0 787954632 18589634 4171350016 115998720 22654976 8901828 5891179 2088965 3874883 5313302
1790318705830 1 89673 0 2098229171 2052383883 0 0 0 0 0 0 788043347 18589877 4169940992 354709504 0 9173796 6068837 2176189 3992274 5412844
1790318706850 1 72072 0 2098325352 2052497697 0 0 0 0 0 0 788115721 18590069 4169252864 282542080 0 9393624 6214989 2249509 4091511 5600285
1790318707871 1 86184 6959 2098425745 2052576950 0 0 0 0 0 0 788180890 18590257 4168134656 376094720 24756224 9618918 6360091 2315223 4235744 5827793
1790318708890 1 57734 60 2098517871 2052704579 0 0 0 0 0 0 788244946 18590409 4167815168 221663232 0 9815214 6491079 2378328 4383147 6170068
1790318709910 1 62125 511 2098616675 2052798449 0 0 0 0 0 0 788320475 18590620 4167446528 254382080 21213184 10053983 6650026 2454808 4477213 6311850
1790318710930 1 59374 5840 2098720438 2052899600 0 0 0 0 0 0 788392318 18590838 4166791168 243167232 42020864 10283568 6803927 2526651 4657948 6594504
1790318711950 1 52000 0 2098817700 2053010037 0 0 0 0 0 0 788455867 18591023 4166537216 206766080 0 10497264 6943868 2587223 4803115 6887958
1790318712978 1 69193 66 2098931178 2053106303 0 0 0 0 0 0 788522644 18591206 4166254592 275214336 0 10733863 7106637 2655202 4919203 7126970
1790318714002 1 78470 0 2099032366 2053198280 0 0 0 0 0 0 788588831 18591405 4166467584 311820288 0 10945933 7258032 2721677 5118851 7381437
1790318715021 1 74986 13320 2099139451 2053295557 0 0 0 0 0 0 788672099 18591655 4167303168 306880512 73715712 11201233 7432151 2806435 5238926 7523844
1790318716041 1 50150 0 2099234435 2053428710 0 0 0 0 0 0 788737234 18591889 4168335360 192798720 0 11409884 7570787 2871124 5313681 7654365
1790318717061 1 97657 0 2099357896 2053504576 0 0 0 0 0 0 788816215 18592141 4168200192 389619712 0 11677378 7752722 2949098 5470892 7774428
1790318718084 1 63233 0 2099455583 2053636779 0 0 0 0 0 0 788879451 18592326 4168036352 254627840 0 11891457 7898303 3010720 5568113 7941945
1790318719105 1 55248 0 2099553473 2053742551 0 0 0 0 0 0 788940601 18592526 4168146944 219377664 0 12103916 8040384 3072493 5712133 8214530
1790318720125 1 76382 4015 2099660629 2053824910 0 0 0 0 0 0 789010407 18592747 4168810496 311001088 34947072 12353877 8207200 3144740 5882553 8410369
1790318721145 1 133624 0 2099776302 2053887030 0 0 0 0 0 0 789093774 18592993 4169347072 538886144 0 12620074 8390015 3225828 6025711 8572291
1790318722165 1 76586 3650 2099862658 2054026837 0 0 0 0 0 0 789166329 18593184 4170747904 349442048 15810560 12832360 8538220 3300660 6186347 8891673
1790318723185 1 83547 0 2099961841 2054122744 0 0 0 0 0 0 789240144 18593372 4171808768 333774848 0 13071651 8696805 3373501 6318813 9076276
1790318724217 1 58781 0 2100054715 2054240247 0 0 0 0 0 0 789310350 18593573 4172992512 227811328 0 13304193 8846936 3444085 6466514 9303535
1790318725245 1 66182 5570 2100162471 2054334998 0 0 0 0 0 0 789384781 18593781 4172423168 323727360 0 13575972 9018369 3518612 6694772 9548373
1790318726265 1 93635 0 2100263623 2054414394 0 0 0 0 0 0 789454533 18593972 4172591104 373280768 0 13804167 9175109 3588371 6783010 9691700
1790318727285 1 77108 6936 2100357785 2054518149 0 0 0 0 0 0 789522302 18594173 4172357632 366936064 7569408 14041560 9331701 3656364 6976503 9988332
1790318728305 1 108590 0 2100464130 2054599844 0 0 0 0 0 0 789596172 18594389 4173107200 438747136 0 14278418 9494280 3728496 7087103 10125494
1790318729325 1 53088 0 2100545956 2054737266 0 0 0 0 0 0 789666073 18594572 4174155776 209936384 0 14490537 9636105 3797630 7253302 10344307
1790318730346 1 88791 0 2100656678 2054812153 0 0 0 0 0 0 789747873 18594786 4175675392 355033088 0 14769950 9821548 3880798 7418479 10494396
1790318731366 1 58792 11 2100732019 2054917660 0 0 0 0 0 0 789804887 18594940 4175855616 234455040 0 14965846 9950566 3937683 7574280 10828602
1790318732386 1 70375 94 2100833792 2055007817 0 0 0 0 0 0 789888454 18595172 4176646144 283979776 18952192 15218058 10124085 4022831 7644613 10912959
1790318733416 1 43898 14820 2100937145 2055122845 0 0 0 0 0 0 789966469 18595414 4177195008 179965952 88285184 15464282 10290512 4100831 7765370 11051711
1790318734436 1 85885 0 2101037929 2055196352 0 0 0 0 0 0 790052652 18595608 4178055168 343891968 0 15729245 10458249 4184954 7882301 11158935
1790318735455 1 66676 0 2101130426 2055308051 0 0 0 0 0 0 790127573 18595812 4178788352 262897664 0 15963082 10615294 4261943 8059566 11382269
1790318736475 1 108951 11534 2101234835 2055358763 0 0 0 0 0 0 790199935 18596056 4177285120 480190464 38526976 16201004 10779103 4334268 8177446 11505320
1790318737496 1 105363 0 2101330877 2055469955 0 0 0 0 0 0 790262066 18596255 4176277504 422785024 0 16424121 10916209 4394865 8364488 11772266
1790318738516 1 70 15698 2101398284 2055627040 0 0 0 0 0 0 790312282 18596399 4176805888 34897920 53673984 16593118 11025739 4446680 8446437 11843189
1790318739537 1 87556 0 2101519657 2055676567 0 0 0 0 0 0 790399649 18596685 4175663104 347996160 0 16853156 11207489 4532436 8666734 12005337
1790318740557 1 54710 0 2101605732 2055795367 0 0 0 0 0 0 790461166 18596883 4174929920 217817088 0 17039212 11335483 4592964 8823860 12288298
1790318741577 1 115083 1 2101725617 2055854783 0 0 0 0 0 0 790541221 18597126 4174589952 465911808 0 17308479 11506949 4673440 9041339 12453277
1790318742597 1 75076 0 2101800263 2055969619 0 0 0 0 0 0 790595575 18597295 4174077952 300064768 0 17471003 11616016 4727394 9195625 12881370
1790318743617 1 70233 14673 2101889673 2056049286 0 0 0 0 0 0 790666922 18597514 4173479936 361177088 0 17688279 11757432 4800783 9304678 13143427
1790318744638 1 66614 0 2101981591 2056159307 0 0 0 0 0 0 790735033 18597722 4172894208 263569408 0 17902381 11895253 4868344 9523517 13452536
1790318745658 1 92955 2219 2102093889 2056243048 0 0 0 0 0 0 790805833 18597970 4171673600 380411904 29564928 18154594 12055990 4939728 9679736 13627237
1790318746689 1 100803 0 2102191972 2056335527 0 0 0 0 0 0 790882530 18598178 4171132928 404668416 9895936 18378696 12199030 5014081 9778286 13798252
1790318747733 1 90315 0 2102284908 2056439068 0 0 0 0 0 0 790956128 18598395 4170661888 363950080 0 18590543 12341580 5087942 9885506 13945876
1790318748754 1 55359 6070 2102389978 2056572938 0 0 0 0 0 0 791022946 18598609 4169584640 224657408 54317056 18824060 12492738 5157279 10067850 14246032
1790318749784 1 86394 0 2102507080 2056665085 0 0 0 0 0 0 791087557 18598838 4167507968 349597696 0 19064637 12644842 5219919 10209931 14430593
1790318750807 1 75478 0 2102601780 2056770591 0 0 0 0 0 0 791153665 18599054 4166975488 298668032 0 19264071 12783796 5285970 10323505 14566869
1790318751827 1 65582 0 2102704527 2056883337 0 0 0 0 0 0 791227736 18599280 4166197248 257974272 0 19492594 12939376 5360546 10435696 14690804
1790318752847 1 104859 0 2102826819 2056966391 0 0 0 0 0 0 791295592 18599528 4164558848 421552128 0 19741627 13101952 5427406 10611552 14920409
1790318753884 1 31385 1029 2102916413 2057128376 0 0 0 0 0 0 791353622 18599714 4164534272 132739072 43454464 19955615 13238675 5487955 10720655 15104866
1790318754903 1 78107 0 2103031466 2057197713 0 0 0 0 0 0 791439824 18599993 4164812800 305864704 0 20214430 13414433 5573692 10904018 15226401
1790318755929 1 103092 0 2103110598 2057251993 0 0 0 0 0 0 791498365 18600174 4164608000 413900800 0 20386442 13536971 5631683 11026637 15475403
1790318756961 1 54238 1387 2103185185 2057374124 0 0 0 0 0 0 791551214 18600358 4165214208 254758912 0 20557111 13652965 5685078 11222365 15820727
1790318757981 1 88940 0 2103293177 2057448660 0 0 0 0 0 0 791628755 18600632 4165300224 356941824 0 20801819 13814429 5761073 11367787 15973016
1790318759005 1 0 0 2103371559 2057615952 0 0 0 0 0 0 791692370 18600864 4166139904 18915328 2097152 20989076 13943241 5825248 11479106 16230325
1790318760032 1 75293 3 2103496268 2057665318 0 0 0 0 0 0 791770785 18601168 4165091328 299765760 0 21257712 14127467 5903425 11547736 16273365
1790318761052 1 92952 0 2103600164 2057751514 0 0 0 0 0 0 791847741 18601436 4165226496 377901056 0 21504524 14294534 5978096 11709711 16487991
1790318762072 1 66547 44 2103691664 2057869548 0 0 0 0 0 0 791927916 18601699 4166742016 266604544 0 21720778 14446502 6059070 11951572 16824905
1790318763094 1 63377 1 2103795170 2057976189 0 0 0 0 0 0 791993125 18601933 4165926912 242769920 0 21950995 14598530 6127464 12072137 17034612
1790318764115 1 40123 0 2103892553 2058096772 0 0 0 0 0 0 792058201 18602165 4165500928 155176960 0 22177399 14743512 6191144 12196090 17208559
1790318765135 1 71795 6494 2104004212 2058170392 0 0 0 0 0 0 792138600 18602457 4165136384 344100864 3039232 22431236 14921000 6272932 12374868 17385333
1790318766156 1 79690 23 2104099262 2058263958 0 0 0 0 0 0 792209905 18602704 4166234112 315985920 0 22651890 15070689 6342741 12440375 17482065
1790318767178 1 69836 9714 2104204223 2058369457 0 0 0 0 0 0 792290977 18602974 4167749632 334159872 0 22912332 15243764 6424594 12594433 17641846
1790318768197 1 83481 37 2104308075 2058468951 0 0 0 0 0 0 792369502 18603240 4168118272 341794816 7630848 23175829 15412509 6503325 12668168 17722159
1790318769217 1 6164 0 2104388887 2058627060 0 0 0 0 0 0 792430838 18603449 4168663040 19079168 0 23372994 15543563 6563360 12847684 18117811
1790318770237 1 84636 3869 2104503504 2058659336 0 0 0 0 0 0 792538789 18603793 4169945088 362631168 0 23671109 15751352 6672160 12943841 18170758
1790318771257 1 98067 11 2104609845 2058756179 0 0 0 0 0 0 792612718 18604049 4170350592 395550720 0 23927744 15915727 6745009 13097858 18362980
1790318772277 1 96335 0 2104713655 2058861705 0 0 0 0 0 0 792690624 18604338 4170321920 384221184 0 24176389 16080797 6823070 13222224 18531745
1790318773302 1 97151 19 2104805595 2058952829 0 0 0 0 0 0 792761060 18604595 4170637312 391651328 0 24398931 16230403 6894955 13381812 18791800
1790318774332 1 32058 963 2104898083 2059109522 0 0 0 0 0 0 792818071 18604818 4169965568 164802560 2072576 24602060 16365553 6951449 13571219 19191079
1790318775355 1 78913 5912 2105015797 2059175493 0 0 0 0 0 0 792906913 18605169 4170055680 362467328 0 24880912 16551416 7040298 13695096 19293141
1790318776378 1 17035 2768 2105075753 2059300529 0 0 0 0 0 0 792941866 18605325 4169936896 67096576 40292352 25012548 16638602 7076267 13774389 19529403
1790318777405 1 80255 3 2105181725 2059345835 0 0 0 0 0 0 793025602 18605624 4170653696 318386176 0 25254612 16807605 7158917 13897088 19629010
1790318778425 1 83120 2555 2105277710 2059436505 0 0 0 0 0 0 793093325 18605884 4170231808 340480000 32468992 25466611 16953253 7227218 13977118 19717389
1790318779450 1 1273 12556 2105349700 2059580270 0 0 0 0 0 0 793152878 18606103 4171194368 39993344 48734208 25652041 17073319 7287282 14079147 19971346
1790318780475 1 63143 0 2105463612 2059644791 0 0 0 0 0 0 793232495 18606379 4170579968 253464576 0 25912141 17244114 7364798 14194263 20072836
1790318781494 0 74009 1092 2105553212 2059722522 0 0 0 0 0 0 793289020 18606618 4169801728 302870528 25935872 26113173 17376550 7423353 14309084 20260937
1790318782513 0 120984 0 2105665671 2059789009 0 0 0 0 0 0 793367070 18606925 4169674752 484614144 0 26366557 17544723 7500903 14530224 20485417
1790318783533 0 107757 0 2105754828 2059891369 0 0 0 0 0 0 793416741 18607119 4168646656 431222784 0 26553821 17673543 7550657 14643800 20721764
1790318784553 0 88452 1501 2105844257 2059998649 0 0 0 0 0 0 793482552 18607384 4168609792 377860096 0 26783054 17816078 7615908 14862771 21013452
1790318785573 0 69047 3285 2105949632 2060121697 0 0 0 0 0 0 793556898 18607680 4168658944 326623232 0 27009619 17974823 7690239 15096463 21251588
1790318786592 0 84157 1 2106061077 2060221232 0 0 0 0 0 0 793630009 18607958 4167847936 335491072 0 27262088 18140223 7762821 15182786 21382309
1790318787612 0 65239 2689 2106169420 2060345739 0 0 0 0 0 0 793692165 18608209 4167553024 292495360 5042176 27500427 18286931 7825986 15368859 21643737
1790318788631 0 106779 1473 2106276808 2060413179 0 0 0 0 0 0 793773491 18608516 4168323072 433639424 0 27737726 18451697 7907121 15562269 21881969
1790318789651 0 81104 0 2106374506 2060537733 0 0 0 0 0 0 793839980 18608763 4167520256 319545344 0 27961826 18597532 7973970 15697327 22087688
1790318790671 0 93560 7 2106487989 2060638814 0 0 0 0 0 0 793919107 18609066 4166459392 370708480 0 28219952 18759845 8052674 15798823 22163122
1790318791693 0 62140 0 2106584570 2060766824 0 0 0 0 0 0 793983800 18609309 4167057408 246722560 0 28438393 18900520 8116104 16001085 22494058
1790318792715 0 83213 13040 2106695475 2060843732 0 0 0 0 0 0 794068544 18609618 4166062080 348930048 78663680 28693838 19077988 8202372 16141251 22578911
1790318793735 0 73577 0 2106799805 2060970609 0 0 0 0 0 0 794130619 18609849 4165267456 291246080 0 28908592 19218110 8262937 16254805 22789862
1790318794758 0 64745 21535 2106910740 2061068940 0 0 0 0 0 0 794208701 18610138 4165152768 377692160 3911680 29176173 19387698 8342524 16456563 23051516
1790318795780 0 57697 0 2107002768 2061189504 0 0 0 0 0 0 794279057 18610403 4165771264 225525760 0 29371333 19525040 8412364 16563086 23208797
1790318796799 0 61096 44 2107101376 2061284728 0 0 0 0 0 0 794355728 18610699 4166139904 250347520 16486400 29606744 19688189 8489562 16762583 23405343
1790318797819 0 82418 0 2107203646 2061365652 0 0 0 0 0 0 794439920 18610994 4166479872 331452416 0 29851069 19846509 8572214 16935942 23613803
1790318798839 0 106405 0 2107311645 2061449627 0 0 0 0 0 0 794532792 18611333 4167577600 429277184 0 30131645 20025113 8665138 17051978 23728602
1790318799859 0 90227 0 2107401880 2061556130 0 0 0 0 0 0 794608261 18611588 4167143424 359145472 0 30359716 20174863 8741077 17273745 24006317
1790318800878 0 44792 0 2107489336 2061688988 0 0 0 0 0 0 794680724 18611847 4167868416 177324032 0 30570798 20318704 8813458 17441066 24246562
1790318801898 0 101562 0 2107604601 2061747358 0 0 0 0 0 0 794766890 18612176 4167966720 407470080 0 30862858 20500625 8900226 17681159 24431434
1790318802917 0 81083 38 2107690530 2061853807 0 0 0 0 0 0 794831064 18612420 4167860224 322977792 0 31069820 20636538 8964396 17825142 24654168
1790318803937 0 74948 0 2107787832 2061957280 0 0 0 0 0 0 794892039 18612670 4166610944 296689664 0 31278127 20777197 9026025 17985005 24858304
1790318804957 0 70208 0 2107887480 2062061678 0 0 0 0 0 0 794961021 18612939 4166266880 280612864 0 31495976 20927329 9093315 18158829 25058060
1790318805979 0 61756 0 2107986165 2062168852 0 0 0 0 0 0 795040993 18613217 4166959104 238354432 0 31747146 21091708 9175339 18365202 25298835
1790318806999 0 63171 0 2108076589 2062257924 0 0 0 0 0 0 795122124 18613522 4168314880 258453504 20725760 31987078 21249257 9255946 18606459 25566933
1790318808022 0 78843 7811 2108184419 2062342297 0 0 0 0 0 0 795192446 18613802 4167712768 375234560 0 32235366 21411852 9326292 18807043 25806444
1790318809043 0 77022 0 2108274847 2062442268 0 0 0 0 0 0 795256334 18614036 4167303168 304558080 0 32442934 21546610 9389941 18951767 26036683
1790318810064 0 117268 35 2108385830 2062512881 0 0 0 0 0 0 795324739 18614322 4166742016 472080384 0 32674110 21707751 9456669 19089762 26194993
1790318811083 0 69270 0 2108470632 2062645671 0 0 0 0 0 0 795380202 18614537 4166504448 271638528 0 32860310 21836024 9513766 19194055 26363178
1790318812107 0 72029 17919 2108576377 2062730922 0 0 0 0 0 0 795456498 18614826 4166864896 373633024 10981376 33118271 22004610 9590833 19304981 26469820
1790318813126 0 86943 3431 2108670926 2062825005 0 0 0 0 0 0 795529857 18615083 4167737344 370798592 0 33339463 22157682 9663213 19417314 26681462
1790318814148 0 89796 64 2108767446 2062922155 0 0 0 0 0 0 795605854 18615346 4167872512 365744128 12357632 33579247 22315493 9738669 19636649 26952083
1790318815173 0 90105 0 2108870203 2063024555 0 0 0 0 0 0 795671615 18615617 4167323648 362950656 0 33805323 22465811 9803907 19882404 27239695
1790318816193 0 78116 0 2108962712 2063129085 0 0 0 0 0 0 795737696 18615851 4167262208 309301248 0 34008552 22605890 9870835 20096947 27560557
1790318817212 0 116836 0 2109081351 2063208958 0 0 0 0 0 0 795812646 18616173 4166402048 470474752 0 34263659 22778935 9945340 20216112 27674932
1790318818232 0 86915 0 2109173334 2063330815 0 0 0 0 0 0 795870799 18616394 4166545408 345579520 0 34466510 22915150 10003884 20314283 27854665
1790318819251 0 54495 3 2109253475 2063443416 0 0 0 0 0 0 795933233 18616632 4166713344 223129600 17534976 34661884 23047415 10067054 20441128 28130646
1790318820274 0 69627 0 2109361798 2063536586 0 0 0 0 0 0 796008683 18616901 4165922816 281059328 6455296 34885192 23209561 10141502 20551069 28264519
1790318821294 0 47862 13 2109449749 2063646290 0 0 0 0 0 0 796069781 18617124 4166111232 185544704 0 35086048 23342219 10203072 20760485 28565438
1790318822313 0 120939 0 2109572046 2063695496 0 0 0 0 0 0 796149312 18617455 4166455296 485027840 0 35370375 23527172 10282174 20875937 28676874
1790318823333 0 68012 24 2109648087 2063824531 0 0 0 0 0 0 796206372 18617673 4167262208 276373504 14553088 35560063 23653056 10340704 21080422 29085802
1790318824352 0 116744 0 2109760333 2063888010 0 0 0 0 0 0 796281264 18617994 4167151616 468627456 0 35798156 23813853 10414995 21222937 29290349
1790318825371 0 71168 3631 2109842723 2064012355 0 0 0 0 0 0 796330950 18618190 4166287360 291540992 32202752 35973625 23932671 10465032 21438747 29656882
1790318826390 0 13872 8 2109919357 2064149885 0 0 0 0 0 0 796394364 18618436 4167524352 50692096 0 36156083 24057133 10526845 21631491 30036220
1790318827410 0 62465 4503 2110035454 2064212928 0 0 0 0 0 0 796473864 18618775 4167507968 279400448 13377536 36424589 24231002 10608110 21837066 30208047
1790318828430 0 83743 67 2110130447 2064291150 0 0 0 0 0 0 796548273 18619041 4168343552 334462976 0 36657662 24376929 10680562 21950519 30338596
1790318829450 0 62216 20 2110217607 2064399748 0 0 0 0 0 0 796607807 18619254 4168577024 245612544 0 36847171 24506990 10741093 22077813 30594563
1790318830469 0 75090 0 2110314348 2064483688 0 0 0 0 0 0 796679117 18619521 4168110080 299384832 0 37072514 24657286 10812475 22214379 30741255
1790318831489 0 10727 15 2110389391 2064623004 0 0 0 0 0 0 796736647 18619748 4168876032 31727616 0 37270595 24779626 10870007 22406487 31089246
1790318832509 0 78801 0 2110506749 2064672214 0 0 0 0 0 0 796822459 18620084 4168765440 314548224 0 37551019 24963663 10955763 22641061 31262902
1790318833532 0 75156 8 2110604391 2064773545 0 0 0 0 0 0 796875889 18620329 4167380992 296939520 0 37755781 25097789 11009204 22787040 31529479
1790318834553 0 66614 0 2110698142 2064875992 0 0 0 0 0 0 796939036 18620578 4167364608 262537216 0 37978511 25238599 11072236 22895716 31643369
1790318835572 0 61821 69 2110786522 2064969110 0 0 0 0 0 0 797017788 18620882 4168884224 241401856 0 38208817 25390586 11150741 23069189 31907045
1790318836592 0 14764 1210 2110869293 2065097870 0 0 0 0 0 0 797074936 18621101 4168069120 75972608 2764800 38391865 25517190 11208757 23283630 32304546
1790318837614 0 54530 0 2110974031 2065163941 0 0 0 0 0 0 797150375 18621389 4167913472 215113728 0 38638853 25670819 11282671 23526065 32517936
1790318838634 0 100610 0 2111082553 2065226406 0 0 0 0 0 0 797237583 18621718 4168818688 405811200 0 38902820 25845934 11369874 23730084 32681613
1790318839656 0 89594 15 2111170927 2065325666 0 0 0 0 0 0 797305198 18622001 4168523776 358932480 0 39115405 25992206 11437718 23928231 32997775
1790318840675 0 88053 0 2111257594 2065413801 0 0 0 0 0 0 797376248 18622237 4168437760 351436800 0 39329378 26135661 11509568 24157823 33305693
1790318841701 0 6714 3147 2111333746 2065568376 0 0 0 0 0 0 797417372 18622420 4167626752 58974208 4382720 39486310 26242974 11551192 24300029 33704650
1790318842724 0 85443 0 2111458614 2065617627 0 0 0 0 0 0 797501571 18622759 4166627328 339496960 0 39768690 26422090 11633875 24525412 33880174
1790318843745 0 56036 1054 2111549035 2065736404 0 0 0 0 0 0 797569877 18623040 4167618560 229597184 23445504 39978933 26566911 11704223 24709416 34216428
1790318844766 0 77889 0 2111648707 2065815316 0 0 0 0 0 0 797642229 18623350 4167012352 316858368 7196672 40198115 26718230 11775579 24911212 34402025
1790318845786 0 73591 4809 2111742700 2065908714 0 0 0 0 0 0 797702512 18623618 4167442432 323244032 18591744 40426984 26858192 11836844 25089118 34729111
1790318846805 0 30860 0 2111815240 2066028769 0 0 0 0 0 0 797764056 18623849 4168404992 119304192 0 40600182 26974189 11896436 25209103 34976359
1790318847824 0 67919 1971 2111919519 2066094154 0 0 0 0 0 0 797841229 18624190 4167237632 283230208 0 40842894 27139288 11974025 25430196 35203394
1790318848844 0 80822 0 2112014671 2066178275 0 0 0 0 0 0 797907439 18624457 4167401472 322154496 0 41067736 27281687 12040769 25684155 35506095
1790318849868 0 62682 0 2112098926 2066280676 0 0 0 0 0 0 797970622 18624718 4167241728 249888768 0 41262230 27410912 12103427 25915323 35857775
1790318850887 0 86442 52 2112206665 2066364579 0 0 0 0 0 0 798045570 18625032 4166516736 351985664 12771328 41504139 27574538 12179392 26132206 36112794
1790318851910 0 17571 7 2112281226 2066508068 0 0 0 0 0 0 798092838 18625259 4166029312 75927552 3776512 41668061 27684355 12226659 26288128 36539639
1790318852931 0 88651 0 2112401400 2066557259 0 0 0 0 0 0 798181264 18625621 4165853184 363175936 0 41936273 27869436 12311913 26499079 36708411
1790318853951 0 80793 7458 2112499040 2066655269 0 0 0 0 0 0 798242508 18625896 4165443584 330928128 48840704 42160657 28014286 12376840 26595279 36855944
1790318854975 0 97254 0 2112591265 2066738409 0 0 0 0 0 0 798311208 18626174 4166250496 388644864 0 42384648 28158552 12444039 26728530 37036393
1790318855995 0 101256 16133 2112694705 2066821910 0 0 0 0 0 0 798375473 18626461 4164911104 427573248 71528448 42621413 28314695 12509805 26814894 37129436
1790318857014 0 28848 0 2112760485 2066976134 0 0 0 0 0 0 798439641 18626698 4165709824 113975296 0 42792278 28430157 12571233 27002543 37519700
1790318858050 0 59049 16847 2112882295 2067050873 0 0 0 0 0 0 798510333 18627019 4165091328 332464128 10600448 43048073 28603030 12644666 27112084 37613840
1790318859069 0 32 0 2112882329 2067126753 0 0 0 0 0 0 798612592 18627524 4192202752 131072 0 43142464 28696137 12744392 27157989 37647404
1790318860089 0 33 0 2112882330 2067126753 0 0 0 0 0 0 798817527 18628481 4194754560 131072 0 43378304 28899930 12948808 27232419 37686302
1790318861109 0 33 0 2112882330 2067126753 0 0 0 0 0 0 798998522 18629176 4200648704 131072 0 43888162 29080472 13130789 27485101 37739841
1790318862134 0 33 0 2112882330 2067126753 0 0 0 0 0 0 799141804 18630327 4199731200 131072 0 44117443 29226044 13276137 27605292 37772742
