1790323119904 0 0 0 2438396351 2392615471 0 0 0 0 0 0 963820446 19141350 - - - - - - - -
1790323121514 0 118010 0 2438781564 2392882607 0 0 0 0 0 0 963820472 19141445 1521291264 439803904 0 0 0 26 0 16452
1790323122558 0 159714 1927 2438989095 2393046478 0 0 0 0 0 0 963820472 19141445 2374373376 624095232 16605184 0 0 26 0 46048
1790323123579 0 156245 4037 2439155963 2393214757 0 0 0 0 0 0 963820472 19141445 3070148608 635437056 13590528 0 0 26 0 133211
1790323124620 0 152231 4099 2439324891 2393387522 0 0 0 0 0 0 963820472 19141445 3756191744 620462080 21237760 0 0 26 0 213497
1790323125664 0 160482 994 2439492374 2393549774 0 0 0 0 0 0 963822489 19141445 4141858816 663490560 7458816 144692 79848 2043 15986 269340
1790323126687 0 151477 1712 2439653424 2393719160 0 0 0 0 0 0 963826051 19141449 4140294144 604585984 5689344 361466 239449 5094 75015 345415
1790323127709 0 166466 1668 2439833971 2393884874 0 0 0 0 0 0 963836721 19141463 4139466752 663638016 16777216 608285 430608 15764 131098 446688
1790323128734 0 144381 4108 2439966588 2394037024 0 0 0 0 0 0 963851919 19141488 4139401216 598814720 67108864 790603 581949 31035 172594 681505
1790323129755 0 144215 3325 2440130666 2394202200 0 0 0 0 0 0 963872262 19141520 4139483136 593829888 10792960 1001893 768471 51428 217525 908042
1790323130785 0 118791 5625 2440242670 2394337342 0 0 0 0 0 0 963886283 19141678 4139769856 505397248 33554432 1196662 892876 65326 274672 1131917
1790323131827 0 124026 0 2440383056 2394478108 0 0 0 0 0 0 963909420 19141849 4140548096 482967552 0 1405809 1050292 88073 315851 1341418
1790323132852 0 117558 16196 2440516224 2394601503 0 0 0 0 0 0 963935056 19141997 4141748224 523542528 30740480 1609330 1209299 114097 367828 1594620
1790323133890 0 102858 7861 2440633600 2394741986 0 0 0 0 0 0 963959209 19142129 4142895104 458031104 36982784 1803939 1354220 138762 417539 1869325
1790323134939 0 118263 2124 2440778517 2394877305 0 0 0 0 0 0 963988427 19142265 4144238592 489988096 73728 2018150 1523425 166459 476178 2177828
1790323135988 0 114298 16194 2440922703 2395011372 0 0 0 0 0 0 964021783 19142400 4145909760 539095040 7401472 2241633 1702263 201170 532556 2441874
1790323137021 0 130770 0 2441073934 2395162270 0 0 0 0 0 0 964056289 19142606 4146831360 508735488 0 2477324 1883341 234257 652630 2866072
1790323138057 0 101329 8034 2441185593 2395295316 0 0 0 0 0 0 964080415 19142740 4147081216 435167232 50331648 2662974 2025317 259457 701568 3148987
1790323139096 0 95524 1890 2441324322 2395446213 0 0 0 0 0 0 964116385 19142915 4147474432 408596480 77062144 2889123 2198473 295937 744432 3289468
1790323140145 0 130389 0 2441487334 2395575966 0 0 0 0 0 0 964158007 19143139 4148461568 509145088 0 3158651 2397940 336630 796154 3489842
1790323141170 0 91875 8192 2441591384 2395710437 0 0 0 0 0 0 964187333 19143268 4148363264 375975936 33554432 3347966 2538076 366887 833599 3624815
1790323142189 0 112326 0 2441729493 2395836062 0 0 0 0 0 0 964229413 19143441 4148752384 435589120 0 3572658 2710103 407448 883469 3811135
1790323143210 0 90127 0 2441844412 2395973278 0 0 0 0 0 0 964263809 19143573 4149297152 343105536 0 3767877 2859705 442901 939738 4097673
1790323144238 0 86041 4 2441977554 2396110517 0 0 0 0 0 0 964299251 19143727 4149047296 328658944 0 3990390 3026421 476238 1005761 4385328
1790323145268 0 93006 31 2442121827 2396247805 0 0 0 0 0 0 964356714 19143933 4149829632 359727104 0 4255654 3227534 533173 1060231 4684077
1790323146302 0 131909 5351 2442280483 2396362828 0 0 0 0 0 0 964411140 19144112 4150083584 536223744 30859264 4546085 3446556 590714 1121992 4958730
1790323147321 0 125559 0 2442414461 2396507932 0 0 0 0 0 0 964461401 19144273 4149837824 491405312 0 4763389 3617070 637399 1184338 5272594
1790323148354 0 98561 8430 2442547059 2396659220 0 0 0 0 0 0 964506607 19144430 4149837824 436174848 20946944 4993196 3783526 685137 1263408 5590782
1790323149404 0 110014 0 2442676450 2396785438 0 0 0 0 0 0 964562460 19144599 4149587968 424001536 0 5201243 3932816 737255 1334086 5797813
1790323150437 0 86100 0 2442789906 2396922730 0 0 0 0 0 0 964602307 19144733 4149616640 323649536 0 5371919 4056416 779227 1404596 6054423
1790323151467 0 3394 31 2442889630 2397105315 0 0 0 0 0 0 964632021 19144830 4148137984 5472256 5111808 5510961 4159977 809992 1449602 6225312
1790323152490 0 85734 55 2443081593 2397214911 0 0 0 0 0 0 964691035 19145019 4145655808 327118848 0 5784183 4349918 868011 1519536 6385988
1790323153525 0 61477 2189 2443195473 2397350854 0 0 0 0 0 0 964717176 19145116 4143685632 260976640 13787136 5983146 4468371 896738 1567635 6601693
1790323154559 0 96666 790 2443338325 2397459838 0 0 0 0 0 0 964760284 19145248 4142268416 389963776 27365376 6212439 4616722 939829 1630006 6814308
1790323155586 0 63630 998 2443432208 2397586687 0 0 0 0 0 0 964794134 19145351 4140785664 261083136 16756736 6378763 4727228 973193 1665839 6969286
1790323156612 0 58626 4550 2443566455 2397722170 0 0 0 0 0 0 964835232 19145481 4138754048 279916544 946176 6596641 4870604 1014222 1742890 7231080
1790323157643 0 86292 43 2443710691 2397843396 0 0 0 0 0 0 964868102 19145612 4135354368 331075584 0 6805868 5016923 1046083 1808923 7383661
1790323158668 0 86867 10660 2443851552 2397973220 0 0 0 0 0 0 964908715 19145808 4134486016 396177408 13709312 7054420 5181118 1088246 1910290 7637095
1790323159694 0 90244 9636 2443964470 2398083687 0 0 0 0 0 0 964943624 19145951 4133441536 407998464 0 7222173 5302568 1122679 1977475 7814647
1790323160725 0 55583 0 2444056711 2398220271 0 0 0 0 0 0 964970923 19146055 4133314560 204046336 0 7362208 5407850 1148501 2037704 8128773
1790323161753 0 26834 839 2444178285 2398369661 0 0 0 0 0 0 965018136 19146210 4133642240 120590336 3645440 7571492 5560670 1196101 2096701 8347257
1790323162782 0 94195 0 2444349070 2398473969 0 0 0 0 0 0 965070517 19146405 4132986880 359383040 0 7846411 5757491 1249503 2171820 8495662
1790323163817 0 64694 57 2444468972 2398623451 0 0 0 0 0 0 965102281 19146537 4132528128 252637184 6025216 8030346 5894519 1279213 2235384 8676017
1790323164858 0 90430 0 2444617677 2398746355 0 0 0 0 0 0 965156738 19146709 4132941824 348581888 0 8285048 6077174 1333616 2307692 8789071
1790323165880 0 100230 0 2444741135 2398860021 0 0 0 0 0 0 965193494 19146845 4132483072 387227648 0 8467890 6223669 1369567 2368658 8984019
1790323166905 0 24258 646 2444846032 2399040343 0 0 0 0 0 0 965221917 19146956 4132532224 107732992 9732096 8632937 6353894 1401419 2423510 9214056
1790323167932 0 102100 13202 2445033569 2399137314 0 0 0 0 0 0 965277349 19147158 4130852864 413999104 74436608 8932862 6574110 1456850 2478596 9312585
1790323168961 0 117220 0 2445160911 2399262796 0 0 0 0 0 0 965316374 19147303 4132016128 454238208 0 9122655 6720161 1494850 2524258 9479325
1790323169991 0 54910 1271 2445271441 2399434278 0 0 0 0 0 0 965345170 19147425 4132171776 239333376 6561792 9297049 6851876 1524671 2571480 9756793
1790323171023 0 89617 10709 2445435118 2399553985 0 0 0 0 0 0 965389344 19147595 4131913728 403054592 16261120 9549548 7046745 1568845 2641019 9941648
1790323172042 0 49607 2018 2445554903 2399722370 0 0 0 0 0 0 965411446 19147691 4130766848 220508160 3203072 9716121 7173126 1590947 2683638 10076571
1790323173073 0 117519 1456 2445742335 2399842679 0 0 0 0 0 0 965459717 19147885 4130975744 509997056 13271040 10009158 7395347 1639231 2757684 10230227
1790323174107 0 100604 8273 2445877271 2399987520 0 0 0 0 0 0 965500315 19148030 4131946496 410877952 53538816 10216784 7561637 1679816 2820701 10411358
1790323175129 0 96880 1489 2446025930 2400146487 0 0 0 0 0 0 965544384 19148178 4132286464 400932864 10309632 10437952 7741365 1723955 2884549 10619802
1790323176152 0 105791 1398 2446177473 2400289575 0 0 0 0 0 0 965590644 19148321 4132958208 443613184 5242880 10670321 7925296 1769143 2950341 10821245
1790323177189 0 104542 72 2446327404 2400441918 0 0 0 0 0 0 965633806 19148472 4133789696 447127552 4206592 10900537 8100784 1812793 3012765 11028674
1790323178235 0 264 46 2446423350 2400642262 0 0 0 0 0 0 965654366 19148562 4134060032 7225344 14884864 11041492 8209945 1833359 3052042 11250343
1790323179274 0 115850 21462 2446633456 2400715438 0 0 0 0 0 0 965710794 19148752 4134133760 572653568 0 11353987 8452001 1889286 3108068 11309564
1790323180299 0 47404 8979 2446719342 2400882004 0 0 0 0 0 0 965736495 19148847 4134387712 232599552 17698816 11488444 8555398 1915996 3153623 11513953
1790323181325 0 2611 2314 2446818021 2401032543 0 0 0 0 0 0 965761663 19148929 4134600704 10715136 22843392 11628899 8668571 1941164 3176918 11537743
1790323182348 0 74551 0 2447012399 2401156889 0 0 0 0 0 0 965810340 19149097 4134350848 279252992 0 11891587 8877542 1987865 3229791 11657238
1790323183380 0 16866 1163 2447122739 2401323680 0 0 0 0 0 0 965851450 19149204 4135813120 82690048 3870720 12068879 9010134 2030732 3276613 11951491
1790323184405 0 81853 28 2447307423 2401444668 0 0 0 0 0 0 965908768 19149378 4136525824 319422464 0 12326950 9206434 2084837 3323552 12124119
1790323185430 0 93819 0 2447462722 2401587996 0 0 0 0 0 0 965955049 19149539 4137160704 360513536 0 12564487 9379324 2132694 3395403 12328686
1790323186452 0 133596 876 2447614192 2401698744 0 0 0 0 0 0 965997166 19149721 4136296448 558735360 0 12805883 9551309 2176680 3482906 12475369
1790323187475 0 79196 7723 2447732739 2401864948 0 0 0 0 0 0 966027466 19149844 4135403520 362360832 1654784 12991859 9678934 2207004 3539976 12723342
1790323188504 0 23314 3 2447832600 2402028308 0 0 0 0 0 0 966065556 19149967 4136148992 69390336 0 13147522 9788024 2242757 3602906 13013872
1790323189533 0 78460 23918 2448008062 2402124817 0 0 0 0 0 0 966115194 19150157 4134318080 427180032 2322432 13425449 9986202 2294696 3688400 13198510
1790323190557 0 82224 1143 2448120153 2402255746 0 0 0 0 0 0 966150505 19150272 4133011456 345968640 3657728 13599409 10110217 2329609 3750531 13474380
1790323191581 0 45652 8 2448245056 2402418422 0 0 0 0 0 0 966183331 19150417 4132274176 175063040 2424832 13779890 10241992 2362448 3785489 13604555
1790323192600 0 128503 10074 2448452479 2402533172 0 0 0 0 0 0 966256417 19150691 4133122048 524152832 52355072 14112944 10491403 2435922 3861379 13747281
1790323193626 0 3224 2590 2448509962 2402723287 0 0 0 0 0 0 966275920 19150766 4132835328 32305152 5713920 14202776 10558593 2454923 3910335 14035169
1790323194650 0 96716 0 2448686189 2402808469 0 0 0 0 0 0 966337450 19150991 4133339136 372195328 0 14480888 10765633 2514024 4004424 14188199
1790323195671 0 87181 0 2448813926 2402945705 0 0 0 0 0 0 966372398 19151151 4132835328 331071488 0 14678360 10905225 2550304 4082895 14368289
1790323196708 0 57026 0 2448915785 2403077801 0 0 0 0 0 0 966399056 19151276 4132290560 206843904 0 14821703 11017694 2577082 4139958 14587836
1790323197757 0 63958 889 2449062707 2403216987 0 0 0 0 0 0 966446555 19151486 4132765696 283889664 4980736 15060034 11199135 2625547 4190194 14738375
1790323198787 0 64909 0 2449197619 2403351779 0 0 0 0 0 0 966496445 19151686 4132630528 244539392 0 15264512 11361161 2673318 4254527 14998053
1790323199812 0 101271 1161 2449349447 2403466192 0 0 0 0 0 0 966543667 19151882 4133666816 419880960 9117696 15513622 11554546 2723168 4323188 15177605
1790323200844 0 54553 835 2449448043 2403611915 0 0 0 0 0 0 966575031 19152033 4133728256 234348544 5595136 15667141 11669846 2754020 4401270 15555349
1790323201869 0 67763 38 2449596803 2403748067 0 0 0 0 0 0 966623538 19152262 4134076416 280035328 4677632 15910093 11846528 2802816 4466902 15753353
1790323202902 0 85406 584 2449734202 2403867301 0 0 0 0 0 0 966670569 19152454 4134002688 353677312 7208960 16127068 12018200 2850071 4536901 15925752
1790323203929 0 19031 0 2449811266 2404011335 0 0 0 0 0 0 966698253 19152586 4134559744 52264960 0 16244287 12108156 2876799 4585313 16187164
1790323204962 0 94964 0 2449970216 2404094280 0 0 0 0 0 0 966747635 19152804 4133380096 360177664 0 16498745 12296372 2925600 4665654 16361350
1790323205986 0 41483 5529 2450072232 2404244291 0 0 0 0 0 0 966774892 19152939 4132540416 186318848 5615616 16657440 12417210 2953880 4709721 16628805
1790323207014 0 82020 0 2450204103 2404341067 0 0 0 0 0 0 966821581 19153153 4133064704 311869440 0 16877012 12574756 3000491 4771483 16765843
1790323208048 0 88581 0 2450325247 2404455756 0 0 0 0 0 0 966864318 19153339 4133040128 337027072 0 17067513 12725197 3043300 4842239 17004569
1790323209077 0 26677 450 2450400381 2404592395 0 0 0 0 0 0 966885882 19153437 4132573184 117231616 3383296 17183966 12815858 3062820 4892154 17263504
1790323210110 0 89103 3246 2450551056 2404677790 0 0 0 0 0 0 966927030 19153650 4131463168 383389696 7139328 17417774 12993440 3106531 4947048 17395797
1790323211140 0 81405 77 2450668445 2404805916 0 0 0 0 0 0 966966081 19153841 4131766272 347299840 536576 17601828 13130734 3145598 5018001 17617727
1790323212173 0 77121 17667 2450794888 2404919192 0 0 0 0 0 0 966998473 19154027 4131983360 316313600 86204416 17797627 13276666 3177999 5073557 17751156
1790323213200 0 62397 1054 2450912688 2405068129 0 0 0 0 0 0 967028475 19154167 4132028416 269934592 2842624 17968220 13408341 3206964 5147035 17922322
1790323214235 0 3620 3764 2451015382 2405227075 0 0 0 0 0 0 967059339 19154330 4130775040 40136704 15589376 18146510 13532285 3237817 5210293 18251403
1790323215274 0 86160 0 2451217838 2405350744 0 0 0 0 0 0 967121794 19154621 4130553856 327700480 0 18437267 13757225 3301019 5276326 18416983
1790323216303 0 64011 11734 2451363184 2405506474 0 0 0 0 0 0 967167161 19154818 4130795520 330420224 6500352 18666041 13928288 3346209 5364145 18672383
1790323217338 0 113507 13363 2451532718 2405624919 0 0 0 0 0 0 967210919 19155024 4130508800 463020032 75616256 18919271 14116854 3390420 5433295 18865431
1790323218362 0 90571 949 2451656438 2405784077 0 0 0 0 0 0 967252545 19155202 4131221504 370905088 20078592 19126390 14264202 3432047 5525318 19203190
1790323219385 0 36229 5170 2451799087 2405976700 0 0 0 0 0 0 967294185 19155408 4130955264 175456256 2027520 19328799 14413969 3473172 5583682 19517852
1790323220410 0 126833 5460 2451999571 2406086367 0 0 0 0 0 0 967348652 19155644 4129026048 517406720 39567360 19625098 14638105 3528153 5659116 19705980
1790323221434 0 78135 18573 2452143340 2406265700 0 0 0 0 0 0 967384596 19155816 4127551488 401846272 8704000 19844405 14790599 3563629 5712079 19906931
1790323222463 0 71887 1209 2452292235 2406438341 0 0 0 0 0 0 967426739 19155983 4127834112 312934400 3063808 20079250 14956984 3605214 5796052 20200496
1790323223492 0 79599 2117 2452492580 2406629975 0 0 0 0 0 0 967480407 19156239 4125990912 338206720 9531392 20377801 15181739 3659402 5880761 20431689
1790323224516 0 49193 61 2452654879 2406824681 0 0 0 0 0 0 967536403 19156481 4126203904 177582080 0 20627323 15369588 3714370 5979077 20745565
1790323225549 0 112029 2454 2452845114 2406949762 0 0 0 0 0 0 967593949 19156739 4125712384 458887168 28573696 20916438 15591675 3773450 6060903 20905257
1790323226572 0 65836 45 2452963248 2407116562 0 0 0 0 0 0 967631383 19156900 4126019584 269832192 14331904 21098487 15729379 3810431 6136608 21117262
1790323227591 0 63859 4234 2453119913 2407271037 0 0 0 0 0 0 967674130 19157129 4126507008 289787904 11280384 21352604 15909119 3853119 6226402 21291769
1790323228618 0 60187 422 2453290968 2407449518 0 0 0 0 0 0 967727536 19157370 4126752768 249544704 2748416 21608309 16106277 3906561 6295443 21620442
1790323229641 0 81641 0 2453471436 2407608734 0 0 0 0 0 0 967767151 19157590 4124819456 312721408 0 21867360 16300587 3945656 6380501 21842313
1790323230669 0 52621 5110 2453610146 2407771465 0 0 0 0 0 0 967811291 19157776 4124155904 224157696 0 22080533 16460479 3987271 6447054 22107962
1790323231695 0 95943 70 2453759976 2407883203 0 0 0 0 0 0 967851900 19157967 4124995584 366907392 0 22316928 16637602 4029863 6520344 22271653
1790323232721 0 80563 536 2453902748 2408041042 0 0 0 0 0 0 967888928 19158139 4125171712 342536192 4435968 22527074 16805239 4068431 6586541 22488397
1790323233744 0 118440 0 2454085579 2408186275 0 0 0 0 0 0 967942363 19158385 4124958720 458452992 0 22794909 17012022 4119900 6678215 22695297
1790323234775 0 12922 0 2454184480 2408390577 0 0 0 0 0 0 967962437 19158500 4124893184 26984448 0 22929511 17119829 4140401 6739853 23008275
1790323235806 0 55240 0 2454373224 2408537010 0 0 0 0 0 0 968011293 19158786 4125241344 198488064 0 23207425 17337813 4190307 6812918 23230830
1790323236828 0 98672 0 2454548641 2408669108 0 0 0 0 0 0 968061309 19159053 4125298688 381435904 0 23474530 17539759 4238686 6879261 23417941
1790323237850 0 89710 4540 2454720744 2408845537 0 0 0 0 0 0 968116898 19159297 4126363648 393494528 14315520 23741767 17749400 4296250 6941487 23575801
1790323238872 0 59951 0 2454852960 2409012191 0 0 0 0 0 0 968149882 19159455 4126597120 219639808 0 23928016 17889011 4327354 7008663 23829041
1790323239897 0 40714 0 2455010136 2409188537 0 0 0 0 0 0 968183028 19159647 4125802496 144257024 0 24150156 18057145 4359972 7071360 24046702
1790323240919 0 72395 66 2455196398 2409343102 0 0 0 0 0 0 968241372 19159918 4126363648 296587264 2875392 24444114 18276215 4420870 7128290 24186689
1790323241963 0 88036 26 2455378016 2409509085 0 0 0 0 0 0 968291724 19160155 4126646272 363843584 24510464 24709083 18484629 4471220 7178072 24327115
1790323243014 0 77509 269 2455521074 2409662429 0 0 0 0 0 0 968328705 19160332 4125462528 315244544 24920064 24914579 18638585 4508205 7240567 24524063
1790323244038 0 81999 14162 2455659629 2409782652 0 0 0 0 0 0 968364704 19160515 4125638656 335872000 57917440 25120754 18790191 4544208 7300073 24762485
1790323245063 0 60451 703 2455790139 2409948058 0 0 0 0 0 0 968393961 19160679 4125782016 257953792 3571712 25307245 18928415 4572947 7387317 25131947
1790323246084 0 74290 49 2455963388 2410108117 0 0 0 0 0 0 968445199 19160927 4126089216 279773184 0 25559685 19118918 4623163 7479957 25381657
1790323247111 0 63242 0 2456119077 2410275011 0 0 0 0 0 0 968483228 19161128 4125745152 235122688 0 25775198 19283162 4660341 7515604 25538425
1790323248133 0 97121 574 2456297888 2410419132 0 0 0 0 0 0 968527400 19161388 4124786688 402317312 5685248 26031029 19479890 4706239 7577434 25697587
1790323249158 0 105943 26 2456473264 2410586313 0 0 0 0 0 0 968579738 19161636 4125560832 405979136 0 26301278 19676170 4756842 7643849 25875505
1790323250187 0 98105 66 2456620976 2410741987 0 0 0 0 0 0 968628410 19161848 4126081024 379777024 0 26528074 19845632 4805364 7717366 26097631
1790323251207 0 56895 0 2456771315 2410933446 0 0 0 0 0 0 968673668 19162078 4126183424 208224256 0 26762223 20017996 4851628 7776824 26330704
1790323252228 0 75291 730 2456916044 2411059201 0 0 0 0 0 0 968718278 19162273 4126187520 309501952 4157440 26990988 20185363 4895290 7838175 26541248
1790323253250 0 111181 2117 2457077136 2411182958 0 0 0 0 0 0 968765382 19162520 4126486528 451780608 0 27240362 20366910 4944615 7912498 26774239
1790323254281 0 91235 5352 2457219066 2411341802 0 0 0 0 0 0 968811849 19162744 4126502912 374005760 44163072 27472434 20537808 4991372 7988218 27008653
1790323255300 0 78311 0 2457355863 2411496651 0 0 0 0 0 0 968846318 19162935 4125347840 298668032 0 27653795 20676259 5022842 8039557 27149690
1790323256322 0 100049 10444 2457542719 2411651211 0 0 0 0 0 0 968910580 19163266 4125773824 409153536 58769408 27965332 20906359 5090101 8128119 27359893
1790323257341 0 126792 365 2457691611 2411783487 0 0 0 0 0 0 968953730 19163480 4125192192 498634752 0 28177185 21068319 5132262 8192522 27563770
1790323258369 0 95522 4249 2457833588 2411952950 0 0 0 0 0 0 968995809 19163693 4125777920 423157760 8060928 28401231 21238509 5175410 8257810 27827064
1790323259416 0 81525 872 2457971359 2412107942 0 0 0 0 0 0 969034305 19163896 4124979200 347910144 4071424 28594442 21391642 5213383 8310746 27982310
1790323260452 0 108845 8743 2458119542 2412221173 0 0 0 0 0 0 969070890 19164144 4124565504 443973632 50401280 28822280 21561814 5250392 8419838 28201316
1790323261472 0 43253 0 2458236273 2412412227 0 0 0 0 0 0 969104338 19164337 4123942912 154701824 0 28987637 21687243 5281822 8513324 28547838
1790323262500 0 94418 418 2458399655 2412524035 0 0 0 0 0 0 969158326 19164612 4125167616 390750208 2486272 29256392 21888126 5336964 8579812 28757164
1790323263535 0 121023 2336 2458523345 2412619111 0 0 0 0 0 0 969188631 19164790 4124745728 507531264 2269184 29433995 22025454 5368169 8625988 28896672
1790323264560 0 89957 0 2458617902 2412747079 0 0 0 0 0 0 969222574 19164953 4125265920 345370624 0 29583036 22138090 5400529 8702786 29250470
1790323265593 0 82408 1994 2458726831 2412861550 0 0 0 0 0 0 969252395 19165136 4124979200 349995008 10407936 29750253 22264137 5431379 8779917 29599724
1790323266617 0 58280 0 2458832838 2412993500 0 0 0 0 0 0 969279083 19165307 4124835840 213606400 0 29902175 22377296 5458127 8857311 29922901
1790323267645 0 55880 33 2458936801 2413099968 0 0 0 0 0 0 969307961 19165482 4124921856 224043008 25784320 30057674 22498890 5486978 8912713 30127129
1790323268681 0 121015 0 2459088052 2413186018 0 0 0 0 0 0 969356981 19165705 4125421568 470347776 0 30292984 22672717 5533222 8987897 30414682
1790323269706 0 76361 249 2459213367 2413355866 0 0 0 0 0 0 969399959 19165923 4125716480 311066624 2043904 30488263 22825060 5578464 9075100 30741855
1790323270734 0 108568 0 2459348955 2413459428 0 0 0 0 0 0 969433242 19166115 4125286400 413614080 0 30689109 22971701 5611980 9162328 30984334
1790323271759 0 37777 1450 2459424573 2413604500 0 0 0 0 0 0 969452742 19166217 4125380608 161017856 5414912 30803645 23059226 5631294 9207901 31199550
1790323272788 0 94975 32 2459560720 2413684685 0 0 0 0 0 0 969490796 19166414 4126031872 380899328 31576064 31007631 23215498 5670294 9275012 31408473
1790323273843 0 87597 379 2459659783 2413790982 0 0 0 0 0 0 969523693 19166580 4126208000 359092224 6877184 31171513 23330562 5702004 9378508 31758670
1790323274866 0 84771 15250 2459762526 2413881610 0 0 0 0 0 0 969553506 19166733 4125978624 359170048 66519040 31321440 23447074 5733004 9449385 31991042
1790323275895 0 61412 52 2459870228 2414027724 0 0 0 0 0 0 969583322 19166881 4126228480 229355520 0 31480818 23565120 5761671 9489286 32129231
1790323276916 0 92037 0 2460051260 2414178296 0 0 0 0 0 0 969639388 19167224 4125696000 353382400 0 31766374 23772837 5818375 9547907 32401654
1790323277943 0 100571 0 2460164422 2414282747 0 0 0 0 0 0 969671796 19167402 4126257152 390397952 0 31959100 23902312 5849763 9621847 32670246
1790323278968 0 73025 2818 2460250064 2414393293 0 0 0 0 0 0 969694956 19167542 4126081024 311656448 4603904 32087789 24001780 5873943 9701152 33051966
1790323280005 0 107665 0 2460362728 2414474269 0 0 0 0 0 0 969729374 19167716 4125810688 422060032 0 32258895 24126592 5907339 9776895 33263258
1790323281030 0 106404 0 2460517261 2414629886 0 0 0 0 0 0 969774053 19167940 4125351936 409698304 0 32483129 24294145 5953024 9858899 33489623
1790323282055 0 23834 2 2460597964 2414793183 0 0 0 0 0 0 969800206 19168064 4124635136 76161024 0 32608093 24388238 5978253 9928226 33821958
1790323283085 0 94410 71 2460764802 2414889498 0 0 0 0 0 0 969862381 19168365 4125851648 363728896 0 32885714 24595763 6040836 10024419 34114860
1790323284112 0 104485 0 2460880489 2414994947 0 0 0 0 0 0 969893826 19168527 4125945856 396763136 0 33069506 24726331 6071783 10091703 34335290
1790323285139 0 62057 968 2460966071 2415122173 0 0 0 0 0 0 969915421 19168649 4125192192 258940928 2641920 33203325 24821646 6093896 10165469 34666104
1790323286175 0 71931 0 2461072087 2415219205 0 0 0 0 0 0 969945590 19168816 4125405184 269934592 0 33366201 24939485 6123052 10220362 34838200
1790323287209 0 38860 377 2461176699 2415356619 0 0 0 0 0 0 969982609 19168998 4125618176 161341440 3792896 33553121 25073419 6162107 10310012 35150867
1790323288244 0 117363 11151 2461343167 2415433648 0 0 0 0 0 0 970027809 19169243 4124348416 478883840 56442880 33801178 25260677 6207329 10375485 35268835
1790323289277 0 74672 5986 2461441730 2415580189 0 0 0 0 0 0 970061726 19169416 4124753920 329687040 22847488 33966581 25377911 6241251 10440008 35515772
1790323290325 0 119197 594 2461583441 2415682789 0 0 0 0 0 0 970097720 19169631 4123705344 489660416 24485888 34181565 25536945 6277244 10546091 35724767
1790323291371 0 90578 9867 2461668312 2415786754 0 0 0 0 0 0 970121933 19169784 4123320320 413167616 0 34301628 25628821 6300414 10607677 35979130
1790323292402 0 15096 0 2461728943 2415932940 0 0 0 0 0 0 970139927 19169872 4123451392 36618240 0 34391372 25697905 6318911 10691609 36325256
1790323293437 0 70312 0 2461872292 2416021007 0 0 0 0 0 0 970190212 19170123 4123299840 264413184 0 34610344 25869330 6366185 10777123 36468334
1790323294473 0 89740 2263 2462010341 2416137510 0 0 0 0 0 0 970225218 19170333 4123365376 388845568 3989504 34832040 26032436 6404242 10845410 36677543
1790323295511 0 78385 839 2462173571 2416313368 0 0 0 0 0 0 970274568 19170579 4123688960 326426624 1376256 35083597 26222472 6453091 10913259 36867898
1790323296535 0 68762 5459 2462306353 2416451472 0 0 0 0 0 0 970319302 19170796 4124557312 308047872 3764224 35301117 26385179 6498287 10995117 37166357
1790323297554 0 75313 0 2462417543 2416561448 0 0 0 0 0 0 970356727 19170960 4124712960 283267072 0 35478767 26516291 6535796 11051021 37380780
1790323298579 0 79972 0 2462542139 2416681235 0 0 0 0 0 0 970400897 19171193 4125159424 305557504 0 35673523 26666021 6579006 11125038 37713816
1790323299604 0 87276 0 2462672428 2416804116 0 0 0 0 0 0 970437009 19171380 4123893760 335069184 0 35873807 26812471 6612927 11215102 37950635
1790323300635 0 78268 0 2462772015 2416912661 0 0 0 0 0 0 970462227 19171513 4123185152 297713664 0 36027415 26925689 6640186 11284505 38210666
1790323301660 0 3480 8449 2462852372 2417059534 0 0 0 0 0 0 970480753 19171641 4122677248 14254080 48128000 36149656 27022990 6660251 11345081 38413528
1790323302679 0 32 0 2462852407 2417071495 0 0 0 0 0 0 970596051 19172202 4152877056 131072 0 36262143 27128859 6773493 11421465 38542550
1790323303700 0 33 0 2462852408 2417071495 0 0 0 0 0 0 970742856 19172850 4159434752 131072 0 36429624 27275100 6921335 11544795 38712539
1790323304720 0 33 0 2462852408 2417071495 0 0 0 0 0 0 970909173 19173616 4167983104 131072 0 36643971 27438314 7086636 11672207 38786374
1790323305740 0 22 0 2462852409 2417071495 0 0 0 0 0 0 970918446 19173663 562515968 20480 0 36661537 27449435 7097944 11677789 38795852
