1790322853538 0 0 0 2411512713 2365731863 0 0 0 0 0 0 956005149 19105221 - - - - - - - -
1790322854883 0 107246 0 2411869878 2365981551 0 0 0 0 0 0 956005183 19105329 1405927424 395370496 0 0 0 34 0 4048
1790322855956 0 132817 4135 2412096270 2366178488 0 0 0 0 0 0 956005183 19105332 2342707200 529321984 31817728 0 0 34 0 15561
1790322856989 0 151129 2032 2412315075 2366381050 0 0 0 0 0 0 956005183 19105332 3233976320 608497664 8388608 0 0 34 0 29401
1790322858019 0 147310 1990 2412546272 2366616058 0 0 0 0 0 0 956005183 19105332 4142166016 604823552 1560576 27075 11706 34 7519 59193
1790322859043 0 131285 2478 2412769965 2366855599 0 0 0 0 0 0 956011050 19105336 4140277760 548704256 2748416 366867 244268 5609 55804 87017
1790322860068 0 139846 8153 2412997265 2367068045 0 0 0 0 0 0 956028943 19105360 4139786240 588259328 13316096 669647 485577 23847 114544 208954
1790322861092 0 132699 8609 2413175905 2367253805 0 0 0 0 0 0 956046677 19105384 4139532288 564191232 17760256 903657 681240 40585 151968 282383
1790322862131 0 103128 5087 2413343799 2367454633 0 0 0 0 0 0 956066213 19105522 4139692032 459284480 20398080 1167136 869990 61060 216585 532909
1790322863174 0 106677 0 2413516834 2367629315 0 0 0 0 0 0 956094336 19105737 4140605440 410689536 0 1429315 1067988 88812 274573 774752
1790322864196 0 133924 0 2413708931 2367794179 0 0 0 0 0 0 956133478 19105953 4142456832 521773056 0 1727645 1298526 128338 335929 880834
1790322865215 0 120559 24393 2413901186 2367975388 0 0 0 0 0 0 956172523 19106148 4144381952 493416448 100147200 2031098 1535272 167376 389388 1047131
1790322866242 0 94995 22151 2414077332 2368179237 0 0 0 0 0 0 956214547 19106311 4146421760 475750400 10596352 2301769 1747333 209430 447610 1239299
1790322867279 0 95310 6688 2414269747 2368386898 0 0 0 0 0 0 956254672 19106527 4146868224 447180800 53063680 2604590 1980962 249014 530068 1485232
1790322868319 0 80384 8877 2414443979 2368573861 0 0 0 0 0 0 956303454 19106770 4147728384 366112768 13410304 2894233 2201351 297800 596602 1653124
1790322869344 0 109643 0 2414648542 2368757919 0 0 0 0 0 0 956354648 19107036 4147806208 425357312 0 3234374 2453331 347190 643441 1756671
1790322870366 0 134048 55 2414849059 2368933991 0 0 0 0 0 0 956417545 19107311 4148772864 524627968 0 3584927 2717640 411930 711026 1844209
1790322871393 0 134108 6199 2415047379 2369126349 0 0 0 0 0 0 956471470 19107534 4148252672 575016960 38076416 3922096 2973492 465400 765060 1909379
1790322872418 0 87043 12606 2415240560 2369360030 0 0 0 0 0 0 956535117 19107779 4149153792 422629376 52150272 4257437 3228644 528982 829547 2039569
1790322873438 0 87168 17 2415434834 2369566709 0 0 0 0 0 0 956609028 19108017 4149665792 339861504 3358720 4607612 3490598 601351 904639 2158403
1790322874464 0 97658 0 2415626569 2369747966 0 0 0 0 0 0 956680032 19108246 4150202368 375730176 0 4936914 3739500 673219 978527 2281341
1790322875486 0 102973 2409 2415798150 2369911909 0 0 0 0 0 0 956741455 19108446 4148801536 412569600 0 5214446 3935810 733748 1027358 2465288
1790322876513 0 59031 11331 2415928312 2370077009 0 0 0 0 0 0 956791239 19108613 4148334592 237936640 63623168 5418908 4082170 785600 1091061 2702101
1790322877553 0 96338 73 2416088132 2370210853 0 0 0 0 0 0 956838488 19108779 4146974720 364056576 0 5631522 4236258 831146 1141012 2896732
1790322878602 0 94605 25 2416226820 2370351193 0 0 0 0 0 0 956880011 19108915 4144635904 362639360 0 5834834 4372465 871329 1197268 3074383
1790322879656 0 97196 6713 2416369704 2370484895 0 0 0 0 0 0 956910353 19109019 4142125056 391581696 54906880 6067852 4517464 905204 1267353 3237320
1790322880679 0 60260 0 2416482198 2370641101 0 0 0 0 0 0 956947796 19109138 4140863488 227758080 5623808 6247429 4634561 940633 1321103 3460144
1790322881715 0 9845 29396 2416607551 2370787469 0 0 0 0 0 0 956992989 19109272 4139917312 163676160 13709312 6467711 4787644 987842 1383963 3718109
1790322882752 0 69161 0 2416760321 2370910163 0 0 0 0 0 0 957036119 19109401 4137369600 255234048 0 6689016 4944104 1029941 1450408 3869238
1790322883800 0 108605 1258 2416919993 2371029541 0 0 0 0 0 0 957073572 19109526 4134789120 458539008 4292608 6943509 5117701 1067937 1519980 4097020
1790322884826 0 37252 2948 2417043755 2371222662 0 0 0 0 0 0 957114176 19109677 4133715968 182423552 4943872 7159027 5260643 1109026 1592388 4295657
1790322885858 0 91782 0 2417221110 2371348466 0 0 0 0 0 0 957171225 19109922 4133056512 350920704 0 7430782 5460483 1163011 1654339 4456105
1790322886897 0 62861 6236 2417350761 2371501038 0 0 0 0 0 0 957220014 19110097 4133371904 291065856 7798784 7655904 5628334 1213341 1738661 4706222
1790322887925 0 81184 25 2417511666 2371649528 0 0 0 0 0 0 957271216 19110405 4132814848 309710848 0 7907021 5812658 1264571 1813014 4871331
1790322888954 0 85371 14016 2417647901 2371767637 0 0 0 0 0 0 957312485 19110572 4133216256 413655040 0 8133785 5979081 1306826 1898616 5013650
1790322889975 0 112196 12658 2417805545 2371899804 0 0 0 0 0 0 957367409 19110761 4133724160 509411328 0 8393561 6171997 1361243 1971051 5219706
1790322891006 0 124816 1301 2417952941 2372046059 0 0 0 0 0 0 957409528 19110928 4133339136 536408064 14458880 8623438 6352536 1404379 2007325 5344718
1790322892033 0 100452 13749 2418099764 2372204737 0 0 0 0 0 0 957453134 19111070 4132151296 405184512 81227776 8849120 6520586 1446966 2061460 5569437
1790322893068 0 91732 0 2418234189 2372361540 0 0 0 0 0 0 957489546 19111211 4132184064 345772032 0 9046383 6673283 1483898 2104278 5735601
1790322894106 0 65727 1444 2418387613 2372539468 0 0 0 0 0 0 957536794 19111370 4132958208 292651008 1716224 9292558 6860448 1530621 2169011 5933812
1790322895149 0 74610 673 2418530571 2372674193 0 0 0 0 0 0 957566613 19111509 4132237312 330092544 2756608 9503212 7018577 1561465 2247342 6165665
1790322896187 0 110204 0 2418692129 2372800840 0 0 0 0 0 0 957602434 19111663 4131622912 428941312 0 9725490 7196470 1595381 2328844 6282849
1790322897214 0 55995 730 2418827325 2372989609 0 0 0 0 0 0 957640610 19111803 4131938304 237932544 4452352 9942589 7361446 1634436 2404730 6564855
1790322898244 0 61588 0 2418974036 2373131533 0 0 0 0 0 0 957683710 19111975 4132159488 229720064 0 10157208 7534996 1675521 2467826 6714571
1790322899276 0 99475 0 2419142942 2373262607 0 0 0 0 0 0 957737129 19112154 4132958208 385032192 0 10417665 7745939 1731019 2512826 6846477
1790322900313 0 57132 16863 2419283821 2373429017 0 0 0 0 0 0 957770908 19112272 4133687296 229543936 89477120 10637035 7915166 1765759 2577506 6982442
1790322901337 0 60993 0 2419436240 2373594385 0 0 0 0 0 0 957821199 19112437 4134637568 225378304 0 10871838 8096348 1814515 2636624 7155352
1790322902370 0 130319 0 2419615125 2373703954 0 0 0 0 0 0 957864294 19112599 4134776832 510939136 0 11137182 8300540 1855583 2702474 7293120
1790322903392 0 79663 12921 2419771338 2373897943 0 0 0 0 0 0 957901299 19112729 4135026688 386121728 10731520 11367817 8480250 1895644 2762462 7484809
1790322904421 0 97309 25185 2419932469 2374029208 0 0 0 0 0 0 957952922 19112895 4135116800 505696256 15966208 11621177 8672318 1947288 2817687 7666641
1790322905464 0 116387 4223 2420086552 2374185101 0 0 0 0 0 0 957992401 19113023 4135788544 535171072 10625024 11847692 8846068 1986825 2856481 7730596
1790322906505 0 75532 13613 2420194524 2374324370 0 0 0 0 0 0 958022704 19113113 4135997440 346914816 34639872 12010707 8971836 2017621 2899499 7905319
1790322907530 0 89947 0 2420350672 2374479888 0 0 0 0 0 0 958071967 19113264 4136615936 343904256 0 12236516 9139517 2064850 2962917 8069953
1790322908558 0 28795 18 2420473511 2374663780 0 0 0 0 0 0 958116704 19113399 4137246720 122904576 6762496 12429118 9284192 2110531 3043873 8333943
1790322909582 0 99507 511 2420659371 2374778588 0 0 0 0 0 0 958174141 19113595 4137099264 422039552 2334720 12713839 9491665 2167486 3107245 8455825
1790322910611 0 55906 1467 2420789053 2374950777 0 0 0 0 0 0 958207102 19113724 4135948288 252596224 2134016 12916431 9630700 2201361 3175523 8677406
1790322911645 0 86685 12 2420941342 2375073761 0 0 0 0 0 0 958263089 19113935 4136861696 340238336 9961472 13183763 9812362 2256258 3251439 8895536
1790322912696 0 92422 3645 2421100984 2375224002 0 0 0 0 0 0 958308067 19114111 4134727680 420343808 5095424 13423709 9980880 2302964 3328464 9119755
1790322913731 0 71529 0 2421229522 2375377103 0 0 0 0 0 0 958335709 19114243 4132327424 272080896 3911680 13604238 10106321 2330053 3392108 9319536
1790322914766 0 78778 11899 2421393478 2375521978 0 0 0 0 0 0 958386064 19114446 4131352576 389177344 0 13863379 10292415 2380917 3467061 9464983
1790322915786 0 86404 0 2421527290 2375659783 0 0 0 0 0 0 958436889 19114639 4131827712 333418496 0 14075705 10453002 2429723 3535866 9699692
1790322916807 0 100788 12672 2421696957 2375802729 0 0 0 0 0 0 958498017 19114867 4132163584 463060992 21585920 14349436 10661754 2492868 3604104 9850485
1790322917834 0 91712 30 2421829354 2375956746 0 0 0 0 0 0 958540662 19115040 4132257792 351162368 8855552 14557983 10812720 2533978 3671942 10026738
1790322918873 0 49927 0 2421975465 2376144601 0 0 0 0 0 0 958585712 19115214 4132904960 182292480 3616768 14783101 10979173 2578664 3741960 10258641
1790322919912 0 100146 9 2422129083 2376248028 0 0 0 0 0 0 958628021 19115408 4131786752 385753088 0 15014633 11154216 2621331 3814835 10419999
1790322920940 0 117538 0 2422278643 2376380125 0 0 0 0 0 0 958678853 19115627 4131414016 459132928 0 15260226 11337781 2673721 3901924 10689308
1790322921965 0 64869 1264 2422407439 2376560375 0 0 0 0 0 0 958720444 19115808 4131856384 288464896 61440 15470483 11494753 2714308 3960551 10931574
1790322922999 0 71408 1021 2422537817 2376684619 0 0 0 0 0 0 958760598 19115999 4131835904 295636992 2973696 15673679 11653650 2754941 4021949 11073458
1790322924020 0 22749 0 2422642420 2376838750 0 0 0 0 0 0 958798125 19116255 4132409344 67534848 0 15834205 11776495 2789361 4093628 11315843
1790322925048 0 90782 0 2422813870 2376942208 0 0 0 0 0 0 958852172 19116495 4132052992 361324544 3985408 16107361 11983891 2844347 4180123 11489080
1790322926100 0 66118 43 2422925457 2377078433 0 0 0 0 0 0 958888128 19116651 4132192256 246722560 0 16283758 12114348 2880825 4252411 11667223
1790322927130 0 71941 695 2423055803 2377202328 0 0 0 0 0 0 958929232 19116836 4132724736 307163136 4747264 16489313 12273219 2923969 4370980 11948275
1790322928156 0 87504 4 2423191665 2377323092 0 0 0 0 0 0 958971520 19117032 4132274176 343146496 0 16707865 12432694 2965085 4435435 12190011
1790322929179 0 40481 0 2423302288 2377480900 0 0 0 0 0 0 959006298 19117190 4131848192 144072704 0 16885580 12564772 2999125 4489542 12411700
1790322930207 0 89228 1608 2423457832 2377586074 0 0 0 0 0 0 959065306 19117444 4132896768 374919168 5988352 17138974 12760512 3058088 4571962 12622818
1790322931246 0 86435 1752 2423602653 2377733632 0 0 0 0 0 0 959102390 19117629 4131733504 367321088 1478656 17356512 12924718 3096617 4617386 12773616
1790322932275 0 75947 19893 2423733307 2377856465 0 0 0 0 0 0 959145680 19117817 4131745792 357347328 44871680 17569713 13081622 3140423 4688427 12981933
1790322933298 0 83449 22494 2423869973 2377983152 0 0 0 0 0 0 959185255 19117995 4132249600 404598784 41205760 17783397 13241352 3179481 4746063 13124704
1790322934318 0 118236 0 2424031942 2378132793 0 0 0 0 0 0 959226767 19118214 4132200448 460115968 0 18024653 13420443 3220647 4810384 13370486
1790322935344 0 91639 0 2424163120 2378290459 0 0 0 0 0 0 959262362 19118391 4131217408 350044160 0 18232898 13569630 3256636 4875949 13591328
1790322936369 0 55432 0 2424287626 2378451228 0 0 0 0 0 0 959304466 19118588 4131549184 203194368 0 18429275 13716330 3295811 4943479 13848427
1790322937393 0 102975 1387 2424489510 2378604333 0 0 0 0 0 0 959366701 19118857 4131028992 408084480 0 18727399 13940911 3359383 5002444 14059375
1790322938415 0 141926 0 2424681279 2378758430 0 0 0 0 0 0 959422210 19119128 4131364864 555053056 0 19024225 14158579 3415927 5076607 14233902
1790322939436 0 67627 2432 2424842469 2378991614 0 0 0 0 0 0 959470955 19119357 4131381248 292429824 3067904 19283189 14345629 3465766 5131646 14435553
1790322940467 0 98783 1392 2424989382 2379108394 0 0 0 0 0 0 959509084 19119544 4130312192 400416768 5443584 19487891 14500080 3503820 5187612 14705340
1790322941487 0 43764 13362 2425158871 2379321288 0 0 0 0 0 0 959557888 19119758 4128821248 177303552 69120000 19750969 14689983 3552624 5256582 14947969
1790322942505 0 69864 8576 2425345341 2379486017 0 0 0 0 0 0 959601540 19119974 4127502336 284442624 65372160 20037586 14892588 3596316 5317577 15089234
1790322943526 0 131036 0 2425514081 2379602260 0 0 0 0 0 0 959634495 19120167 4125458432 511344640 0 20264868 15059391 3628221 5389690 15266303
1790322944550 0 47507 0 2425674424 2379845813 0 0 0 0 0 0 959679974 19120369 4124803072 170020864 0 20501819 15236591 3673430 5439903 15457972
1790322945575 0 101019 0 2425894670 2380012729 0 0 0 0 0 0 959754377 19120678 4124893184 390778880 0 20829825 15495571 3747366 5513724 15592797
1790322946598 0 112778 0 2426094834 2380201146 0 0 0 0 0 0 959814770 19120958 4125847552 440152064 0 21145490 15728374 3807727 5585272 15783424
1790322947626 0 48235 495 2426249780 2380420192 0 0 0 0 0 0 959866690 19121194 4126752768 213893120 1863680 21398573 15913239 3860775 5667009 16003956
1790322948660 0 110192 822 2426465170 2380573309 0 0 0 0 0 0 959933484 19121489 4126388224 492556288 5844992 21737887 16168009 3927709 5734415 16143024
1790322949695 0 60321 16867 2426642463 2380784429 0 0 0 0 0 0 959974559 19121731 4125073408 333901824 0 21995567 16363562 3969365 5824018 16338174
1790322950723 0 75848 31 2426849767 2380993111 0 0 0 0 0 0 960032479 19121990 4124094464 296894464 17616896 22305912 16596878 4023345 5877667 16493083
1790322951751 0 94076 0 2427049446 2381174331 0 0 0 0 0 0 960093312 19122267 4124426240 363376640 0 22598391 16832134 4087030 5944139 16655584
1790322952774 0 91551 11583 2427249217 2381365196 0 0 0 0 0 0 960143696 19122518 4123578368 437850112 5521408 22898386 17059578 4137921 6005841 16770770
1790322953803 0 21150 13490 2427394606 2381579260 0 0 0 0 0 0 960180156 19122707 4123480064 174837760 7172096 23102577 17220944 4173359 6076546 16943339
1790322954827 0 122658 8492 2427627277 2381715192 0 0 0 0 0 0 960239786 19123063 4123459584 500563968 59744256 23435992 17484871 4234604 6161068 17094477
1790322955846 0 149392 0 2427817387 2381887103 0 0 0 0 0 0 960299875 19123346 4124536832 590135296 0 23728355 17706818 4293223 6223743 17242452
1790322956876 0 87898 990 2427965377 2382095495 0 0 0 0 0 0 960335489 19123538 4124532736 378044416 1765376 23941267 17869628 4328184 6276229 17425546
1790322957904 0 124481 0 2428155025 2382249601 0 0 0 0 0 0 960386865 19123784 4124561408 487362560 0 24218414 18078152 4380097 6349491 17593575
1790322958924 0 80333 1443 2428289281 2382426695 0 0 0 0 0 0 960426974 19123959 4124827648 342237184 6365184 24436521 18239120 4421199 6445646 17917931
1790322959950 0 55308 0 2428431759 2382595620 0 0 0 0 0 0 960472080 19124155 4124954624 203350016 0 24646835 18400186 4464334 6489609 18103550
1790322960978 0 19499 7456 2428582737 2382774890 0 0 0 0 0 0 960514842 19124362 4125044736 109862912 16883712 24876901 18577942 4509068 6557702 18284509
1790322962002 0 85087 0 2428795363 2382929447 0 0 0 0 0 0 960566763 19124643 4124422144 325492736 0 25172544 18792730 4559425 6632513 18502993
1790322963028 0 78095 7089 2428980773 2383114838 0 0 0 0 0 0 960611467 19124868 4124983296 315678720 46985216 25448011 19001120 4605692 6693006 18694690
1790322964057 0 77423 576 2429153962 2383295178 0 0 0 0 0 0 960654657 19125077 4124446720 312909824 57520128 25700372 19189262 4649394 6755425 18844974
1790322965110 0 116446 429 2429357696 2383459861 0 0 0 0 0 0 960709093 19125347 4123389952 509595648 2662400 25969302 19401242 4703844 6813257 18960408
1790322966154 0 68695 6789 2429505427 2383649101 0 0 0 0 0 0 960754824 19125549 4124647424 306352128 31244288 26206001 19574392 4749052 6898578 19240424
1790322967173 0 78877 0 2429686607 2383826906 0 0 0 0 0 0 960802131 19125788 4124942336 316719104 21094400 26473364 19773154 4796935 6948105 19359295
1790322968199 0 67382 0 2429825785 2383977438 0 0 0 0 0 0 960849885 19126011 4126044160 251445248 0 26681701 19932230 4842159 6999129 19549268
1790322969230 0 128514 2437 2430023417 2384111631 0 0 0 0 0 0 960911040 19126306 4126019584 542420992 15835136 26993865 20163774 4905338 7056654 19738362
1790322970258 0 41035 52 2430156455 2384334451 0 0 0 0 0 0 960951565 19126492 4125569024 145399808 0 27191450 20308049 4944863 7127677 20038036
1790322971278 0 92538 6458 2430360101 2384480256 0 0 0 0 0 0 961009141 19126790 4125700096 374996992 42528768 27500688 20543350 5003889 7185329 20192804
1790322972308 0 76812 7309 2430518861 2384653869 0 0 0 0 0 0 961057929 19127035 4125069312 349700096 17502208 27741025 20721900 5052271 7276907 20465253
1790322973334 0 73031 10366 2430699053 2384834789 0 0 0 0 0 0 961115004 19127328 4125097984 358825984 0 28019679 20929023 5109772 7358154 20716112
1790322974354 0 65837 2833 2430867031 2385017964 0 0 0 0 0 0 961164388 19127593 4125143040 288526336 4952064 28274639 21120843 5158816 7450772 20986787
1790322975379 0 18983 1960 2431007320 2385205500 0 0 0 0 0 0 961207552 19127800 4125110272 87056384 3223552 28475482 21281167 5202172 7513222 21259511
1790322976398 0 85577 6862 2431209257 2385335906 0 0 0 0 0 0 961252889 19128107 4123992064 348393472 49938432 28768992 21503725 5247624 7594556 21404059
1790322977425 0 53528 4395 2431354611 2385515801 0 0 0 0 0 0 961292002 19128343 4123566080 270536704 0 28973597 21661446 5285708 7661150 21581983
1790322978455 0 117215 14308 2431543599 2385631252 0 0 0 0 0 0 961351294 19128659 4124393472 486715392 71450624 29279519 21888731 5346098 7754497 21739059
1790322979478 0 74461 4572 2431720300 2385860373 0 0 0 0 0 0 961398637 19128935 4124073984 298856448 32788480 29530570 22086062 5392885 7815252 21905816
1790322980499 0 59973 0 2431883220 2386042214 0 0 0 0 0 0 961452703 19129217 4124631040 220794880 0 29780968 22272814 5445813 7894260 22143433
1790322981524 0 51369 0 2432036278 2386204007 0 0 0 0 0 0 961488669 19129457 4124672000 181493760 0 29999555 22439457 5481863 7956587 22395418
1790322982545 0 71031 10293 2432225821 2386363625 0 0 0 0 0 0 961544589 19129752 4124598272 309653504 51863552 30297733 22661243 5538897 8026715 22582352
1790322983566 0 72337 0 2432405397 2386552170 0 0 0 0 0 0 961599908 19130036 4125069312 269508608 0 30565500 22863115 5593085 8091833 22753518
1790322984588 0 53662 25 2432563922 2386729277 0 0 0 0 0 0 961637687 19130271 4123860992 217976832 10551296 30795472 23042247 5632007 8155687 22978499
1790322985611 0 71299 9636 2432764165 2386902509 0 0 0 0 0 0 961689580 19130541 4124725248 352378880 0 31090620 23260727 5683410 8204160 23118304
1790322986645 0 54050 48 2432935432 2387100588 0 0 0 0 0 0 961749328 19130818 4126261248 201682944 2928640 31364655 23466823 5743551 8298137 23389999
1790322987670 0 78295 438 2433131400 2387271698 0 0 0 0 0 0 961807222 19131116 4125233152 336420864 1515520 31653453 23685708 5800076 8360161 23601354
1790322988702 0 100354 95 2433316626 2387435499 0 0 0 0 0 0 961859654 19131391 4125376512 402370560 14815232 31949625 23894088 5852858 8445816 23790775
1790322989738 0 83207 9052 2433490004 2387616975 0 0 0 0 0 0 961909001 19131656 4125343744 381468672 0 32216601 24086391 5903248 8502754 23952826
1790322990759 0 60987 7261 2433659614 2387810455 0 0 0 0 0 0 961963935 19131941 4125097984 290508800 9613312 32490569 24284701 5958758 8559118 24157746
1790322991786 0 55157 15681 2433819884 2387968157 0 0 0 0 0 0 962010771 19132176 4123852800 300453888 6283264 32734575 24465859 6005537 8618295 24329293
1790322992810 0 61140 0 2434003885 2388161807 0 0 0 0 0 0 962072917 19132444 4124692480 225345536 0 33032350 24684550 6066883 8698695 24529235
1790322993835 0 74060 11339 2434206326 2388340088 0 0 0 0 0 0 962139135 19132737 4125290496 380837888 0 33347052 24922734 6133240 8782854 24715735
1790322994857 0 69479 466 2434356697 2388505850 0 0 0 0 0 0 962178235 19132956 4124860416 288952320 16633856 33579955 25089565 6172968 8863426 24965700
1790322995887 0 73679 5840 2434546874 2388686385 0 0 0 0 0 0 962239903 19133243 4124999680 331669504 0 33876857 25309327 6234126 8929472 25160285
1790322996916 0 45288 4 2434714046 2388887823 0 0 0 0 0 0 962295874 19133490 4124880896 163123200 0 34145073 25508000 6289586 9019384 25378456
1790322997937 0 55931 323 2434898265 2389061089 0 0 0 0 0 0 962342178 19133787 4123770880 240353280 2600960 34416509 25713301 6335378 9111373 25638006
1790322998963 0 81124 0 2435086762 2389224727 0 0 0 0 0 0 962400756 19134100 4124004352 308355072 1040384 34711264 25930217 6392420 9171001 25766657
1790322999987 0 93190 13760 2435262435 2389374560 0 0 0 0 0 0 962453761 19134397 4124995584 437149696 14700544 34992890 26139806 6447857 9262431 25946832
1790323001007 0 150441 0 2435457014 2389525693 0 0 0 0 0 0 962519817 19134712 4125581312 597889024 0 35295732 26366764 6511708 9333138 26066071
1790323002033 0 97456 592 2435557333 2389678267 0 0 0 0 0 0 962553998 19134882 4125888512 400740352 2359296 35464945 26493299 6547208 9380377 26252755
1790323003054 0 108123 0 2435685115 2389796035 0 0 0 0 0 0 962600209 19135118 4127133696 419975168 0 35672499 26647510 6593413 9441762 26505902
1790323004075 0 146138 0 2435851186 2389924036 0 0 0 0 0 0 962639730 19135339 4125110272 575864832 0 35918618 26826865 6631934 9517550 26695533
1790323005098 0 94237 0 2435952665 2390077637 0 0 0 0 0 0 962668010 19135506 4124909568 361021440 0 36072248 26945215 6661774 9573900 26978256
1790323006122 0 22023 673 2436068900 2390265400 0 0 0 0 0 0 962703070 19135710 4125011968 100679680 4694016 36266354 27086136 6697293 9651774 27335188
1790323007142 0 91333 1579 2436248083 2390374216 0 0 0 0 0 0 962749374 19136000 4123885568 384450560 3702784 36524497 27289798 6744109 9727888 27546382
1790323008167 0 110556 313 2436385637 2390493855 0 0 0 0 0 0 962788459 19136215 4122980352 453066752 5603328 36736877 27448839 6783215 9769628 27742177
1790323009188 0 61181 10867 2436486400 2390633521 0 0 0 0 0 0 962817289 19136362 4122816512 246423552 63832064 36887074 27559732 6811514 9860809 28023190
1790323010209 0 77414 4195 2436625112 2390762607 0 0 0 0 0 0 962861477 19136602 4123910144 313081856 30957568 37105256 27721870 6856244 9927543 28246744
1790323011231 0 37002 2482 2436732571 2390912567 0 0 0 0 0 0 962904106 19136793 4125331456 164098048 0 37286691 27859261 6898372 9993098 28485282
1790323012262 0 107814 342 2436897270 2391008342 0 0 0 0 0 0 962953060 19137037 4125216768 445485056 1343488 37547456 28051270 6947720 10072879 28710747
1790323013284 0 97427 0 2437024486 2391146106 0 0 0 0 0 0 962993894 19137240 4126056448 377688064 0 37745097 28198787 6986811 10151975 28996459
1790323014305 0 88008 8121 2437157369 2391280383 0 0 0 0 0 0 963035815 19137458 4126003200 354459648 45002752 37954765 28355677 7030525 10215171 29245863
1790323015329 0 116914 1170 2437279584 2391380731 0 0 0 0 0 0 963067896 19137635 4124868608 498110464 2523136 38121863 28481992 7061388 10275342 29450052
1790323016368 0 13021 0 2437355333 2391561438 0 0 0 0 0 0 963086210 19137747 4124823552 23556096 0 38226509 28558946 7079422 10333426 29752719
1790323017397 0 74810 0 2437501141 2391645408 0 0 0 0 0 0 963123737 19137980 4123320320 279949312 0 38444518 28718614 7117497 10393867 29939176
1790323018426 0 95786 639 2437641839 2391764549 0 0 0 0 0 0 963159716 19138169 4123385856 401940480 1273856 38673838 28887148 7154524 10457229 30181256
1790323019455 0 95993 2414 2437765699 2391886386 0 0 0 0 0 0 963187128 19138329 4122103808 419074048 2793472 38844440 29018857 7181350 10510891 30401614
1790323020493 0 64765 350 2437865328 2392019304 0 0 0 0 0 0 963218495 19138501 4121993216 265330688 2125824 38996509 29135776 7212723 10572446 30772134
1790323021525 0 33136 916 2437973223 2392158322 0 0 0 0 0 0 963259016 19138697 4123095040 154873856 3235840 39172064 29272320 7253311 10661781 31067519
1790323022569 0 97779 0 2438119064 2392240287 0 0 0 0 0 0 963307896 19138910 4124250112 372764672 0 39388347 29440832 7302121 10758251 31287699
1790323023599 0 108161 0 2438242076 2392352999 0 0 0 0 0 0 963346377 19139128 4124090368 418041856 0 39570992 29579406 7339156 10823620 31533465
1790323024627 0 88028 7477 2438365162 2392488808 0 0 0 0 0 0 963377328 19139306 4123648000 384454656 16142336 39767195 29722775 7372061 10903110 31818501
1790323025646 0 32 0 2438395993 2392615111 0 0 0 0 0 0 963410780 19139520 4150788096 131072 0 39836383 29776737 7404511 10938253 31969162
1790323026666 0 34 0 2438395995 2392615111 0 0 0 0 0 0 963552627 19140277 4154552320 131072 0 39989569 29916641 7545334 11044660 32143883
1790323027686 0 34 0 2438395995 2392615111 0 0 0 0 0 0 963710285 19140833 4162523136 131072 0 40180421 30071568 7702207 11173970 32268631
1790323028711 0 34 0 2438395995 2392615113 0 0 0 0 0 0 963820396 19141337 4160827392 126976 0 40337390 30183210 7815149 11234509 32296128
