1790335362401 0 0 0 3392346262 3346447030 0 0 0 0 0 0 1403345686 20544353 - - - - - - - -
1790335363771 0 148734 8102 3392696407 3346640287 0 0 0 0 0 0 1403345687 20544414 1335857152 634986496 6230016 0 0 1 0 13957
1790335364867 0 152042 1988 3392902592 3346849275 0 0 0 0 0 0 1403345687 20544415 2246684672 621895680 9003008 0 0 1 0 100342
1790335365893 0 151402 2052 3393108081 3347055334 0 0 0 0 0 0 1403345687 20544417 3076366336 609386496 9916416 0 0 1 0 186637
1790335366914 0 148113 4046 3393344303 3347292912 0 0 0 0 0 0 1403345687 20544417 4054622208 610729984 14295040 0 0 1 0 279487
1790335367933 0 144227 3056 3393568721 3347522108 0 0 0 0 0 0 1403349746 20544420 4140294144 590622720 12472320 322970 206250 4060 35238 320519
1790335368964 0 128044 3738 3393760584 3347729548 0 0 0 0 0 0 1403360395 20544439 4139638784 529764352 16777216 578244 405797 14763 86117 389932
1790335369998 0 148587 0 3394001350 3347953341 0 0 0 0 0 0 1403384872 20544471 4139339776 581140480 0 891062 669187 38162 146464 507255
1790335371027 0 129704 1533 3394178148 3348147948 0 0 0 0 0 0 1403407444 20544614 4139859968 520581120 34869248 1168426 871942 61764 203710 650852
1790335372064 0 112812 15242 3394322941 3348295943 0 0 0 0 0 0 1403433165 20544801 4140519424 477921280 71991296 1398506 1045087 87479 240339 789153
1790335373122 0 127404 22406 3394481441 3348432399 0 0 0 0 0 0 1403461930 20544969 4141592576 521461760 91774976 1638344 1232204 116243 299052 1115699
1790335374146 0 120851 0 3394608406 3348588221 0 0 0 0 0 0 1403490689 20545114 4143378432 469639168 0 1837736 1379890 143997 351455 1409794
1790335375172 0 84946 4066 3394730413 3348742199 0 0 0 0 0 0 1403512782 20545228 4144349184 334602240 22925312 2019488 1524987 167097 403070 1684474
1790335376197 0 109813 1340 3394881236 3348870807 0 0 0 0 0 0 1403552364 20545387 4146434048 451862528 11972608 2263259 1715730 206163 446878 1933865
1790335377243 0 127995 2672 3395027858 3348997924 0 0 0 0 0 0 1403586831 20545593 4147482624 522420224 20185088 2493238 1896196 241152 549105 2216618
1790335378283 0 140906 4043 3395173884 3349129526 0 0 0 0 0 0 1403616122 20545760 4147412992 579280896 18452480 2725303 2070249 269430 598604 2545885
1790335379318 0 104262 0 3395263737 3349260097 0 0 0 0 0 0 1403642806 20545886 4147785728 401747968 0 2870834 2182750 294636 640448 2900908
1790335380359 0 75166 1392 3395374055 3349398049 0 0 0 0 0 0 1403668044 20546003 4147765248 316735488 5419008 3058533 2320488 320287 692323 3206509
1790335381407 0 120205 1529 3395536296 3349515584 0 0 0 0 0 0 1403710089 20546205 4148117504 503099392 24616960 3339062 2527078 363525 751239 3597702
1790335382473 0 120330 6140 3395669880 3349644082 0 0 0 0 0 0 1403749253 20546373 4148441088 497696768 31739904 3563131 2701199 403566 806241 3977590
1790335383506 0 121170 8017 3395782452 3349754205 0 0 0 0 0 0 1403785184 20546511 4149075968 527327232 9404416 3752898 2847765 437968 846980 4358435
1790335384527 0 143143 2490 3395925414 3349880411 0 0 0 0 0 0 1403823707 20546676 4148957184 594186240 16777216 4001231 3031284 478026 901089 4634327
1790335385547 0 83552 0 3396013112 3350030202 0 0 0 0 0 0 1403853483 20547241 4149186560 316129280 0 4143178 3141587 506788 954270 5155311
1790335386587 0 27312 4186 3396124868 3350194183 0 0 0 0 0 0 1403895055 20547392 4149927936 149381120 16777216 4357911 3298302 548305 1013094 5448778
1790335387618 0 120631 0 3396311110 3350291275 0 0 0 0 0 0 1403962859 20547612 4149641216 471347200 0 4674073 3544282 614567 1079238 5610354
1790335388657 0 108522 8163 3396440535 3350424591 0 0 0 0 0 0 1404011560 20547779 4150431744 490569728 50180096 4906299 3716255 665405 1122949 5829068
1790335389713 0 70766 5486 3396541833 3350566417 0 0 0 0 0 0 1404044968 20547890 4149923840 298455040 5341184 5069742 3836626 698770 1192136 6131171
1790335390748 0 74056 0 3396672287 3350698955 0 0 0 0 0 0 1404094089 20548055 4148793344 278777856 8413184 5270569 3976963 744974 1246353 6527072
1790335391780 0 41482 0 3396789259 3350848460 0 0 0 0 0 0 1404133271 20548183 4148080640 137793536 0 5437013 4097021 786566 1303694 6852121
1790335392808 0 84949 996 3396944031 3350958773 0 0 0 0 0 0 1404187663 20548350 4147249152 348004352 13766656 5673483 4265596 840805 1360270 7074828
1790335393853 0 83339 13849 3397071107 3351074787 0 0 0 0 0 0 1404217459 20548449 4144828416 341356544 73666560 5852267 4386692 871773 1407461 7246148
1790335394874 0 59729 2426 3397184789 3351223327 0 0 0 0 0 0 1404244156 20548542 4142968832 250802176 19877888 6028976 4499535 898473 1463362 7447588
1790335395896 0 76651 16863 3397306854 3351314155 0 0 0 0 0 0 1404280609 20548657 4141445120 383664128 0 6235777 4625589 934418 1547546 7642256
1790335396916 0 51969 0 3397402207 3351450894 0 0 0 0 0 0 1404311905 20548750 4140589056 186425344 0 6393594 4731685 965213 1610053 7900721
1790335397939 0 63276 2000 3397536149 3351571681 0 0 0 0 0 0 1404345282 20548854 4137758720 274128896 1708032 6599579 4872851 999596 1657389 8102531
1790335398972 0 104322 0 3397672672 3351669013 0 0 0 0 0 0 1404385847 20548982 4135772160 402685952 9674752 6809045 5018810 1038106 1728487 8262324
1790335400024 0 125389 10074 3397823179 3351788541 0 0 0 0 0 0 1404426944 20549148 4134215680 513511424 54353920 7062303 5193369 1080747 1789787 8405389
1790335401062 0 72475 2210 3397930598 3351956654 0 0 0 0 0 0 1404460346 20549298 4133363712 290541568 61911040 7228610 5314492 1114659 1870279 8762472
1790335402114 0 110021 7200 3398092443 3352075905 0 0 0 0 0 0 1404515803 20549520 4133453824 450813952 45826048 7495589 5507140 1170148 1940575 8943211
1790335403140 0 89569 0 3398195460 3352206493 0 0 0 0 0 0 1404554196 20549661 4133437440 343674880 0 7658516 5626069 1206974 2007550 9229233
1790335404163 0 116095 17590 3398350696 3352317790 0 0 0 0 0 0 1404599287 20549822 4133052416 473780224 85098496 7912890 5809881 1253165 2063288 9388347
1790335405188 0 98771 0 3398465821 3352467674 0 0 0 0 0 0 1404631179 20549949 4132233216 380522496 0 8086462 5935238 1283466 2139573 9630856
1790335406221 0 75630 5459 3398592697 3352612463 0 0 0 0 0 0 1404677443 20550126 4133388288 343097344 6729728 8318087 6099824 1331757 2197770 9820147
1790335407256 0 110653 13007 3398775077 3352752624 0 0 0 0 0 0 1404732877 20550322 4132548608 492376064 36130816 8593902 6315728 1386206 2267780 10018433
1790335408299 0 99249 0 3398897324 3352898782 0 0 0 0 0 0 1404770863 20550449 4132114432 401682432 18268160 8775725 6458764 1424703 2306457 10155043
1790335409347 0 51255 52 3399002960 3353052396 0 0 0 0 0 0 1404800670 20550563 4131667968 188280832 0 8928263 6577932 1453532 2363774 10414032
1790335410385 0 107607 0 3399150641 3353143552 0 0 0 0 0 0 1404844301 20550738 4132442112 414769152 0 9162151 6753737 1496596 2439759 10538751
1790335411428 0 83849 4515 3399276247 3353288630 0 0 0 0 0 0 1404879210 20550860 4132839424 343633920 47927296 9367672 6907644 1533558 2508050 10734141
1790335412468 0 77434 0 3399401684 3353424852 0 0 0 0 0 0 1404906483 20550984 4133060608 290775040 0 9541672 7044405 1560810 2552259 10914382
1790335413489 0 61572 1169 3399541403 3353579457 0 0 0 0 0 0 1404938856 20551122 4131254272 251158528 0 9739642 7199113 1592153 2614644 11081056
1790335414518 0 125444 972 3399712032 3353686351 0 0 0 0 0 0 1404985120 20551300 4132368384 530915328 4812800 10007982 7406821 1639438 2675089 11222701
1790335415540 0 111886 3330 3399837704 3353823178 0 0 0 0 0 0 1405025625 20551450 4132933632 468119552 14286848 10207473 7560907 1680013 2719439 11429664
1790335416561 0 65531 20157 3399940538 3353955580 0 0 0 0 0 0 1405056514 20551565 4133007360 268419072 98111488 10364943 7688467 1710828 2773153 11677047
1790335417581 0 101271 10293 3400112612 3354101897 0 0 0 0 0 0 1405102645 20551723 4133138432 412450816 56012800 10611788 7888864 1756678 2838920 11797771
1790335418601 0 148835 0 3400266595 3354218502 0 0 0 0 0 0 1405155510 20551886 4134461440 587149312 0 10863847 8076242 1806747 2931472 11977206
1790335419629 0 110455 0 3400389927 3354380294 0 0 0 0 0 0 1405182100 20551991 4134744064 427233280 0 11047895 8218076 1834478 2987563 12127480
1790335420658 0 109264 0 3400530135 3354521608 0 0 0 0 0 0 1405222778 20552135 4135747584 422785024 0 11258904 8384296 1877097 3044429 12277348
1790335421693 0 18401 542 3400640051 3354722181 0 0 0 0 0 0 1405247945 20552224 4134866944 102506496 1503232 11414698 8505031 1900729 3081250 12433690
1790335422731 0 8783 13 3400776452 3354868308 0 0 0 0 0 0 1405293636 20552373 4135768064 10866688 0 11624624 8669209 1945916 3123544 12479229
1790335423752 0 106185 4062 3400982353 3354972604 0 0 0 0 0 0 1405341891 20552532 4135669760 443367424 12857344 11931912 8899670 1995198 3177776 12608156
1790335424777 0 79995 2886 3401095225 3355113154 0 0 0 0 0 0 1405385472 20552648 4136955904 330178560 31240192 12117030 9035093 2039819 3237781 12823669
1790335425804 0 60331 0 3401229455 3355269755 0 0 0 0 0 0 1405427573 20552775 4138242048 230105088 3764224 12303700 9177670 2079839 3289331 12977574
1790335426829 0 66701 0 3401386307 3355420284 0 0 0 0 0 0 1405473487 20552931 4137594880 247136256 0 12527248 9341741 2125537 3377877 13264035
1790335427855 0 69422 0 3401526526 3355557675 0 0 0 0 0 0 1405512918 20553101 4135903232 259231744 0 12744063 9494325 2165103 3469130 13499653
1790335428885 0 88803 2642 3401670109 3355679458 0 0 0 0 0 0 1405547277 20553246 4135096320 368807936 4890624 12969030 9652828 2201591 3571766 13717375
1790335429923 0 93557 2044 3401806743 3355811876 0 0 0 0 0 0 1405598593 20553420 4135038976 381046784 25759744 13205241 9815739 2252914 3624086 13861085
1790335430947 0 123375 1168 3401955700 3355931935 0 0 0 0 0 0 1405636603 20553570 4133490688 505139200 26525696 13415179 9972333 2290919 3708378 14104721
1790335431972 0 50141 0 3402057993 3356108591 0 0 0 0 0 0 1405667405 20553693 4132634624 212414464 3383296 13580099 10084290 2321207 3754949 14323348
1790335433023 0 78285 0 3402229752 3356252104 0 0 0 0 0 0 1405717777 20553916 4131397632 297275392 12746752 13841491 10274160 2371065 3834227 14497311
1790335434072 0 97032 0 3402360091 3356363721 0 0 0 0 0 0 1405767558 20554093 4132651008 372551680 0 14056812 10430672 2420863 3887877 14663533
1790335435094 0 132008 0 3402521054 3356489674 0 0 0 0 0 0 1405817456 20554294 4132102144 515989504 0 14306621 10617888 2468991 3949282 14835723
1790335436115 0 90145 38 3402635844 3356646380 0 0 0 0 0 0 1405860982 20554446 4132810752 344514560 0 14504410 10764128 2514825 4015281 15091248
1790335437153 0 65296 2286 3402777054 3356810301 0 0 0 0 0 0 1405901591 20554613 4132376576 267362304 38649856 14726531 10925066 2555905 4093640 15371262
1790335438174 0 114240 0 3402948533 3356934993 0 0 0 0 0 0 1405948306 20554852 4132413440 437010432 0 14976411 11114526 2602675 4157578 15543647
1790335439205 0 76411 1462 3403077552 3357100495 0 0 0 0 0 0 1405994733 20555036 4131532800 326062080 3215360 15182645 11275042 2648025 4216760 15747194
1790335440236 0 87185 1191 3403217418 3357229646 0 0 0 0 0 0 1406036288 20555240 4131561472 362115072 22298624 15403526 11441048 2690164 4286730 15905743
1790335441274 0 81916 21390 3403357036 3357354516 0 0 0 0 0 0 1406080567 20555436 4131848192 422973440 15794176 15626939 11611121 2734881 4374875 16151826
1790335442299 0 106656 0 3403485464 3357479711 0 0 0 0 0 0 1406123755 20555638 4132573184 414978048 0 15828142 11763688 2778068 4434486 16323329
1790335443323 0 10030 779 3403573455 3357663367 0 0 0 0 0 0 1406148585 20555757 4132044800 40607744 15462400 15966438 11870919 2802752 4507150 16610335
1790335444344 0 95729 14600 3403755205 3357745476 0 0 0 0 0 0 1406215685 20556018 4132573184 454660096 0 16257662 12092197 2868981 4573523 16737007
1790335445367 0 85114 15 3403837966 3357853471 0 0 0 0 0 0 1406242332 20556138 4132642816 323395584 0 16384940 12187447 2893145 4641943 16917918
1790335446398 0 68625 69 3403966770 3357998902 0 0 0 0 0 0 1406285600 20556317 4132384768 258383872 0 16585150 12341814 2937285 4704324 17190922
1790335447439 0 85750 66 3404115010 3358129934 0 0 0 0 0 0 1406340453 20556541 4133228544 326475776 0 16836683 12530508 2992801 4783265 17408882
1790335448469 0 48173 0 3404223012 3358275484 0 0 0 0 0 0 1406375617 20556720 4133552128 171110400 0 17009564 12662896 3028901 4858378 17701119
1790335449511 0 94247 22 3404395012 3358401376 0 0 0 0 0 0 1406429743 20556958 4133056512 380600320 13926400 17276737 12866384 3082323 4935456 17876510
1790335450557 0 142083 0 3404565714 3358524319 0 0 0 0 0 0 1406485496 20557217 4132593664 557436928 0 17537875 13062837 3138355 5036765 18150615
1790335451579 0 54526 39 3404664668 3358710718 0 0 0 0 0 0 1406515545 20557362 4133728256 208220160 4198400 17706671 13185965 3168693 5095157 18455401
1790335452610 0 119770 13056 3404851248 3358819545 0 0 0 0 0 0 1406566879 20557598 4132888576 543432704 8110080 18003466 13408176 3221285 5158833 18578548
1790335453629 0 47702 147 3404953056 3359005977 0 0 0 0 0 0 1406597327 20557765 4132085760 193482752 13099008 18165239 13525232 3251647 5221654 18802829
1790335454656 0 54317 2772 3405105151 3359148796 0 0 0 0 0 0 1406641528 20557982 4132028416 238252032 7323648 18390756 13694562 3294839 5266855 18988309
1790335455692 0 68238 1577 3405260723 3359291531 0 0 0 0 0 0 1406688289 20558197 4131885056 284364800 6549504 18613362 13866602 3342710 5325385 19172601
1790335456726 0 94682 2193 3405424564 3359428838 0 0 0 0 0 0 1406737194 20558435 4131352576 422051840 4546560 18864920 14053389 3391545 5394276 19334279
1790335457768 0 104732 14278 3405584328 3359566011 0 0 0 0 0 0 1406781965 20558655 4131680256 427044864 73646080 19129381 14236518 3436286 5456615 19502623
1790335458790 0 62569 4015 3405735542 3359769829 0 0 0 0 0 0 1406826656 20558839 4131414016 271216640 18567168 19352256 14403715 3480457 5530340 19741412
1790335459814 0 114443 1076 3405904918 3359890245 0 0 0 0 0 0 1406871349 20559042 4129906688 471351296 4702208 19589992 14579556 3524639 5587113 19882448
1790335460841 0 110418 11388 3406061493 3360040491 0 0 0 0 0 0 1406914995 20559224 4128350208 507887616 0 19828464 14750219 3565729 5652702 20058566
1790335461864 0 113929 0 3406211859 3360198664 0 0 0 0 0 0 1406945827 20559379 4127502336 441679872 0 20051500 14910148 3599850 5725666 20212218
1790335462886 0 26065 1063 3406352085 3360425585 0 0 0 0 0 0 1406978706 20559519 4126384128 140582912 4653056 20256238 15065108 3633024 5776744 20362411
1790335463909 0 82082 10964 3406525090 3360532815 0 0 0 0 0 0 1407021937 20559763 4124647424 398364672 0 20504426 15251351 3675743 5844161 20466485
1790335464935 0 81102 1316 3406688394 3360706828 0 0 0 0 0 0 1407082547 20560001 4125614080 350150656 1572864 20753434 15442905 3735322 5929916 20711485
1790335465963 0 126719 0 3406891236 3360865287 0 0 0 0 0 0 1407147077 20560274 4125933568 497143808 0 21058260 15678517 3801419 5983656 20862577
1790335466987 0 71401 4913 3407040745 3361065244 0 0 0 0 0 0 1407196421 20560492 4127649792 344780800 2490368 21306601 15860142 3850684 6040203 21034905
1790335468010 0 128964 0 3407227394 3361199113 0 0 0 0 0 0 1407249870 20560738 4127174656 504156160 0 21595084 16066383 3903673 6109508 21212914
1790335469030 0 89409 11609 3407385393 3361385452 0 0 0 0 0 0 1407292699 20560969 4126228480 398557184 32239616 21837400 16252846 3947023 6178917 21429568
1790335470049 0 103641 1723 3407543298 3361538699 0 0 0 0 0 0 1407334276 20561163 4124950528 428650496 0 22064525 16429709 3987597 6237146 21601507
1790335471070 0 74193 2112 3407704048 3361728473 0 0 0 0 0 0 1407384685 20561399 4125294592 331395072 1511424 22318162 16622937 4038999 6304396 21797265
1790335472101 0 71383 0 3407844551 3361873933 0 0 0 0 0 0 1407423048 20561581 4125155328 267440128 0 22514414 16777515 4076547 6384705 21951494
1790335473122 0 103640 0 3407996647 3361993742 0 0 0 0 0 0 1407457650 20561747 4124696576 400801792 0 22729786 16946342 4111455 6462736 22105231
1790335474145 0 64746 25 3408153513 3362189462 0 0 0 0 0 0 1407502230 20561972 4124606464 253386752 11239424 22966855 17128940 4154645 6526702 22294961
1790335475169 0 61592 19 3408296899 3362335909 0 0 0 0 0 0 1407539378 20562158 4125220864 228941824 0 23178771 17293150 4193197 6602330 22459660
1790335476191 0 103545 0 3408488239 3362485412 0 0 0 0 0 0 1407590698 20562458 4124913664 397963264 0 23452595 17508167 4244168 6689097 22596806
1790335477213 0 63231 19 3408629186 3362666619 0 0 0 0 0 0 1407640177 20562667 4126564352 239640576 4423680 23686829 17683385 4292971 6759523 22806152
1790335478236 0 103614 2109 3408821268 3362816323 0 0 0 0 0 0 1407696137 20562920 4126789632 444346368 5251072 23981241 17908403 4349986 6847141 22995463
1790335479260 0 118610 22 3409010153 3362992171 0 0 0 0 0 0 1407742786 20563168 4125962240 464711680 0 24239793 18103788 4392962 6928484 23243179
1790335480294 0 70087 9658 3409154177 3363175300 0 0 0 0 0 0 1407786633 20563372 4126412800 345964544 0 24466808 18274818 4440005 6989455 23479503
1790335481322 0 78085 16232 3409299522 3363306000 0 0 0 0 0 0 1407834984 20563590 4127666176 375365632 33419264 24706865 18455871 4489298 7066640 23665677
1790335482350 0 87598 0 3409445040 3363458160 0 0 0 0 0 0 1407868349 20563776 4126363648 345620480 14811136 24897053 18602216 4521203 7144847 23859739
1790335483377 0 41698 1898 3409584539 3363641771 0 0 0 0 0 0 1407901289 20563954 4125487104 187518976 1339392 25092507 18747552 4555131 7203956 24042030
1790335484411 0 108804 652 3409780937 3363772219 0 0 0 0 0 0 1407955556 20564221 4126789632 461828096 5783552 25390544 18968540 4609082 7273334 24176939
1790335485449 0 108934 0 3409925779 3363917471 0 0 0 0 0 0 1407992642 20564403 4126531584 423505920 0 25590187 19122499 4645192 7348306 24397006
1790335486478 0 100693 676 3410084294 3364083806 0 0 0 0 0 0 1408026713 20564594 4125466624 414953472 3125248 25809355 19291686 4679779 7401170 24618912
1790335487503 0 71982 55 3410224627 3364253283 0 0 0 0 0 0 1408064572 20564790 4124782592 306208768 2793472 26001697 19442966 4718593 7473249 24920563
1790335488528 0 53056 17197 3410364186 3364394750 0 0 0 0 0 0 1408111583 20564996 4126158848 296906752 7606272 26234558 19611745 4765928 7529735 25075989
1790335489549 0 81841 14941 3410537453 3364541331 0 0 0 0 0 0 1408163451 20565264 4126539776 391610368 22769664 26495927 19805807 4817839 7608648 25344836
1790335490572 0 90824 0 3410678649 3364688548 0 0 0 0 0 0 1408200405 20565463 4126248960 347750400 0 26689870 19952949 4853794 7665547 25546817
1790335491596 0 141201 0 3410850935 3364810405 0 0 0 0 0 0 1408251878 20565723 4126420992 553074688 0 26962806 20150497 4904556 7768158 25771330
1790335492620 0 97746 1586 3410963257 3364964649 0 0 0 0 0 0 1408283773 20565894 4126519296 406945792 17686528 27141912 20282717 4938087 7826962 25970387
1790335493650 0 66826 573 3411096861 3365130276 0 0 0 0 0 0 1408322792 20566084 4125728768 290877440 1646592 27332583 20426569 4976110 7895211 26240110
1790335494684 0 80817 0 3411278531 3365298493 0 0 0 0 0 0 1408374756 20566340 4125270016 302944256 0 27600396 20626412 5026996 7981024 26490220
1790335495710 0 83840 0 3411436235 3365453120 0 0 0 0 0 0 1408423597 20566596 4124897280 317706240 0 27845167 20807770 5076708 8049225 26761276
1790335496737 0 66101 5166 3411586345 3365615838 0 0 0 0 0 0 1408466771 20566838 4124499968 272973824 42340352 28080615 20984622 5121116 8116907 26941386
1790335497765 0 42417 6412 3411714239 3365766224 0 0 0 0 0 0 1408505306 20567018 4124475392 220553216 0 28270944 21129773 5158601 8163771 27109132
1790335498786 0 115907 0 3411906521 3365891397 0 0 0 0 0 0 1408563383 20567336 4124626944 447639552 0 28554556 21349075 5216666 8228203 27264583
1790335499821 0 69638 3296 3412058995 3366086790 0 0 0 0 0 0 1408598389 20567551 4123774976 323117056 4096000 28779914 21520166 5252702 8296990 27484913
1790335500846 0 117265 7472 3412236176 3366212188 0 0 0 0 0 0 1408648753 20567908 4123414528 478277632 46374912 29051545 21722101 5303072 8380248 27648972
1790335501873 0 97484 440 3412385169 3366387981 0 0 0 0 0 0 1408699047 20568159 4124237824 408100864 5439488 29275355 21898814 5352415 8471501 27937488
1790335502910 0 96278 565 3412541203 3366545136 0 0 0 0 0 0 1408738219 20568388 4123693056 397930496 1695744 29508663 22069122 5392438 8549964 28150146
1790335503939 0 84304 9 3412701938 3366718420 0 0 0 0 0 0 1408793207 20568667 4124839936 320208896 675840 29751516 22254596 5446497 8623741 28406596
1790335504979 0 116159 0 3412891638 3366876168 0 0 0 0 0 0 1408836464 20568959 4123860992 456220672 0 30015248 22460635 5489343 8699538 28638067
1790335506003 0 96063 730 3413050413 3367054566 0 0 0 0 0 0 1408882332 20569207 4124020736 369016832 0 30253845 22640127 5535620 8762190 28857130
1790335507031 0 40624 1167 3413173663 3367232785 0 0 0 0 0 0 1408920363 20569382 4123992064 167239680 21876736 30447635 22789677 5574171 8828093 29227274
1790335508063 0 105816 0 3413355377 3367350286 0 0 0 0 0 0 1408964545 20569665 4124184576 408662016 0 30701997 22983841 5617912 8891721 29376668
1790335509089 0 92447 6352 3413505932 3367508228 0 0 0 0 0 0 1409010272 20569892 4124446720 395886592 30433280 30935570 23163529 5664586 8961891 29599386
1790335510113 0 116567 0 3413681230 3367665339 0 0 0 0 0 0 1409068221 20570167 4125638656 454635520 0 31205022 23360417 5720603 9036128 29796520
1790335511139 0 90031 44 3413843128 3367853699 0 0 0 0 0 0 1409119497 20570406 4126138368 354332672 10166272 31449617 23552455 5772518 9110820 30021868
1790335512172 0 98638 0 3414003332 3368005309 0 0 0 0 0 0 1409170084 20570663 4125437952 378048512 0 31698186 23729170 5821471 9176483 30231146
1790335513204 0 94680 0 3414150918 3368156862 0 0 0 0 0 0 1409207267 20570876 4125204480 363552768 0 31935134 23894953 5858914 9245729 30375948
1790335514244 0 90329 12829 3414336732 3368334195 0 0 0 0 0 0 1409258036 20571160 4125425664 377327616 58871808 32219201 24106347 5911884 9296024 30527028
1790335515265 0 124795 0 3414511780 3368487724 0 0 0 0 0 0 1409320745 20571448 4125569024 482762752 0 32488610 24307175 5974062 9388464 30806757
1790335516286 0 95185 2993 3414673643 3368676282 0 0 0 0 0 0 1409366020 20571704 4125282304 388849664 35926016 32748771 24497400 6020351 9460383 31070204
1790335517306 0 100647 0 3414850286 3368850222 0 0 0 0 0 0 1409424040 20571977 4124942336 391172096 0 33021105 24696330 6076453 9535557 31346466
1790335518334 0 64475 5530 3414995171 3369025893 0 0 0 0 0 0 1409470812 20572186 4125368320 305287168 1998848 33248550 24866332 6123085 9616979 31546507
1790335519356 0 104245 1680 3415168887 3369163812 0 0 0 0 0 0 1409521467 20572455 4125339648 437039104 3928064 33528770 25067186 6174481 9713270 31767594
1790335520376 0 64513 9370 3415315649 3369342647 0 0 0 0 0 0 1409560770 20572669 4124758016 322973696 0 33745526 25231232 6215083 9781323 32009804
1790335521395 0 83226 692 3415483211 3369499930 0 0 0 0 0 0 1409612079 20572916 4124213248 349523968 3960832 34014427 25424096 6266453 9853903 32232265
1790335522418 0 41385 20 3415620266 3369679641 0 0 0 0 0 0 1409655712 20573125 4124164096 167518208 21913600 34225561 25585462 6309591 9910775 32460215
1790335523439 0 97741 5040 3415813816 3369811850 0 0 0 0 0 0 1409706687 20573436 4123140096 400855040 36872192 34506477 25800918 6361055 10000888 32639858
1790335524462 0 37294 0 3415926567 3369989944 0 0 0 0 0 0 1409743737 20573632 4123795456 140206080 5042176 34691724 25932400 6397538 10057395 32918581
1790335525491 0 26545 1241 3416088289 3370161377 0 0 0 0 0 0 1409792044 20573926 4124549120 140201984 0 34937086 26119726 6445375 10128406 33155129
1790335526525 0 71152 2701 3416252832 3370280050 0 0 0 0 0 0 1409838311 20574157 4124594176 289280000 29102080 35190368 26306692 6492658 10194847 33318572
1790335527548 0 87891 12678 3416404335 3370404452 0 0 0 0 0 0 1409893831 20574407 4125179904 357027840 71389184 35440728 26493839 6548145 10274316 33519823
1790335528575 0 67632 712 3416548530 3370580977 0 0 0 0 0 0 1409941083 20574656 4125118464 298754048 3465216 35660760 26661091 6594389 10348894 33721970
1790335529616 0 109226 803 3416715488 3370706170 0 0 0 0 0 0 1409981759 20574886 4124065792 465911808 2560000 35905597 26842680 6635161 10430656 33909511
1790335530660 0 70450 45 3416836354 3370866571 0 0 0 0 0 0 1410018642 20575086 4124057600 263475200 0 36093497 26983635 6670525 10500187 34112761
1790335531693 0 40501 535 3416984298 3371043836 0 0 0 0 0 0 1410061923 20575344 4124065792 177291264 2543616 36323341 27159831 6715775 10579636 34381641
1790335532716 0 85171 0 3417179818 3371195289 0 0 0 0 0 0 1410112373 20575629 4122947584 326270976 0 36598418 27377290 6765689 10647540 34511587
1790335533739 0 66802 4020 3417331982 3371361970 0 0 0 0 0 0 1410156050 20575865 4122693632 304754688 0 36842583 27554476 6810386 10706266 34690590
1790335534763 0 68714 0 3417482733 3371514780 0 0 0 0 0 0 1410208060 20576121 4123942912 255737856 0 37072422 27729321 6859812 10754987 34859403
1790335535791 0 79089 13578 3417640212 3371648478 0 0 0 0 0 0 1410261998 20576386 4125110272 385814528 2289664 37340907 27932258 6916314 10832069 35084085
1790335536826 0 75712 12307 3417791221 3371803931 0 0 0 0 0 0 1410306676 20576610 4125102080 370888704 4567040 37578474 28103848 6959461 10892265 35299263
1790335537857 0 72764 2117 3417935515 3371961388 0 0 0 0 0 0 1410355007 20576853 4125384704 313294848 7831552 37816310 28275402 7007780 10971849 35504460
1790335538877 0 113927 0 3418107020 3372093783 0 0 0 0 0 0 1410405855 20577107 4124835840 444071936 0 38061965 28460982 7058139 11053710 35786066
1790335539909 0 46926 1022 3418229206 3372281853 0 0 0 0 0 0 1410447751 20577279 4124938240 192516096 1404928 38259336 28604899 7100232 11123863 36045112
1790335540941 0 90357 58 3418395090 3372405425 0 0 0 0 0 0 1410483646 20577548 4122935296 344576000 0 38500494 28781416 7137951 11200776 36227526
1790335541961 0 92579 35 3418555030 3372563174 0 0 0 0 0 0 1410526807 20577775 4122787840 363159552 6107136 38750826 28965795 7180093 11266756 36468488
1790335542992 0 4679 1578 3418659852 3372754460 0 0 0 0 0 0 1410554598 20577933 4121903104 19165184 36782080 38908199 29088399 7208909 11325467 36564521
1790335544012 0 32 0 3418659886 3372760622 0 0 0 0 0 0 1410703607 20578722 4152639488 131072 0 39060886 29227371 7355385 11431601 36645606
1790335545033 0 33 0 3418659887 3372760622 0 0 0 0 0 0 1410875431 20579364 4161806336 131072 0 39267923 29396966 7527218 11516763 36676324
1790335546057 0 33 0 3418659887 3372760622 0 0 0 0 0 0 1410996431 20579928 4168568832 131072 0 39427178 29518839 7650742 11617667 36720045
