1790324407184 0 4 0 2548769244 2502988375 0 0 0 0 0 0 1009576012 19297185 - - - - - - - -
1790324408847 0 108094 0 2549086101 2503197138 0 0 0 0 0 0 1009576014 19297268 1254391808 411131904 0 0 0 2 0 48739
1790324409868 0 149189 6110 2549277706 2503341542 0 0 0 0 0 0 1009576014 19297269 2061074432 610004992 21286912 0 0 2 0 184146
1790324410887 0 150482 4096 2549443462 2503507972 0 0 0 0 0 0 1009576014 19297269 2728714240 616136704 8388608 0 0 2 0 343167
1790324411907 0 150473 3143 2549607762 2503673268 0 0 0 0 0 0 1009576014 19297271 3396288512 609300480 10756096 0 0 2 0 500384
1790324412927 0 147016 4094 2549764378 2503832339 0 0 0 0 0 0 1009576014 19297271 4038033408 592232448 16777216 0 0 2 0 790350
1790324413946 0 146288 2044 2549928223 2503998965 0 0 0 0 0 0 1009581104 19297278 4159361024 597635072 14155776 258650 140237 5092 78058 956028
1790324414965 0 132215 2523 2550077547 2504161871 0 0 0 0 0 0 1009591686 19297289 4158455808 551989248 5545984 497904 302098 14653 146574 1093119
1790324415984 0 130025 0 2550205895 2504294972 0 0 0 0 0 0 1009600759 19297302 4157935616 518098944 0 680453 436412 24412 207793 1290826
1790324417015 0 74601 11385 2550298030 2504431106 0 0 0 0 0 0 1009611463 19297318 4157956096 320806912 44584960 822972 542686 35451 306382 1655316
1790324418043 0 118364 15691 2550440663 2504525743 0 0 0 0 0 0 1009629713 19297348 4158246912 537313280 15986688 1023475 702280 53700 398390 1834792
1790324419061 0 132140 0 2550527434 2504614460 0 0 0 0 0 0 1009647104 19297476 4158930944 528322560 0 1212446 803969 71156 498782 2045214
1790324420081 0 76684 0 2550599009 2504741436 0 0 0 0 0 0 1009661912 19297572 4159516672 303464448 0 1354364 889992 85464 630610 2466172
1790324421100 0 134687 48 2550719457 2504803844 0 0 0 0 0 0 1009700804 19297752 4161982464 541011968 0 1577895 1047849 123817 784222 2731210
1790324422123 0 29402 1442 2550752408 2504940617 0 0 0 0 0 0 1009717227 19297806 4163428352 121819136 16777216 1648439 1098742 140705 887716 3225445
1790324423145 0 134038 14161 2550905482 2504976474 0 0 0 0 0 0 1009772043 19298029 4167225344 553721856 53317632 1937297 1306795 196068 1018272 3330303
1790324424169 0 98363 4092 2550980017 2505096697 0 0 0 0 0 0 1009801838 19298127 4169338880 411258880 8990720 2069208 1409771 225313 1128819 3792500
1790324425194 0 120278 2043 2551087146 2505183925 0 0 0 0 0 0 1009839844 19298286 4171198464 503988224 12484608 2267424 1554342 263832 1265888 4005774
1790324426222 0 60463 9563 2551150502 2505299611 0 0 0 0 0 0 1009866553 19298401 4173037568 286814208 25165824 2405619 1644096 290540 1400256 4317612
1790324427246 0 71718 23752 2551260864 2505384530 0 0 0 0 0 0 1009907560 19298584 4175044608 383860736 11698176 2625141 1793823 331564 1525000 4608842
1790324428265 0 68071 0 2551333182 2505484160 0 0 0 0 0 0 1009944514 19298721 4176490496 265699328 0 2785111 1899467 367995 1608697 4816165
1790324429291 0 62278 16601 2551431531 2505571787 0 0 0 0 0 0 1009980460 19298866 4176990208 254898176 67997696 2982347 2037127 404445 1704952 5155831
1790324430316 0 92945 2094 2551536747 2505660906 0 0 0 0 0 0 1010017895 19299014 4176539648 380575744 16777216 3193173 2179686 441927 1782565 5323280
1790324431339 0 111126 14713 2551635413 2505728709 0 0 0 0 0 0 1010064097 19299155 4177256448 454979584 60264448 3396341 2323984 488083 1929437 5628147
1790324432358 0 144917 8186 2551736507 2505802539 0 0 0 0 0 0 1010123075 19299322 4177997824 593362944 33554432 3632817 2483587 547061 2080567 5758677
1790324433380 0 11059 1714 2551756110 2505962440 0 0 0 0 0 0 1010130411 19299353 4178067456 56348672 6979584 3671193 2509137 553886 2159824 6232011
1790324434402 0 149219 4085 2551910238 2505976030 0 0 0 0 0 0 1010204684 19299596 4179066880 618602496 0 3991400 2735092 628246 2255545 6290464
1790324435421 0 122002 0 2551979107 2506076160 0 0 0 0 0 0 1010238427 19299702 4179148800 489263104 0 4148629 2836440 661050 2328130 6457834
1790324436441 0 86398 0 2552041754 2506174464 0 0 0 0 0 0 1010283682 19299832 4180664320 345567232 0 4319840 2944087 706038 2420215 6882758
1790324437460 0 76949 73 2552126434 2506268640 0 0 0 0 0 0 1010330917 19299978 4181413888 304742400 0 4513155 3074742 752859 2512012 7112628
1790324438491 0 57989 4057 2552209197 2506366286 0 0 0 0 0 0 1010383247 19300123 4182237184 246808576 21684224 4712843 3212849 806720 2664582 7432415
1790324439514 0 78684 0 2552295531 2506436014 0 0 0 0 0 0 1010462622 19300314 4184125440 313724928 0 4963683 3375067 884910 2848024 7732066
1790324440543 0 71463 3149 2552378786 2506523131 0 0 0 0 0 0 1010521644 19300483 4184920064 314105856 7761920 5172554 3520088 945124 3026215 7934875
1790324441566 0 65726 2026 2552455328 2506606622 0 0 0 0 0 0 1010590375 19300641 4187058176 282083328 3796992 5398876 3664588 1013851 3125120 8141974
1790324442589 0 117823 16587 2552566763 2506651468 0 0 0 0 0 0 1010672063 19300868 4187148288 550326272 33554432 5690688 3857209 1095382 3254191 8234633
1790324443611 0 38220 1096 2552610393 2506790286 0 0 0 0 0 0 1010708950 19300945 4187377664 165478400 12341248 5818839 3937212 1132426 3413500 8590110
1790324444633 0 107358 0 2552722519 2506834232 0 0 0 0 0 0 1010800255 19301170 4187557888 429387776 0 6096028 4129103 1222985 3542907 8651852
1790324445652 0 96835 12 2552802029 2506924272 0 0 0 0 0 0 1010857145 19301308 4187119616 387194880 0 6294237 4255189 1279635 3696983 8927107
1790324446672 0 73559 0 2552876008 2507021625 0 0 0 0 0 0 1010920719 19301455 4186796032 292941824 0 6477883 4379560 1342692 3885098 9279375
1790324447691 0 84678 0 2552968065 2507102522 0 0 0 0 0 0 1010988622 19301673 4187193344 338530304 0 6703027 4520544 1410989 4092837 9592235
1790324448713 0 59640 0 2553040495 2507199979 0 0 0 0 0 0 1011052143 19301870 4186931200 251994112 5943296 6892767 4639921 1475630 4206134 9803671
1790324449738 0 52946 0 2553111409 2507277565 0 0 0 0 0 0 1011115787 19302053 4186357760 206684160 0 7070092 4751350 1539321 4369235 10015248
1790324450758 0 82126 4118 2553209594 2507342340 0 0 0 0 0 0 1011181515 19302258 4184580096 348430336 0 7282366 4887580 1603479 4459743 10168111
1790324451778 0 85846 0 2553291693 2507425023 0 0 0 0 0 0 1011235968 19302422 4182781952 347439104 9175040 7462618 5000264 1658927 4591733 10467686
1790324452805 0 59991 0 2553369303 2507528488 0 0 0 0 0 0 1011280640 19302557 4180783104 241537024 3837952 7619546 5095554 1703085 4735769 10947862
1790324453826 0 26745 0 2553436754 2507629090 0 0 0 0 0 0 1011317031 19302663 4179206144 97013760 0 7746816 5175315 1740509 4823628 11271834
1790324454845 0 111103 0 2553563103 2507671075 0 0 0 0 0 0 1011401683 19302898 4176695296 447320064 0 8020757 5346119 1824133 4974018 11440451
1790324455864 0 83755 26 2553635036 2507770390 0 0 0 0 0 0 1011449931 19303034 4175556608 343658496 10170368 8178527 5444683 1873912 5153888 11910151
1790324456886 0 128046 0 2553734628 2507825701 0 0 0 0 0 0 1011524814 19303239 4174794752 518230016 0 8411130 5589891 1946789 5341082 12201570
1790324457910 0 63798 5495 2553789576 2507939299 0 0 0 0 0 0 1011561279 19303335 4173807616 276881408 0 8544838 5665453 1984239 5517280 12734781
1790324458933 0 71455 1127 2553869742 2508016266 0 0 0 0 0 0 1011610042 19303478 4172431360 307470336 2363392 8713273 5773934 2033514 5677137 13151584
1790324459952 0 47933 4016 2553955116 2508122345 0 0 0 0 0 0 1011665963 19303644 4171223040 223633408 0 8907254 5893128 2089971 5810487 13473305
1790324460971 0 65659 3915 2554047523 2508197189 0 0 0 0 0 0 1011734727 19303822 4170113024 282755072 13643776 9121257 6032263 2158711 5937383 13733116
1790324461990 0 77269 1767 2554134877 2508274938 0 0 0 0 0 0 1011797825 19303996 4169654272 326066176 1695744 9313136 6159194 2221294 6121352 14135361
1790324463008 0 61055 45 2554215029 2508373062 0 0 0 0 0 0 1011855815 19304144 4168683520 243990528 0 9498599 6275826 2277240 6250898 14512454
1790324464032 0 39659 1555 2554298749 2508476662 0 0 0 0 0 0 1011911750 19304303 4168454144 162742272 12107776 9687002 6398808 2335731 6474577 14949847
1790324465051 1 64879 0 2554397392 2508551689 0 0 0 0 0 0 1011970730 19304499 4166733824 258113536 0 9880888 6529548 2392698 6591727 15122792
1790324466071 1 92828 66 2554494033 2508620365 0 0 0 0 0 0 1012046060 19304729 4167069696 365654016 0 10110491 6682529 2469671 6770145 15464684
1790324467111 1 63460 11 2554567288 2508721857 0 0 0 0 0 0 1012101721 19304906 4167045120 252944384 16543744 10283632 6797317 2524047 6909587 15810479
1790324468170 1 69719 11 2554659621 2508807121 0 0 0 0 0 0 1012155555 19305895 4166270976 273076224 0 10479049 6923479 2578447 6973091 15956610
1790324469208 1 3064 72 2554682021 2508896133 0 0 0 0 0 0 1012174591 19306297 4166696960 6381568 0 10538007 6963428 2597428 7017905 16420804
1790324470227 1 51095 4229 2554774887 2508937015 0 0 0 0 0 0 1012226478 19306556 4166103040 209088512 27054080 10728187 7095767 2650285 7149255 16727839
1790324471247 1 22702 0 2554818863 2509013339 0 0 0 0 0 0 1012255427 19307023 4166500352 82567168 0 10814589 7156650 2677993 7255284 17093595
1790324472269 1 82934 0 2554912003 2509046281 0 0 0 0 0 0 1012320408 19307956 4166406144 333418496 0 11021222 7302036 2741968 7351853 17237327
1790324473290 1 96426 3750 2554981012 2509097937 0 0 0 0 0 0 1012376365 19308436 4167323648 393072640 22249472 11185030 7415794 2800170 7647314 17651151
1790324474312 1 62878 20651 2555029302 2509163192 0 0 0 0 0 0 1012406663 19308571 4167577600 257359872 88510464 11288054 7483906 2830466 7767510 17867477
1790324475331 1 13651 523 2555055298 2509258284 0 0 0 0 0 0 1012431779 19308686 4168155136 51679232 0 11348452 7525516 2853553 8023938 18478477
1790324476350 1 77221 41 2555160404 2509300318 0 0 0 0 0 0 1012489235 19308912 4167245824 312365056 0 11562410 7672072 2910551 8141910 18626520
1790324477369 1 70496 0 2555247026 2509393726 0 0 0 0 0 0 1012546809 19309087 4168298496 292663296 3596288 11773063 7806099 2970612 8246372 18815902
1790324478389 1 107520 0 2555335352 2509445029 0 0 0 0 0 0 1012608909 19309260 4168577024 434802688 0 11957927 7938933 3030670 8359430 18981965
1790324479417 1 30372 786 2555385268 2509571182 0 0 0 0 0 0 1012646893 19309381 4169052160 152031232 2625536 12081283 8020168 3069185 8474816 19238018
1790324480454 1 61615 0 2555470992 2509626562 0 0 0 0 0 0 1012701832 19309560 4168970240 244355072 0 12270153 8146578 3124936 8564571 19379219
1790324481474 1 88403 438 2555551688 2509680118 0 0 0 0 0 0 1012742933 19309689 4168704000 377556992 0 12440501 8260123 3166247 8694356 19540728
1790324482494 1 90464 30 2555618642 2509745303 0 0 0 0 0 0 1012793673 19309837 4169101312 361820160 0 12599202 8369217 3216529 8808082 19786530
1790324483514 1 82273 3 2555694485 2509829363 0 0 0 0 0 0 1012862935 19310014 4170924032 337424384 8331264 12795870 8504023 3286806 8894678 19919181
1790324484542 1 41243 954 2555753599 2509928757 0 0 0 0 0 0 1012905584 19310125 4171636736 178794496 7794688 12936331 8597623 3328876 8988561 20117884
1790324485565 1 71545 0 2555842070 2509987671 0 0 0 0 0 0 1012975303 19310312 4172554240 288763904 0 13154182 8741919 3397122 9094564 20268255
1790324486586 1 84965 71 2555908771 2510041011 0 0 0 0 0 0 1013023554 19310451 4173225984 335716352 0 13328400 8849389 3446913 9262019 20487745
1790324487610 1 82548 0 2555967871 2510102427 0 0 0 0 0 0 1013061554 19310556 4172996608 328081408 0 13472265 8938883 3484650 9363249 20700605
1790324488629 1 84355 0 2556030003 2510162851 0 0 0 0 0 0 1013109724 19310693 4172713984 339320832 0 13636343 9042911 3532311 9452377 20923691
1790324489668 1 38375 2264 2556072681 2510249279 0 0 0 0 0 0 1013142157 19310782 4172812288 172359680 4141056 13735685 9112068 3565960 9541439 21288297
1790324490695 1 87984 103 2556168867 2510298040 0 0 0 0 0 0 1013205568 19310973 4172406784 351612928 0 13952709 9261118 3628077 9673409 21404954
1790324491732 1 74176 1577 2556240450 2510381761 0 0 0 0 0 0 1013251484 19311103 4172353536 332603392 4448256 14120092 9371309 3674777 9828504 21731408
1790324492760 1 91483 0 2556327304 2510452918 0 0 0 0 0 0 1013317779 19311295 4173586432 364126208 0 14320961 9512191 3740715 9943178 21856962
1790324493796 1 60951 4054 2556386119 2510538219 0 0 0 0 0 0 1013370655 19311440 4174331904 279748608 0 14484347 9618677 3793433 10030168 22081421
1790324494834 1 3172 1215 2556438267 2510650857 0 0 0 0 0 0 1013410164 19311545 4174725120 39809024 2433024 14607686 9705044 3833511 10091341 22290725
1790324495890 1 67432 31 2556536289 2510685669 0 0 0 0 0 0 1013486612 19311756 4176130048 269942784 26849280 14866734 9874294 3910437 10204538 22423689
1790324496934 1 83868 2099 2556621414 2510752242 0 0 0 0 0 0 1013549216 19311932 4176613376 350793728 0 15075446 10013084 3971523 10282238 22530410
1790324497955 1 108433 1 2556712238 2510820437 0 0 0 0 0 0 1013629759 19312200 4177063936 435851264 0 15298738 10169121 4051903 10410146 22688517
1790324498976 1 98968 19 2556792902 2510910561 0 0 0 0 0 0 1013688552 19312876 4177760256 394964992 0 15475467 10295955 4111340 10514750 22838647
1790324500009 1 42087 2681 2556840650 2511012382 0 0 0 0 0 0 1013730598 19312974 4178116608 191000576 1011712 15610605 10380392 4153886 10709771 23370848
1790324501039 1 51283 5329 2556916166 2511076178 0 0 0 0 0 0 1013786536 19313112 4178419712 206467072 31420416 15794648 10498177 4210338 10815159 23623615
1790324502058 1 112710 0 2557016861 2511120659 0 0 0 0 0 0 1013864538 19313370 4178780160 444887040 0 16031665 10656499 4287865 10976647 23766237
1790324503083 1 91314 1722 2557094689 2511218382 0 0 0 0 0 0 1013916899 19313539 4178051072 395358208 5238784 16213597 10778118 4340200 11059181 23912224
1790324504107 1 78146 2 2557197783 2511336134 0 0 0 0 0 0 1013969689 19313716 4177481728 262451200 0 16402501 10894040 4392513 11169814 24151525
1790324505130 1 18703 709 2557254933 2511451927 0 0 0 0 0 0 1013991798 19313782 4176850944 35287040 2265088 16486903 10945433 4415601 11211598 24202049
1790324506149 1 68563 1993 2557353307 2511499241 0 0 0 0 0 0 1014038962 19313915 4176920576 221315072 16502784 16639260 11047384 4462794 11249681 24218859
1790324507170 1 93839 0 2557429771 2511552510 0 0 0 0 0 0 1014083867 19314059 4176560128 257765376 0 16775979 11140769 4506444 11316407 24522250
1790324508193 1 67274 0 2557494854 2511644204 0 0 0 0 0 0 1014118244 19314176 4176203776 262643712 0 16875839 11212304 4540528 11378421 24922458
1790324509215 1 87008 2920 2557593937 2511720690 0 0 0 0 0 0 1014173150 19314347 4174954496 313724928 15101952 17052664 11335066 4596954 11429109 25031933
1790324510235 1 104878 1418 2557671836 2511782318 0 0 0 0 0 0 1014214186 19314482 4174983168 338317312 5918720 17192339 11420107 4637989 11658103 25501778
1790324511258 1 48883 1898 2557720443 2511886032 0 0 0 0 0 0 1014234182 19314536 4174606336 42983424 0 17255138 11459835 4656968 11706679 25945965
1790324512280 1 100439 0 2557813425 2511929574 0 0 0 0 0 0 1014294580 19314714 4174835712 204988416 0 17435608 11581052 4715978 11794211 26103824
1790324513301 1 99812 4074 2557884419 2511997140 0 0 0 0 0 0 1014336234 19314849 4174876672 308568064 0 17576996 11669698 4759597 11879920 26489630
1790324514322 1 75327 46 2557942319 2512083407 0 0 0 0 0 0 1014368614 19314949 4174204928 267186176 0 17665356 11731371 4789888 11992925 27119572
1790324515344 1 105373 1533 2558029281 2512138900 0 0 0 0 0 0 1014417318 19315098 4173139968 346959872 2629632 17825603 11838235 4841210 12096225 27316268
1790324516366 1 47659 0 2558070100 2512239058 0 0 0 0 0 0 1014440973 19315164 4173389824 33832960 0 17887038 11876107 4862766 12143566 27979777
1790324517387 1 94304 7665 2558170937 2512285623 0 0 0 0 0 0 1014488199 19315331 4172365824 202964992 35471360 18079424 11995238 4912039 12271378 28194258
1790324518416 1 100912 8192 2558249041 2512356643 0 0 0 0 0 0 1014541550 19315482 4172611584 317063168 0 18232966 12095047 4964842 12350997 28553576
1790324519462 1 85428 1 2558324396 2512455613 0 0 0 0 0 0 1014585652 19315604 4171997184 315719680 0 18369175 12180236 5008433 12414317 28823275
1790324520484 1 105735 3474 2558405098 2512512512 0 0 0 0 0 0 1014639995 19315764 4172320768 372719616 12824576 18511791 12285664 5063798 12529661 29226751
1790324521526 1 34016 0 2558443648 2512626232 0 0 0 0 0 0 1014657209 19315817 4172255232 10616832 0 18559936 12314380 5079195 12597789 29711287
1790324522548 1 126278 0 2558566673 2512656906 0 0 0 0 0 0 1014716419 19316001 4169506816 351453184 0 18759867 12450712 5139764 12711659 29862704
1790324523572 1 167455 1 2558664403 2512713273 0 0 0 0 0 0 1014770310 19316163 4169027584 476848128 0 18953635 12568815 5192098 12777639 29995154
1790324524597 1 72437 29 2558729401 2512873497 0 0 0 0 0 0 1014797550 19316270 4168605696 250986496 0 19054581 12634065 5220394 12866990 30392970
1790324525619 1 102783 857 2558819839 2512932678 0 0 0 0 0 0 1014852506 19316459 4168400896 359694336 2015232 19219837 12749118 5275796 12947408 30651804
1790324526641 1 83587 1338 2558888617 2513020303 0 0 0 0 0 0 1014881293 19316548 4166873088 226246656 4468736 19325251 12819220 5305094 13075990 31243033
1790324527669 1 87808 0 2558965325 2513094028 0 0 0 0 0 0 1014931537 19316688 4166635520 162414592 0 19456619 12914078 5354343 13175509 31540030
1790324528691 1 108570 0 2559055575 2513163663 0 0 0 0 0 0 1014975209 19316836 4166279168 228589568 0 19608196 13014623 5397474 13237038 31764029
1790324529713 1 71887 3972 2559116910 2513257713 0 0 0 0 0 0 1015000378 19316931 4165132288 280055808 25853952 19705549 13076918 5424183 13311180 32235427
1790324530734 1 62043 42 2559186962 2513341583 0 0 0 0 0 0 1015034249 19317037 4165517312 192270336 0 19824550 13152677 5457039 13371945 32525673
1790324531755 1 53776 526 2559260919 2513423256 0 0 0 0 0 0 1015069679 19317160 4164759552 140193792 6656000 19956932 13237418 5492970 13439326 32917754
1790324532777 1 87501 52 2559356945 2513486084 0 0 0 0 0 0 1015138004 19317370 4165545984 237436928 0 20148267 13370165 5559698 13501723 33001240
1790324533800 1 97021 0 2559451577 2513571061 0 0 0 0 0 0 1015193425 19317542 4165431296 265117696 0 20316997 13488470 5615192 13654364 33337922
1790324534821 1 47054 3091 2559525948 2513692409 0 0 0 0 0 0 1015232463 19317691 4165062656 185610240 22827008 20450404 13578636 5656265 13743245 33617258
1790324535842 1 66672 1710 2559618915 2513767205 0 0 0 0 0 0 1015290477 19317888 4165902336 251015168 20959232 20628391 13700937 5714279 13882265 33879014
1790324536862 1 35615 1075 2559687132 2513867196 0 0 0 0 0 0 1015330101 19318018 4166082560 105099264 2416640 20750299 13782339 5753244 14066849 34355961
1790324537883 1 72632 4 2559780656 2513924554 0 0 0 0 0 0 1015390043 19318248 4166352896 206860288 12173312 20927823 13905311 5813334 14169524 34528678
1790324538913 1 101097 0 2559873550 2513989105 0 0 0 0 0 0 1015448707 19318456 4167045120 291799040 0 21112588 14028831 5872550 14236415 34631448
1790324539935 1 83207 0 2559964065 2514097408 0 0 0 0 0 0 1015493926 19318637 4165959680 314949632 0 21277779 14139596 5917237 14406923 34950211
1790324540956 1 70094 0 2560057451 2514203868 0 0 0 0 0 0 1015551923 19318828 4165591040 247828480 0 21465533 14266447 5973027 14484372 35129297
1790324541976 1 51786 339 2560130292 2514294890 0 0 0 0 0 0 1015605353 19319020 4166651904 171487232 6459392 21624105 14377114 6028643 14678537 35606663
1790324542996 1 86192 0 2560230528 2514356286 0 0 0 0 0 0 1015679970 19319261 4167376896 282316800 0 21827439 14519425 6102036 14765458 35790801
1790324544015 1 86222 73 2560316629 2514438903 0 0 0 0 0 0 1015721895 19319430 4166209536 318894080 10510336 21991436 14626846 6145697 14901452 36333684
1790324545034 1 65949 949 2560383795 2514525036 0 0 0 0 0 0 1015771681 19319593 4166594560 269332480 14176256 22140306 14722811 6195491 15018287 36844745
1790324546054 1 71819 20767 2560478886 2514594440 0 0 0 0 0 0 1015820462 19319766 4165459968 293306368 95227904 22325826 14846593 6244264 15139897 37155043
1790324547073 1 6782 27 2560519475 2514720387 0 0 0 0 0 0 1015847660 19319865 4165926912 5779456 0 22398860 14899275 6269932 15234542 37747074
1790324548092 1 63108 0 2560628598 2514772010 0 0 0 0 0 0 1015919466 19320118 4166508544 244260864 0 22632796 15054932 6341812 15465256 38004358
1790324549113 1 104605 20048 2560734221 2514816050 0 0 0 0 0 0 1015994599 19320359 4167929856 418283520 92147712 22869419 15216685 6418401 15583126 38187169
1790324550132 1 76997 8853 2560809523 2514930351 0 0 0 0 0 0 1016045603 19320532 4168286208 309686272 51249152 23034326 15323382 6469405 15736046 38725708
1790324551151 1 91451 0 2560895915 2515011015 0 0 0 0 0 0 1016097415 19320703 4168589312 358592512 0 23217255 15438090 6520203 15830079 38970083
1790324552171 1 16010 1694 2560933088 2515122059 0 0 0 0 0 0 1016130778 19320810 4169515008 42258432 16797696 23312619 15501930 6554579 15917721 39698723
1790324553191 1 72732 0 2561031104 2515164975 0 0 0 0 0 0 1016210054 19321072 4170280960 259448832 0 23540222 15657442 6631957 15977012 39797760
1790324554211 1 76356 1022 2561109391 2515238510 0 0 0 0 0 0 1016262757 19321253 4169875456 282509312 13373440 23708816 15771530 6686574 16078042 40122384
1790324555230 1 58612 3713 2561177275 2515321406 0 0 0 0 0 0 1016303850 19321401 4170231808 238137344 23511040 23850939 15864219 6727652 16324416 40678093
1790324556250 1 105405 0 2561267628 2515368716 0 0 0 0 0 0 1016371104 19321620 4170383360 421683200 0 24065935 16003149 6792916 16499883 40990750
1790324557270 1 16204 1679 2561329597 2515518545 0 0 0 0 0 0 1016408579 19321781 4170600448 74797056 5353472 24201286 16093283 6831923 16693553 41574818
1790324558291 1 83899 2701 2561441142 2515561519 0 0 0 0 0 0 1016487139 19322068 4170420224 352002048 3215360 24447726 16260380 6910940 16850218 41768265
1790324559310 1 105808 0 2561524331 2515624960 0 0 0 0 0 0 1016535429 19322256 4169814016 411734016 0 24607591 16370262 6957677 16927778 42029602
1790324560331 1 104489 2419 2561597630 2515696981 0 0 0 0 0 0 1016583183 19322444 4169547776 422912000 0 24770952 16474846 7005959 17001857 42464763
1790324561351 1 62029 7829 2561659892 2515796363 0 0 0 0 0 0 1016626538 19322617 4169695232 286248960 12165120 24909128 16568620 7050121 17082704 42781418
1790324562371 1 80360 5916 2561751368 2515871425 0 0 0 0 0 0 1016685180 19322836 4170076160 323989504 29581312 25109985 16702380 7108738 17229663 43118334
1790324563391 1 23277 0 2561790911 2515973972 0 0 0 0 0 0 1016712858 19322938 4170342400 57020416 0 25181981 16756897 7135164 17347032 43903503
1790324564411 1 91838 0 2561897292 2516011837 0 0 0 0 0 0 1016790156 19323215 4170358784 339566592 0 25409834 16911689 7212685 17463697 44121581
1790324565432 1 105890 115 2561990139 2516090509 0 0 0 0 0 0 1016855465 19323480 4170944512 420401152 0 25610730 17046876 7277391 17558125 44427580
1790324566452 1 91156 0 2562057311 2516172108 0 0 0 0 0 0 1016905415 19323636 4171202560 354111488 0 25762441 17146941 7327370 17664713 44828929
1790324567472 1 34209 1467 2562108020 2516278241 0 0 0 0 0 0 1016928330 19323735 4170289152 133935104 1372160 25853652 17206429 7351840 17724188 45226229
1790324568492 1 56787 13 2562199504 2516348580 0 0 0 0 0 0 1016976304 19323940 4169682944 200667136 0 26032795 17320991 7398732 17920705 45679049
1790324569512 1 72420 2 2562288809 2516422288 0 0 0 0 0 0 1017045631 19324187 4169953280 261029888 3698688 26250603 17459524 7467897 18073634 45939035
1790324570536 1 73989 16279 2562381470 2516497217 0 0 0 0 0 0 1017095701 19324394 4169535488 293466112 77070336 26418211 17583069 7519503 18244432 46183225
1790324571573 1 81441 1314 2562461770 2516584874 0 0 0 0 0 0 1017133170 19324548 4168282112 329764864 1724416 26576115 17682764 7556971 18348350 46521259
1790324572591 1 88004 2800 2562535218 2516650374 0 0 0 0 0 0 1017180945 19324734 4168097792 330088448 17653760 26740784 17785859 7604747 18599476 47076564
1790324573610 1 17420 471 2562563732 2516751946 0 0 0 0 0 0 1017196864 19324793 4168585216 11128832 1605632 26790531 17818031 7620665 18765503 47944174
1790324574629 1 87722 0 2562675208 2516793098 0 0 0 0 0 0 1017270079 19325088 4168613888 280633344 0 27012707 17971045 7691828 18946500 48260701
1790324575648 1 95176 1097 2562749339 2516856184 0 0 0 0 0 0 1017321228 19325290 4168658944 386932736 2039808 27178818 18079096 7744592 19204172 48798850
1790324576667 1 94273 1563 2562836524 2516940561 0 0 0 0 0 0 1017362807 19325463 4167843840 393842688 8409088 27348925 18189460 7786701 19240479 48964739
1790324577686 1 104529 0 2562917840 2517013015 0 0 0 0 0 0 1017410087 19325644 4167852032 419815424 0 27515058 18294148 7832543 19382371 49404819
1790324578705 1 45553 764 2562952710 2517106121 0 0 0 0 0 0 1017440931 19325759 4168032256 191672320 2916352 27607266 18355474 7864234 19462150 49869306
1790324579725 1 51475 0 2563024263 2517172518 0 0 0 0 0 0 1017492802 19325947 4168335360 210169856 4030464 27761254 18462002 7916092 19562760 50131280
1790324580744 1 103756 0 2563116574 2517212490 0 0 0 0 0 0 1017555945 19326182 4167585792 415342592 0 27968179 18599288 7978015 19858831 50518840
1790324581765 1 70149 504 2563177325 2517306328 0 0 0 0 0 0 1017597697 19326343 4166934528 295964672 1785856 28117908 18692085 8021511 19952462 50842740
1790324582783 1 95189 1002 2563269778 2517373342 0 0 0 0 0 0 1017657789 19326572 4166111232 385900544 14569472 28311996 18816824 8081591 20048894 51063745
1790324583803 1 18717 984 2563285705 2517465763 0 0 0 0 0 0 1017671139 19326619 4166463488 76664832 9330688 28355234 18844926 8094941 20202479 51815484
1790324584822 1 46410 0 2563366978 2517520350 0 0 0 0 0 0 1017727469 19326822 4166557696 185884672 0 28530411 18964775 8148815 20315386 52156802
1790324585842 1 71215 0 2563441017 2517569610 0 0 0 0 0 0 1017784057 19327040 4166197248 287510528 2945024 28700033 19080700 8206837 20465421 52528880
1790324586862 1 77047 0 2563507337 2517630058 0 0 0 0 0 0 1017823819 19327201 4165709824 305229824 0 28840896 19170513 8246390 20590098 52757770
1790324587887 1 69471 2086 2563564387 2517692812 0 0 0 0 0 0 1017864645 19327327 4165824512 301019136 2850816 28967615 19258577 8287934 20789811 53290536
1790324588908 1 32451 0 2563621529 2517788779 0 0 0 0 0 0 1017898491 19327455 4165464064 128905216 0 29089142 19336549 8320287 21005584 53749746
1790324589928 0 56835 5913 2563695003 2517832048 0 0 0 0 0 0 1017961174 19327682 4165881856 259977216 0 29266793 19455866 8383950 21247742 54040458
1790324590953 0 72867 25 2563756271 2517883010 0 0 0 0 0 0 1018003789 19327852 4166156288 288526336 0 29399255 19544593 8426579 21407679 54501366
1790324591980 0 103585 683 2563839902 2517935314 0 0 0 0 0 0 1018067473 19328104 4166291456 427274240 9359360 29599130 19681797 8491275 21574537 54832288
1790324592999 0 103048 0 2563913341 2518010054 0 0 0 0 0 0 1018125966 19328298 4166561792 411774976 0 29766807 19795004 8548763 21705780 55032091
1790324594019 0 13380 0 2563949850 2518136239 0 0 0 0 0 0 1018153835 19328413 4166172672 48730112 0 29854068 19849418 8575472 21836131 55391102
1790324595038 0 80272 0 2564044472 2518163889 0 0 0 0 0 0 1018229702 19328699 4166762496 326696960 0 30091355 20002484 8650472 22045447 55661388
1790324596063 0 88333 534 2564107071 2518218126 0 0 0 0 0 0 1018283093 19328888 4166946816 363302912 3682304 30249220 20105026 8706382 22174768 55944946
1790324597092 0 98643 34 2564173405 2518274462 0 0 0 0 0 0 1018340570 19329076 4167176192 391680000 0 30422126 20217211 8762840 22443747 56348335
1790324598119 0 86545 12 2564221677 2518334936 0 0 0 0 0 0 1018379594 19329218 4167004160 352387072 7708672 30538704 20295676 8802884 22578142 56709928
1790324599150 0 29083 1083 2564263268 2518432942 0 0 0 0 0 0 1018414512 19329367 4167286784 132337664 2306048 30644135 20362769 8838320 22678994 56903825
1790324600174 0 56299 657 2564346472 2518489222 0 0 0 0 0 0 1018478163 19329596 4167958528 221495296 0 30856382 20497596 8901452 22878125 57203777
1790324601193 0 78465 0 2564416193 2518537356 0 0 0 0 0 0 1018531552 19329798 4168052736 316899328 0 31027473 20610493 8952968 23062074 57620400
1790324602213 0 71731 1153 2564472884 2518599760 0 0 0 0 0 0 1018571600 19329963 4167454720 297472000 0 31156930 20694752 8993886 23318680 57978099
1790324603233 0 111579 0 2564569988 2518658199 0 0 0 0 0 0 1018632714 19330220 4166713344 448815104 0 31359139 20835177 9055524 23487096 58256044
1790324604253 0 2559 7 2564592617 2518789798 0 0 0 0 0 0 1018652673 19330281 4167118848 19914752 2367488 31415991 20874536 9075536 23581867 58800232
1790324605274 0 55097 0 2564686206 2518830838 0 0 0 0 0 0 1018725525 19330563 4166860800 215552000 0 31647709 21024169 9148344 23654545 58892640
1790324606307 0 91321 71 2564765428 2518873776 0 0 0 0 0 0 1018788172 19330800 4167909376 367587328 0 31844577 21152175 9209603 23778239 59190308
1790324607329 0 89406 5749 2564824873 2518929603 0 0 0 0 0 0 1018836012 19330971 4168503296 366235648 29798400 32004412 21254984 9259817 24050248 59615244
1790324608348 0 86479 0 2564880362 2518993659 0 0 0 0 0 0 1018873320 19331120 4168024064 343859200 0 32124550 21335928 9295613 24135331 59892064
1790324609368 0 44733 0 2564948257 2519103331 0 0 0 0 0 0 1018917432 19331293 4167929856 173809664 0 32279405 21438707 9339797 24286920 60302769
1790324610391 0 76247 3 2565028949 2519152442 0 0 0 0 0 0 1018974493 19331489 4167204864 312315904 8122368 32470743 21563661 9397783 24449192 60651873
1790324611410 0 78492 4358 2565091580 2519208534 0 0 0 0 0 0 1019016623 19331656 4167340032 321503232 25047040 32612451 21658474 9440425 24613833 61103718
1790324612433 0 104263 9389 2565169634 2519255882 0 0 0 0 0 0 1019069008 19331874 4166582272 426901504 46780416 32783270 21778596 9492810 24799607 61366876
1790324613453 0 95293 0 2565237400 2519341930 0 0 0 0 0 0 1019111588 19332026 4166516736 382005248 0 32931075 21874918 9533860 24928849 61758389
1790324614478 0 13190 1514 2565259538 2519444731 0 0 0 0 0 0 1019134171 19332097 4167008256 63143936 4083712 32989489 21916307 9557460 25086165 62380891
1790324615497 0 75133 0 2565354112 2519478793 0 0 0 0 0 0 1019198896 19332348 4167327744 301080576 0 33210238 22059709 9620649 25194797 62528706
1790324616521 0 119773 3049 2565445558 2519522521 0 0 0 0 0 0 1019261529 19332602 4167507968 490680320 18849792 33427066 22207235 9685341 25314932 62739113
1790324617546 0 94555 2774 2565506669 2519609218 0 0 0 0 0 0 1019308913 19332762 4167426048 387158016 24604672 33583250 22305809 9732720 25427188 63039153
1790324618573 0 70592 6535 2565551335 2519674047 0 0 0 0 0 0 1019346902 19332892 4168007680 289144832 33406976 33700707 22381514 9770704 25607324 63585035
1790324619593 0 14039 0 2565574661 2519760420 0 0 0 0 0 0 1019357735 19332943 4167471104 44363776 0 33734265 22407330 9781038 25722997 64284038
1790324620614 0 83848 0 2565675213 2519791141 0 0 0 0 0 0 1019430295 19333229 4167602176 330981376 0 33966198 22564152 9853451 25920292 64577392
1790324621638 0 89433 11501 2565752236 2519851109 0 0 0 0 0 0 1019475364 19333410 4166598656 366317568 56750080 34131346 22671517 9899166 26131675 65030577
1790324622664 0 97694 0 2565828259 2519930423 0 0 0 0 0 0 1019524367 19333601 4166447104 391565312 0 34288695 22781113 9946290 26343390 65396561
1790324623683 0 97808 0 2565888856 2519990824 0 0 0 0 0 0 1019563165 19333742 4166807552 390250496 0 34425386 22870846 9985960 26516079 65862926
1790324624703 0 18544 0 2565920223 2520101536 0 0 0 0 0 0 1019582170 19333826 4166434816 71770112 0 34493127 22916938 10003304 26673698 66470127
1790324625725 0 55294 9552 2566015833 2520150809 0 0 0 0 0 0 1019649951 19334097 4166623232 226578432 60874752 34715206 23069788 10073806 26762012 66530453
1790324626762 0 0 0 2566015803 2520215619 0 0 0 0 0 0 1019723856 19334392 4193779712 131072 0 34781680 23134051 10144699 26805495 66709148
1790324627782 0 33 0 2566015837 2520215620 0 0 0 0 0 0 1019891222 19335006 4196941824 131072 0 34967466 23303196 10314616 26875701 66792002
1790324628803 0 33 0 2566015837 2520215620 0 0 0 0 0 0 1020077090 19335552 4203048960 131072 0 35348117 23486128 10499039 27048803 66832856
1790324629822 0 33 0 2566015837 2520215620 0 0 0 0 0 0 1020251750 19337636 4204273664 131072 0 35751258 23659218 10672428 27215816 66863419
