1790327138284 0 1 0 2748846798 2703046018 0 0 0 0 0 0 1132313383 19641644 - - - - - - - -
1790327139974 0 135626 0 2749241440 2703304963 0 0 0 0 0 0 1132313386 19641749 1577115648 529231872 0 0 0 3 0 7585
1790327140996 0 151147 2020 2749420879 2703466894 0 0 0 0 0 0 1132313386 19641750 2314289152 605102080 16613376 0 0 3 0 142579
1790327142016 0 148417 4100 2749580763 2703627494 0 0 0 0 0 0 1132313386 19641750 2976346112 611012608 8388608 0 0 3 0 473546
1790327143035 0 145957 4096 2749737571 2703786739 0 0 0 0 0 0 1132313386 19641752 3630403584 617213952 13996032 0 0 3 0 816662
1790327144053 0 148766 1965 2749900500 2703948943 0 0 0 0 0 0 1132313386 19641752 4160753664 612929536 8388608 68447 31853 3 31464 1127927
1790327145072 0 143158 1348 2750061142 2704115888 0 0 0 0 0 0 1132317901 19641760 4159270912 589520896 16777216 310119 197616 4583 118416 1335722
1790327146107 0 136854 1908 2750216205 2704276519 0 0 0 0 0 0 1132324553 19641767 4158197760 554627072 16404480 523050 356031 11170 164090 1423092
1790327147126 0 99174 2854 2750332265 2704429485 0 0 0 0 0 0 1132335241 19641782 4157882368 406212608 20062208 677332 486103 21858 231785 1578325
1790327148149 0 110368 1215 2750450280 2704537882 0 0 0 0 0 0 1132344347 19641794 4157603840 445386752 38252544 832232 608954 30964 343721 1850612
1790327149169 0 136133 0 2750598781 2704661897 0 0 0 0 0 0 1132358077 19641824 4157300736 544743424 0 1041084 771250 44180 473976 2107436
1790327150188 0 67935 1 2750661771 2704792969 0 0 0 0 0 0 1132365261 19641904 4157427712 264609792 0 1150478 841402 51894 594979 2528979
1790327151207 0 149573 3108 2750812148 2704858610 0 0 0 0 0 0 1132386316 19642092 4157820928 614428672 0 1384114 1012436 72482 752591 2718463
1790327152232 0 93480 5222 2750881005 2704981442 0 0 0 0 0 0 1132399213 19642170 4158361600 404676608 41943040 1493268 1096315 85830 842821 3052646
1790327153251 0 127916 6083 2751013214 2705078363 0 0 0 0 0 0 1132421823 19642312 4159246336 549597184 15826944 1691287 1250816 107927 980282 3349904
1790327154270 0 21817 0 2751066285 2705243654 0 0 0 0 0 0 1132429483 19642358 4159647744 75403264 0 1761674 1307750 115591 1092601 3681145
1790327155294 0 102517 4048 2751222787 2705315533 0 0 0 0 0 0 1132469018 19642522 4161777664 430043136 8388608 2006701 1504789 155137 1190761 3770473
1790327156318 0 100567 15539 2751329687 2705412755 0 0 0 0 0 0 1132500842 19642648 4163641344 469307392 9527296 2181126 1642651 186947 1323492 4114720
1790327157339 0 65299 0 2751417000 2705550855 0 0 0 0 0 0 1132518821 19642748 4164435968 254529536 0 2307783 1745293 204434 1439781 4358603
1790327158359 0 68363 0 2751538885 2705669639 0 0 0 0 0 0 1132551229 19642926 4165812224 269225984 0 2507152 1898863 236311 1553455 4512393
1790327159391 0 48806 2044 2751642548 2705790956 0 0 0 0 0 0 1132586184 19643094 4167389184 213180416 12783616 2684306 2038481 272368 1698097 4832496
1790327160414 0 152542 0 2751799628 2705846301 0 0 0 0 0 0 1132633386 19643314 4169101312 614428672 0 2956063 2240470 318600 1817731 4966653
1790327161433 0 135519 0 2751901403 2705965086 0 0 0 0 0 0 1132657604 19643426 4169441280 542404608 0 3125416 2366389 343726 1904251 5086810
1790327162454 0 95279 2267 2751986138 2706087827 0 0 0 0 0 0 1132682300 19643543 4169359360 399339520 8388608 3282266 2478526 368284 1974997 5260977
1790327163478 0 104012 4069 2752101191 2706192331 0 0 0 0 0 0 1132713646 19643687 4169682944 433975296 14688256 3475607 2624610 400260 2088214 5514530
1790327164501 0 112565 2055 2752213228 2706297835 0 0 0 0 0 0 1132753644 19643845 4169625600 461914112 36540416 3671808 2773927 439771 2164050 5680564
1790327165520 0 48564 1 2752285429 2706436059 0 0 0 0 0 0 1132783448 19643941 4170153984 185438208 0 3809966 2875051 470062 2285874 5997749
1790327166551 0 59704 5475 2752403929 2706537975 0 0 0 0 0 0 1132817262 19644072 4169355264 266645504 20066304 4010249 3029459 503945 2363999 6168005
1790327167570 0 122329 0 2752530173 2706607010 0 0 0 0 0 0 1132856940 19644224 4168699904 494632960 0 4224789 3192639 541523 2448929 6308668
1790327168589 0 114435 0 2752634950 2706719708 0 0 0 0 0 0 1132882555 19644325 4168056832 456007680 0 4400465 3322836 568660 2598943 6574582
1790327169613 0 115885 4124 2752741266 2706820521 0 0 0 0 0 0 1132924143 19644464 4168355840 486830080 10317824 4616342 3473445 610758 2746887 6966450
1790327170634 0 63853 0 2752826434 2706961830 0 0 0 0 0 0 1132962122 19644573 4169056256 253255680 0 4777893 3592121 646181 2849373 7107537
1790327171656 0 57120 73 2752930405 2707072465 0 0 0 0 0 0 1132996514 19644686 4168548352 221036544 0 4939159 3720878 682107 2979696 7409400
1790327172676 0 100479 70 2753059797 2707158496 0 0 0 0 0 0 1133035255 19644820 4167983104 397971456 0 5121350 3864513 720368 3131712 7663370
1790327173696 0 97308 0 2753174468 2707276308 0 0 0 0 0 0 1133067605 19644938 4166615040 381612032 0 5280627 3977759 752714 3190865 7880830
1790327174726 0 71379 1909 2753284804 2707410753 0 0 0 0 0 0 1133097873 19645026 4165742592 308523008 9756672 5425157 4084455 784488 3261363 8208883
1790327175748 0 88006 0 2753418393 2707529628 0 0 0 0 0 0 1133137363 19645158 4164636672 349966336 0 5617608 4216886 821966 3414542 8564965
1790327176767 0 89927 56 2753544238 2707653432 0 0 0 0 0 0 1133176944 19645293 4164284416 366243840 13516800 5794437 4345017 863559 3535649 8956274
1790327177789 0 130159 0 2753669567 2707738567 0 0 0 0 0 0 1133209242 19645395 4162465792 518701056 0 5981642 4470900 895346 3672131 9334118
1790327178808 0 83445 5641 2753769224 2707879353 0 0 0 0 0 0 1133239986 19645481 4161286144 339685376 35704832 6143016 4579715 926600 3800683 9782793
1790327179830 0 58094 51 2753859681 2708000728 0 0 0 0 0 0 1133271274 19645559 4160065536 233852928 3944448 6285474 4680907 957378 3857235 9970459
1790327180853 0 61546 52 2753975120 2708112630 0 0 0 0 0 0 1133310781 19645674 4159254528 247001088 18968576 6482111 4808045 996884 4018155 10351458
1790327181886 0 75577 11167 2754098552 2708210991 0 0 0 0 0 0 1133345675 19645791 4157714432 361869312 7438336 6670074 4937948 1032289 4164480 10731978
1790327182912 0 89676 0 2754201758 2708311254 0 0 0 0 0 0 1133384285 19645888 4158349312 354648064 0 6842743 5057758 1069878 4265663 11016096
1790327183936 0 76521 885 2754292601 2708414580 0 0 0 0 0 0 1133416617 19645972 4157079552 313729024 12242944 6994902 5169719 1103232 4335758 11272390
1790327184956 0 139197 0 2754435757 2708495633 0 0 0 0 0 0 1133460183 19646096 4155985920 560959488 0 7217769 5326695 1145835 4459164 11409141
1790327185975 0 39076 0 2754503274 2708663413 0 0 0 0 0 0 1133480242 19646159 4155850752 151916544 0 7328037 5404060 1164314 4578608 11924861
1790327186995 0 110626 0 2754647574 2708736118 0 0 0 0 0 0 1133526408 19646278 4154392576 441110528 0 7553897 5566760 1213039 4742633 12218781
1790327188017 0 69379 71 2754731214 2708861002 0 0 0 0 0 0 1133556235 19646410 4153729024 266113024 0 7675377 5661242 1242341 4996725 12704983
1790327189044 0 96040 0 2754856116 2708959352 0 0 0 0 0 0 1133594697 19646577 4152950784 380841984 0 7857182 5801802 1280366 5094705 12915741
1790327190079 0 27923 25639 2754957924 2709103614 0 0 0 0 0 0 1133617415 19646687 4151554048 151953408 84537344 8022341 5916411 1304030 5246230 13251704
1790327191100 0 118251 0 2755107903 2709188914 0 0 0 0 0 0 1133660989 19646867 4150693888 471834624 0 8241890 6084662 1346654 5327400 13389077
1790327192124 0 116999 0 2755205071 2709287219 0 0 0 0 0 0 1133686756 19646974 4150067200 460455936 0 8386973 6190328 1373378 5389733 13600912
1790327193143 0 90617 0 2755289288 2709397812 0 0 0 0 0 0 1133717529 19647068 4150935552 356085760 0 8515916 6292920 1403650 5514880 14075469
1790327194167 0 95874 3578 2755400223 2709499995 0 0 0 0 0 0 1133752909 19647187 4151132160 392716288 34775040 8688845 6426730 1439594 5611048 14306692
1790327195188 0 80465 0 2755489010 2709607734 0 0 0 0 0 0 1133790387 19647300 4151369728 321576960 0 8825317 6535288 1475011 5688230 14527820
1790327196207 0 52932 0 2755584153 2709730429 0 0 0 0 0 0 1133821253 19647398 4151701504 209117184 0 8975624 6651655 1505826 5816102 14938473
1790327197226 0 87884 0 2755716447 2709827710 0 0 0 0 0 0 1133852586 19647516 4151218176 343707648 0 9173155 6799517 1539219 5950920 15277347
1790327198245 0 101707 30441 2755841448 2709908525 0 0 0 0 0 0 1133892660 19647646 4152418304 445341696 106094592 9384898 6953611 1579275 6062555 15504299
1790327199273 0 96176 1606 2755930298 2710031719 0 0 0 0 0 0 1133917825 19647731 4152074240 409354240 20205568 9515110 7056154 1603926 6183837 16006523
1790327200322 0 55784 53 2756013976 2710157457 0 0 0 0 0 0 1133942180 19647829 4152279040 212492288 0 9634860 7152309 1628294 6292440 16437430
1790327201342 0 98568 0 2756145064 2710245649 0 0 0 0 0 0 1133987849 19647977 4152868864 389464064 0 9840380 7320539 1673972 6463491 16726331
1790327202361 0 58418 0 2756221558 2710362394 0 0 0 0 0 0 1134015613 19648076 4153524224 226922496 0 9969015 7420284 1701175 6539665 16979443
1790327203380 0 64830 0 2756334569 2710468881 0 0 0 0 0 0 1134043878 19648178 4153339904 251408384 0 10137388 7549953 1729433 6622808 17217412
1790327204404 0 112585 1472 2756472694 2710558085 0 0 0 0 0 0 1134089599 19648326 4154044416 468230144 8392704 10359796 7721155 1775896 6699023 17401511
1790327205431 0 71672 1324 2756572941 2710699213 0 0 0 0 0 0 1134122469 19648442 4154589184 308207616 11702272 10520575 7847337 1808010 6839873 17823969
1790327206453 0 34730 0 2756670338 2710834728 0 0 0 0 0 0 1134156800 19648546 4155117568 131203072 0 10679657 7970377 1842093 6996856 18236656
1790327207472 0 84178 5913 2756797484 2710906612 0 0 0 0 0 0 1134205638 19648694 4156395520 344678400 34799616 10896561 8138418 1892203 7176691 18544352
1790327208491 0 71644 0 2756901739 2711029294 0 0 0 0 0 0 1134242571 19648816 4157587456 278867968 0 11054174 8263652 1928665 7244458 18764085
1790327209514 0 96933 12707 2757036760 2711126430 0 0 0 0 0 0 1134274918 19648936 4157026304 397103104 67825664 11253420 8413326 1961520 7299807 18883239
1790327210533 0 120506 0 2757149248 2711227950 0 0 0 0 0 0 1134314479 19649059 4157870080 476155904 0 11426338 8543606 2001059 7370840 19025699
1790327211556 0 6643 12 2757211549 2711403959 0 0 0 0 0 0 1134329385 19649111 4157349888 12853248 0 11516260 8608507 2015953 7478435 19674603
1790327212579 0 45487 5037 2757341550 2711490300 0 0 0 0 0 0 1134365860 19649250 4157038592 205991936 0 11691014 8751154 2052427 7554306 19776650
1790327213603 0 89913 876 2757472055 2711580830 0 0 0 0 0 0 1134406927 19649375 4156366848 376844288 7942144 11879332 8900357 2093287 7652305 20060425
1790327214624 0 69869 947 2757591683 2711720131 0 0 0 0 0 0 1134436696 19649484 4155842560 304721920 6860800 12038662 9020521 2122243 7785902 20426451
1790327215648 0 112619 0 2757734404 2711821102 0 0 0 0 0 0 1134487459 19649622 4157292544 448987136 0 12251678 9179575 2173037 7910786 20675693
1790327216672 0 2567 525 2757820799 2712016894 0 0 0 0 0 0 1134507389 19649703 4156403712 8491008 24817664 12372425 9265636 2193954 8060383 21186468
1790327217694 0 127063 0 2758000569 2712072722 0 0 0 0 0 0 1134555778 19649860 4155342848 503074816 0 12632518 9458001 2241884 8168226 21274819
1790327218721 0 57943 1782 2758089865 2712229778 0 0 0 0 0 0 1134582512 19649957 4154789888 261328896 5648384 12769985 9558182 2269100 8265910 21654123
1790327219751 0 105359 518 2758229155 2712322533 0 0 0 0 0 0 1134618970 19650087 4154454016 434077696 14811136 12968968 9708843 2305535 8410613 22012010
1790327220773 0 95993 12191 2758344167 2712435248 0 0 0 0 0 0 1134656437 19650205 4153688064 393113600 71987200 13143497 9839649 2343001 8554849 22411220
1790327221795 0 38568 0 2758438760 2712599393 0 0 0 0 0 0 1134689255 19650305 4154601472 140804096 0 13288394 9947371 2375820 8665228 22821671
1790327222817 0 54388 34 2758582519 2712727427 0 0 0 0 0 0 1134736498 19650486 4154134528 234745856 2949120 13507219 10114603 2422039 8790873 23059763
1790327223837 0 96525 1470 2758729487 2712830800 0 0 0 0 0 0 1134774507 19650636 4153016320 406097920 4689920 13703683 10267525 2461070 8907321 23307590
1790327224856 0 90091 8843 2758863002 2712963356 0 0 0 0 0 0 1134806314 19650741 4151533568 429813760 0 13887166 10403978 2492263 9037680 23612449
1790327225879 0 107804 1404 2758988792 2713079317 0 0 0 0 0 0 1134842754 19650879 4150427648 451575808 11640832 14063133 10544207 2529319 9125399 23850530
1790327226902 0 2066 2918 2759067885 2713262184 0 0 0 0 0 0 1134870492 19650979 4150353920 20238336 13332480 14173565 10632808 2557057 9201510 24245697
1790327227929 0 60462 4570 2759222501 2713356796 0 0 0 0 0 0 1134925917 19651170 4150177792 282058752 19206144 14408284 10811163 2612482 9366206 24538793
1790327228957 0 104028 1015 2759358681 2713452836 0 0 0 0 0 0 1134974138 19651339 4151382016 437178368 5578752 14632431 10977356 2659877 9524678 24879096
1790327229976 0 103342 20 2759475422 2713571258 0 0 0 0 0 0 1135004947 19651485 4150562816 414437376 0 14789150 11099822 2689502 9623366 25165394
1790327230995 0 84696 2409 2759587713 2713699959 0 0 0 0 0 0 1135036876 19651646 4150263808 346664960 24449024 14955167 11233140 2723440 9783770 25519945
1790327232014 0 58757 0 2759696898 2713837283 0 0 0 0 0 0 1135072779 19651808 4150181888 225832960 0 15123700 11359353 2758890 9866710 25724830
1790327233033 0 55350 37 2759814271 2713958146 0 0 0 0 0 0 1135115486 19652000 4150718464 214343680 0 15297011 11495457 2801041 9960645 25930401
1790327234056 0 93601 2334 2759958116 2714061353 0 0 0 0 0 0 1135148430 19652185 4149923840 395182080 11997184 15495528 11653605 2834995 10048263 26063837
1790327235078 0 94129 5986 2760079285 2714178397 0 0 0 0 0 0 1135183916 19652348 4150128640 385368064 46555136 15671866 11794369 2870481 10185490 26398726
1790327236099 0 91886 58 2760196868 2714304202 0 0 0 0 0 0 1135236794 19652547 4152176640 363589632 0 15853562 11943447 2921848 10250669 26570896
1790327237118 0 65269 0 2760314684 2714448570 0 0 0 0 0 0 1135276867 19652712 4152295424 252260352 0 16022968 12082764 2963470 10409665 26958818
1790327238137 0 64713 0 2760434939 2714569404 0 0 0 0 0 0 1135306731 19652874 4151816192 252325888 0 16202370 12215720 2992783 10495130 27168946
1790327239157 0 105517 0 2760571923 2714665661 0 0 0 0 0 0 1135345712 19653050 4151603200 421871616 0 16405833 12369067 3030912 10664288 27460269
1790327240176 0 86429 11001 2760689088 2714790956 0 0 0 0 0 0 1135372563 19653219 4150632448 407834624 0 16559240 12496101 3058623 10732452 27651076
1790327241196 0 121874 0 2760815751 2714892991 0 0 0 0 0 0 1135406977 19653380 4149665792 487190528 0 16730719 12639326 3092549 10865391 27966126
1790327242224 0 9821 3111 2760896594 2715082938 0 0 0 0 0 0 1135429113 19653488 4149792768 78053376 8192 16847913 12733766 3115678 11036652 28478138
1790327243246 0 119924 0 2761059031 2715138339 0 0 0 0 0 0 1135481496 19653725 4150960128 480514048 0 17084471 12926776 3166162 11167375 28663891
1790327244269 0 118989 16114 2761174566 2715238681 0 0 0 0 0 0 1135515468 19653897 4151885824 506523648 60321792 17258177 13065315 3202034 11284166 28948515
1790327245287 0 127695 0 2761287998 2715359527 0 0 0 0 0 0 1135548378 19654058 4152074240 508502016 0 17423485 13196460 3234430 11364877 29200916
1790327246311 0 116431 19770 2761408182 2715471212 0 0 0 0 0 0 1135586921 19654239 4152070144 476971008 96415744 17600695 13335825 3273489 11426655 29355072
1790327247338 0 34713 1345 2761487351 2715650508 0 0 0 0 0 0 1135602862 19654318 4151451648 162168832 3297280 17700639 13415116 3289182 11556105 29763117
1790327248363 0 94011 4556 2761637862 2715738533 0 0 0 0 0 0 1135646030 19654511 4151377920 385060864 39469056 17900690 13572363 3332330 11694091 30007459
1790327249392 0 103553 32 2761763159 2715858859 0 0 0 0 0 0 1135680035 19654672 4151451648 407449600 0 18075650 13703859 3366089 11822265 30210771
1790327250414 0 95168 56 2761885889 2715989908 0 0 0 0 0 0 1135715472 19654831 4150980608 374902784 0 18256727 13840569 3401537 11903503 30409880
1790327251438 0 119966 3089 2762021521 2716097744 0 0 0 0 0 0 1135760197 19655030 4150870016 507879424 11481088 18456152 13997946 3446761 12058817 30720009
1790327252457 0 41936 0 2762113344 2716270596 0 0 0 0 0 0 1135793025 19655152 4151001088 158048256 0 18595695 14098291 3479095 12123966 30926318
1790327253485 0 62203 730 2762246542 2716382881 0 0 0 0 0 0 1135840264 19655351 4151853056 271339520 4620288 18810567 14259970 3526870 12221589 31080963
1790327254510 0 75185 901 2762379029 2716502205 0 0 0 0 0 0 1135879362 19655539 4152066048 326139904 4542464 19019506 14412052 3565926 12394449 31427054
1790327255531 0 95962 0 2762507409 2716610568 0 0 0 0 0 0 1135925502 19655713 4152446976 381247488 0 19227804 14562552 3611116 12606754 31791760
1790327256550 0 102715 0 2762622731 2716719113 0 0 0 0 0 0 1135959490 19655867 4152229888 409477120 0 19401218 14696179 3645545 12781441 32141710
1790327257574 0 2570 0 2762680676 2716877241 0 0 0 0 0 0 1135979019 19655958 4152168448 2125824 2117632 19484497 14759838 3664563 12864152 32553498
1790327258608 0 80914 0 2762819402 2716937685 0 0 0 0 0 0 1136023732 19656152 4151959552 322973696 8040448 19683706 14914618 3709275 13072075 32854023
1790327259627 0 98283 0 2762933065 2717033958 0 0 0 0 0 0 1136055029 19656278 4151603200 385200128 0 19850148 15038655 3741614 13248988 33210034
1790327260646 0 76978 34 2763045894 2717168057 0 0 0 0 0 0 1136095973 19656433 4151259136 322007040 2674688 20020154 15172922 3782172 13432280 33590107
1790327261665 0 86188 0 2763157598 2717270504 0 0 0 0 0 0 1136134614 19656579 4151820288 341852160 0 20187606 15300841 3820171 13581358 33983833
1790327262684 0 35824 980 2763250529 2717412949 0 0 0 0 0 0 1136162376 19656701 4151500800 161546240 2670592 20318858 15405934 3848436 13729246 34462974
1790327263704 0 144960 0 2763431627 2717485811 0 0 0 0 0 0 1136225530 19656945 4151734272 576905216 0 20589276 15610763 3912103 13932252 34620321
1790327264726 0 107795 741 2763508634 2717599417 0 0 0 0 0 0 1136246603 19657041 4151410688 442712064 5754880 20696124 15696886 3933168 14076325 35097165
1790327265751 0 72343 0 2763573087 2717699899 0 0 0 0 0 0 1136270712 19657132 4151414784 280891392 0 20789031 15772187 3957296 14215028 35425437
1790327266770 0 79160 0 2763670984 2717791024 0 0 0 0 0 0 1136294858 19657241 4150632448 311521280 0 20923986 15876352 3980929 14342865 35684588
1790327267794 0 30375 3872 2763786462 2717951676 0 0 0 0 0 0 1136327754 19657389 4150181888 155713536 5771264 21090444 16007096 4014319 14498673 36105100
1790327268814 0 81392 5182 2763930392 2718042978 0 0 0 0 0 0 1136368840 19657566 4150530048 333381632 41177088 21305808 16175017 4055405 14614594 36282300
1790327269837 0 71210 13545 2764055746 2718170206 0 0 0 0 0 0 1136398644 19657710 4149719040 289583104 67469312 21472825 16310430 4085209 14813076 36719171
1790327270863 0 119076 623 2764182069 2718261555 0 0 0 0 0 0 1136446389 19657891 4150329344 496553984 2211840 21657742 16458841 4132954 14914858 36975364
1790327271884 0 129042 1608 2764283197 2718351828 0 0 0 0 0 0 1136477767 19658061 4150607872 528556032 19558400 21811660 16578692 4164332 15064775 37409678
1790327272911 0 7963 1255 2764358645 2718548678 0 0 0 0 0 0 1136507029 19658177 4151394304 53829632 1474560 21927934 16669681 4193088 15211285 37849508
1790327273940 0 81919 26 2764496939 2718614244 0 0 0 0 0 0 1136537415 19658357 4150562816 327122944 0 22118786 16818976 4223980 15322864 38055334
1790327274962 0 80308 29 2764610108 2718728911 0 0 0 0 0 0 1136567225 19658499 4149997568 316960768 0 22278281 16942819 4253288 15469598 38432515
1790327275981 0 97991 0 2764752634 2718853859 0 0 0 0 0 0 1136615016 19658722 4149817344 386936832 0 22484473 17111210 4301088 15639238 38734365
1790327277003 0 95363 8132 2764884650 2718980476 0 0 0 0 0 0 1136658201 19658918 4149547008 390606848 54190080 22670879 17264448 4344766 15798306 38999458
1790327278025 0 25573 0 2764982705 2719156315 0 0 0 0 0 0 1136685423 19659064 4148973568 93077504 0 22805620 17368682 4371006 15886269 39274879
1790327279047 0 64501 67 2765108608 2719243320 0 0 0 0 0 0 1136720386 19659209 4150108160 249614336 0 22997204 17514838 4406440 15984855 39588438
1790327280067 0 104037 2329 2765259085 2719352060 0 0 0 0 0 0 1136763533 19659410 4149547008 445497344 4804608 23213522 17685580 4450124 16087865 39718989
1790327281086 0 108812 0 2765362889 2719453278 0 0 0 0 0 0 1136796430 19659558 4148932608 433143808 0 23351212 17801510 4482486 16211306 39977974
1790327282105 0 76822 46 2765465058 2719587372 0 0 0 0 0 0 1136832349 19659716 4149612544 302338048 0 23504665 17918163 4517934 16355877 40396655
1790327283136 0 12246 584 2765561160 2719747604 0 0 0 0 0 0 1136852953 19659829 4149325824 60211200 10551296 23630565 18017089 4539517 16458293 40835027
1790327284163 0 46092 18315 2765702515 2719837329 0 0 0 0 0 0 1136893582 19660032 4149878784 274145280 9068544 23840265 18177655 4579955 16656050 41094947
1790327285190 0 101970 3139 2765810812 2719904912 0 0 0 0 0 0 1136919764 19660144 4149481472 417804288 40214528 23986435 18288587 4605850 16792624 41409106
1790327286214 0 85533 0 2765931406 2720045085 0 0 0 0 0 0 1136953186 19660285 4148420608 338464768 0 24141389 18411810 4638750 16944444 41770818
1790327287232 0 89521 876 2766049173 2720158079 0 0 0 0 0 0 1136988662 19660450 4148400128 371625984 10420224 24311906 18546546 4675227 17068185 42096041
1790327288256 0 87085 1584 2766138586 2720249104 0 0 0 0 0 0 1137014354 19660575 4148469760 366379008 5967872 24445164 18646413 4700410 17200780 42624442
1790327289278 0 7725 66 2766217211 2720408595 0 0 0 0 0 0 1137045188 19660707 4149432320 17125376 0 24567894 18738638 4731252 17286119 43057497
1790327290305 0 99666 1825 2766374867 2720472756 0 0 0 0 0 0 1137087873 19660932 4149145600 427876352 2367488 24801332 18912910 4773926 17465019 43310716
1790327291325 0 92011 553 2766473480 2720580184 0 0 0 0 0 0 1137115131 19661076 4147970048 393318400 2138112 24951318 19018739 4801185 17609279 43696249
1790327292344 0 150835 0 2766625506 2720673845 0 0 0 0 0 0 1137162569 19661289 4147568640 607395840 0 25171383 19187370 4847931 17695357 43881891
1790327293363 0 67608 0 2766677366 2720808963 0 0 0 0 0 0 1137183083 19661375 4148187136 264216576 0 25251361 19250755 4868486 17796034 44519741
1790327294388 0 122406 5224 2766812957 2720884560 0 0 0 0 0 0 1137217925 19661563 4146507776 501374976 34734080 25442376 19395131 4904490 17947114 44841250
1790327295407 0 77115 1017 2766930153 2721051296 0 0 0 0 0 0 1137247144 19661705 4145717248 334950400 0 25604670 19517198 4933242 18038400 45153987
1790327296426 0 74921 47 2767033973 2721158220 0 0 0 0 0 0 1137283629 19661851 4146339840 288030720 0 25763368 19638472 4969710 18189739 45565346
1790327297454 0 83813 2482 2767172268 2721284999 0 0 0 0 0 0 1137325256 19662037 4145573888 356216832 21049344 25967458 19800516 5011824 18296711 45770276
1790327298476 0 94669 0 2767308589 2721413176 0 0 0 0 0 0 1137374012 19662244 4146372608 377401344 0 26176685 19962682 5059054 18414364 45939630
1790327299495 0 96148 42 2767413457 2721516572 0 0 0 0 0 0 1137405398 19662418 4146724864 380743680 0 26331202 20081985 5090442 18553017 46332635
1790327300514 0 37088 32 2767533173 2721695354 0 0 0 0 0 0 1137441832 19662572 4147068928 135041024 0 26518537 20223289 5127933 18733198 46701304
1790327301533 0 113376 42 2767684343 2721770044 0 0 0 0 0 0 1137484989 19662760 4145926144 449433600 0 26734516 20391054 5171095 18834604 46878795
1790327302553 0 110548 0 2767796180 2721884779 0 0 0 0 0 0 1137524557 19662934 4146147328 443490304 0 26898011 20521896 5209630 18893310 46985205
1790327303577 0 92873 2993 2767923554 2722026917 0 0 0 0 0 0 1137556426 19663115 4144738304 380420096 22200320 27079324 20662354 5242551 18990244 47287261
1790327304595 0 104145 0 2768032350 2722127451 0 0 0 0 0 0 1137586276 19663258 4144467968 415944704 0 27234954 20782249 5271847 19078484 47472327
1790327305614 0 21564 0 2768128995 2722306648 0 0 0 0 0 0 1137618618 19663411 4145410048 78065664 0 27390370 20897315 5303663 19157008 47690421
1790327306633 0 94172 9855 2768273342 2722368548 0 0 0 0 0 0 1137661287 19663618 4145475584 430174208 0 27585259 21061777 5346348 19257095 47819249
1790327307652 0 105342 0 2768374600 2722468384 0 0 0 0 0 0 1137690608 19663771 4144795648 421011456 0 27729292 21176189 5376155 19455429 48239721
1790327308676 0 101867 580 2768502388 2722599176 0 0 0 0 0 0 1137730188 19663960 4145373184 432254976 1867776 27915311 21325103 5416754 19530193 48416980
1790327309698 0 96920 2251 2768630818 2722730933 0 0 0 0 0 0 1137767479 19664147 4145405952 423124992 4644864 28093953 21467356 5453533 19715455 48770568
1790327310716 0 99440 0 2768764804 2722864453 0 0 0 0 0 0 1137805501 19664335 4145700864 392261632 0 28287740 21618079 5491568 19865165 49133826
1790327311736 0 88676 8103 2768902075 2723004504 0 0 0 0 0 0 1137838959 19664519 4145094656 405962752 2670592 28480727 21767670 5524500 19997926 49418211
1790327312757 0 84905 0 2769025595 2723139923 0 0 0 0 0 0 1137882105 19664710 4145684480 340484096 0 28660910 21913031 5567649 20127307 49698549
1790327313776 0 90144 636 2769138886 2723247234 0 0 0 0 0 0 1137913930 19664882 4145254400 396881920 7483392 28817627 22041189 5600044 20244239 50006750
1790327314796 0 144277 799 2769278513 2723332684 0 0 0 0 0 0 1137955112 19665096 4145487872 618225664 0 29012550 22196824 5641590 20341376 50154470
1790327315820 0 10703 916 2769352487 2723540188 0 0 0 0 0 0 1137982118 19665218 4146028544 66154496 2387968 29125986 22285702 5668169 20488522 50689619
1790327316841 0 109641 21608 2769522050 2723589962 0 0 0 0 0 0 1138036627 19665518 4147257344 554635264 0 29374436 22482677 5723192 20680360 50882483
1790327317859 0 89079 0 2769596493 2723706696 0 0 0 0 0 0 1138059218 19665628 4146847744 350138368 0 29475153 22564756 5745296 20816049 51410056
1790327318880 0 77596 14457 2769695680 2723803067 0 0 0 0 0 0 1138085994 19665777 4145823744 385118208 16134144 29611549 22671575 5772559 21075627 51870769
1790327319900 0 100180 0 2769835064 2723934026 0 0 0 0 0 0 1138125046 19665981 4145643520 395620352 0 29801206 22818805 5811119 21277508 52198275
1790327320920 0 59116 0 2769933542 2724073620 0 0 0 0 0 0 1138149741 19666123 4145766400 225370112 0 29942188 22929258 5836304 21432505 52624621
1790327321939 0 98330 0 2770062935 2724163733 0 0 0 0 0 0 1138185213 19666314 4145459200 392892416 0 30129284 23070235 5870760 21548726 52925902
1790327322958 0 95007 14428 2770170122 2724260001 0 0 0 0 0 0 1138217584 19666476 4145205248 458153984 7143424 30279952 23188574 5904148 21695325 53318853
1790327323976 0 61663 4610 2770267841 2724400813 0 0 0 0 0 0 1138241728 19666621 4144574464 288268288 6483968 30411861 23291690 5928329 21868047 53766243
1790327324997 0 76865 0 2770384474 2724506776 0 0 0 0 0 0 1138277470 19666804 4145434624 302305280 0 30588328 23424685 5963307 21975796 54043661
1790327326017 0 68516 0 2770519603 2724650308 0 0 0 0 0 0 1138310907 19667031 4144693248 263237632 0 30770156 23568682 5997284 22079570 54220439
1790327327040 0 115832 365 2770650524 2724733581 0 0 0 0 0 0 1138354904 19667238 4145201152 482377728 3518464 30968820 23721356 6040965 22215348 54438506
1790327328060 0 147047 0 2770769223 2724821318 0 0 0 0 0 0 1138390327 19667404 4145344512 587751424 0 31131404 23849712 6076260 22302811 54585791
1790327329084 0 84989 0 2770868884 2724983106 0 0 0 0 0 0 1138419688 19667569 4144750592 336556032 0 31277849 23960482 6104720 22519329 55046814
1790327330104 0 112402 0 2770986456 2725073224 0 0 0 0 0 0 1138448450 19667724 4144455680 447959040 0 31447030 24087262 6134013 22726257 55409308
1790327331127 0 88954 867 2771084559 2725193975 0 0 0 0 0 0 1138476252 19667890 4144689152 371474432 2236416 31589202 24197345 6162819 22823380 55770663
1790327332147 0 53016 2628 2771166797 2725310342 0 0 0 0 0 0 1138507563 19668014 4145229824 235057152 4464640 31721918 24302225 6194147 22979517 56228980
1790327333166 0 32 0 2771166848 2725366037 0 0 0 0 0 0 1138592591 19668367 4173811712 131072 0 31803108 24376501 6275401 23020977 56321205
1790327334186 0 33 0 2771166849 2725366037 0 0 0 0 0 0 1138750520 19669038 4181082112 131072 0 31987407 24534966 6435641 23113283 56422625
1790327335206 0 33 0 2771166849 2725366037 0 0 0 0 0 0 1138909571 19669779 4189401088 131072 0 32294283 24691666 6594372 23246343 56465828
1790327336225 0 24 0 2771166850 2725366037 0 0 0 0 0 0 1138930796 19669890 759554048 20480 0 32383466 24714240 6617361 23255789 56472728
