1790335873324 0 13 0 3439050730 3393151487 0 0 0 0 0 0 1424571777 20629453 - - - - - - - -
1790335874991 0 103202 14252 3439430240 3393413870 0 0 0 0 0 0 1424571787 20629533 1512939520 546414592 52809728 0 0 10 0 86571
1790335876080 0 118870 0 3439670365 3393652103 0 0 0 0 0 0 1424571787 20629534 2504421376 469147648 0 0 0 10 0 101238
1790335877112 0 117522 12231 3439916987 3393888004 0 0 0 0 0 0 1424571787 20629534 3520827392 533217280 14278656 0 0 10 0 115125
1790335878134 0 140907 6132 3440111499 3394065162 0 0 0 0 0 0 1424571787 20629536 4159991808 597889024 16777216 92790 39106 10 44432 184615
1790335879153 0 133900 2782 3440253915 3394217841 0 0 0 0 0 0 1424580914 20629547 4159201280 558018560 16777216 343224 190914 9137 173142 438733
1790335880171 0 136102 2920 3440411954 3394374219 0 0 0 0 0 0 1424590489 20629559 4158156800 568254464 9232384 573114 357432 18202 249081 567624
1790335881191 0 104713 0 3440556270 3394552341 0 0 0 0 0 0 1424603174 20629577 4157804544 416346112 0 784467 512550 31397 309693 689834
1790335882211 0 74563 606 3440668281 3394693827 0 0 0 0 0 0 1424617881 20629599 4157874176 309932032 8388608 946963 640403 46103 382820 789078
1790335883233 0 111983 14715 3440798886 3394772975 0 0 0 0 0 0 1424640880 20629724 4158660608 510210048 33726464 1196550 794809 69103 461765 897422
1790335884252 0 91776 0 3440877154 3394886168 0 0 0 0 0 0 1424656725 20629828 4159168512 364879872 0 1344722 885556 84440 518325 967077
1790335885271 0 142672 0 3440996701 3394954773 0 0 0 0 0 0 1424695558 20630012 4162125824 568528896 0 1570133 1042231 123819 665848 1216978
1790335886295 0 118599 3835 3441077609 3395055992 0 0 0 0 0 0 1424726355 20630129 4164227072 501010432 16777216 1727908 1156455 154067 756860 1419159
1790335887319 0 86537 6122 3441152065 3395160166 0 0 0 0 0 0 1424755057 20630243 4166275072 370872320 16777216 1872210 1259414 183279 837687 1641914
1790335888338 0 73248 0 3441228601 3395256156 0 0 0 0 0 0 1424785284 20630350 4168503296 289345536 0 2011819 1361820 212496 948060 2090478
1790335889358 0 133938 0 3441351867 3395318732 0 0 0 0 0 0 1424828846 20630515 4170969088 537370624 0 2231462 1527520 256112 1097222 2172400
1790335890382 0 107415 3650 3441437182 3395426800 0 0 0 0 0 0 1424864321 20630678 4172951552 453107712 8388608 2413921 1650264 292084 1263092 2319446
1790335891401 0 148336 2044 3441549611 3395499960 0 0 0 0 0 0 1424908964 20630875 4175282176 619913216 0 2639316 1804856 336703 1459635 2567333
1790335892425 0 94880 4088 3441612734 3395614638 0 0 0 0 0 0 1424939760 20630988 4176285696 401735680 15454208 2786464 1899884 367994 1532709 2784000
1790335893448 0 83784 0 3441703203 3395720221 0 0 0 0 0 0 1424971551 20631110 4176793600 332697600 0 2957460 2019225 398788 1665504 3131916
1790335894469 0 65521 1460 3441791625 3395825406 0 0 0 0 0 0 1425005481 20631253 4176875520 279740416 11046912 3138191 2143771 432723 1815821 3386295
1790335895499 0 70384 1294 3441893807 3395922779 0 0 0 0 0 0 1425048593 20631399 4176736256 305704960 8388608 3340200 2288558 475580 1931055 3531457
1790335896526 0 90086 12337 3441996486 3395994861 0 0 0 0 0 0 1425109117 20631563 4177977344 368455680 50331648 3589046 2452425 537340 2049379 3690657
1790335897553 0 118794 905 3442099144 3396080263 0 0 0 0 0 0 1425158118 20631725 4178567168 492052480 8388608 3802935 2602201 586386 2203392 3843410
1790335898572 0 55636 0 3442172293 3396217405 0 0 0 0 0 0 1425190980 20631838 4178767872 217456640 0 3947238 2705253 617687 2324002 4109760
1790335899596 0 81732 6132 3442277513 3396290529 0 0 0 0 0 0 1425246526 20632003 4179431424 364126208 9531392 4198663 2869060 674239 2489961 4261606
1790335900622 0 110426 1184 3442382796 3396372281 0 0 0 0 0 0 1425312177 20632202 4181417984 461950976 10416128 4452449 3038600 739888 2674729 4482818
1790335901654 0 113676 4102 3442484462 3396467435 0 0 0 0 0 0 1425372200 20632377 4181872640 483016704 16031744 4693469 3200490 799909 2844934 4674315
1790335902694 0 77724 6547 3442559462 3396575908 0 0 0 0 0 0 1425437751 20632532 4183252992 359342080 8237056 4904561 3339955 865463 2961883 4846673
1790335903713 0 75420 0 3442641195 3396666555 0 0 0 0 0 0 1425502381 20632711 4184711168 296304640 0 5117394 3482995 930004 3094665 4991455
1790335904738 0 60401 9772 3442724435 3396755064 0 0 0 0 0 0 1425577739 20632885 4187148288 293199872 41365504 5364732 3643412 1005502 3263428 5213171
1790335905758 0 69280 0 3442815485 3396846811 0 0 0 0 0 0 1425635338 20633057 4186390528 270897152 0 5586695 3789722 1063616 3395565 5339916
1790335906777 0 105286 0 3442914921 3396910327 0 0 0 0 0 0 1425719961 20633252 4186882048 423153664 0 5872169 3971464 1146685 3509780 5442133
1790335907798 0 113344 4096 3443013571 3396996901 0 0 0 0 0 0 1425800203 20633448 4187242496 479993856 6705152 6121320 4144849 1228420 3685370 5663768
1790335908819 0 63253 0 3443089199 3397126701 0 0 0 0 0 0 1425857196 20633585 4187398144 249233408 0 6309070 4264887 1284320 3857967 5978472
1790335909844 0 71295 0 3443188582 3397217892 0 0 0 0 0 0 1425939690 20633778 4186996736 279875584 0 6554811 4423329 1366380 4076368 6232948
1790335910871 0 100746 22241 3443298274 3397276057 0 0 0 0 0 0 1426022388 20634065 4186648576 412655616 91099136 6823652 4598081 1450610 4224258 6367105
1790335911894 0 67745 0 3443375367 3397408358 0 0 0 0 0 0 1426095789 20634276 4186746880 275390464 0 7023454 4722459 1522302 4382607 6571829
1790335912918 0 71541 27979 3443490910 3397492162 0 0 0 0 0 0 1426175876 20634527 4184920064 415547392 9289728 7285576 4888720 1603684 4548725 6702798
1790335913937 0 80727 0 3443583926 3397604010 0 0 0 0 0 0 1426238963 20634713 4182921216 319684608 0 7486795 5014552 1666725 4666223 7009893
1790335914956 0 90815 7130 3443697480 3397700351 0 0 0 0 0 0 1426303652 20634903 4180021248 371978240 47730688 7708235 5153162 1731872 4763922 7166318
1790335915975 0 102361 0 3443804265 3397802668 0 0 0 0 0 0 1426363638 20635075 4176994304 417320960 0 7920630 5285026 1788821 4937828 7383327
1790335916998 0 85023 0 3443898661 3397914285 0 0 0 0 0 0 1426432423 20635262 4175785984 338759680 0 8130635 5415475 1859113 5113367 7663564
1790335918019 0 41163 1475 3443986130 3398044187 0 0 0 0 0 0 1426495054 20635446 4174995456 185405440 13316096 8331434 5542250 1923275 5289638 8035817
1790335919043 0 73130 0 3444098647 3398126334 0 0 0 0 0 0 1426573031 20635650 4173246464 295669760 0 8592055 5699545 1999216 5429339 8146780
1790335920062 0 88330 6526 3444213217 3398219156 0 0 0 0 0 0 1426642648 20635856 4171382784 407973888 0 8845497 5856056 2070868 5615456 8400000
1790335921081 0 93322 5243 3444307189 3398309438 0 0 0 0 0 0 1426713917 20636044 4170731520 382500864 38457344 9064728 6001212 2142176 5768779 8613443
1790335922102 0 106330 0 3444405318 3398399739 0 0 0 0 0 0 1426784638 20636240 4169789440 427339776 0 9279461 6140808 2211449 5938843 8933359
1790335923121 0 73982 9654 3444492137 3398509172 0 0 0 0 0 0 1426843709 20636396 4168663040 353071104 0 9472928 6265628 2270463 6009311 9085786
1790335924142 0 67823 2976 3444590381 3398620373 0 0 0 0 0 0 1426913544 20636586 4168847360 291811328 11067392 9696004 6413679 2341780 6198551 9417419
1790335925160 0 75939 2049 3444693114 3398715873 0 0 0 0 0 0 1426971564 20636750 4166598656 311046144 29024256 9897882 6547975 2399273 6330751 9589718
1790335926182 0 96973 0 3444788915 3398792690 0 0 0 0 0 0 1427051003 20636961 4167024640 389918720 0 10127335 6705182 2477761 6444171 9731059
1790335927202 0 88112 0 3444874251 3398886907 0 0 0 0 0 0 1427114145 20637141 4167118848 351227904 0 10325391 6837890 2540877 6610708 10062730
1790335928221 0 81966 10366 3444973000 3398981507 0 0 0 0 0 0 1427176782 20637314 4166815744 383987712 0 10546658 6981967 2604521 6758591 10228914
1790335929242 0 61737 0 3445065131 3399104077 0 0 0 0 0 0 1427232701 20637469 4166619136 246767616 0 10740277 7113689 2658409 6982891 10595718
1790335930266 0 65689 0 3445163259 3399198286 0 0 0 0 0 0 1427293312 20637649 4166529024 254423040 0 10943322 7257215 2721022 7099658 10783593
1790335931285 0 83448 0 3445264911 3399282216 0 0 0 0 0 0 1427373841 20637899 4167417856 335462400 0 11185018 7422560 2801114 7305456 11081688
1790335932305 0 93968 0 3445359477 3399366208 0 0 0 0 0 0 1427441663 20638139 4168527872 372240384 0 11400071 7565746 2869376 7512813 11382736
1790335933329 0 57368 6057 3445441619 3399478946 0 0 0 0 0 0 1427492493 20638304 4168130560 234979328 42696704 11580813 7689915 2920714 7682002 11645688
1790335934349 0 59299 0 3445540872 3399582278 0 0 0 0 0 0 1427556112 20638490 4168110080 238551040 0 11803506 7833431 2981813 7872849 11940679
1790335935369 0 81587 12 3445645036 3399664258 0 0 0 0 0 0 1427628009 20638715 4168937472 325832704 0 12033214 7991610 3054203 8062571 12221116
1790335936388 0 63956 0 3445740121 3399776908 0 0 0 0 0 0 1427688042 20638900 4168683520 255791104 0 12234742 8132421 3114587 8150822 12389443
1790335937408 0 85281 0 3445845387 3399860877 0 0 0 0 0 0 1427753086 20639102 4168859648 338968576 0 12474815 8290741 3180818 8316901 12646079
1790335938432 0 56301 2485 3445934282 3399976365 0 0 0 0 0 0 1427822886 20639282 4170153984 252788736 5074944 12687706 8439081 3251107 8496758 12989055
1790335939451 0 73573 0 3446031413 3400058651 0 0 0 0 0 0 1427904823 20639491 4171476992 297205760 0 12923447 8602190 3330116 8666485 13183974
1790335940475 0 63139 13873 3446131586 3400155397 0 0 0 0 0 0 1427977301 20639688 4171784192 323801088 5689344 13176228 8763894 3405530 8769366 13322354
1790335941494 0 93011 0 3446228066 3400235735 0 0 0 0 0 0 1428043635 20639874 4172320768 371064832 0 13413968 8913565 3470209 8844342 13410391
1790335942513 0 87674 8322 3446320135 3400324765 0 0 0 0 0 0 1428116551 20640071 4172103680 401543168 0 13654695 9067006 3542721 8939575 13556258
1790335943533 0 120338 11 3446431529 3400411889 0 0 0 0 0 0 1428181704 20640270 4171669504 485961728 0 13896552 9231410 3607917 9145856 13857593
1790335944552 0 54964 0 3446507166 3400552891 0 0 0 0 0 0 1428237798 20640432 4171939840 216948736 0 14081429 9354563 3664367 9255239 14145191
1790335945579 0 68201 438 3446611398 3400643531 0 0 0 0 0 0 1428314353 20640655 4173012992 302497792 2797568 14320963 9523675 3741602 9323288 14235107
1790335946602 0 84774 0 3446712996 3400729021 0 0 0 0 0 0 1428399609 20640879 4174413824 338272256 0 14589501 9699484 3826838 9434488 14396408
1790335947621 0 71776 0 3446802418 3400831372 0 0 0 0 0 0 1428467793 20641059 4175523840 285024256 0 14823048 9851852 3894499 9620598 14669563
1790335948641 0 106602 0 3446902884 3400896959 0 0 0 0 0 0 1428542583 20641269 4176072704 427544576 0 15074088 10019894 3969793 9828687 14910836
1790335949661 0 46791 0 3446979804 3401033702 0 0 0 0 0 0 1428611758 20641454 4176973824 183316480 0 15262394 10153391 4038526 9983090 15264612
1790335950680 0 131667 0 3447102500 3401071526 0 0 0 0 0 0 1428709311 20641726 4178092032 535224320 0 15563501 10357142 4136045 10111387 15325893
1790335951700 0 68482 0 3447185729 3401218024 0 0 0 0 0 0 1428775499 20641887 4178579456 274223104 0 15782894 10492776 4203210 10262798 15592090
1790335952720 0 62136 2339 3447284822 3401321134 0 0 0 0 0 0 1428854521 20642144 4178571264 254525440 31158272 16025903 10659847 4282743 10397971 15726075
1790335953739 0 87072 2 3447392753 3401406377 0 0 0 0 0 0 1428928430 20642383 4177985536 343793664 0 16269144 10823942 4356139 10617814 15941989
1790335954762 0 0 23106 3447471925 3401549621 0 0 0 0 0 0 1428979245 20642539 4176830464 105820160 5705728 16462044 10938557 4407466 10889946 16231313
1790335955799 0 100767 0 3447593146 3401593177 0 0 0 0 0 0 1429069690 20642816 4176437248 404348928 0 16742341 11128754 4496754 11018141 16313165
1790335956822 0 68306 25 3447681573 3401713945 0 0 0 0 0 0 1429132880 20643022 4175392768 271409152 15945728 16932047 11259407 4561101 11155689 16555191
1790335957848 0 88894 4782 3447799704 3401806830 0 0 0 0 0 0 1429206249 20643262 4174524416 362016768 65687552 17188840 11425120 4634470 11349264 16818245
1790335958885 0 73036 0 3447897221 3401924956 0 0 0 0 0 0 1429282643 20643484 4174159872 297234432 0 17407611 11572783 4707314 11443337 16987104
1790335959905 0 57496 0 3447962529 3402005744 0 0 0 0 0 0 1429329373 20643636 4174438400 226103296 0 17564943 11670270 4756578 11636188 17449367
1790335960925 0 89140 0 3448076020 3402087665 0 0 0 0 0 0 1429413000 20643890 4172996608 361132032 0 17819301 11839069 4838709 11786497 17563699
1790335961944 0 92360 1460 3448182405 3402189479 0 0 0 0 0 0 1429476677 20644122 4171943936 375070720 0 18060669 11986945 4903415 11945265 17810967
1790335962963 0 94425 19 3448279992 3402286270 0 0 0 0 0 0 1429555501 20644345 4171685888 384356352 5980160 18299665 12140627 4982421 12133731 18047663
1790335963982 0 53949 9246 3448370840 3402408511 0 0 0 0 0 0 1429630581 20644562 4171603968 221048832 63737856 18506694 12283652 5058825 12321921 18323539
1790335965001 0 79635 30 3448492207 3402513281 0 0 0 0 0 0 1429701032 20644780 4169322496 313671680 0 18739553 12436413 5128632 12421306 18448194
1790335966020 0 50730 1198 3448588267 3402637129 0 0 0 0 0 0 1429763504 20644978 4168482816 234369024 1421312 18977442 12576510 5191756 12531409 18623460
1790335967044 0 60788 54 3448687339 3402727350 0 0 0 0 0 0 1429826682 20645208 4167655424 244465664 2916352 19172522 12714588 5254396 12669096 18852322
1790335968070 0 84680 44 3448798340 3402814372 0 0 0 0 0 0 1429909510 20645455 4166045696 344825856 0 19426206 12884595 5334444 12882049 19072978
1790335969093 0 44826 22745 3448903591 3402936981 0 0 0 0 0 0 1429966302 20645654 4164997120 283017216 8519680 19641540 13025795 5394523 12969555 19265518
1790335970112 0 70081 0 3449008516 3403039188 0 0 0 0 0 0 1430031875 20645873 4164550656 276340736 0 19871201 13174020 5459219 13119769 19443830
1790335971131 0 74424 4 3449109195 3403135505 0 0 0 0 0 0 1430113062 20646127 4164853760 298663936 0 20113246 13337437 5538765 13195718 19551451
1790335972151 0 84519 0 3449220660 3403236871 0 0 0 0 0 0 1430191627 20646370 4164472832 335863808 0 20352774 13504605 5618823 13388294 19791325
1790335973171 0 65896 0 3449317886 3403352584 0 0 0 0 0 0 1430260043 20646612 4164808704 264278016 0 20571758 13651912 5686249 13594383 20107519
1790335974191 0 34526 15976 3449414310 3403464582 0 0 0 0 0 0 1430329893 20646847 4165152768 141418496 82821120 20794061 13804456 5757602 13806228 20437422
1790335975210 0 80784 0 3449525340 3403545278 0 0 0 0 0 0 1430417170 20647174 4166320128 321146880 0 21049069 13979353 5843879 14025034 20647848
1790335976230 0 88302 0 3449627056 3403639524 0 0 0 0 0 0 1430479241 20647408 4165324800 359575552 17465344 21273586 14131647 5906512 14196511 20870218
1790335977249 0 106495 0 3449732283 3403726565 0 0 0 0 0 0 1430556475 20647683 4165545984 428056576 0 21518052 14299067 5982870 14326370 21026876
1790335978268 0 115917 9563 3449835557 3403810916 0 0 0 0 0 0 1430646435 20647970 4166275072 536866816 0 21757597 14469175 6073187 14504760 21228177
1790335979290 0 14595 703 3449905995 3403991560 0 0 0 0 0 0 1430689655 20648134 4165627904 79118336 4182016 21911745 14573305 6116884 14686159 21723494
1790335980317 0 60609 0 3450022037 3404062153 0 0 0 0 0 0 1430763086 20648406 4165185536 236363776 0 22178541 14741000 6190291 14900413 21919095
1790335981336 0 101545 0 3450134640 3404133839 0 0 0 0 0 0 1430846397 20648701 4165718016 410431488 0 22437720 14919039 6272607 15164154 22142423
1790335982356 0 63930 0 3450219903 3404256721 0 0 0 0 0 0 1430905445 20648920 4165795840 253661184 0 22632668 15052473 6331976 15345147 22490026
1790335983375 0 78613 4337 3450324671 3404342582 0 0 0 0 0 0 1430988139 20649188 4167499776 353681408 12496896 22889698 15229125 6416391 15474120 22597179
1790335984397 0 2623 0 3450397248 3404495339 0 0 0 0 0 0 1431047693 20649391 4168859648 12730368 2121728 23075021 15350252 6475916 15661146 23006059
1790335985422 0 58829 803 3450512789 3404553965 0 0 0 0 0 0 1431130810 20649678 4168880128 241016832 22818816 23357960 15535272 6559074 15875543 23182544
1790335986441 0 111384 29 3450617570 3404606993 0 0 0 0 0 0 1431232660 20650000 4170391552 443703296 0 23631905 15725261 6660366 16081149 23327920
1790335987460 0 63001 0 3450702322 3404740079 0 0 0 0 0 0 1431290125 20650208 4170272768 252030976 0 23833847 15854458 6716852 16248722 23667274
1790335988484 0 88429 10074 3450817956 3404820269 0 0 0 0 0 0 1431377693 20650525 4170817536 362033152 61038592 24125708 16043716 6805929 16360370 23752479
1790335989511 0 3572 0 3450887860 3404985004 0 0 0 0 0 0 1431428635 20650705 4171075584 1572864 0 24281328 16149724 6855833 16593166 24197407
1790335990532 0 70215 12921 3451013725 3405031438 0 0 0 0 0 0 1431513906 20651052 4169957376 332709888 24793088 24571088 16345356 6942125 16788168 24353867
1790335991550 0 69368 0 3451107271 3405138611 0 0 0 0 0 0 1431577069 20651300 4169883648 277528576 0 24787210 16485298 7003761 16871920 24505539
1790335992570 0 91708 42 3451217573 3405226630 0 0 0 0 0 0 1431653992 20651595 4169916416 369426432 0 25035687 16655561 7080286 16962094 24595613
1790335993590 0 68870 28 3451300240 3405332096 0 0 0 0 0 0 1431723420 20651843 4170878976 274018304 0 25233858 16792650 7151074 17073001 24794514
1790335994614 0 44771 584 3451388710 3405444152 0 0 0 0 0 0 1431786582 20652083 4170661888 202100736 2453504 25430778 16926085 7214291 17278706 25130892
1790335995633 0 82323 0 3451498177 3405516643 0 0 0 0 0 0 1431874823 20652399 4171329536 324673536 0 25698468 17103207 7302079 17490442 25309169
1790335996652 0 69081 1679 3451595564 3405625740 0 0 0 0 0 0 1431932383 20652623 4170448896 290873344 14897152 25915972 17243335 7360629 17767384 25617840
1790335997671 0 60824 0 3451690743 3405730649 0 0 0 0 0 0 1432001249 20652898 4169814016 239087616 0 26134136 17387519 7428924 17872301 25778505
1790335998691 0 60291 10512 3451795582 3405825700 0 0 0 0 0 0 1432067483 20653169 4169371648 246214656 61853696 26365739 17544874 7495702 17985964 25920251
1790335999710 0 89686 0 3451899933 3405910879 0 0 0 0 0 0 1432134196 20653432 4168171520 357105664 0 26601404 17699032 7561934 18113108 26038032
1790336000730 0 68401 0 3451987270 3406019596 0 0 0 0 0 0 1432198891 20653685 4168400896 274038784 0 26814597 17834299 7625101 18238221 26262185
1790336001749 0 68215 0 3452087437 3406119955 0 0 0 0 0 0 1432272936 20653959 4168921088 269074432 0 27034296 17990188 7699752 18358467 26379837
1790336002769 0 95207 0 3452200431 3406205957 0 0 0 0 0 0 1432338222 20654225 4167962624 379588608 0 27285062 18151847 7765995 18487010 26538138
1790336003788 0 80739 25 3452305705 3406325767 0 0 0 0 0 0 1432403544 20654478 4167540736 339021824 7192576 27523434 18300271 7831469 18591312 26707358
1790336004811 0 34497 3302 3452395101 3406458178 0 0 0 0 0 0 1432470776 20654730 4168458240 141299712 36765696 27718007 18437693 7898994 18688715 26883506
1790336005831 0 70586 0 3452508690 3406538906 0 0 0 0 0 0 1432545218 20655010 4167258112 277688320 0 27963388 18602474 7972417 18886221 27112243
1790336006851 0 75995 0 3452612485 3406637211 0 0 0 0 0 0 1432621164 20655288 4166991872 305176576 0 28201309 18754731 8047356 19098703 27408589
1790336007870 0 59172 365 3452714181 3406755457 0 0 0 0 0 0 1432690675 20655556 4166586368 261099520 2150400 28434592 18908759 8118408 19232867 27599421
1790336008890 0 88666 0 3452822829 3406834845 0 0 0 0 0 0 1432771838 20655864 4166258688 359616512 0 28680193 19075723 8199032 19369216 27748181
1790336009909 0 33365 12416 3452915037 3406970071 0 0 0 0 0 0 1432825213 20656059 4165459968 136654848 69394432 28869627 19204194 8253432 19572196 28134131
1790336010928 0 82869 0 3453021975 3407039913 0 0 0 0 0 0 1432898131 20656338 4165222400 339333120 12279808 29115853 19363119 8325839 19637787 28215829
1790336011948 0 59587 61 3453114355 3407155569 0 0 0 0 0 0 1432976086 20656597 4166172672 239882240 7622656 29322808 19507408 8403867 19765017 28455827
1790336012967 0 101263 15033 3453224303 3407208744 0 0 0 0 0 0 1433059334 20656928 4166520832 426065920 66519040 29583008 19685661 8487552 19927675 28579869
1790336013987 0 88368 0 3453310043 3407322524 0 0 0 0 0 0 1433128647 20657179 4167020544 350322688 0 29793649 19817794 8555333 20104106 28810581
1790336015011 0 3127 68 3453379523 3407477165 0 0 0 0 0 0 1433186164 20657391 4167680000 40960 0 29971544 19930413 8613876 20312834 29233886
1790336016031 0 57267 0 3453495041 3407538624 0 0 0 0 0 0 1433283157 20657742 4167622656 226299904 0 30248372 20119051 8709347 20498592 29413935
1790336017050 0 94199 18104 3453607075 3407595545 0 0 0 0 0 0 1433377136 20658071 4167876608 477327360 0 30531790 20307215 8804456 20633083 29506059
1790336018069 0 81659 0 3453685412 3407704527 0 0 0 0 0 0 1433440759 20658314 4168519680 329494528 0 30734237 20432545 8866978 20755799 29697370
1790336019093 0 92022 0 3453790941 3407799796 0 0 0 0 0 0 1433513004 20658593 4168192000 372744192 0 30987125 20596837 8939115 20877204 29840866
1790336020121 0 20497 428 3453872132 3407951933 0 0 0 0 0 0 1433568990 20658820 4167385088 107573248 3600384 31174304 20719763 8997226 21043092 30195587
1790336021143 0 63383 0 3453982608 3408020090 0 0 0 0 0 0 1433648049 20659120 4167516160 253464576 0 31412169 20885163 9074239 21247927 30421791
1790336022163 0 106731 0 3454091608 3408085627 0 0 0 0 0 0 1433729792 20659424 4167208960 426913792 0 31682673 21060764 9156624 21453365 30604639
1790336023182 0 82002 0 3454179516 3408198268 0 0 0 0 0 0 1433799159 20659707 4168417280 331509760 0 31903781 21201704 9225194 21592944 30763179
1790336024201 0 88066 0 3454275737 3408288381 0 0 0 0 0 0 1433868459 20659962 4168237056 351653888 0 32134375 21354110 9295169 21807500 31040914
1790336025221 0 71702 1168 3454369923 3408397986 0 0 0 0 0 0 1433931620 20660199 4167659520 287768576 0 32346033 21493643 9358830 22043697 31397443
1790336026240 0 74684 2117 3454469651 3408493989 0 0 0 0 0 0 1433999449 20660475 4167512064 337002496 0 32571562 21648982 9427136 22252087 31627232
1790336027259 0 83563 0 3454569256 3408586517 0 0 0 0 0 0 1434059181 20660736 4166430720 331698176 0 32779466 21792743 9486751 22366567 31845298
1790336028279 0 97691 0 3454666329 3408669462 0 0 0 0 0 0 1434137769 20661003 4167528448 391856128 0 33023932 21949837 9564759 22573351 32067452
1790336029298 0 57988 0 3454750571 3408793367 0 0 0 0 0 0 1434196086 20661218 4167983104 235700224 8859648 33229232 22084528 9623819 22707673 32370858
1790336030317 0 87301 64 3454851568 3408865027 0 0 0 0 0 0 1434270061 20661505 4167704576 350228480 0 33463820 22241421 9696709 22895117 32547335
1790336031336 0 47309 0 3454927391 3408980825 0 0 0 0 0 0 1434326284 20661695 4168232960 179318784 0 33645228 22361620 9753588 23003190 32785299
1790336032356 0 92211 0 3455038834 3409047386 0 0 0 0 0 0 1434406520 20662018 4167753728 367460352 0 33895170 22531763 9833034 23117635 32895981
1790336033377 0 64382 0 3455132740 3409169243 0 0 0 0 0 0 1434460958 20662226 4167008256 256864256 0 34091276 22661640 9888157 23195752 33056762
1790336034409 0 83433 0 3455237877 3409255260 0 0 0 0 0 0 1434531483 20662486 4167507968 330092544 0 34324229 22817647 9958172 23387096 33288803
1790336035435 0 79788 8614 3455337746 3409350559 0 0 0 0 0 0 1434599287 20662755 4166864896 326811648 55816192 34559775 22976696 10027506 23576793 33585175
1790336036454 0 68735 0 3455430190 3409462210 0 0 0 0 0 0 1434664481 20663005 4166541312 268374016 0 34752886 23113747 10092217 23679461 33790426
1790336037479 0 93970 702 3455535175 3409541246 0 0 0 0 0 0 1434732275 20663250 4165296128 397434880 1671168 34971777 23269606 10159991 23815990 33921852
1790336038506 0 62411 16 3455617315 3409655754 0 0 0 0 0 0 1434798862 20663495 4166225920 249356288 8192 35191995 23405256 10225123 24032267 34230720
1790336039529 0 97015 38 3455723579 3409727458 0 0 0 0 0 0 1434861663 20663775 4166561792 391192576 0 35418762 23557987 10287346 24279164 34511637
1790336040553 0 73491 4827 3455809398 3409831883 0 0 0 0 0 0 1434918686 20663998 4166082560 301019136 34918400 35616107 23689297 10346905 24533411 34872154
1790336041572 0 84312 3860 3455905460 3409918230 0 0 0 0 0 0 1434985960 20664275 4166340608 366313472 0 35823439 23831107 10413045 24622149 34950459
1790336042593 0 88214 7665 3455999485 3410004477 0 0 0 0 0 0 1435050671 20664513 4166180864 407437312 0 36042918 23974268 10478380 24779973 35216938
1790336043612 0 81791 0 3456085354 3410104319 0 0 0 0 0 0 1435115391 20664795 4167294976 322588672 0 36249114 24107803 10542598 24922089 35508456
1790336044632 0 81101 0 3456179768 3410199552 0 0 0 0 0 0 1435188227 20665062 4167921664 323817472 0 36477055 24255251 10614990 25128203 35756077
1790336045656 0 70690 10107 3456272793 3410293112 0 0 0 0 0 0 1435255013 20665327 4168343552 289538048 56705024 36701279 24399114 10683233 25264708 35965693
1790336046674 0 43006 0 3456360967 3410418765 0 0 0 0 0 0 1435314558 20665551 4168687616 175288320 13307904 36896994 24528681 10742785 25369292 36165023
1790336047693 0 67669 0 3456457291 3410490446 0 0 0 0 0 0 1435387296 20665830 4168204288 266964992 0 37128425 24679364 10815016 25560326 36394321
1790336048715 0 52104 15 3456540995 3410589751 0 0 0 0 0 0 1435452991 20666094 4169187328 221343744 6242304 37337478 24814932 10881267 25667387 36617849
1790336049737 0 110266 0 3456653551 3410644048 0 0 0 0 0 0 1435527492 20666398 4168122368 445497344 0 37585566 24979722 10954193 25889789 36827000
1790336050759 0 40133 2117 3456729064 3410787587 0 0 0 0 0 0 1435569646 20666574 4167151616 181936128 8646656 37761035 25089650 10997354 26070495 37238755
1790336051781 0 66664 0 3456829189 3410863172 0 0 0 0 0 0 1435638168 20666856 4167557120 263725056 0 37995012 25237954 11064915 26273351 37510472
1790336052801 0 73907 45 3456917106 3410944052 0 0 0 0 0 0 1435715780 20667166 4168769536 300531712 11812864 38223729 25390766 11144000 26466634 37801812
1790336053831 0 77628 389 3457015562 3411038305 0 0 0 0 0 0 1435785081 20667420 4167712768 338497536 2060288 38433916 25538246 11212785 26635926 38078731
1790336054853 0 61614 0 3457101496 3411140679 0 0 0 0 0 0 1435848109 20667666 4167565312 246239232 0 38644067 25664689 11273351 26793377 38356886
1790336055877 0 4241 721 3457173427 3411269302 0 0 0 0 0 0 1435907191 20667891 4168572928 33079296 2834432 38830113 25786231 11334784 26934552 38748033
1790336056896 0 86476 0 3457292738 3411307045 0 0 0 0 0 0 1435996104 20668250 4167925760 345907200 0 39105353 25974649 11422751 27103627 38865079
1790336057916 0 89342 0 3457384706 3411396134 0 0 0 0 0 0 1436068393 20668494 4168146944 351977472 0 39327490 26123340 11496131 27285470 39086527
1790336058935 0 84933 1387 3457476022 3411490627 0 0 0 0 0 0 1436122869 20668726 4167475200 353382400 0 39519463 26256311 11549564 27537005 39442564
1790336059955 0 95568 0 3457570033 3411575336 0 0 0 0 0 0 1436184438 20668978 4166537216 383066112 0 39742784 26392927 11611453 27673557 39643279
1790336060974 0 8768 0 3457629212 3411721246 0 0 0 0 0 0 1436230172 20669154 4167213056 29175808 0 39870043 26485169 11656363 27823219 40073681
1790336062002 0 87007 0 3457750486 3411764255 0 0 0 0 0 0 1436320061 20669543 4167168000 345915392 0 40146356 26672881 11747770 27940051 40166771
1790336063032 0 104728 0 3457850026 3411846176 0 0 0 0 0 0 1436381109 20669815 4166782976 420605952 0 40377701 26815946 11808356 28165745 40469535
1790336064050 0 66570 44 3457921478 3411955781 0 0 0 0 0 0 1436441375 20670052 4167512064 272670720 13238272 40560423 26934822 11869593 28363529 40859096
1790336065069 0 101139 0 3458022641 3412022306 0 0 0 0 0 0 1436515137 20670359 4166877184 408150016 0 40789305 27090122 11941330 28495992 41023666
1790336066093 0 37427 754 3458095452 3412157915 0 0 0 0 0 0 1436567034 20670592 4166574080 157605888 13819904 40959591 27204137 11995253 28692283 41417663
1790336067112 0 58779 1 3458197929 3412240030 0 0 0 0 0 0 1436640971 20670903 4166193152 230096896 0 41191770 27356311 12068693 28902545 41657389
1790336068132 0 76462 0 3458300600 3412325003 0 0 0 0 0 0 1436706245 20671192 4165939200 305704960 0 41416773 27504607 12132859 29085090 41934710
1790336069151 0 51169 0 3458385914 3412435622 0 0 0 0 0 0 1436772298 20671471 4165861376 196976640 0 41624203 27641079 12199918 29268032 42280745
1790336070171 0 94553 0 3458497935 3412504205 0 0 0 0 0 0 1436849791 20671811 4165160960 381018112 0 41859237 27808984 12275543 29482893 42541696
1790336071200 0 55203 277 3458580112 3412625422 0 0 0 0 0 0 1436904830 20672023 4164911104 247988224 2711552 42055052 27933582 12331511 29598807 42788885
1790336072222 0 73373 0 3458677844 3412705234 0 0 0 0 0 0 1436972577 20672315 4165775360 292331520 0 42288753 28082480 12398748 29806747 43040241
1790336073243 0 87021 0 3458777489 3412791251 0 0 0 0 0 0 1437043417 20672600 4165332992 341798912 0 42529959 28236766 12471065 29958573 43293818
1790336074268 0 79105 27 3458863681 3412885459 0 0 0 0 0 0 1437102907 20672852 4165009408 317755392 0 42732022 28370716 12528684 30145408 43635404
1790336075292 0 69 0 3458918182 3413018952 0 0 0 0 0 0 1437148633 20673040 4165181440 0 20656128 42866550 28461307 12576852 30232944 43735073
1790336076312 0 33 0 3458918220 3413019024 0 0 0 0 0 0 1437307084 20673856 4192292864 131072 0 43026411 28609940 12732104 30323594 43810389
1790336077332 0 33 0 3458918220 3413019024 0 0 0 0 0 0 1437510921 20674720 4195844096 131072 0 43278011 28813479 12936510 30397431 43844172
1790336078352 0 33 0 3458918220 3413019024 0 0 0 0 0 0 1437688612 20675401 4199804928 131072 0 43800662 28989328 13113326 30615639 43884893
1790336079371 0 33 0 3458918220 3413019024 0 0 0 0 0 0 1437776162 20675829 2637766656 77824 0 43926045 29080654 13204381 30732589 43931883
