1790324185421 0 3 0 2529534187 2483753285 0 0 0 0 0 0 996804349 19252448 - - - - - - - -
1790324186753 0 151773 2559 2529848635 2483913394 0 0 0 0 0 0 996804349 19252560 1198788608 615387136 8388608 0 0 33 0 56908
1790324187802 0 149917 2778 2530047387 2484114047 0 0 0 0 0 0 996804382 19252560 2084868096 622874624 1556480 0 0 33 0 177836
1790324188821 0 132698 2006 2530223754 2484308046 0 0 0 0 0 0 996804382 19252560 2795876352 547856384 11845632 0 0 33 0 191451
1790324189840 0 146428 1983 2530431507 2484502099 0 0 0 0 0 0 996804382 19252560 3638726656 596258816 8589312 0 0 33 0 350877
1790324190860 0 140897 2048 2530591986 2484668196 0 0 0 0 0 0 996804382 19252562 4160053248 581337088 8388608 84636 34087 33 38692 367075
1790324191879 0 144148 786 2530763505 2484837698 0 0 0 0 0 0 996815000 19252574 4158918656 593416192 13086720 385016 219076 10651 139691 480992
1790324192898 0 122555 2048 2530913977 2485008468 0 0 0 0 0 0 996823599 19252587 4158115840 500547584 16777216 597503 375509 19250 220575 536657
1790324193918 0 125591 10219 2531059767 2485143026 0 0 0 0 0 0 996838300 19252605 4157779968 559747072 8667136 816837 537085 32929 344125 705510
1790324194937 0 147806 4048 2531184018 2485251207 0 0 0 0 0 0 996856047 19252635 4158185472 611246080 0 989405 675503 51130 456186 853621
1790324195957 0 140689 10658 2531314555 2485382374 0 0 0 0 0 0 996880063 19252791 4159148032 622694400 0 1260495 832398 75783 623440 1040029
1790324196977 0 53037 0 2531390724 2485556761 0 0 0 0 0 0 996900008 19252897 4160114688 207548416 0 1410183 925729 94698 755109 1426080
1790324197997 0 127653 0 2531531886 2485623321 0 0 0 0 0 0 996949678 19253114 4163727360 511512576 0 1670267 1115376 144834 886469 1496512
1790324199017 0 99272 0 2531635614 2485755417 0 0 0 0 0 0 996987059 19253267 4166238208 396025856 0 1865046 1255308 181769 1021010 1661939
1790324200040 0 114964 14162 2531757324 2485847331 0 0 0 0 0 0 997036863 19253435 4169760768 511610880 25776128 2094747 1428599 232004 1145901 1844037
1790324201061 0 136738 0 2531867746 2485950089 0 0 0 0 0 0 997077939 19253614 4171862016 553848832 0 2299164 1576011 271392 1238045 1991345
1790324202080 0 45775 0 2531946865 2486120254 0 0 0 0 0 0 997104671 19253744 4173238272 179097600 0 2459759 1681430 298787 1434835 2265019
1790324203100 0 115546 0 2532080235 2486183742 0 0 0 0 0 0 997167719 19253992 4176523264 462102528 0 2747066 1876446 362395 1614871 2374949
1790324204121 0 113727 4132 2532192422 2486293560 0 0 0 0 0 0 997205213 19254143 4176654336 488710144 8388608 2969092 2028469 400363 1724635 2474840
1790324205144 0 124816 14673 2532310504 2486390143 0 0 0 0 0 0 997248874 19254317 4176637952 506085376 68743168 3202786 2187841 444524 1864915 2624051
1790324206164 0 146038 0 2532422009 2486495038 0 0 0 0 0 0 997304265 19254482 4177125376 585871360 0 3445055 2353333 498893 2046545 2787914
1790324207183 0 65351 0 2532504786 2486658500 0 0 0 0 0 0 997352950 19254624 4178083840 261115904 0 3633479 2485166 547110 2207544 3000051
1790324208203 0 144523 0 2532644425 2486718916 0 0 0 0 0 0 997416589 19254843 4178505728 582877184 0 3922413 2687593 611069 2393750 3077038
1790324209223 0 133651 73 2532753285 2486838737 0 0 0 0 0 0 997474032 19255011 4179410944 538693632 0 4174306 2853197 668145 2581450 3259986
1790324210250 0 99084 31 2532855964 2486976019 0 0 0 0 0 0 997539141 19255208 4181262336 397262848 0 4424678 3020219 733208 2759072 3456515
1790324211277 0 103255 10891 2532969988 2487074943 0 0 0 0 0 0 997607896 19255404 4182016000 476717056 41701376 4701101 3205074 802525 2880181 3561908
1790324212296 0 17448 0 2533052120 2487253741 0 0 0 0 0 0 997681537 19255583 4183646208 63340544 0 4936517 3358203 876171 3061592 3741440
1790324213316 0 151564 0 2533186203 2487253741 0 0 0 0 0 0 997795018 19255874 4186546176 612253696 0 5299789 3603581 988614 3203965 3754750
1790324214340 0 42785 0 2533269961 2487446279 0 0 0 0 0 0 997846631 19256011 4186624000 178081792 62341120 5516801 3742232 1041771 3374835 4023253
1790324215359 0 139351 0 2533391132 2487470829 0 0 0 0 0 0 997948675 19256261 4187226112 564527104 0 5858272 3960959 1142361 3596376 4104016
1790324216378 0 79299 73 2533475391 2487615179 0 0 0 0 0 0 998021515 19256440 4187852800 316026880 0 6071906 4110385 1215652 3723428 4285188
1790324217398 0 20161 1667 2533561453 2487758635 0 0 0 0 0 0 998079512 19256583 4187090944 102440960 3399680 6283794 4247395 1274651 3879833 4488692
1790324218423 0 71221 73 2533673428 2487821314 0 0 0 0 0 0 998174195 19256817 4187176960 280551424 0 6565693 4426623 1368397 4013549 4608364
1790324219450 0 103855 0 2533776819 2487891971 0 0 0 0 0 0 998251282 19257086 4186771456 418238464 0 6814987 4588701 1445913 4154938 4729765
1790324220479 0 82325 3074 2533850436 2487984155 0 0 0 0 0 0 998316105 19257273 4186640384 362852352 11673600 7005765 4706807 1511788 4318425 4974808
1790324221501 0 75989 0 2533935359 2488078385 0 0 0 0 0 0 998385517 19257483 4185235456 305344512 0 7212388 4837065 1578668 4458736 5215036
1790324222525 0 41037 1927 2534020057 2488196186 0 0 0 0 0 0 998441044 19257670 4183920640 183197696 6627328 7390710 4952608 1636161 4636413 5580532
1790324223549 0 62818 0 2534119280 2488275535 0 0 0 0 0 0 998502645 19257853 4181323776 246857728 0 7599318 5079822 1696232 4802548 5822523
1790324224571 0 76469 0 2534219923 2488362576 0 0 0 0 0 0 998555982 19258015 4178923520 302915584 0 7785238 5198715 1750596 4917042 6022821
1790324225590 0 108489 49 2534321643 2488432244 0 0 0 0 0 0 998626250 19258202 4176629760 440422400 0 8010207 5336864 1818960 5148455 6299211
1790324226609 0 77889 4504 2534402877 2488539677 0 0 0 0 0 0 998682200 19258360 4175638528 319107072 32538624 8195299 5451763 1877829 5229771 6517080
1790324227635 0 34554 1176 2534480943 2488664275 0 0 0 0 0 0 998738147 19258519 4174811136 168787968 2174976 8369810 5561118 1933262 5387258 6781901
1790324228658 0 57237 4088 2534580669 2488738892 0 0 0 0 0 0 998805362 19258700 4173078528 249450496 15278080 8601233 5700940 2000997 5515365 6988797
1790324229681 0 90746 2044 2534679771 2488805987 0 0 0 0 0 0 998869006 19258888 4172156928 370954240 0 8806691 5834681 2064123 5692984 7321759
1790324230701 0 81833 0 2534759893 2488897175 0 0 0 0 0 0 998930057 19259056 4171182080 326856704 0 9004595 5955071 2123642 5893731 7683446
1790324231721 0 90354 0 2534856452 2488985247 0 0 0 0 0 0 998993665 19259236 4169576448 357502976 0 9207761 6090219 2188296 6070975 7992602
1790324232745 0 32091 8434 2534931971 2489110543 0 0 0 0 0 0 999054220 19259393 4169547776 179011584 5750784 9392627 6211661 2249847 6165177 8211808
1790324233767 0 61324 5037 2535037410 2489190218 0 0 0 0 0 0 999121611 19259587 4168372224 287449088 5668864 9623534 6360436 2316965 6315180 8358942
1790324234786 0 95384 0 2535141130 2489264821 0 0 0 0 0 0 999188806 19259749 4167745536 380383232 0 9837609 6503826 2383933 6416531 8557270
1790324235817 0 64394 0 2535209439 2489364150 0 0 0 0 0 0 999243788 19259902 4167331840 259678208 0 10004677 6612059 2434743 6632347 8918568
1790324236842 0 53223 0 2535299687 2489465468 0 0 0 0 0 0 999302230 19260077 4166934528 213069824 8282112 10198088 6744371 2497860 6732429 9180887
1790324237868 0 53231 16054 2535401106 2489550900 0 0 0 0 0 0 999372532 19260274 4166578176 285310976 10158080 10422855 6898701 2568159 6887407 9414835
1790324238888 0 96100 0 2535503899 2489626893 0 0 0 0 0 0 999445902 19260463 4166836224 383119360 0 10661837 7056988 2639999 7066719 9669207
1790324239907 0 84843 0 2535600216 2489734414 0 0 0 0 0 0 999495647 19260614 4166795264 337620992 0 10854013 7188512 2690807 7224739 9967621
1790324240927 0 112544 0 2535697516 2489804047 0 0 0 0 0 0 999566890 19260838 4166758400 452755456 0 11077966 7340932 2760642 7315349 10109443
1790324241947 0 89790 768 2535779191 2489907703 0 0 0 0 0 0 999626604 19261021 4167278592 367779840 17326080 11261937 7469432 2822231 7466623 10351576
1790324242967 0 523 13194 2535832120 2490037512 0 0 0 0 0 0 999671779 19261171 4168417280 1257472 75988992 11393371 7555060 2867406 7605071 10859324
1790324243990 0 79356 20 2535948905 2490088527 0 0 0 0 0 0 999740049 19261401 4168171520 314269696 0 11641307 7720349 2934653 7757263 11021956
1790324245009 0 89449 30222 2536057088 2490156569 0 0 0 0 0 0 999809889 19261611 4168351744 477278208 28286976 11878045 7884845 3005524 7850444 11155790
1790324246029 0 61420 0 2536126454 2490284176 0 0 0 0 0 0 999860708 19261768 4168925184 248004608 0 12034074 7989409 3053782 8039367 11543167
1790324247049 0 97923 0 2536230654 2490351753 0 0 0 0 0 0 999930972 19261991 4168863744 391303168 0 12270961 8148625 3125593 8135494 11665637
1790324248076 0 31893 13259 2536311916 2490485851 0 0 0 0 0 0 999973094 19262121 4168794112 130617344 79880192 12447475 8264961 3168720 8321259 12128613
1790324249098 0 77297 0 2536412121 2490553991 0 0 0 0 0 0 1000055179 19262341 4170280960 310194176 0 12683332 8431328 3248940 8506193 12385019
1790324250131 0 76042 7755 2536504077 2490639478 0 0 0 0 0 0 1000125985 19262527 4171173888 351236096 6230016 12906262 8584666 3321612 8718707 12682863
1790324251150 0 73238 7081 2536588343 2490727127 0 0 0 0 0 0 1000191128 19262697 4172218368 335441920 0 13119225 8721705 3385742 8815006 12823625
1790324252169 0 58677 2042 2536672069 2490830488 0 0 0 0 0 0 1000254277 19262878 4173090816 250466304 14999552 13336087 8860430 3449393 9092910 13108595
1790324253190 0 36626 659 2536757844 2490939818 0 0 0 0 0 0 1000313275 19263033 4172410880 164151296 2134016 13541686 8992376 3507974 9313815 13390897
1790324254210 0 87466 0 2536872001 2491003615 0 0 0 0 0 0 1000391723 19263252 4172177408 352010240 0 13803697 9169642 3585359 9517282 13615293
1790324255230 0 87871 32 2536968681 2491099817 0 0 0 0 0 0 1000461077 19263461 4172333056 367992832 4198400 14046916 9330541 3656704 9709896 13905704
1790324256250 0 95662 0 2537061470 2491184863 0 0 0 0 0 0 1000524176 19263647 4172582912 383758336 0 14252320 9471401 3718806 9837714 14134900
1790324257270 0 60874 0 2537144443 2491302624 0 0 0 0 0 0 1000595504 19263839 4174127104 246476800 0 14469315 9615505 3788563 9961809 14322637
1790324258291 0 40957 23506 2537242336 2491396926 0 0 0 0 0 0 1000667360 19264026 4175667200 165765120 114642944 14715656 9781743 3863010 10135844 14532919
1790324259310 0 70490 0 2537335859 2491484471 0 0 0 0 0 0 1000737636 19264221 4175622144 284712960 0 14947497 9936403 3931163 10219304 14610325
1790324260333 0 73546 2119 2537430369 2491573865 0 0 0 0 0 0 1000811033 19264418 4176445440 333463552 0 15174325 10092459 4006662 10469026 14835708
1790324261363 0 71142 0 2537525948 2491673914 0 0 0 0 0 0 1000888004 19264654 4177088512 283123712 0 15406159 10249285 4081586 10659461 15144307
1790324262397 0 62147 4464 2537612183 2491764674 0 0 0 0 0 0 1000962801 19264836 4177911808 296706048 0 15646390 10402448 4156817 10796976 15316222
1790324263419 0 14917 0 2537689811 2491894028 0 0 0 0 0 0 1001025978 19265000 4178579456 57016320 0 15834847 10527633 4219223 10882468 15464818
1790324264439 0 119247 0 2537817823 2491917580 0 0 0 0 0 0 1001121367 19265298 4177707008 473890816 0 16140135 10735773 4317060 11067917 15548605
1790324265458 0 47831 4223 2537889635 2492056755 0 0 0 0 0 0 1001169678 19265463 4177383424 221130752 0 16313242 10844998 4365321 11249229 15923355
1790324266478 0 12412 10 2537967938 2492174503 0 0 0 0 0 0 1001217924 19265607 4176392192 40161280 0 16486409 10953896 4413041 11346022 16069908
1790324267497 0 99333 0 2538086480 2492206265 0 0 0 0 0 0 1001310268 19265885 4176248832 402534400 0 16773360 11146647 4504410 11475299 16170267
1790324268525 0 2045 1006 2538160082 2492376369 0 0 0 0 0 0 1001362600 19266054 4175474688 29954048 14221312 16926550 11253451 4557796 11615602 16432711
1790324269558 0 100701 2847 2538301214 2492416741 0 0 0 0 0 0 1001453988 19266343 4174438400 433635328 7680000 17232761 11452502 4649104 11830264 16532612
1790324270578 0 92898 0 2538394175 2492520366 0 0 0 0 0 0 1001522700 19266554 4174114816 372346880 0 17442478 11592364 4717228 12029653 16807301
1790324271602 0 82921 15 2538462988 2492599234 0 0 0 0 0 0 1001578156 19266728 4173910016 333316096 0 17612450 11700644 4771741 12213200 17175883
1790324272622 0 73241 0 2538564051 2492709809 0 0 0 0 0 0 1001651525 19266941 4173070336 288501760 0 17839490 11851547 4846670 12384979 17494949
1790324273647 0 4115 3 2538642849 2492857839 0 0 0 0 0 0 1001696755 19267116 4171386880 8495104 0 18018691 11960117 4890849 12595716 17870581
1790324274666 0 83714 0 2538763482 2492898784 0 0 0 0 0 0 1001788976 19267384 4171096064 337072128 0 18305487 12143917 4982601 12712049 17927545
1790324275685 0 76057 64 2538861253 2493004172 0 0 0 0 0 0 1001868438 19267615 4171223040 303702016 0 18524279 12293714 5062598 12807824 18073252
1790324276706 0 69237 4207 2538959888 2493105520 0 0 0 0 0 0 1001928559 19267795 4168695808 281501696 40099840 18725050 12423888 5124186 12975668 18343758
1790324277726 0 69577 3314 2539064643 2493210806 0 0 0 0 0 0 1001995798 19268016 4168134656 284987392 34496512 18973717 12575714 5191425 13161988 18660064
1790324278747 0 34555 0 2539162792 2493347184 0 0 0 0 0 0 1002051748 19268231 4166606848 131801088 0 19156648 12702881 5245540 13328492 18998915
1790324279766 0 78218 7008 2539277888 2493411702 0 0 0 0 0 0 1002135803 19268486 4165410816 341008384 27332608 19422452 12881723 5330946 13459529 19112888
1790324280785 0 97825 0 2539380550 2493501810 0 0 0 0 0 0 1002197413 19268688 4165046272 389214208 0 19638229 13023456 5392029 13610596 19300925
1790324281805 0 59199 0 2539466852 2493626739 0 0 0 0 0 0 1002251323 19268868 4164575232 234426368 0 19826047 13144827 5445938 13776643 19657355
1790324282824 0 117960 0 2539586005 2493687156 0 0 0 0 0 0 1002332418 19269134 4163874816 477114368 0 20099860 13325102 5525719 13878642 19752632
1790324283843 0 35973 0 2539655975 2493839109 0 0 0 0 0 0 1002393959 19269320 4164677632 136998912 0 20263855 13439964 5588587 14054789 20136653
1790324284863 0 93707 0 2539775135 2493900550 0 0 0 0 0 0 1002474089 19269596 4164493312 373411840 0 20519105 13616373 5668701 14203957 20234725
1790324285885 0 70455 4014 2539861507 2494006178 0 0 0 0 0 0 1002533665 19269790 4164812800 287117312 35983360 20717288 13749201 5729292 14407458 20562101
1790324286910 0 74829 0 2539956984 2494101263 0 0 0 0 0 0 1002604181 19270054 4164845568 300347392 0 20930130 13895602 5798083 14619856 20857013
1790324287929 0 87955 0 2540063370 2494194442 0 0 0 0 0 0 1002681182 19270338 4164997120 347762688 0 21179827 14064185 5876635 14797543 21032740
1790324288948 0 23690 0 2540140017 2494335345 0 0 0 0 0 0 1002727750 19270510 4165009408 86487040 0 21351788 14175944 5922868 14895378 21256984
1790324289968 0 141814 0 2540267254 2494344562 0 0 0 0 0 0 1002830860 19270858 4165378048 575344640 0 21656141 14386689 6023994 15042980 21297109
1790324290987 0 59152 0 2540340228 2494500211 0 0 0 0 0 0 1002889894 19271046 4166012928 231772160 0 21821479 14503213 6084542 15181807 21547696
1790324292007 0 86164 584 2540449169 2494581682 0 0 0 0 0 0 1002961344 19271318 4165001216 352813056 18403328 22068744 14664951 6156970 15267856 21656712
1790324293025 0 84865 0 2540545158 2494679413 0 0 0 0 0 0 1003017241 19271520 4164399104 339443712 0 22275008 14799913 6210912 15395812 21894674
1790324294045 0 13030 1187 2540617125 2494822062 0 0 0 0 0 0 1003075262 19271722 4165087232 71442432 2039808 22455833 14922228 6270944 15483411 22088351
1790324295064 0 77765 0 2540729692 2494871089 0 0 0 0 0 0 1003161499 19272019 4165828608 316420096 0 22716541 15104506 6354607 15616661 22178608
1790324296084 0 87756 0 2540834996 2494966322 0 0 0 0 0 0 1003241094 19272285 4167303168 352727040 0 22967325 15275148 6434688 15807089 22350953
1790324297104 0 91140 0 2540930541 2495058483 0 0 0 0 0 0 1003311920 19272523 4167884800 366292992 0 23207516 15427677 6506036 16004165 22603202
1790324298123 0 79656 0 2541017308 2495156788 0 0 0 0 0 0 1003387354 19272778 4169449472 315908096 0 23432901 15580746 6582469 16199988 22902877
1790324299142 0 18991 20 2541084770 2495284719 0 0 0 0 0 0 1003457827 19273001 4170223616 71761920 0 23623596 15710273 6651781 16333254 23120540
1790324300162 0 76527 0 2541205805 2495348263 0 0 0 0 0 0 1003535746 19273278 4170178560 304218112 0 23893897 15890849 6730858 16497748 23261540
1790324301193 0 91959 26 2541305010 2495432182 0 0 0 0 0 0 1003615837 19273559 4170850304 366309376 0 24146521 16054224 6809950 16604724 23389145
1790324302212 0 83019 0 2541395489 2495531578 0 0 0 0 0 0 1003684633 19273811 4171030528 331771904 0 24362160 16200269 6879267 16707128 23539833
1790324303251 0 98234 0 2541499726 2495620653 0 0 0 0 0 0 1003750407 19274089 4170055680 391794688 18595840 24596071 16354786 6945521 16824198 23698805
1790324304274 0 45226 0 2541580988 2495754864 0 0 0 0 0 0 1003805911 19274302 4169998336 174891008 0 24783691 16479318 7000979 16995806 24015142
1790324305294 0 99850 0 2541699101 2495818353 0 0 0 0 0 0 1003885517 19274621 4169580544 402857984 0 25051263 16658355 7079059 17178463 24173320
1790324306313 0 75447 0 2541784313 2495927922 0 0 0 0 0 0 1003959439 19274875 4170928128 299147264 0 25252666 16802136 7153563 17371061 24489578
1790324307338 0 72795 53 2541880932 2496027196 0 0 0 0 0 0 1004027250 19275139 4170788864 287289344 0 25465450 16947063 7222314 17482895 24734900
1790324308362 0 80274 0 2541966277 2496105081 0 0 0 0 0 0 1004100151 19275398 4171456512 320430080 0 25681776 17089483 7293648 17594201 24894171
1790324309385 0 4124 13 2542035608 2496250578 0 0 0 0 0 0 1004148418 19275582 4170608640 10616832 0 25833893 17193255 7341952 17675443 25206469
1790324310405 0 104878 63 2542168168 2496282385 0 0 0 0 0 0 1004233022 19275927 4170104832 419278848 0 26136073 17388133 7427704 17828114 25296760
1790324311425 0 81087 0 2542252860 2496390898 0 0 0 0 0 0 1004290061 19276142 4169666560 321814528 0 26336638 17515355 7484703 17987488 25613335
1790324312444 0 97336 0 2542362268 2496484083 0 0 0 0 0 0 1004355994 19276429 4168695808 388636672 0 26570294 17676701 7550029 18178199 25832773
1790324313464 0 93507 0 2542455787 2496581364 0 0 0 0 0 0 1004429394 19276706 4168323072 378982400 0 26809830 17828801 7622288 18248626 25927147
1790324314483 0 23310 48 2542535148 2496730909 0 0 0 0 0 0 1004479196 19276925 4168491008 86622208 0 26976771 17941681 7674314 18428502 26271464
1790324315502 0 108067 0 2542655703 2496766731 0 0 0 0 0 0 1004567526 19277246 4168552448 438349824 0 27261252 18129194 7760569 18643315 26415764
1790324316522 0 79724 17 2542749195 2496888541 0 0 0 0 0 0 1004621427 19277447 4167892992 324464640 24473600 27463350 18260565 7817038 18892220 26749131
1790324317544 0 87123 0 2542831333 2496963342 0 0 0 0 0 0 1004684117 19277685 4167856128 350601216 0 27651036 18381549 7878164 19090218 27087397
1790324318565 0 88922 67 2542932494 2497062677 0 0 0 0 0 0 1004757501 19277961 4168036352 360300544 0 27878128 18533808 7950373 19221550 27259367
1790324319584 0 25892 0 2543017602 2497210740 0 0 0 0 0 0 1004812972 19278164 4167065600 92803072 0 28072522 18659779 8008063 19415579 27614831
1790324320603 0 89572 44 2543141632 2497271119 0 0 0 0 0 0 1004897602 19278480 4166262784 358199296 0 28349316 18836123 8092247 19566913 27736971
1790324321623 0 70431 39 2543225923 2497374627 0 0 0 0 0 0 1004956230 19278696 4166176768 280117248 0 28541283 18965273 8151153 19695409 27950411
1790324322643 0 88597 7823 2543318882 2497441555 0 0 0 0 0 0 1005028101 19278974 4166045696 407121920 0 28753985 19112056 8223202 19900469 28191563
1790324323662 0 70420 1679 2543405108 2497552622 0 0 0 0 0 0 1005076358 19279151 4165296128 288731136 0 28929750 19225969 8270427 19988834 28397553
1790324324682 0 36631 1 2543490252 2497672705 0 0 0 0 0 0 1005135413 19279373 4165701632 140623872 0 29128003 19354000 8330504 20163016 28732973
1790324325702 0 67989 0 2543592202 2497743394 0 0 0 0 0 0 1005217567 19279667 4165824512 269983744 0 29361706 19510823 8411632 20358451 28967177
1790324326722 0 115911 0 2543699680 2497802821 0 0 0 0 0 0 1005301514 19280003 4166647808 466321408 0 29622448 19685625 8495556 20574704 29143328
1790324327742 0 87985 58 2543779334 2497910289 0 0 0 0 0 0 1005366181 19280232 4166594560 358375424 0 29813906 19813250 8560236 20750892 29499329
1790324328770 0 67270 0 2543854656 2498006598 0 0 0 0 0 0 1005425762 19280451 4166434816 269070336 1691648 30003990 19932728 8618784 20875157 29711322
1790324329794 0 30146 0 2543942091 2498131119 0 0 0 0 0 0 1005494035 19280709 4166930432 117198848 0 30216392 20069453 8687055 21059307 29946978
1790324330813 0 74010 0 2544042338 2498187441 0 0 0 0 0 0 1005583876 19281013 4167516160 292892672 0 30484064 20242126 8777935 21144841 30008959
1790324331833 0 92108 6424 2544133204 2498253876 0 0 0 0 0 0 1005660450 19281305 4168003584 406814720 0 30718749 20391135 8856075 21406063 30244931
1790324332852 0 67367 0 2544209800 2498361526 0 0 0 0 0 0 1005710776 19281491 4167831552 265588736 0 30897789 20507079 8905346 21680961 30619395
1790324333871 0 117738 11096 2544321705 2498412148 0 0 0 0 0 0 1005790915 19281813 4166938624 481988608 62885888 31163920 20682578 8985979 21859333 30764731
1790324334890 0 12855 0 2544373109 2498579441 0 0 0 0 0 0 1005829015 19281955 4166868992 42217472 0 31280540 20759972 9022932 22117140 31282303
1790324335911 0 48040 0 2544478943 2498650098 0 0 0 0 0 0 1005899251 19282243 4166365184 184303616 0 31513303 20916441 9094316 22311487 31531205
1790324336931 0 70402 11 2544568871 2498717676 0 0 0 0 0 0 1005971121 19282503 4167032832 278130688 0 31749887 21067012 9165674 22517052 31804033
1790324337951 0 92196 2 2544665459 2498792378 0 0 0 0 0 0 1006048010 19282804 4167880704 371355648 0 31987043 21221572 9241176 22737390 32070712
1790324338970 0 89369 28 2544753782 2498883600 0 0 0 0 0 0 1006111817 19283049 4167806976 357789696 0 32195077 21361081 9305454 22905616 32338513
1790324339994 0 15325 1818 2544824221 2499026660 0 0 0 0 0 0 1006159595 19283232 4167114752 78917632 5140480 32366636 21470322 9354659 23052805 32618035
1790324341019 0 65447 71 2544938269 2499091949 0 0 0 0 0 0 1006229937 19283495 4166471680 257605632 2695168 32613811 21634056 9425001 23236739 32832476
1790324342046 0 77584 8249 2545041548 2499174978 0 0 0 0 0 0 1006303886 19283797 4166053888 364126208 5255168 32854699 21797659 9499461 23354051 33001901
1790324343065 0 59395 0 2545123704 2499283434 0 0 0 0 0 0 1006362800 19283995 4166447104 241180672 2785280 33037858 21923057 9557930 23420501 33159054
1790324344084 0 60144 18 2545214658 2499373574 0 0 0 0 0 0 1006427684 19284246 4166713344 239861760 0 33254285 22063338 9621602 23575001 33434430
1790324345107 0 31468 6716 2545302992 2499484093 0 0 0 0 0 0 1006488177 19284497 4166983680 128643072 45285376 33465089 22205862 9683752 23792726 33784713
1790324346126 0 55654 0 2545398100 2499561627 0 0 0 0 0 0 1006565136 19284741 4167315456 223834112 0 33702826 22360023 9758678 23967062 33968479
1790324347146 0 89200 0 2545493080 2499623068 0 0 0 0 0 0 1006629342 19285002 4167585792 360992768 0 33908870 22503421 9823397 24157167 34196753
1790324348166 0 106367 0 2545588126 2499700893 0 0 0 0 0 0 1006694036 19285242 4166987776 429613056 0 34122646 22641268 9887340 24332930 34477464
1790324349190 0 91135 3942 2545681050 2499804976 0 0 0 0 0 0 1006746949 19285466 4165959680 387268608 14598144 34314224 22775001 9942524 24491476 34799689
1790324350209 0 66499 818 2545760750 2499912570 0 0 0 0 0 0 1006798312 19285655 4166180864 282316800 1290240 34491668 22892837 9993888 24683338 35147372
1790324351234 0 69454 0 2545846021 2499995801 0 0 0 0 0 0 1006859587 19285902 4166008832 286142464 7372800 34690912 23026677 10055015 24876384 35457220
1790324352262 0 78439 802 2545934942 2500075165 0 0 0 0 0 0 1006922618 19286140 4165525504 321286144 22749184 34886762 23163666 10118193 25049773 35742721
1790324353283 0 96164 7665 2546036639 2500152256 0 0 0 0 0 0 1006988823 19286377 4164980736 437878784 0 35099251 23311382 10184415 25210033 35919646
1790324354303 0 75373 58 2546114183 2500257957 0 0 0 0 0 0 1007048391 19286615 4165951488 296300544 0 35304969 23438281 10243485 25383586 36281638
1790324355334 0 22815 1657 2546195844 2500390806 0 0 0 0 0 0 1007096699 19286813 4165951488 106008576 15458304 35477450 23557177 10291761 25552052 36690485
1790324356362 0 53651 4745 2546297054 2500457826 0 0 0 0 0 0 1007170095 19287112 4166160384 253677568 0 35715643 23712549 10364696 25728807 36917600
1790324357384 0 79929 657 2546392643 2500531151 0 0 0 0 0 0 1007235893 19287380 4166307840 339152896 3092480 35923943 23856452 10430961 25821064 37059553
1790324358404 0 70596 0 2546474783 2500623408 0 0 0 0 0 0 1007290251 19287583 4166119424 280801280 0 36105740 23976415 10484861 26009580 37383254
1790324359425 0 95956 0 2546565762 2500688946 0 0 0 0 0 0 1007359107 19287868 4167094272 380497920 0 36325813 24120238 10554727 26229342 37661270
1790324360456 0 1542 0 2546625848 2500843480 0 0 0 0 0 0 1007401281 19288050 4167147520 40960 0 36462997 24209939 10594812 26363991 38121843
1790324361479 0 46353 60 2546728041 2500900856 0 0 0 0 0 0 1007475748 19288329 4167819264 184180736 4251648 36708910 24366101 10671323 26573183 38335298
1790324362499 0 63688 6 2546826266 2500981653 0 0 0 0 0 0 1007548256 19288590 4167995392 254631936 0 36924076 24514153 10741645 26755076 38616187
1790324363520 0 85521 33 2546921842 2501055384 0 0 0 0 0 0 1007618831 19288856 4167626752 341913600 0 37160714 24663395 10812505 26952111 38885870
1790324364551 0 86837 0 2547012247 2501144543 0 0 0 0 0 0 1007690874 19289137 4168957952 368689152 8413184 37393925 24814794 10886449 27148110 39194837
1790324365570 0 10286 50 2547078052 2501286900 0 0 0 0 0 0 1007729804 19289292 4167913472 31723520 0 37534282 24906710 10924373 27405953 39662864
1790324366591 0 81376 0 2547197167 2501334947 0 0 0 0 0 0 1007801216 19289608 4166369280 320757760 0 37790920 25077266 10996814 27556518 39796220
1790324367611 0 75604 2863 2547286606 2501427256 0 0 0 0 0 0 1007866435 19289862 4166893568 326094848 8437760 38016598 25216548 11060496 27665584 39972837
1790324368631 0 87402 657 2547371891 2501502945 0 0 0 0 0 0 1007942917 19290162 4168376320 356605952 0 38232057 25361774 11135983 27789274 40243945
1790324369651 0 89276 0 2547462243 2501592036 0 0 0 0 0 0 1008000417 19290376 4167540736 357859328 0 38427862 25494715 11194000 27996814 40602636
1790324370675 0 3608 0 2547519851 2501735370 0 0 0 0 0 0 1008041505 19290532 4166864896 3235840 0 38557354 25582190 11237100 28102759 40837768
1790324371695 0 103363 0 2547641054 2501756892 0 0 0 0 0 0 1008139243 19290881 4167659520 412999680 0 38863772 25773423 11333559 28216098 40887720
1790324372715 0 85481 0 2547722651 2501856221 0 0 0 0 0 0 1008189801 19291098 4167798784 340664320 0 39044981 25892292 11384407 28331764 41108788
1790324373736 0 105946 70 2547812646 2501925888 0 0 0 0 0 0 1008270779 19291398 4167577600 425660416 0 39281046 26050039 11464833 28459979 41266793
1790324374755 0 94510 6018 2547906670 2502025339 0 0 0 0 0 0 1008333957 19291654 4167266304 396144640 29622272 39485505 26194640 11529532 28646143 41578407
1790324375780 0 7193 4234 2547965698 2502173423 0 0 0 0 0 0 1008371924 19291792 4167172096 61153280 4644864 39623274 26283234 11566496 28722789 41830180
1790324376803 0 90155 0 2548075018 2502203856 0 0 0 0 0 0 1008446468 19292107 4166508544 362397696 0 39864633 26440289 11639999 28843933 41965233
1790324377822 0 105729 0 2548148763 2502262225 0 0 0 0 0 0 1008498318 19292340 4167217152 424165376 0 40025955 26552387 11692399 29078583 42346084
1790324378842 0 76108 5923 2548210303 2502347468 0 0 0 0 0 0 1008542239 19292524 4166742016 335470592 12177408 40169885 26650621 11737813 29230581 42755944
1790324379860 0 95722 0 2548283246 2502406611 0 0 0 0 0 0 1008596078 19292750 4166860800 388132864 0 40336780 26760756 11789657 29379022 42997141
1790324380883 0 48628 668 2548339713 2502509591 0 0 0 0 0 0 1008627479 19292895 4166619136 205508608 5058560 40468479 26840777 11822544 29542216 43394360
1790324381903 0 44746 0 2548401919 2502576349 0 0 0 0 0 0 1008677769 19293086 4167483392 173035520 0 40617514 26936934 11872356 29614921 43525507
1790324382927 0 69630 66 2548480047 2502629610 0 0 0 0 0 0 1008738319 19293323 4167204864 276856832 0 40807256 27064125 11931415 29710738 43724081
1790324383947 0 75627 2774 2548572984 2502713831 0 0 0 0 0 0 1008805158 19293613 4166565888 334696448 0 41022322 27211386 11999727 29798445 43846829
1790324384967 0 93767 0 2548663937 2502789344 0 0 0 0 0 0 1008874479 19293882 4167073792 373600256 0 41235925 27350703 12069597 30020182 44153229
1790324385986 0 6686 0 2548722140 2502934518 0 0 0 0 0 0 1008913514 19294070 4167118848 14839808 0 41364860 27433335 12108248 30098489 44315020
1790324387006 0 32 0 2548768883 2502988018 0 0 0 0 0 0 1008977245 19294383 4193312768 131072 0 41493431 27530418 12170265 30143272 44377166
1790324388026 0 33 0 2548768884 2502988018 0 0 0 0 0 0 1009140961 19295212 4193009664 131072 0 41668809 27694637 12334410 30235095 44527127
1790324389046 0 33 0 2548768884 2502988018 0 0 0 0 0 0 1009348916 19296043 4197486592 131072 0 41965525 27901784 12542670 30401299 44590252
1790324390066 0 33 0 2548768884 2502988018 0 0 0 0 0 0 1009519201 19296726 4198776832 131072 0 42467900 28071051 12712232 30564765 44620469
1790324391086 0 28 0 2548768885 2502988018 0 0 0 0 0 0 1009575928 19297168 1470676992 45056 0 42545348 28130293 12771503 30632120 44652293
