1790326914004 0 52 0 2726110670 2680309871 0 0 0 0 0 0 1125542207 19612940 - - - - - - - -
1790326915872 0 112760 6306 2726512173 2680592360 0 0 0 0 0 0 1125542227 19613032 1608773632 592109568 16777216 0 0 20 0 103568
1790326916983 0 152614 2438 2726693346 2680737547 0 0 0 0 0 0 1125542227 19613035 2355425280 618217472 8388608 0 0 20 0 231921
1790326918004 0 151543 2048 2726870278 2680915906 0 0 0 0 0 0 1125542227 19613035 3074818048 608890880 8388608 0 0 20 0 510913
1790326919023 0 148262 2756 2727051770 2681100410 0 0 0 0 0 0 1125542227 19613035 3825623040 612585472 9097216 0 0 20 0 824336
1790326920042 0 123778 2102 2727233507 2681306956 0 0 0 0 0 0 1125543240 19613036 4159987712 512798720 8241152 172800 100659 1033 43213 902639
1790326921066 0 81893 11 2727390529 2681507782 0 0 0 0 0 0 1125551359 19613048 4158877696 321150976 8757248 406507 264709 9152 127782 1022402
1790326922086 0 73481 1847 2727538579 2681662398 0 0 0 0 0 0 1125558491 19613056 4157997056 299466752 8388608 599706 419528 16284 192365 1139761
1790326923117 0 99713 1935 2727710148 2681807573 0 0 0 0 0 0 1125573130 19613077 4157513728 424054784 8388608 827620 605895 30485 327349 1291137
1790326924143 0 92177 0 2727862581 2681969685 0 0 0 0 0 0 1125586919 19613108 4157288448 364744704 0 1041117 771256 44198 428520 1477562
1790326925167 0 105665 15653 2727995206 2682073107 0 0 0 0 0 0 1125604408 19613274 4157566976 503209984 62386176 1267099 923322 61690 537179 1581277
1790326926189 0 142938 0 2728122433 2682178750 0 0 0 0 0 0 1125625950 19613436 4158320640 575291392 0 1455752 1068632 82247 619137 1714099
1790326927213 0 73292 8176 2728224728 2682342449 0 0 0 0 0 0 1125641405 19613543 4158959616 334520320 8679424 1613332 1189380 99200 745824 2060136
1790326928232 0 130265 0 2728371921 2682440894 0 0 0 0 0 0 1125674733 19613699 4160892928 519847936 0 1835628 1365619 132029 860327 2223492
1790326929254 0 102137 73 2728484028 2682581092 0 0 0 0 0 0 1125696850 19613803 4161945600 404144128 9027584 2001116 1499706 154642 994483 2488673
1790326930279 0 115455 181 2728608943 2682692421 0 0 0 0 0 0 1125734441 19613950 4164182016 484622336 6152192 2207152 1664008 191579 1125297 2666782
1790326931298 0 147501 69 2728736231 2682788023 0 0 0 0 0 0 1125768025 19614125 4165718016 593412096 0 2409233 1821493 225014 1319653 2795629
1790326932321 0 31504 12130 2728816214 2682972110 0 0 0 0 0 0 1125785207 19614230 4166197248 133537792 57024512 2537856 1921291 243000 1439362 3137588
1790326933345 0 102279 21620 2728975611 2683051033 0 0 0 0 0 0 1125834038 19614470 4168278016 492183552 23072768 2812936 2128862 291833 1602860 3284682
1790326934368 0 124992 23030 2729104586 2683155817 0 0 0 0 0 0 1125869499 19614632 4168826880 511963136 94330880 3028992 2292713 327292 1704677 3389307
1790326935393 0 123992 5256 2729237006 2683307019 0 0 0 0 0 0 1125905382 19614801 4169240576 543891456 11722752 3256739 2460202 363287 1834159 3529372
1790326936419 0 109620 19462 2729367995 2683438166 0 0 0 0 0 0 1125943510 19614971 4169781248 448999424 79716352 3482258 2629171 401303 1911910 3609034
1790326937444 0 94973 7491 2729498525 2683595314 0 0 0 0 0 0 1125991378 19615183 4170072064 416886784 16777216 3718919 2806312 449027 1993498 3708136
1790326938465 0 144998 0 2729647509 2683701791 0 0 0 0 0 0 1126038586 19615351 4169601024 578756608 0 3970080 2998634 495752 2113410 3790835
1790326939485 0 144919 6 2729776478 2683830774 0 0 0 0 0 0 1126079757 19615511 4169080832 582434816 0 4194515 3168982 536425 2256485 3947037
1790326940509 0 55112 0 2729880298 2684024351 0 0 0 0 0 0 1126107548 19615617 4168126464 212779008 0 4370163 3299968 564176 2358887 4148619
1790326941530 0 119483 61 2730009099 2684088883 0 0 0 0 0 0 1126156210 19615779 4168380416 476164096 0 4621429 3476812 612635 2532527 4370942
1790326942563 0 75678 29432 2730111298 2684205441 0 0 0 0 0 0 1126199862 19615915 4169216000 309665792 120553472 4817634 3626297 657358 2688020 4634136
1790326943586 0 125388 0 2730244905 2684318702 0 0 0 0 0 0 1126240901 19616056 4168941568 500883456 0 5016902 3781165 697992 2775272 4748512
1790326944610 0 79188 9959 2730346078 2684456161 0 0 0 0 0 0 1126273830 19616154 4168167424 368308224 28545024 5158207 3891634 730968 2879786 5094512
1790326945629 0 70477 3309 2730453371 2684578696 0 0 0 0 0 0 1126301989 19616262 4166746112 297271296 21381120 5306382 3995855 759625 2951373 5268188
1790326946650 0 82333 3087 2730562345 2684676191 0 0 0 0 0 0 1126329730 19616352 4165644288 337346560 24145920 5449555 4101172 787400 3055631 5579769
1790326947674 0 36755 737 2730644093 2684805842 0 0 0 0 0 0 1126354381 19616431 4164780032 164323328 9277440 5569780 4184349 811517 3155152 6087228
1790326948699 0 59795 58 2730760288 2684899607 0 0 0 0 0 0 1126396404 19616570 4164812800 229888000 0 5734874 4301556 853105 3280902 6455516
1790326949727 0 98268 0 2730883772 2684984720 0 0 0 0 0 0 1126424676 19616667 4162838528 387080192 0 5904163 4419384 881833 3338194 6608806
1790326950761 0 100195 0 2730994308 2685093210 0 0 0 0 0 0 1126455968 19616761 4161441792 400990208 8220672 6077872 4533390 912595 3471949 7000986
1790326951785 0 120112 0 2731108424 2685187474 0 0 0 0 0 0 1126494413 19616863 4159934464 482013184 0 6257576 4662225 950018 3620104 7371023
1790326952804 0 12360 0 2731173274 2685360181 0 0 0 0 0 0 1126517717 19616923 4159651840 35958784 0 6376688 4733992 974121 3696138 7751612
1790326953826 0 95644 39 2731328371 2685431806 0 0 0 0 0 0 1126565718 19617072 4158656512 374771712 0 6608697 4898334 1023369 3748890 7841903
1790326954847 0 82419 44 2731426759 2685543478 0 0 0 0 0 0 1126596059 19617163 4158074880 328667136 0 6776137 5007320 1052181 3839347 8113025
1790326955870 0 58488 0 2731517417 2685658169 0 0 0 0 0 0 1126633934 19617255 4157988864 227119104 0 6927086 5120466 1090051 3978138 8518137
1790326956890 0 65125 0 2731634739 2685768762 0 0 0 0 0 0 1126665243 19617346 4156461056 253734912 0 7116389 5251399 1122386 4074658 8708375
1790326957916 0 13461 7731 2731737282 2685915892 0 0 0 0 0 0 1126697588 19617440 4155858944 96989184 4890624 7274925 5368315 1155237 4208419 9112035
1790326958938 0 61936 6524 2731870436 2686001262 0 0 0 0 0 0 1126745295 19617571 4154888192 295657472 0 7490840 5523676 1202909 4368107 9412722
1790326959959 0 78192 10212 2731983984 2686094867 0 0 0 0 0 0 1126782926 19617683 4153917440 372707328 6815744 7660340 5652207 1240063 4544132 9780136
1790326960982 0 53276 0 2732077943 2686223796 0 0 0 0 0 0 1126810680 19617820 4153372672 208191488 0 7792620 5753731 1266734 4723434 10206733
1790326962005 0 71688 0 2732206871 2686334389 0 0 0 0 0 0 1126841019 19617961 4151824384 281141248 0 7984482 5893031 1296629 4818761 10389573
1790326963030 0 71523 9884 2732326029 2686443971 0 0 0 0 0 0 1126876792 19618105 4151152640 325693440 17051648 8169149 6034243 1334441 5007893 10727215
1790326964053 0 50503 2148 2732421608 2686568260 0 0 0 0 0 0 1126901985 19618216 4150571008 239017984 4276224 8314582 6139029 1359123 5095897 10930552
1790326965079 0 59073 1580 2732535698 2686674323 0 0 0 0 0 0 1126939964 19618338 4150812672 241963008 18472960 8486415 6273193 1397613 5170356 11126102
1790326966101 0 96860 50 2732663524 2686765927 0 0 0 0 0 0 1126981556 19618474 4151259136 404512768 5386240 8678997 6423182 1439205 5322132 11451581
1790326967121 0 98182 26 2732774475 2686875501 0 0 0 0 0 0 1127028042 19618616 4151934976 385437696 0 8855952 6560805 1485363 5414618 11651904
1790326968141 0 110804 6 2732887436 2686975854 0 0 0 0 0 0 1127062595 19618726 4152176640 443490304 0 9036088 6695464 1518734 5503137 11862366
1790326969165 0 2576 17 2732950215 2687146834 0 0 0 0 0 0 1127073433 19618775 4151533568 13164544 4218880 9122518 6762862 1530059 5618589 12401617
1790326970184 0 91844 25090 2733107908 2687190238 0 0 0 0 0 0 1127122226 19618937 4152532992 376193024 109318144 9380900 6953615 1579875 5730073 12557146
1790326971207 0 91825 3221 2733203953 2687308160 0 0 0 0 0 0 1127151146 19619036 4152356864 390803456 2940928 9524899 7067169 1608284 5853983 13026451
1790326972227 0 87172 40 2733308237 2687420304 0 0 0 0 0 0 1127181098 19619154 4152647680 346664960 0 9674656 7189492 1638150 5968296 13299590
1790326973246 0 126463 0 2733434569 2687507312 0 0 0 0 0 0 1127229855 19619306 4153200640 507596800 0 9880187 7355438 1686492 6135622 13602827
1790326974266 0 33423 0 2733509609 2687675418 0 0 0 0 0 0 1127249494 19619371 4153487360 123486208 0 9999204 7445121 1706502 6208343 13849094
1790326975285 0 79937 1230 2733641110 2687759179 0 0 0 0 0 0 1127287347 19619500 4153917440 339537920 5570560 10203349 7605082 1745022 6327960 14116819
1790326976316 0 67474 31 2733745405 2687877150 0 0 0 0 0 0 1127322650 19619617 4153954304 283017216 11440128 10369028 7730592 1778399 6406142 14405304
1790326977342 0 64746 14 2733862452 2687996897 0 0 0 0 0 0 1127357106 19619745 4154245120 256851968 0 10545762 7871922 1812285 6495699 14607691
1790326978363 0 63795 3504 2733974028 2688105923 0 0 0 0 0 0 1127400306 19619867 4155424768 275308544 10784768 10745326 8023294 1857966 6618674 14912520
1790326979383 0 108554 0 2734096909 2688187551 0 0 0 0 0 0 1127452541 19620027 4157194240 431890432 0 10946086 8183168 1909193 6713240 15124073
1790326980406 0 87046 6708 2734206205 2688311980 0 0 0 0 0 0 1127480753 19620140 4157476864 356577280 38617088 11112649 8308544 1938460 6815752 15473536
1790326981425 0 99427 0 2734329366 2688429242 0 0 0 0 0 0 1127511615 19620250 4157292544 392044544 0 11283343 8441065 1968754 6971740 15818065
1790326982445 0 120768 0 2734452104 2688530597 0 0 0 0 0 0 1127553155 19620375 4158111744 481157120 0 11476640 8583699 2010854 7113480 16159943
1790326983469 0 9720 35770 2734531185 2688684976 0 0 0 0 0 0 1127570621 19620459 4156968960 171757568 26763264 11585171 8669817 2028341 7244638 16396008
1790326984488 0 94648 0 2734662839 2688767370 0 0 0 0 0 0 1127604301 19620578 4156411904 373129216 0 11748974 8807986 2061952 7359723 16537600
1790326985513 0 107994 11035 2734789089 2688869325 0 0 0 0 0 0 1127648889 19620712 4156022784 488071168 8585216 11944560 8954584 2106597 7450645 16714061
1790326986532 0 79919 67 2734880573 2688999821 0 0 0 0 0 0 1127673568 19620799 4156166144 314994688 0 12066256 9046237 2130217 7564815 17192070
1790326987551 0 62011 7300 2735006899 2689136942 0 0 0 0 0 0 1127719273 19620925 4157472768 299855872 0 12260187 9190284 2176408 7641568 17423509
1790326988574 0 78734 2703 2735139390 2689257172 0 0 0 0 0 0 1127745962 19621038 4156076032 333557760 17588224 12442159 9321722 2203611 7776314 17786646
1790326989601 0 77483 1447 2735258551 2689378899 0 0 0 0 0 0 1127782893 19621148 4155396096 344420352 3248128 12620883 9452969 2240542 7891808 17978500
1790326990622 0 125510 3139 2735411156 2689481850 0 0 0 0 0 0 1127826536 19621301 4154568704 513994752 34131968 12842869 9620694 2284184 8056556 18232883
1790326991646 0 99971 0 2735487181 2689586360 0 0 0 0 0 0 1127844950 19621366 4154220544 399409152 0 12946090 9698120 2302660 8125514 18484763
1790326992667 0 68033 0 2735554487 2689685707 0 0 0 0 0 0 1127873221 19621447 4155080704 278659072 11255808 13066528 9782932 2330358 8258006 18991834
1790326993689 0 108345 0 2735692053 2689782989 0 0 0 0 0 0 1127912425 19621583 4153794560 439750656 0 13268389 9932271 2367302 8416123 19276351
1790326994714 0 23693 1946 2735790787 2689964430 0 0 0 0 0 0 1127943168 19621699 4154183680 124174336 5640192 13411948 10045914 2400158 8545071 19691916
1790326995750 0 113730 17149 2735957787 2690026204 0 0 0 0 0 0 1127993343 19621890 4153450496 566902784 3022848 13654504 10231033 2450481 8691113 19790521
1790326996771 0 88077 16410 2736075361 2690170183 0 0 0 0 0 0 1128019525 19621989 4152115200 360693760 85524480 13820139 10352221 2477174 8847662 20165797
1790326997794 0 103184 945 2736199452 2690294610 0 0 0 0 0 0 1128050308 19622094 4150067200 434577408 5488640 13978085 10477536 2507957 8985151 20544221
1790326998814 0 141949 0 2736332607 2690389922 0 0 0 0 0 0 1128095701 19622260 4149985280 565145600 0 14168813 10626773 2552626 9122097 20798225
1790326999834 0 8698 0 2736411770 2690602265 0 0 0 0 0 0 1128129344 19622377 4150005760 21147648 0 14293486 10723080 2586497 9194671 21036435
1790327000854 0 148719 0 2736568224 2690618650 0 0 0 0 0 0 1128176547 19622535 4150222848 601939968 0 14529100 10905854 2633682 9334273 21166040
1790327001881 0 96568 8362 2736662399 2690756717 0 0 0 0 0 0 1128209920 19622655 4150349824 432779264 21086208 14679250 11013428 2667568 9473399 21627562
1790327002905 0 109159 0 2736775372 2690865437 0 0 0 0 0 0 1128240740 19622826 4150239232 436830208 0 14834593 11137478 2697415 9650077 21980691
1790327003924 0 93752 5402 2736894055 2690994145 0 0 0 0 0 0 1128273695 19622992 4150001664 383885312 43724800 15021486 11279482 2731343 9836333 22307026
1790327004959 0 110381 5955 2737021389 2691104303 0 0 0 0 0 0 1128320416 19623190 4150591488 450314240 63111168 15217740 11431526 2778090 9954740 22556290
1790327005977 0 81244 0 2737125778 2691243705 0 0 0 0 0 0 1128352304 19623347 4150312960 318148608 0 15358308 11544844 2809453 10067351 22791765
1790327006996 0 48911 1690 2737246983 2691395738 0 0 0 0 0 0 1128381138 19623508 4149551104 200249344 22577152 15532007 11679808 2838787 10165103 22995286
1790327008020 0 87807 2482 2737378441 2691487308 0 0 0 0 0 0 1128423275 19623691 4149985280 367124480 0 15727077 11832333 2878373 10271746 23159475
1790327009042 0 130854 0 2737505224 2691573477 0 0 0 0 0 0 1128474080 19623883 4151521280 524177408 0 15915496 11989375 2930251 10352841 23352698
1790327010063 0 69485 0 2737612801 2691742438 0 0 0 0 0 0 1128504975 19624014 4151304192 273854464 0 16069627 12112401 2962113 10421620 23549013
1790327011085 0 88546 0 2737753966 2691864660 0 0 0 0 0 0 1128541960 19624193 4151042048 351080448 0 16288042 12268938 2998592 10599095 23819494
1790327012115 0 77656 2555 2737876731 2691995852 0 0 0 0 0 0 1128577452 19624371 4150886400 341299200 15687680 16462255 12410611 3035100 10674884 24007179
1790327013144 0 94474 1624 2738006667 2692109784 0 0 0 0 0 0 1128610880 19624541 4149321728 386965504 39714816 16636777 12553560 3068529 10777249 24269846
1790327014167 0 124005 0 2738144775 2692219991 0 0 0 0 0 0 1128645295 19624693 4148563968 497733632 0 16815690 12705395 3102446 10849977 24428902
1790327015191 0 66664 30078 2738248475 2692350918 0 0 0 0 0 0 1128684287 19624857 4149612544 399867904 8568832 16981437 12838371 3141999 10930693 24655677
1790327016210 0 70568 1 2738369028 2692497645 0 0 0 0 0 0 1128718811 19625033 4150464512 276029440 0 17154355 12975503 3175942 11002376 24866446
1790327017230 0 148174 0 2738520326 2692571345 0 0 0 0 0 0 1128763483 19625249 4150960128 596398080 0 17381305 13154172 3220667 11140140 25026335
1790327018249 0 85479 0 2738612236 2692725970 0 0 0 0 0 0 1128791251 19625379 4151332864 339832832 0 17513245 13259681 3247909 11196601 25201510
1790327019273 0 65528 0 2738731560 2692865194 0 0 0 0 0 0 1128821606 19625513 4150665216 256479232 0 17672791 13385648 3277722 11294360 25459446
1790327020295 0 85304 20780 2738877233 2692970407 0 0 0 0 0 0 1128862723 19625705 4150284288 349396992 116695040 17875809 13545339 3320371 11460642 25766898
1790327021320 0 14532 9 2738982275 2693166861 0 0 0 0 0 0 1128889433 19625831 4150513664 42266624 0 18019543 13650791 3347092 11602203 26087486
1790327022340 0 120911 0 2739153136 2693231430 0 0 0 0 0 0 1128941306 19626053 4150534144 482848768 0 18267111 13841473 3397941 11759504 26224263
1790327023365 0 77784 45 2739275904 2693397306 0 0 0 0 0 0 1128984229 19626242 4150665216 303960064 0 18446879 13983101 3440857 11917573 26585475
1790327024391 0 98192 0 2739405849 2693506870 0 0 0 0 0 0 1129028232 19626403 4150710272 393748480 0 18640817 14130060 3483954 12045594 26914217
1790327025411 0 87430 0 2739520115 2693631817 0 0 0 0 0 0 1129069404 19626580 4151730176 344887296 0 18830853 14266105 3526081 12110798 27046721
1790327026434 0 66208 2336 2739630239 2693760944 0 0 0 0 0 0 1129102367 19626742 4151652352 271093760 28594176 19007809 14395225 3559505 12188353 27315590
1790327027453 0 82328 1 2739753092 2693869987 0 0 0 0 0 0 1129147032 19626918 4152127488 330964992 0 19206039 14540605 3602657 12351097 27550225
1790327028472 0 81354 0 2739874989 2693992897 0 0 0 0 0 0 1129183483 19627070 4152258560 315748352 0 19389778 14680411 3641175 12493548 27875984
1790327029492 0 94995 46 2739998299 2694102410 0 0 0 0 0 0 1129224602 19627256 4151312384 380555264 0 19565110 14815935 3680232 12560578 28023924
1790327030511 0 117347 25056 2740149094 2694206012 0 0 0 0 0 0 1129267794 19627438 4151201792 555061248 48467968 19788353 14985420 3725403 12691501 28224610
1790327031530 0 82343 0 2740237422 2694354405 0 0 0 0 0 0 1129292899 19627537 4150886400 324648960 0 19914246 15081787 3749547 12843643 28706165
1790327032549 0 88394 0 2740364408 2694475244 0 0 0 0 0 0 1129340693 19627720 4151762944 348598272 0 20106011 15230458 3797838 13001331 29015262
1790327033573 0 73364 21883 2740493399 2694597291 0 0 0 0 0 0 1129385388 19627898 4151861248 414453760 2629632 20298465 15382789 3843037 13102775 29170528
1790327034593 0 97364 33 2740607956 2694709690 0 0 0 0 0 0 1129429525 19628067 4151959552 386080768 0 20472537 15514928 3887183 13224898 29418413
1790327035612 0 92231 4357 2740738256 2694840856 0 0 0 0 0 0 1129463959 19628228 4151259136 421212160 0 20652812 15656447 3921607 13320117 29635471
1790327036631 0 73988 511 2740860460 2694985201 0 0 0 0 0 0 1129502440 19628393 4151197696 292835328 0 20825304 15793756 3959622 13461110 29980635
1790327037650 0 84798 0 2740996189 2695110583 0 0 0 0 0 0 1129539412 19628559 4150517760 335114240 0 21018945 15942466 3997112 13544292 30179381
1790327038670 0 142170 0 2741152814 2695209883 0 0 0 0 0 0 1129581056 19628741 4150394880 569720832 0 21235529 16116132 4038200 13738589 30409881
1790327039689 0 77833 0 2741264683 2695386041 0 0 0 0 0 0 1129614373 19628883 4150153216 310542336 0 21398774 16246134 4070558 13816450 30634554
1790327040709 0 128666 0 2741411699 2695482264 0 0 0 0 0 0 1129664203 19629081 4150566912 514351104 0 21609854 16417275 4121387 13965858 30855310
1790327041732 0 102878 12556 2741540550 2695624400 0 0 0 0 0 0 1129702793 19629288 4150353920 494817280 20271104 21801125 16566455 4159971 14061918 31053515
1790327042773 0 47782 0 2741639798 2695791202 0 0 0 0 0 0 1129738559 19629440 4151349248 184557568 0 21949414 16683838 4194910 14215791 31505184
1790327043792 0 52852 0 2741766674 2695913058 0 0 0 0 0 0 1129765060 19629598 4150386688 205987840 0 22126448 16821586 4222714 14391621 31849421
1790327044812 0 125714 1419 2741927891 2696000374 0 0 0 0 0 0 1129812373 19629827 4149641216 532267008 5046272 22358585 17005202 4269509 14602067 32067844
1790327045831 0 65321 0 2742008520 2696142439 0 0 0 0 0 0 1129839401 19629948 4149768192 260009984 0 22468965 17098106 4294191 14724046 32351179
1790327046851 0 75974 0 2742128736 2696252008 0 0 0 0 0 0 1129878155 19630131 4149809152 296476672 0 22636282 17235738 4335313 14850265 32599621
1790327047870 0 26763 0 2742235655 2696408103 0 0 0 0 0 0 1129910537 19630295 4149325824 99074048 0 22791964 17355752 4366690 15031766 32992332
1790327048890 0 64118 0 2742387684 2696522792 0 0 0 0 0 0 1129952964 19630472 4150444032 254316544 0 23022135 17531551 4408652 15125898 33176513
1790327049919 0 56930 12 2742521744 2696664134 0 0 0 0 0 0 1129988967 19630659 4149657600 239374336 2105344 23208722 17678956 4446345 15309412 33480461
1790327050941 0 145372 0 2742671595 2696725579 0 0 0 0 0 0 1130042375 19630884 4149633024 584888320 0 23425323 17854163 4498722 15436978 33655983
1790327051964 0 65464 713 2742765673 2696898771 0 0 0 0 0 0 1130066240 19631017 4149399552 292667392 2768896 23552316 17956151 4523377 15558410 33916468
1790327052993 0 12905 0 2742878230 2697064538 0 0 0 0 0 0 1130096537 19631148 4149583872 38494208 0 23709456 18074450 4553684 15647283 34179793
1790327054017 0 100328 11 2743042450 2697141360 0 0 0 0 0 0 1130138196 19631348 4149608448 396988416 0 23938909 18250676 4595852 15717535 34254898
1790327055042 0 76816 1971 2743165335 2697285926 0 0 0 0 0 0 1130173159 19631506 4149182464 325836800 16805888 24110084 18385388 4630808 15866252 34530241
1790327056061 0 70408 55 2743288056 2697416736 0 0 0 0 0 0 1130206521 19631651 4148281344 272228352 0 24272068 18511254 4663686 16003766 34846672
1790327057080 0 117934 0 2743433843 2697515104 0 0 0 0 0 0 1130254848 19631880 4148817920 473174016 0 24497988 18680174 4710971 16117948 35026669
1790327058100 0 28119 45 2743527459 2697698600 0 0 0 0 0 0 1130284086 19632012 4149002240 123600896 3936256 24644559 18787707 4741800 16238050 35363444
1790327059119 0 80813 0 2743676484 2697794843 0 0 0 0 0 0 1130327281 19632226 4148207616 318676992 0 24859283 18950300 4784458 16384105 35573567
1790327060139 0 105305 0 2743808415 2697902364 0 0 0 0 0 0 1130362793 19632402 4147425280 416362496 0 25052242 19090731 4820451 16540792 35895849
1790327061163 0 99538 0 2743927556 2698027292 0 0 0 0 0 0 1130400329 19632590 4147208192 397271040 0 25227645 19228714 4856450 16709710 36250303
1790327062184 0 87594 31 2744048800 2698160413 0 0 0 0 0 0 1130434236 19632761 4146245632 344895488 0 25398526 19356656 4891390 16853927 36629625
1790327063207 0 20441 1102 2744150508 2698328306 0 0 0 0 0 0 1130463053 19632914 4145598464 91738112 7544832 25549025 19470394 4920700 16931345 36785101
1790327064227 0 109929 0 2744311376 2698400653 0 0 0 0 0 0 1130515403 19633133 4145995776 439889920 0 25789282 19654196 4972057 17090723 36982747
1790327065247 0 93888 0 2744435658 2698540944 0 0 0 0 0 0 1130549806 19633285 4145455104 369426432 0 25965409 19792930 5007471 17188622 37163656
1790327066266 0 99269 71 2744570053 2698669935 0 0 0 0 0 0 1130597561 19633482 4146159616 403316736 12419072 26174835 19956826 5054697 17391522 37454069
1790327067286 0 134652 0 2744701548 2698766225 0 0 0 0 0 0 1130642678 19633716 4146835456 536961024 0 26373398 20110906 5099438 17468256 37591447
1790327068310 0 3156 433 2744782309 2698978095 0 0 0 0 0 0 1130664912 19633813 4146827264 28119040 3067904 26503504 20206907 5122559 17539463 37843984
1790327069334 0 113089 1606 2744952877 2699037473 0 0 0 0 0 0 1130712189 19634024 4145627136 462876672 20385792 26746948 20395992 5169836 17628641 37938607
1790327070357 0 61328 0 2745061292 2699199190 0 0 0 0 0 0 1130750193 19634203 4145479680 242827264 0 26901900 20519651 5206464 17731300 38200940
1790327071376 0 92484 1241 2745206035 2699311679 0 0 0 0 0 0 1130786717 19634412 4144304128 392355840 5025792 27105613 20678080 5244365 18003814 38481842
1790327072395 0 132991 0 2745342868 2699409145 0 0 0 0 0 0 1130830821 19634624 4145012736 533614592 0 27316044 20836729 5287014 18165809 38780368
1790327073418 0 5713 5324 2745436710 2699624957 0 0 0 0 0 0 1130858576 19634751 4144738304 46604288 30048256 27451888 20945872 5316253 18268639 39023692
1790327074444 0 100379 10287 2745604669 2699693330 0 0 0 0 0 0 1130908937 19634992 4144422912 431628288 27041792 27687802 21137666 5366632 18408579 39166976
1790327075468 0 91946 541 2745725974 2699832675 0 0 0 0 0 0 1130940649 19635166 4144013312 393736192 4337664 27859194 21272410 5397484 18493029 39383729
1790327076489 0 53028 21170 2745843576 2699969097 0 0 0 0 0 0 1130981679 19635346 4145352704 221061120 93839360 28030613 21412699 5439326 18631956 39771302
1790327077508 0 96869 0 2745968749 2700071206 0 0 0 0 0 0 1131016047 19635528 4144865280 384425984 0 28200741 21546548 5472748 18707413 39880143
1790327078528 0 10160 5992 2746076265 2700259318 0 0 0 0 0 0 1131045964 19635685 4145045504 89190400 18210816 28360894 21673578 5503611 18852171 40280558
1790327079551 0 91698 949 2746222672 2700329192 0 0 0 0 0 0 1131085541 19635887 4144467968 379465728 5287936 28555532 21831905 5543066 18931278 40455369
1790327080581 0 77420 736 2746324374 2700445685 0 0 0 0 0 0 1131122533 19636044 4145278976 339935232 2781184 28709108 21955023 5579666 19030245 40746859
1790327081605 0 81402 0 2746452728 2700570594 0 0 0 0 0 0 1131155953 19636220 4144627712 318799872 0 28877286 22092244 5613098 19205795 41101230
1790327082625 0 111368 0 2746582041 2700669889 0 0 0 0 0 0 1131197560 19636431 4145598464 442073088 0 29072619 22243133 5654710 19310768 41286068
1790327083655 0 127443 278 2746686949 2700758531 0 0 0 0 0 0 1131224680 19636592 4145328128 530616320 6496256 29213030 22357820 5681322 19447332 41563512
1790327084674 0 14929 0 2746722368 2700906740 0 0 0 0 0 0 1131239244 19636670 4145975296 48574464 0 29267402 22399693 5696233 19606231 42171613
1790327085694 0 84000 0 2746849868 2700965070 0 0 0 0 0 0 1131280213 19636877 4145795072 331415552 0 29450717 22547291 5737346 19773146 42486878
1790327086714 0 107428 57 2746991115 2701082810 0 0 0 0 0 0 1131320320 19637089 4145303552 424665088 0 29643906 22698351 5777457 19945839 42807966
1790327087737 0 119808 1921 2747126654 2701204147 0 0 0 0 0 0 1131357341 19637287 4145205248 490733568 25976832 29840765 22848669 5814988 20091414 43153717
1790327088760 0 78649 2191 2747230911 2701349649 0 0 0 0 0 0 1131384614 19637444 4144934912 322146304 24920064 29992329 22964525 5842261 20213378 43509273
1790327089781 0 85920 46 2747354271 2701467638 0 0 0 0 0 0 1131418001 19637605 4144697344 351920128 14286848 30162871 23098751 5875137 20389900 43859090
1790327090802 0 122581 0 2747468815 2701545431 0 0 0 0 0 0 1131451361 19637789 4144496640 489656320 0 30316486 23219792 5908551 20488547 44146510
1790327091820 0 133340 1460 2747596160 2701660673 0 0 0 0 0 0 1131491529 19637984 4145131520 546082816 19124224 30506924 23368201 5949176 20626614 44387224
1790327092844 0 69423 570 2747682482 2701811792 0 0 0 0 0 0 1131513637 19638100 4144742400 306200576 1970176 30627963 23460993 5970771 20755706 44908281
1790327093875 0 5416 20161 2747786720 2701960413 0 0 0 0 0 0 1131540684 19638277 4144877568 20058112 99921920 30767497 23574468 5998331 20888249 45331093
1790327094894 0 99756 0 2747929019 2702028477 0 0 0 0 0 0 1131586605 19638486 4145025024 393785344 0 30975269 23733642 6044056 21044313 45587937
1790327095917 0 70991 2322 2748011231 2702137174 0 0 0 0 0 0 1131611601 19638604 4144807936 301785088 9195520 31092885 23827938 6069248 21179465 46064697
1790327096941 0 68068 1 2748102081 2702233232 0 0 0 0 0 0 1131640372 19638747 4144680960 267870208 0 31224505 23928979 6096998 21330489 46413859
1790327097960 0 112486 1 2748244878 2702331528 0 0 0 0 0 0 1131674511 19638933 4144193536 450465792 0 31422972 24080184 6131438 21474474 46663519
1790327098980 0 102853 0 2748366352 2702462658 0 0 0 0 0 0 1131715415 19639145 4144603136 410513408 0 31601724 24221120 6171551 21630488 47021576
1790327100000 0 31245 0 2748432421 2702600282 0 0 0 0 0 0 1131737440 19639227 4144914432 116629504 0 31705794 24301469 6194132 21700204 47245559
1790327101020 0 82697 1439 2748560223 2702675328 0 0 0 0 0 0 1131781227 19639465 4145463296 353845248 2306048 31902820 24457124 6238366 21837463 47491668
1790327102039 0 104369 0 2748693824 2702788702 0 0 0 0 0 0 1131821811 19639655 4145926144 417112064 0 32101641 24608928 6278443 22019278 47788647
1790327103059 0 108800 0 2748796554 2702887007 0 0 0 0 0 0 1131852633 19639821 4145909760 435138560 0 32247506 24723673 6309285 22156577 48142499
1790327104078 0 0 44 2748846387 2703045593 0 0 0 0 0 0 1131866028 19639887 4145020928 0 0 32322157 24778188 6323675 22206194 48284768
1790327105097 0 32 0 2748846419 2703045640 0 0 0 0 0 0 1132013083 19640475 4177035264 131072 0 32469159 24914937 6468240 22270154 48379281
1790327106117 0 33 0 2748846420 2703045640 0 0 0 0 0 0 1132190140 19641123 4185841664 131072 0 32682675 25089828 6645281 22337085 48404672
1790327107141 0 33 0 2748846420 2703045640 0 0 0 0 0 0 1132313349 19641631 4195020800 131072 0 33074596 25213302 6770996 22532403 48445101
