1790332187641 0 1 0 3156471882 3110663796 0 0 0 0 0 0 1332357145 20259431 - - - - - - - -
1790332188684 0 133592 75 3156714829 3110773251 0 0 0 0 0 0 1332357145 20259540 957886464 521093120 0 0 0 26 0 2986
1790332189706 0 152549 1975 3156939948 3110977312 0 0 0 0 0 0 1332357171 20259541 1884094464 618946560 8429568 0 0 26 0 127601
1790332190726 0 147815 3877 3157130784 3111171404 0 0 0 0 0 0 1332357171 20259541 2664038400 586346496 25165824 0 0 26 0 242450
1790332191746 0 149987 2064 3157331323 3111371157 0 0 0 0 0 0 1332357171 20259541 3487182848 607576064 8617984 0 0 26 0 464293
1790332192765 0 148042 1652 3157550041 3111592086 0 0 0 0 0 0 1332357171 20259543 4160634880 607485952 8388608 104038 53920 26 38072 577705
1790332193784 0 109366 2249 3157716509 3111796822 0 0 0 0 0 0 1332362189 20259551 4158992384 452857856 12533760 355554 226842 5104 116473 678459
1790332194804 0 119677 749 3157857794 3111929210 0 0 0 0 0 0 1332368850 20259558 4158099456 482127872 12775424 541887 373229 11705 226632 821454
1790332195824 0 98093 0 3157978047 3112071820 0 0 0 0 0 0 1332380992 20259575 4158013440 387264512 0 700404 504977 23906 295373 936454
1790332196843 0 147734 0 3158164862 3112209036 0 0 0 0 0 0 1332395254 20259594 4157292544 588562432 0 946982 705229 38111 366601 993651
1790332197863 0 148237 0 3158304691 3112348300 0 0 0 0 0 0 1332411100 20259721 4157333504 592601088 0 1177319 860424 53477 514793 1218321
1790332198882 0 114071 0 3158411986 3112489698 0 0 0 0 0 0 1332426540 20259855 4157825024 454508544 0 1346444 983038 68906 651015 1404689
1790332199906 0 79881 3180 3158526964 3112635775 0 0 0 0 0 0 1332448100 20259988 4158812160 343314432 16809984 1526467 1122240 90911 786098 1621875
1790332200925 0 140327 9563 3158686803 3112728912 0 0 0 0 0 0 1332472223 20260146 4159541248 620789760 0 1757908 1304498 115101 838322 1680283
1790332201944 0 138747 0 3158813884 3112866954 0 0 0 0 0 0 1332506112 20260306 4161585152 554901504 0 1956425 1462234 148476 941666 1782353
1790332202964 0 114322 0 3158929692 3113007242 0 0 0 0 0 0 1332534911 20260431 4163219456 454578176 0 2133473 1606573 177748 1001811 1834031
1790332203984 0 101908 0 3159056632 3113146593 0 0 0 0 0 0 1332570320 20260589 4164898816 403443712 0 2339399 1767516 212671 1122957 2003630
1790332205008 0 81365 13634 3159180925 3113277841 0 0 0 0 0 0 1332600688 20260765 4166135808 355401728 40349696 2544411 1925415 243522 1227268 2160366
1790332206030 0 133582 0 3159329909 3113388237 0 0 0 0 0 0 1332646913 20260992 4168069120 531623936 0 2795257 2115926 289785 1383188 2335309
1790332207049 0 132665 59 3159466220 3113525490 0 0 0 0 0 0 1332684408 20261162 4168835072 532017152 0 3025314 2289642 326783 1541383 2533699
1790332208069 0 127746 0 3159597597 3113661683 0 0 0 0 0 0 1332719880 20261329 4169379840 512659456 0 3250916 2455565 361754 1702780 2661023
1790332209089 0 136772 0 3159741845 3113796935 0 0 0 0 0 0 1332759974 20261509 4169531392 544145408 0 3497027 2638592 402340 1869638 2742498
1790332210108 0 138239 0 3159878461 3113932103 0 0 0 0 0 0 1332813386 20261706 4169814016 555728896 0 3749510 2828471 454677 1996945 2886907
1790332211128 0 95298 0 3159996595 3114093246 0 0 0 0 0 0 1332850268 20261842 4170002432 378941440 0 3950319 2982951 491650 2078722 3006917
1790332212150 0 97118 22 3160133653 3114228421 0 0 0 0 0 0 1332892976 20262004 4168953856 402771968 20086784 4188816 3165490 535295 2195478 3103030
1790332213171 0 98640 73 3160270348 3114363579 0 0 0 0 0 0 1332929954 20262147 4167888896 395595776 0 4419391 3336205 570736 2326441 3227010
1790332214195 0 88255 12321 3160395150 3114486616 0 0 0 0 0 0 1332981254 20262306 4168593408 411623424 16777216 4668536 3515347 623573 2500778 3398262
1790332215213 0 130718 19821 3160529157 3114570533 0 0 0 0 0 0 1333035661 20262476 4169072640 535363584 81240064 4909741 3698666 678492 2666099 3593705
1790332216236 0 46630 1723 3160616469 3114760051 0 0 0 0 0 0 1333059287 20262565 4168785920 207130624 2379776 5036308 3796598 701095 2795029 4019583
1790332217255 0 62923 8928 3160751101 3114871165 0 0 0 0 0 0 1333098796 20262697 4166856704 297869312 18685952 5224241 3937968 741151 2908674 4254354
1790332218278 0 72422 9068 3160871331 3114981677 0 0 0 0 0 0 1333133161 20262808 4166168576 297136128 56168448 5382395 4051267 775999 2988911 4553212
1790332219305 0 64246 2512 3160975172 3115100349 0 0 0 0 0 0 1333161907 20262900 4165206016 275410944 26419200 5530801 4155464 804227 3108629 4941877
1790332220348 0 79657 2847 3161084068 3115193430 0 0 0 0 0 0 1333197345 20263023 4164710400 324182016 23416832 5677604 4262655 840176 3218537 5381659
1790332221369 0 20069 4091 3161173494 3115341221 0 0 0 0 0 0 1333220931 20263104 4164190208 109658112 0 5796028 4346266 863801 3344189 5786765
1790332222387 0 94271 8812 3161326547 3115415409 0 0 0 0 0 0 1333262473 20263230 4162048000 386396160 49381376 6034502 4505997 905308 3454001 5953801
1790332223405 0 98266 11315 3161432918 3115515275 0 0 0 0 0 0 1333294266 20263326 4160270336 415670272 47300608 6197748 4619080 937097 3525433 6208836
1790332224424 0 68841 20 3161521318 3115644351 0 0 0 0 0 0 1333325019 20263402 4159537152 272031744 0 6348794 4716633 966855 3634386 6615449
1790332225443 0 90264 0 3161643081 3115744698 0 0 0 0 0 0 1333369641 20263525 4159209472 359280640 0 6543657 4851750 1011474 3737664 6903000
1790332226462 0 27739 0 3161726337 3115890457 0 0 0 0 0 0 1333388657 20263598 4157726720 100319232 0 6663297 4935335 1030987 3846387 7379348
1790332227481 0 88153 0 3161860373 3115964136 0 0 0 0 0 0 1333440492 20263727 4158119936 360865792 12378112 6897892 5098848 1083323 3931066 7541403
1790332228502 0 79164 3683 3161968186 3116077232 0 0 0 0 0 0 1333474289 20263820 4156903424 323137536 24424448 7072273 5223583 1117192 4033506 7835746
1790332229525 0 69221 1444 3162067316 3116188591 0 0 0 0 0 0 1333505145 20263906 4156375040 299606016 7282688 7225641 5334842 1147976 4128720 8205490
1790332230547 0 89238 0 3162184144 3116286750 0 0 0 0 0 0 1333545160 20264021 4155895808 350392320 0 7415047 5470165 1187993 4283558 8541428
1790332231566 0 47320 0 3162281166 3116425718 0 0 0 0 0 0 1333571808 20264089 4154277888 181227520 0 7557014 5574004 1214156 4405841 8999747
1790332232585 0 87412 25477 3162421863 3116500913 0 0 0 0 0 0 1333620151 20264276 4153540608 357793792 122884096 7767302 5737145 1262982 4617708 9235698
1790332233609 0 66489 787 3162518449 3116643150 0 0 0 0 0 0 1333644830 20264390 4152258560 280698880 12169216 7903576 5840958 1287149 4741526 9577455
1790332234634 0 103237 0 3162647321 3116735993 0 0 0 0 0 0 1333679222 20264543 4151140352 408272896 0 8099796 5981600 1321549 4924284 9911409
1790332235668 0 90619 0 3162763786 3116864998 0 0 0 0 0 0 1333711611 20264682 4150845440 362246144 16138240 8283551 6116571 1353930 5122233 10339842
1790332236687 0 72010 0 3162877526 3116997434 0 0 0 0 0 0 1333746457 20264807 4150403072 302964736 2879488 8451968 6245595 1388846 5204923 10582554
1790332237706 0 107980 33318 3162984863 3117035480 0 0 0 0 0 0 1333780426 20264924 4150755328 533848064 56401920 8609699 6371024 1423257 5343849 10972453
1790332238724 0 97123 0 3163068528 3117163324 0 0 0 0 0 0 1333811219 20265021 4151107584 387510272 0 8739694 6470832 1452007 5410274 11277779
1790332239746 0 65166 8712 3163162549 3117280596 0 0 0 0 0 0 1333847125 20265136 4151848960 309043200 0 8892835 6588871 1489367 5479187 11496444
1790332240772 0 99416 4380 3163285808 3117374002 0 0 0 0 0 0 1333881048 20265252 4151853056 406953984 35991552 9089965 6735506 1523878 5555355 11712404
1790332241793 0 68379 0 3163385082 3117508508 0 0 0 0 0 0 1333905174 20265339 4151541760 265490432 0 9231634 6844716 1548023 5718204 12096981
1790332242812 0 67812 0 3163493094 3117617085 0 0 0 0 0 0 1333945222 20265453 4152832000 264704000 0 9417069 6979655 1587046 5842997 12478160
1790332243835 0 68587 0 3163612568 3117735870 0 0 0 0 0 0 1333978136 20265590 4152242176 268795904 0 9587996 7117214 1619943 6001078 12839658
1790332244857 0 109815 2218 3163744028 3117823865 0 0 0 0 0 0 1334021768 20265736 4153081856 449802240 25395200 9796077 7290082 1664600 6134654 13093206
1790332245883 0 94571 17724 3163846234 3117925839 0 0 0 0 0 0 1334057189 20265851 4153622528 398356480 79560704 9967226 7419047 1700020 6293304 13468923
1790332246909 0 18902 521 3163936074 3118108679 0 0 0 0 0 0 1334077737 20265933 4153421824 106442752 5505024 10097022 7520530 1720567 6426544 13917533
1790332247944 0 151811 0 3164108013 3118148017 0 0 0 0 0 0 1334135723 20266120 4154114048 614809600 0 10365286 7727960 1776123 6532614 14008259
1790332248965 0 85775 0 3164186290 3118292404 0 0 0 0 0 0 1334159226 20266210 4154273792 341045248 0 10493424 7824670 1801196 6602432 14245285
1790332249987 0 54985 23798 3164296774 3118410051 0 0 0 0 0 0 1334198392 20266327 4155256832 238923776 97841152 10682947 7970952 1841223 6684410 14532528
1790332251009 0 63484 0 3164405803 3118534124 0 0 0 0 0 0 1334236388 20266449 4155981824 247574528 0 10852563 8104560 1878715 6756896 14707264
1790332252031 0 58877 965 3164525264 3118657554 0 0 0 0 0 0 1334284153 20266597 4157493248 255995904 5607424 11049072 8259889 1926984 6818354 14905503
1790332253052 0 99774 0 3164664102 3118756182 0 0 0 0 0 0 1334317483 20266722 4157411328 390598656 0 11246546 8408960 1960350 6969240 15180612
1790332254076 0 36533 0 3164755456 3118910811 0 0 0 0 0 0 1334351402 20266824 4158087168 139472896 0 11393126 8517903 1992380 7060570 15444726
1790332255098 0 68886 23652 3164892649 3118992071 0 0 0 0 0 0 1334385833 20266958 4157546496 282128384 109092864 11595236 8670542 2028664 7143395 15638396
1790332256117 0 74577 9058 3164992906 3119101112 0 0 0 0 0 0 1334416105 20267059 4157353984 349655040 0 11727199 8780229 2058451 7239141 15691487
1790332257144 0 103417 1091 3165119698 3119207159 0 0 0 0 0 0 1334456150 20267174 4156874752 436039680 5074944 11910044 8922127 2097959 7391619 16012219
1790332258163 0 83146 0 3165225496 3119334200 0 0 0 0 0 0 1334482824 20267276 4156264448 330723328 0 12046782 9027516 2124294 7490816 16241410
1790332259183 0 93893 0 3165353003 3119450931 0 0 0 0 0 0 1334528015 20267400 4157685760 369795072 0 12239390 9170373 2170856 7627631 16579877
1790332260202 0 81530 1182 3165467523 3119576715 0 0 0 0 0 0 1334555166 20267503 4156768256 345726976 7323648 12408385 9288513 2197559 7760642 16975526
1790332261221 0 96781 0 3165586242 3119681333 0 0 0 0 0 0 1334593619 20267612 4156633088 383614976 0 12585503 9420628 2235484 7877238 17330674
1790332262245 0 31419 30374 3165703755 3119833925 0 0 0 0 0 0 1334622441 20267717 4155662336 259133440 11890688 12762509 9544835 2265271 8026975 17680253
1790332263263 0 105414 0 3165838921 3119925375 0 0 0 0 0 0 1334658341 20267844 4154363904 420114432 0 12945599 9687720 2300169 8185826 17999481
1790332264283 0 121112 0 3165961096 3120031873 0 0 0 0 0 0 1334698367 20267967 4154458112 484442112 0 13142529 9827547 2340199 8349668 18334600
1790332265305 0 92804 826 3166070544 3120168793 0 0 0 0 0 0 1334733784 20268087 4154089472 391999488 7630848 13320597 9957531 2376108 8512254 18699430
1790332266327 0 120732 0 3166193171 3120264323 0 0 0 0 0 0 1334776612 20268241 4154200064 484802560 0 13501198 10096843 2417683 8630907 18922045
1790332267357 0 94468 7100 3166312943 3120403327 0 0 0 0 0 0 1334809263 20268369 4153573376 425152512 15740928 13670286 10228150 2452094 8693872 19123289
1790332268380 0 97665 0 3166440812 3120535130 0 0 0 0 0 0 1334837863 20268481 4152352768 389672960 0 13843918 10357288 2479602 8790041 19438959
1790332269404 0 116700 16394 3166577018 3120635812 0 0 0 0 0 0 1334871889 20268605 4150235136 475910144 81891328 14024351 10500399 2514720 8922968 19736560
1790332270423 0 121228 4715 3166695630 3120761604 0 0 0 0 0 0 1334913983 20268761 4149899264 496582656 35340288 14197535 10634711 2556822 9027988 19978565
1790332271442 0 127792 0 3166817205 3120881245 0 0 0 0 0 0 1334957049 20268905 4149559296 513818624 0 14375930 10770640 2599010 9192260 20354503
1790332272461 0 68903 2044 3166914165 3121035523 0 0 0 0 0 0 1334989403 20269006 4150304768 288632832 11898880 14529343 10890264 2632234 9294148 20739885
1790332273481 0 70939 0 3167032108 3121152978 0 0 0 0 0 0 1335027372 20269168 4150423552 275943424 0 14709702 11019218 2669730 9470559 21043786
1790332274500 0 108801 0 3167163067 3121246162 0 0 0 0 0 0 1335063408 20269365 4150259712 435380224 0 14901134 11168682 2705402 9601797 21241761
1790332275519 0 63104 1450 3167265834 3121393292 0 0 0 0 0 0 1335094267 20269518 4150153216 258473984 21823488 15067431 11293577 2736587 9767838 21647242
1790332276544 0 76890 1168 3167385429 3121499285 0 0 0 0 0 0 1335136899 20269694 4150947840 321843200 5197824 15247306 11433775 2779729 9853631 21855285
1790332277564 0 64552 17885 3167516922 3121626433 0 0 0 0 0 0 1335172884 20269878 4150165504 264388608 87605248 15426180 11577957 2815728 9972623 22036692
1790332278585 0 69024 0 3167628038 3121750895 0 0 0 0 0 0 1335202755 20270043 4149780480 272203776 0 15586023 11701574 2844550 10153062 22407917
1790332279604 0 83202 63 3167748671 3121857392 0 0 0 0 0 0 1335240800 20270212 4150312960 330305536 0 15770146 11842488 2882192 10301829 22770306
1790332280624 0 87921 20 3167860014 3121963894 0 0 0 0 0 0 1335284973 20270381 4151848960 346300416 0 15938611 11981408 2926785 10442072 23133153
1790332281644 0 72531 9 3167979668 3122099025 0 0 0 0 0 0 1335323599 20270540 4151394304 287920128 0 16112047 12120115 2964817 10597104 23450567
1790332282663 0 58990 23871 3168109252 3122218282 0 0 0 0 0 0 1335355377 20270698 4150886400 355848192 0 16307995 12263458 2998213 10697278 23618212
1790332283682 0 114636 0 3168241838 3122319096 0 0 0 0 0 0 1335391907 20270889 4150624256 454889472 0 16491845 12409072 3034227 10842778 23933175
1790332284706 0 49886 54 3168331671 3122473736 0 0 0 0 0 0 1335415532 20271016 4149907456 193904640 0 16613091 12509187 3058409 10949832 24225241
1790332285726 0 123445 0 3168451345 3122519802 0 0 0 0 0 0 1335444334 20271152 4148391936 488947712 0 16773403 12641732 3086171 11008565 24368656
1790332286749 0 49018 6466 3168544876 3122681332 0 0 0 0 0 0 1335474153 20271285 4148666368 218419200 23359488 16916249 12756934 3116984 11182559 24838484
1790332287770 0 65800 1016 3168673768 3122798800 0 0 0 0 0 0 1335511688 20271465 4149698560 282705920 9515008 17099548 12907856 3154516 11267256 25002467
1790332288790 0 145839 0 3168825765 3122871860 0 0 0 0 0 0 1335559467 20271693 4150726656 587055104 0 17322662 13086454 3201298 11460840 25218053
1790332289815 0 86890 448 3168917711 3123022391 0 0 0 0 0 0 1335585706 20271811 4150833152 361500672 4546560 17462097 13195773 3228537 11554494 25484607
1790332290835 0 105637 27291 3169062020 3123121041 0 0 0 0 0 0 1335626814 20271991 4150710272 479895552 77426688 17660609 13354405 3269645 11657131 25673270
1790332291855 0 70658 558 3169163278 3123284066 0 0 0 0 0 0 1335656621 20272124 4150259712 289415168 23879680 17806233 13466184 3299452 11766500 25977713
1790332292875 0 104866 0 3169305041 3123392056 0 0 0 0 0 0 1335690989 20272282 4150042624 419151872 0 17989166 13607649 3332902 11859333 26171140
1790332293895 0 79452 0 3169425279 3123537736 0 0 0 0 0 0 1335728494 20272435 4150419456 315092992 0 18160471 13740176 3370350 11917818 26325212
1790332294922 0 72185 9795 3169551145 3123661077 0 0 0 0 0 0 1335769100 20272602 4150427648 295682048 85864448 18355512 13886648 3411425 12097839 26675725
1790332295956 0 111645 0 3169687996 3123768138 0 0 0 0 0 0 1335811655 20272798 4150153216 442986496 0 18547894 14035456 3453564 12176174 26851076
1790332296976 0 98025 68 3169798268 3123892017 0 0 0 0 0 0 1335855847 20272964 4150976512 384798720 0 18724666 14167727 3498228 12337613 27211676
1790332297995 0 128140 0 3169933726 3123997548 0 0 0 0 0 0 1335900578 20273163 4151562240 511791104 0 18940954 14326269 3542928 12506007 27498844
1790332299015 0 87342 0 3170050375 3124154929 0 0 0 0 0 0 1335937055 20273334 4151955456 346832896 0 19124349 14462921 3579424 12669807 27882055
1790332300038 0 89659 2847 3170183966 3124283691 0 0 0 0 0 0 1335979132 20273492 4151394304 394215424 5906432 19337875 14616357 3621524 12824689 28184585
1790332301060 0 88188 9 3170310268 3124414020 0 0 0 0 0 0 1336022312 20273679 4151394304 361435136 19079168 19525263 14762871 3665199 12940277 28379338
1790332302078 0 120914 0 3170451586 3124522548 0 0 0 0 0 0 1336067558 20273864 4151508992 481751040 0 19725420 14916537 3709387 13110642 28693671
1790332303104 0 74715 1898 3170567147 3124682476 0 0 0 0 0 0 1336099405 20273988 4151062528 343220224 5611520 19905194 15048752 3741724 13166915 28819446
1790332304138 0 22223 91 3170667302 3124836946 0 0 0 0 0 0 1336138366 20274136 4151136256 97828864 5214208 20050418 15165907 3780740 13335392 29230908
1790332305157 0 62718 0 3170803109 3124932283 0 0 0 0 0 0 1336185637 20274312 4151500800 248115200 0 20253148 15322559 3826441 13469395 29453461
1790332306176 0 59429 3758 3170922647 3125051778 0 0 0 0 0 0 1336223662 20274478 4151320576 265297920 12300288 20436824 15459901 3866513 13598334 29726438
1790332307200 0 88282 516 3171065856 3125168827 0 0 0 0 0 0 1336270411 20274656 4151275520 372850688 4947968 20637499 15619195 3913242 13772994 30049082
1790332308220 0 95112 0 3171187854 3125284547 0 0 0 0 0 0 1336306859 20274812 4150599680 379883520 0 20807225 15753794 3948168 13952613 30355576
1790332309239 0 74012 1748 3171314049 3125430185 0 0 0 0 0 0 1336340257 20274967 4149727232 303366144 24031232 20986827 15894133 3983111 14143852 30662911
1790332310257 0 126445 0 3171464801 3125530272 0 0 0 0 0 0 1336385422 20275158 4150030336 506527744 0 21202814 16064638 4027276 14320261 30917791
1790332311277 0 100915 0 3171562118 3125653188 0 0 0 0 0 0 1336412173 20275276 4150284288 402759680 0 21341778 16176747 4053985 14449721 31369525
1790332312297 0 114559 0 3171700778 3125778081 0 0 0 0 0 0 1336451715 20275441 4149960704 459096064 0 21535304 16331521 4093033 14552094 31577068
1790332313323 0 69934 59 3171818951 3125940869 0 0 0 0 0 0 1336488223 20275615 4149604352 298958848 5705728 21706682 16469427 4131054 14635448 31756441
1790332314345 0 15966 0 3171933881 3126109765 0 0 0 0 0 0 1336527256 20275804 4150161408 53624832 0 21873595 16600985 4168584 14753186 31983145
1790332315364 0 82567 1249 3172095282 3126203455 0 0 0 0 0 0 1336570475 20276026 4150177792 357457920 2191360 22110905 16785420 4213329 14815180 32095555
1790332316383 0 108787 0 3172235596 3126318663 0 0 0 0 0 0 1336608013 20276209 4149493760 436510720 0 22313555 16940645 4249331 14947155 32290281
1790332317402 0 76740 5451 3172361269 3126470964 0 0 0 0 0 0 1336647092 20276402 4149305344 327544832 29458432 22492949 17087435 4289953 15027070 32452433
1790332318422 0 92133 0 3172487221 3126586921 0 0 0 0 0 0 1336691266 20276601 4149645312 360988672 0 22665550 17232435 4334157 15180099 32672374
1790332319441 0 35119 1460 3172598236 3126753639 0 0 0 0 0 0 1336723710 20276762 4149145600 139157504 0 22825716 17354951 4365530 15272577 32863982
1790332320460 0 118122 14089 3172769742 3126829472 0 0 0 0 0 0 1336771763 20276966 4150087680 496447488 62590976 23086978 17555301 4414620 15380102 32945039
1790332321479 0 62502 0 3172870465 3126999871 0 0 0 0 0 0 1336799011 20277108 4149235712 242216960 0 23222263 17662095 4440857 15583180 33421007
1790332322499 0 108062 0 3173011314 3127095147 0 0 0 0 0 0 1336849361 20277326 4149186560 434049024 0 23425445 17830141 4490669 15756526 33671561
1790332323524 0 53543 36 3173121630 3127259943 0 0 0 0 0 0 1336879686 20277475 4149346304 233611264 2150400 23576049 17948969 4522030 15900161 33929345
1790332324545 0 46285 0 3173256326 3127401889 0 0 0 0 0 0 1336916686 20277635 4149919744 175050752 0 23767416 18093795 4559016 16029392 34194886
1790332325565 0 131237 0 3173421151 3127481762 0 0 0 0 0 0 1336955458 20277832 4148953088 525217792 0 23992193 18266829 4598258 16155318 34355407
1790332326584 0 61765 4048 3173519252 3127645376 0 0 0 0 0 0 1336985239 20277962 4148486144 252989440 40034304 24131452 18376584 4628070 16264403 34695334
1790332327604 0 93945 4859 3173628591 3127721798 0 0 0 0 0 0 1337019063 20278092 4148166656 415596544 12136448 24282822 18494476 4661449 16349193 34883872
1790332328627 0 64286 1560 3173744747 3127870872 0 0 0 0 0 0 1337050499 20278261 4148301824 279760896 4894720 24450697 18622521 4693330 16496881 35277751
1790332329651 0 26538 2364 3173860376 3128023882 0 0 0 0 0 0 1337091093 20278441 4149055488 128249856 11034624 24630455 18757596 4733924 16650638 35568981
1790332330670 0 59922 0 3174002733 3128134638 0 0 0 0 0 0 1337129633 20278647 4148539392 234921984 0 24835187 18909012 4770740 16784489 35747524
1790332331690 0 69208 71 3174133928 3128256545 0 0 0 0 0 0 1337167954 20278837 4147945472 271519744 0 25032451 19053693 4810280 16840660 35851868
1790332332710 0 124447 1293 3174284644 3128350820 0 0 0 0 0 0 1337211153 20279052 4147134464 526983168 5992448 25252220 19224178 4853983 17011121 36111897
1790332333729 0 141378 0 3174414938 3128465457 0 0 0 0 0 0 1337248669 20279236 4146065408 564523008 0 25433615 19359547 4890990 17107533 36363669
1790332334753 0 42219 6424 3174510575 3128653969 0 0 0 0 0 0 1337275357 20279382 4145176576 172969984 58740736 25576774 19467489 4917733 17180193 36643855
1790332335775 0 75182 0 3174644253 3128760919 0 0 0 0 0 0 1337316487 20279552 4145467392 295546880 0 25774776 19618017 4958306 17355185 36885929
1790332336794 0 106357 0 3174784964 3128870488 0 0 0 0 0 0 1337358403 20279742 4144680960 427237376 0 25975018 19776889 4999319 17514273 37156852
1790332337814 0 66036 0 3174899330 3129025113 0 0 0 0 0 0 1337398946 20279914 4145848320 259563520 0 26149503 19917000 5041274 17646812 37523650
1790332338834 0 102031 0 3175037630 3129127514 0 0 0 0 0 0 1337445224 20280134 4146405376 411758592 0 26357908 20079115 5087028 17801575 37755950
1790332339854 0 13376 0 3175112159 3129290678 0 0 0 0 0 0 1337472441 20280250 4147109888 40136704 0 26475601 20170333 5114981 17874977 38013641
1790332340874 0 79915 29 3175269957 3129381821 0 0 0 0 0 0 1337516109 20280435 4146159616 310681600 0 26710363 20346554 5158966 18029696 38229735
1790332341895 0 66532 2 3175389517 3129514881 0 0 0 0 0 0 1337553595 20280596 4145913856 262213632 0 26878761 20480876 5194898 18168250 38520901
1790332342925 0 52062 0 3175515331 3129655225 0 0 0 0 0 0 1337590827 20280785 4145221632 206946304 11526144 27065904 20626114 5233090 18341654 38907364
1790332343949 0 122614 0 3175662751 3129732026 0 0 0 0 0 0 1337629818 20281003 4144775168 489828352 0 27274482 20786603 5271160 18482809 39066437
1790332344972 0 86060 1875 3175782253 3129886141 0 0 0 0 0 0 1337668889 20281188 4145455104 364154880 19775488 27461161 20930374 5311720 18639748 39416084
1790332345993 0 64883 0 3175905292 3130032318 0 0 0 0 0 0 1337703336 20281365 4145307648 249462784 0 27618316 21065257 5346170 18738651 39594364
1790332347015 0 92505 6935 3176041404 3130133989 0 0 0 0 0 0 1337742401 20281554 4144324608 378699776 38649856 27818107 21223202 5385232 18906859 39920526
1790332348036 0 103820 0 3176162425 3130250432 0 0 0 0 0 0 1337781961 20281740 4145651712 412258304 0 27990974 21360818 5424283 19055691 40250074
1790332349056 0 117849 0 3176301289 3130375327 0 0 0 0 0 0 1337821147 20281948 4144738304 475312128 0 28177777 21510244 5462324 19107541 40387513
1790332350080 0 33968 630 3176392804 3130550112 0 0 0 0 0 0 1337847757 20282067 4145422336 151285760 2514944 28322222 21620508 5490587 19265580 40823694
1790332351099 0 132089 0 3176567124 3130626833 0 0 0 0 0 0 1337894012 20282304 4144934912 530354176 0 28558216 21809463 5535614 19351439 40908910
1790332352118 0 111400 0 3176686709 3130767122 0 0 0 0 0 0 1337938703 20282503 4145623040 445861888 0 28738199 21955536 5580534 19535421 41229143
1790332353142 0 98919 24 3176805205 3130898207 0 0 0 0 0 0 1337968561 20282666 4144738304 391639040 0 28890365 22081538 5610886 19676947 41613375
1790332354164 0 100311 0 3176931518 3131023123 0 0 0 0 0 0 1338009299 20282873 4145672192 397205504 0 29080973 22230354 5651480 19758670 41802315
1790332355188 0 3939 663 3177011668 3131199002 0 0 0 0 0 0 1338029230 20282987 4145463296 23277568 3035136 29188639 22315255 5672067 19874061 42085443
1790332356208 0 128434 9482 3177193635 3131247650 0 0 0 0 0 0 1338089905 20283306 4146425856 569823232 18046976 29454656 22531016 5732736 20021306 42185824
1790332357234 0 82897 22833 3177305651 3131391802 0 0 0 0 0 0 1338125902 20283492 4145967104 444841984 11886592 29613710 22654338 5768733 20194318 42587730
1790332358256 0 68542 891 3177424195 3131547087 0 0 0 0 0 0 1338154678 20283643 4145156096 288305152 24457216 29777638 22780554 5797534 20277195 42808834
1790332359283 0 128220 0 3177579349 3131642986 0 0 0 0 0 0 1338194259 20283872 4145463296 512802816 0 29994814 22946981 5836109 20447944 43053583
1790332360307 0 6869 927 3177671840 3131855934 0 0 0 0 0 0 1338221539 20284008 4145397760 47775744 4902912 30127799 23050974 5863862 20613510 43531971
1790332361329 0 120598 0 3177843718 3131914969 0 0 0 0 0 0 1338269276 20284259 4144672768 480665600 0 30364749 23234019 5912176 20796848 43724893
1790332362360 0 72095 0 3177958064 3132077789 0 0 0 0 0 0 1338305855 20284444 4145455104 284864512 0 30528428 23364470 5947154 20943722 44132053
1790332363390 0 90328 36 3178069393 3132170912 0 0 0 0 0 0 1338332095 20284595 4144984064 354103296 0 30687804 23485663 5974932 21053308 44432970
1790332364412 0 54382 50 3178177776 3132315327 0 0 0 0 0 0 1338366050 20284788 4145647616 218501120 19255296 30843702 23611342 6008883 21235351 44800764
1790332365435 0 44777 3650 3178305726 3132449274 0 0 0 0 0 0 1338409204 20284975 4145795072 183304192 41750528 31031439 23756262 6051525 21334765 44979238
1790332366457 0 125448 5475 3178467445 3132528811 0 0 0 0 0 0 1338454394 20285222 4145352704 536829952 0 31255437 23931564 6096775 21429865 45078170
1790332367481 0 77134 1561 3178571320 3132684618 0 0 0 0 0 0 1338483250 20285366 4144869376 315944960 24477696 31410135 24047438 6126081 21573766 45514344
1790332368501 0 108759 0 3178709494 3132792590 0 0 0 0 0 0 1338517688 20285580 4144635904 430977024 0 31602843 24192583 6160151 21705385 45680831
1790332369521 0 82983 0 3178811651 3132920625 0 0 0 0 0 0 1338555165 20285736 4145262592 331591680 0 31764059 24319339 6197008 21796222 45914657
1790332370540 0 23677 0 3178921663 3133089886 0 0 0 0 0 0 1338592709 20285946 4145770496 86474752 0 31930377 24449870 6234053 21980130 46270142
1790332371559 0 117848 0 3179076277 3133150303 0 0 0 0 0 0 1338644040 20286166 4146180096 473432064 0 32165593 24630825 6284882 22068261 46388283
1790332372585 0 62427 2993 3179181536 3133308100 0 0 0 0 0 0 1338672381 20286319 4145815552 255504384 30822400 32315898 24746919 6315212 22156486 46671230
1790332373607 0 63254 0 3179302307 3133430881 0 0 0 0 0 0 1338709352 20286491 4145463296 246755328 0 32490609 24879660 6351183 22326059 47059777
1790332374626 0 87062 10804 3179434223 3133528317 0 0 0 0 0 0 1338758628 20286696 4145872896 414138368 0 32705218 25039903 6399985 22494628 47369407
1790332375657 0 67767 438 3179545220 3133668961 0 0 0 0 0 0 1338791588 20286856 4146274304 310034432 1695744 32877929 25168388 6434419 22745890 47671127
1790332376680 0 31 0 3179545253 3133737137 0 0 0 0 0 0 1338897451 20287255 4176306176 131072 0 32975182 25263792 6537155 22780314 47734994
1790332377700 0 33 0 3179545255 3133737137 0 0 0 0 0 0 1339076816 20287900 4185300992 131072 0 33180769 25441241 6716800 22870179 47768505
1790332378720 0 33 0 3179545255 3133737137 0 0 0 0 0 0 1339225620 20288965 4194848768 131072 0 33570803 25589254 6867144 23035376 47806375
