1790332409806 0 1 0 3179545624 3133737506 0 0 0 0 0 0 1339226015 20288984 - - - - - - - -
1790332411153 0 129147 0 3179879517 3133942173 0 0 0 0 0 0 1339226025 20289075 1330921472 504647680 0 0 0 10 0 20721
1790332412174 0 151297 1971 3180075699 3134114250 0 0 0 0 0 0 1339226025 20289076 2148945920 619962368 8245248 0 0 10 0 123122
1790332413192 0 150182 1978 3180241836 3134281493 0 0 0 0 0 0 1339226025 20289078 2818400256 612372480 4702208 0 0 10 0 268232
1790332414217 0 150345 2020 3180409396 3134448778 0 0 0 0 0 0 1339226025 20289083 3502927872 606949376 8388608 0 0 10 0 600289
1790332415236 0 149718 1829 3180574183 3134614769 0 0 0 0 0 0 1339226025 20289089 4161007616 605720576 16777216 20434 5185 10 8430 913946
1790332416256 0 149713 2041 3180746510 3134786667 0 0 0 0 0 0 1339229078 20289096 4159275008 606867456 16777216 284813 179686 3065 77501 1004090
1790332417275 0 107613 3981 3180867240 3134947502 0 0 0 0 0 0 1339235670 20289103 4158574592 439414784 8388608 460978 306023 9655 154910 1142891
1790332418295 0 131127 0 3181021254 3135082004 0 0 0 0 0 0 1339246817 20289116 4158013440 520425472 0 659801 470690 20325 271125 1373605
1790332419323 0 47584 2048 3181096369 3135238586 0 0 0 0 0 0 1339253009 20289152 4157804544 178692096 25165824 759799 552297 26927 316733 1494411
1790332420350 0 136624 6198 3181291647 3135340743 0 0 0 0 0 0 1339268782 20289178 4157177856 579162112 8388608 1022091 764613 42656 432486 1678680
1790332421376 0 103871 4088 3181374251 3135458126 0 0 0 0 0 0 1339279555 20289288 4157378560 439963648 7155712 1174800 858464 53458 501431 1903547
1790332422395 0 71442 2011 3181463656 3135582086 0 0 0 0 0 0 1339293308 20289400 4157726720 304340992 7266304 1315319 962226 66816 614866 2254204
1790332423414 0 108100 73 3181584047 3135667706 0 0 0 0 0 0 1339313999 20289542 4158603264 428847104 0 1496755 1098803 86864 685619 2348898
1790332424452 0 24872 7595 3181660363 3135819747 0 0 0 0 0 0 1339325302 20289624 4158980096 145149952 33554432 1612796 1188871 98677 741112 2528032
1790332425498 0 103673 20440 3181821169 3135888846 0 0 0 0 0 0 1339359663 20289788 4160794624 455856128 50884608 1861401 1384233 133562 824551 2626942
1790332426522 0 67156 6465 3181899843 3136018068 0 0 0 0 0 0 1339379695 20289872 4162007040 288620544 16994304 1978023 1482280 153598 908799 2969531
1790332427540 0 107036 964 3182020453 3136104313 0 0 0 0 0 0 1339409993 20290003 4163649536 442347520 2203648 2164998 1631358 183872 981296 3116151
1790332428565 0 127106 19190 3182132383 3136177970 0 0 0 0 0 0 1339439815 20290144 4165066752 520622080 78602240 2346612 1773991 213689 1117531 3465085
1790332429589 0 56738 14977 3182202287 3136322409 0 0 0 0 0 0 1339459904 20290257 4166160384 232419328 61214720 2461795 1863423 233750 1246689 3802731
1790332430619 0 106457 0 3182329885 3136415208 0 0 0 0 0 0 1339496801 20290445 4167483392 421007360 0 2665175 2023496 270742 1376910 3968309
1790332431638 0 57749 19 3182399810 3136534010 0 0 0 0 0 0 1339515908 20290541 4168200192 220528640 0 2787578 2111986 289767 1489973 4396569
1790332432658 0 152725 17 3182553188 3136592294 0 0 0 0 0 0 1339557485 20290734 4169052160 610373632 0 3046343 2305992 330879 1594602 4536290
1790332433678 0 141867 0 3182656929 3136707012 0 0 0 0 0 0 1339584797 20290869 4169175040 567607296 0 3224728 2436654 357626 1671255 4697275
1790332434698 0 121502 0 3182749438 3136819802 0 0 0 0 0 0 1339613071 20290996 4169609216 486977536 0 3382277 2558013 386408 1799298 5003041
1790332435725 0 13888 2709 3182819152 3136994424 0 0 0 0 0 0 1339629499 20291067 4169232384 83329024 27004928 3504651 2645876 403351 1838324 5143973
1790332436770 0 124785 12184 3182972910 3137027866 0 0 0 0 0 0 1339692632 20291296 4170227712 511115264 49778688 3794475 2863230 466476 2020202 5318570
1790332437792 0 55477 0 3183040652 3137177086 0 0 0 0 0 0 1339712056 20291367 4169945088 214765568 0 3902201 2946292 484951 2127281 5722733
1790332438824 0 62369 1948 3183156146 3137283682 0 0 0 0 0 0 1339746538 20291505 4169142272 269942784 15085568 4103192 3098668 519872 2253783 5894693
1790332439844 0 65599 0 3183267981 3137394175 0 0 0 0 0 0 1339777366 20291625 4168564736 255307776 0 4283033 3238704 550701 2327593 6084080
1790332440863 0 34206 13135 3183370400 3137514907 0 0 0 0 0 0 1339808670 20291734 4167745536 195846144 5869568 4478368 3375688 582005 2418951 6253934
1790332441882 0 146967 0 3183517914 3137562797 0 0 0 0 0 0 1339869724 20291929 4168966144 591302656 0 4758251 3580032 642248 2510121 6355936
1790332442901 0 152358 0 3183631852 3137671341 0 0 0 0 0 0 1339909746 20292053 4168474624 613658624 0 4941401 3723399 682074 2591116 6514995
1790332443925 0 123149 10220 3183739291 3137797753 0 0 0 0 0 0 1339939049 20292162 4167675904 503980032 41943040 5099231 3845547 712892 2693995 6900490
1790332444944 0 104908 9545 3183858771 3137936239 0 0 0 0 0 0 1339973974 20292284 4166541312 428023808 39280640 5262681 3966716 747815 2828149 7206595
1790332445962 0 46194 1214 3183939779 3138084891 0 0 0 0 0 0 1340000092 20292359 4166180864 202665984 3227648 5372491 4045416 772911 2939571 7705491
1790332446989 0 57833 15 3184056871 3138190998 0 0 0 0 0 0 1340032800 20292463 4165468160 219959296 0 5538849 4160703 805618 3069563 8109612
1790332448013 0 68935 3499 3184177561 3138297413 0 0 0 0 0 0 1340075934 20292606 4164907008 293797888 10416128 5711316 4285828 849775 3127198 8300919
1790332449032 0 103101 57 3184298782 3138387565 0 0 0 0 0 0 1340105103 20292706 4163457024 409673728 0 5875488 4399494 878133 3214884 8550422
1790332450052 0 96758 0 3184411244 3138506376 0 0 0 0 0 0 1340134679 20292798 4161769472 383750144 0 6041914 4512677 907501 3329039 8925659
1790332451071 0 41686 0 3184499748 3138649877 0 0 0 0 0 0 1340160800 20292875 4160606208 156229632 0 6182581 4608718 934680 3468208 9360043
1790332452090 0 92242 32071 3184649156 3138716685 0 0 0 0 0 0 1340213660 20293013 4159545344 479236096 45826048 6439892 4779825 987501 3638742 9621298
1790332453109 0 87778 0 3184739387 3138843415 0 0 0 0 0 0 1340243412 20293102 4159119360 345997312 0 6577236 4875425 1016380 3706668 9896634
1790332454128 0 99659 25708 3184864881 3138931445 0 0 0 0 0 0 1340280374 20293219 4157984768 408203264 118796288 6783527 5013288 1054215 3871642 10202719
1790332455146 0 134814 0 3184981938 3139039001 0 0 0 0 0 0 1340325480 20293328 4157353984 541855744 0 6969916 5153790 1098340 4031875 10549187
1790332456166 0 60850 0 3185068140 3139199065 0 0 0 0 0 0 1340348079 20293398 4156301312 235917312 0 7110239 5248112 1121443 4133282 10958488
1790332457191 0 86155 6263 3185195738 3139295252 0 0 0 0 0 0 1340389171 20293516 4155736064 352890880 46882816 7313245 5396785 1163012 4264803 11283006
1790332458213 0 87966 898 3185291742 3139394771 0 0 0 0 0 0 1340425558 20293613 4155301888 360476672 20344832 7470054 5509572 1199439 4344192 11535657
1790332459248 0 77096 0 3185392444 3139507310 0 0 0 0 0 0 1340454849 20293693 4153974784 299880448 0 7608172 5616246 1227667 4459321 11971439
1790332460268 0 76906 70 3185503899 3139618904 0 0 0 0 0 0 1340490250 20293824 4153331712 304021504 0 7774899 5742506 1263613 4582884 12353969
1790332461287 0 58696 6 3185631430 3139764561 0 0 0 0 0 0 1340521144 20293969 4151812096 236216320 8015872 7968870 5882873 1294471 4694616 12690644
1790332462307 0 87775 53 3185762869 3139866923 0 0 0 0 0 0 1340560163 20294137 4151074816 353247232 18366464 8164624 6032425 1334004 4870330 13066680
1790332463328 0 128051 0 3185899414 3139963241 0 0 0 0 0 0 1340598850 20294299 4150341632 511586304 0 8366188 6182695 1371527 4961293 13267206
1790332464347 0 143955 3431 3186025249 3140069738 0 0 0 0 0 0 1340638530 20294427 4150169600 589656064 0 8551471 6327187 1411435 5113679 13585110
1790332465367 0 81669 0 3186107967 3140218175 0 0 0 0 0 0 1340669402 20294520 4150714368 321892352 0 8682602 6429893 1441206 5191250 13846048
1790332466386 0 55514 823 3186204099 3140339635 0 0 0 0 0 0 1340710971 20294646 4151681024 242216960 0 8844479 6555674 1483785 5483385 14267362
1790332467411 0 92342 11242 3186342776 3140431028 0 0 0 0 0 0 1340751023 20294781 4152152064 378232832 69066752 9062071 6720000 1524864 5643947 14582498
1790332468433 0 96292 1789 3186459895 3140553655 0 0 0 0 0 0 1340776654 20294878 4151332864 394448896 24756224 9231396 6849833 1550567 5784262 14948220
1790332469453 0 80240 5 3186558516 3140670180 0 0 0 0 0 0 1340814186 20294983 4152573952 313864192 0 9393614 6969924 1587522 5889807 15258689
1790332470475 0 93229 0 3186672997 3140771538 0 0 0 0 0 0 1340846548 20295106 4151996416 367697920 0 9560114 7101784 1618922 6038619 15586816
1790332471496 0 87190 0 3186792371 3140896981 0 0 0 0 0 0 1340881450 20295235 4152266752 346456064 0 9740942 7249109 1654188 6100285 15733483
1790332472520 0 84694 2147 3186909359 3141014344 0 0 0 0 0 0 1340923524 20295371 4153122816 362659840 6946816 9937506 7401885 1696589 6267727 16059023
1790332473544 0 92530 876 3187036215 3141134734 0 0 0 0 0 0 1340957985 20295484 4153262080 387788800 6320128 10126543 7551766 1731314 6351063 16255997
1790332474563 0 141592 0 3187173309 3141223640 0 0 0 0 0 0 1341001569 20295635 4153643008 567058432 0 10340403 7714534 1774966 6477750 16483747
1790332475583 0 130579 0 3187264751 3141326042 0 0 0 0 0 0 1341032379 20295741 4154232832 522354688 0 10486137 7829231 1805263 6578861 16766250
1790332476602 0 48146 0 3187347889 3141491583 0 0 0 0 0 0 1341060632 20295823 4154703872 183300096 0 10621077 7935515 1833841 6675520 17216546
1790332477623 0 115198 20002 3187496439 3141553059 0 0 0 0 0 0 1341117159 20296001 4156219392 471826432 94683136 10874240 8131541 1891000 6841870 17404044
1790332478649 0 49047 48 3187593531 3141736306 0 0 0 0 0 0 1341153175 20296114 4157591552 184184832 2289664 11018460 8249044 1926943 6972924 17824674
1790332479670 0 83286 0 3187727128 3141835650 0 0 0 0 0 0 1341186437 20296237 4157460480 324300800 0 11211801 8394034 1960306 7126250 18095374
1790332480690 0 104676 0 3187854934 3141942147 0 0 0 0 0 0 1341229773 20296371 4157915136 416186368 0 11410952 8543519 2002609 7267956 18387262
1790332481713 0 47230 6424 3187966470 3142104712 0 0 0 0 0 0 1341255482 20296480 4157267968 242081792 0 11572650 8666066 2029334 7403119 18791708
1790332482732 0 95155 0 3188098629 3142195229 0 0 0 0 0 0 1341289895 20296602 4156674048 379887616 0 11736858 8805375 2062720 7526808 18967903
1790332483752 0 68102 0 3188204555 3142328351 0 0 0 0 0 0 1341328408 20296714 4156542976 265768960 0 11899394 8926759 2101738 7667255 19388621
1790332484771 0 77477 0 3188330824 3142445088 0 0 0 0 0 0 1341360739 20296830 4156178432 300695552 0 12072311 9055388 2134091 7839186 19767572
1790332485796 0 61012 6367 3188449323 3142573922 0 0 0 0 0 0 1341404393 20296951 4157198336 283217920 6410240 12259051 9191920 2178234 7983705 20136190
1790332486814 0 25137 0 3188570942 3142737480 0 0 0 0 0 0 1341429523 20297058 4156309504 85278720 0 12418603 9309323 2203381 8125165 20550039
1790332487834 0 108067 0 3188732632 3142816329 0 0 0 0 0 0 1341479273 20297213 4155588608 429563904 0 12660863 9487294 2252117 8255909 20761646
1790332488860 0 115501 6225 3188860182 3142930353 0 0 0 0 0 0 1341512160 20297341 4154396672 503738368 22454272 12840471 9626422 2286020 8344199 20921000
1790332489894 0 100409 1421 3188985114 3143075124 0 0 0 0 0 0 1341554752 20297472 4155117568 435818496 3551232 13042634 9772209 2328080 8505369 21272791
1790332490920 0 93018 5986 3189116585 3143209391 0 0 0 0 0 0 1341591185 20297603 4153913344 408375296 16535552 13236993 9915909 2365026 8688345 21603751
1790332491938 0 79241 0 3189245557 3143358234 0 0 0 0 0 0 1341634242 20297758 4154138624 311959552 0 13424261 10060835 2406610 8841131 21934936
1790332492973 0 69335 9801 3189383720 3143496443 0 0 0 0 0 0 1341674376 20297913 4153659392 283992064 71127040 13628702 10217212 2448217 8956329 22135949
1790332494038 0 70346 2044 3189520229 3143639773 0 0 0 0 0 0 1341707208 20298030 4152328192 304902144 0 13817467 10356825 2480033 9109222 22495641
1790332495057 0 79452 0 3189660539 3143772957 0 0 0 0 0 0 1341743123 20298170 4150280192 313012224 0 13998025 10500561 2516303 9242507 22798800
1790332496082 0 70924 8131 3189783221 3143896117 0 0 0 0 0 0 1341788274 20298330 4150247424 348663808 3436544 14180543 10644207 2561670 9300575 22983346
1790332497103 0 115574 0 3189923516 3143999839 0 0 0 0 0 0 1341836568 20298501 4149776384 462303232 0 14389976 10802423 2608884 9419645 23210807
1790332498123 0 104211 0 3190051426 3144139105 0 0 0 0 0 0 1341881139 20298649 4151164928 410079232 0 14596839 10958466 2655046 9593807 23536025
1790332499149 0 69628 1460 3190171629 3144292487 0 0 0 0 0 0 1341912560 20298788 4149993472 309587968 2719744 14765790 11088393 2685891 9682065 23770374
1790332500172 0 52485 24966 3190295934 3144410414 0 0 0 0 0 0 1341948512 20298961 4150308864 217600000 121069568 14946944 11232827 2722391 9780720 24012732
1790332501191 0 132711 14162 3190445859 3144490891 0 0 0 0 0 0 1342002945 20299209 4150587392 618635264 0 15185668 11411608 2775832 9913805 24168930
1790332502213 0 37101 0 3190517483 3144672248 0 0 0 0 0 0 1342026155 20299332 4150325248 139681792 0 15278856 11489714 2798981 10170842 24720191
1790332503232 0 83398 18091 3190660702 3144751042 0 0 0 0 0 0 1342059033 20299527 4149551104 341737472 90042368 15484696 11648630 2832942 10293727 24902350
1790332504256 0 94686 14169 3190788077 3144871132 0 0 0 0 0 0 1342097658 20299690 4150075392 435040256 24494080 15667864 11796914 2871324 10412813 25088514
1790332505274 0 102178 0 3190881622 3144971259 0 0 0 0 0 0 1342136647 20299852 4151590912 401850368 0 15809853 11911042 2910036 10509184 25318420
1790332506305 0 108662 4418 3191017118 3145096013 0 0 0 0 0 0 1342183462 20300032 4151480320 483651584 4337664 16011538 12075553 2957303 10630728 25580848
1790332507328 0 47277 0 3191097311 3145241936 0 0 0 0 0 0 1342203764 20300143 4151349248 183328768 0 16124893 12162353 2976001 10714588 25939766
1790332508358 0 56011 2481 3191227845 3145361220 0 0 0 0 0 0 1342240007 20300310 4151136256 227319808 42598400 16329454 12307752 3013848 10859477 26318175
1790332509381 0 85558 60 3191366996 3145473334 0 0 0 0 0 0 1342274471 20300499 4150300672 338259968 0 16512965 12457685 3047296 10940030 26498403
1790332510402 0 131633 0 3191519658 3145579859 0 0 0 0 0 0 1342314067 20300695 4148985856 524447744 0 16722132 12632178 3087916 11140354 26787109
1790332511423 0 99810 29 3191635403 3145727283 0 0 0 0 0 0 1342355657 20300866 4149575680 399912960 0 16894509 12774178 3127196 11295822 27166348
1790332512444 0 23666 0 3191738458 3145906633 0 0 0 0 0 0 1342382385 20301001 4149907456 86478848 0 17038670 12891714 3154719 11398588 27487129
1790332513467 0 83929 7008 3191901197 3146002257 0 0 0 0 0 0 1342431712 20301241 4151017472 341483520 69074944 17281328 13085663 3205610 11467198 27562078
1790332514508 0 69096 1266 3191995242 3146116729 0 0 0 0 0 0 1342459520 20301368 4151238656 283021312 7729152 17421962 13197822 3233367 11607500 27903992
1790332515527 0 95558 12629 3192132827 3146216569 0 0 0 0 0 0 1342497007 20301539 4150943744 389152768 72228864 17610437 13346453 3270884 11726656 28236208
1790332516559 0 59524 0 3192240225 3146372557 0 0 0 0 0 0 1342530361 20301683 4150669312 235438080 2695168 17762853 13463326 3302231 11829720 28599796
1790332517584 0 14857 5110 3192352223 3146524067 0 0 0 0 0 0 1342556649 20301804 4150620160 116101120 10309632 17907175 13576653 3329468 11958416 29062742
1790332518614 0 96854 4448 3192521784 3146612326 0 0 0 0 0 0 1342605438 20302025 4150874112 388341760 35860480 18148317 13762544 3379279 12134289 29286906
1790332519634 0 93666 15711 3192657834 3146740297 0 0 0 0 0 0 1342649640 20302215 4150915072 420315136 55123968 18356803 13921860 3423481 12218623 29473638
1790332520653 0 118547 15433 3192796493 3146854375 0 0 0 0 0 0 1342698412 20302403 4151279616 484667392 81842176 18564150 14076209 3472253 12395630 29785511
1790332521673 0 48949 7858 3192888776 3147023742 0 0 0 0 0 0 1342729225 20302535 4151201792 233684992 22474752 18708212 14180954 3503066 12535023 30260883
1790332522696 0 65320 0 3193027227 3147153763 0 0 0 0 0 0 1342775456 20302740 4152086528 251744256 0 18918879 14340788 3549296 12737497 30588034
1790332523715 0 44255 4307 3193153536 3147296880 0 0 0 0 0 0 1342817546 20302923 4152426496 181092352 41758720 19130942 14493146 3591441 12822218 30769200
1790332524744 0 89678 0 3193288234 3147390310 0 0 0 0 0 0 1342862261 20303098 4152909824 356884480 0 19340723 14649247 3635085 13006019 31112008
1790332525766 0 112037 0 3193423205 3147502909 0 0 0 0 0 0 1342904841 20303285 4152250368 446619648 0 19529311 14798989 3677211 13107690 31261859
1790332526790 0 112589 1793 3193553560 3147631159 0 0 0 0 0 0 1342945001 20303453 4151746560 456978432 21397504 19721931 14944104 3718842 13276491 31619298
1790332527811 0 11387 3223 3193653761 3147831232 0 0 0 0 0 0 1342972266 20303562 4151484416 78946304 3334144 19876332 15057400 3745595 13433551 32051869
1790332528836 0 73292 0 3193803361 3147921957 0 0 0 0 0 0 1343028745 20303775 4151939072 297988096 11464704 20102819 15232999 3801564 13614194 32303833
1790332529861 0 93114 4 3193934811 3148033527 0 0 0 0 0 0 1343071378 20303952 4151881728 366661632 0 20288090 15380539 3844708 13771904 32639740
1790332530881 0 86373 0 3194072468 3148177950 0 0 0 0 0 0 1343123723 20304150 4152107008 339828736 0 20499202 15541488 3896051 13952251 32940125
1790332531900 0 108808 28 3194212594 3148295709 0 0 0 0 0 0 1343159222 20304315 4151447552 433278976 0 20687606 15689555 3932049 14053358 33107708
1790332532919 0 39160 4161 3194324205 3148472846 0 0 0 0 0 0 1343193107 20304453 4150947840 198172672 0 20848634 15816668 3966958 14194974 33535820
1790332533939 0 65318 18953 3194463903 3148571558 0 0 0 0 0 0 1343231146 20304630 4150435840 267378688 93585408 21048972 15973557 4004987 14365226 33865692
1790332534958 0 80860 624 3194601483 3148711838 0 0 0 0 0 0 1343268635 20304791 4150419456 340746240 1884160 21244468 16128763 4042476 14448898 34038909
1790332535978 0 88098 755 3194746916 3148850497 0 0 0 0 0 0 1343307102 20304970 4149866496 376205312 5926912 21445496 16291781 4081013 14606215 34357499
1790332536997 0 123911 3402 3194889163 3148953726 0 0 0 0 0 0 1343356465 20305161 4149899264 530264064 1548288 21649047 16455188 4130306 14778229 34685988
1790332538017 0 39542 0 3194982162 3149134489 0 0 0 0 0 0 1343389368 20305329 4150628352 152383488 0 21790201 16564828 4161160 14888627 34878087
1790332539037 0 84284 5110 3195147022 3149249655 0 0 0 0 0 0 1343436166 20305553 4150833152 340946944 48214016 22034161 16755209 4210007 15015389 35015382
1790332540058 0 125765 0 3195289644 3149355675 0 0 0 0 0 0 1343471649 20305749 4149735424 509181952 0 22229251 16909434 4243466 15085153 35140423
1790332541078 0 105472 0 3195417752 3149504156 0 0 0 0 0 0 1343510727 20305941 4149641216 415825920 0 22407750 17054864 4284084 15179669 35354105
1790332542097 0 132486 0 3195555392 3149614749 0 0 0 0 0 0 1343560549 20306165 4150308864 529895424 0 22608607 17220505 4333941 15355727 35653413
1790332543117 0 42654 25 3195662832 3149811934 0 0 0 0 0 0 1343589432 20306320 4149350400 162451456 6082560 22758538 17336138 4363273 15540404 36071845
1790332544142 0 40116 23114 3195808716 3149937403 0 0 0 0 0 0 1343631548 20306496 4150448128 272596992 4845568 22982060 17507983 4404878 15656191 36311042
1790332545165 0 95630 73 3195943115 3150039239 0 0 0 0 0 0 1343668554 20306670 4149497856 377135104 0 23166260 17653788 4441891 15737199 36470624
1790332546193 0 91029 8754 3196062437 3150154491 0 0 0 0 0 0 1343706580 20306847 4149092352 408436736 21651456 23334295 17793401 4480421 15832008 36759248
1790332547213 0 117122 2555 3196199983 3150272299 0 0 0 0 0 0 1343748661 20307055 4149522432 481587200 0 23526412 17943930 4522563 15924380 36929332
1790332548232 0 64355 0 3196323433 3150450921 0 0 0 0 0 0 1343783061 20307204 4149870592 250265600 0 23703190 18076820 4555958 16058542 37333929
1790332549251 0 146307 0 3196492380 3150537962 0 0 0 0 0 0 1343824242 20307414 4149460992 586682368 0 23933344 18254956 4596598 16272622 37551017
1790332550271 0 100652 0 3196612590 3150703778 0 0 0 0 0 0 1343858715 20307560 4149272576 393064448 0 24096611 18382564 4632564 16437251 37946926
1790332551290 0 102055 603 3196744270 3150833453 0 0 0 0 0 0 1343895202 20307727 4148207616 443744256 9318400 24279726 18526265 4669055 16616184 38260910
1790332552309 0 148967 0 3196883094 3150926050 0 0 0 0 0 0 1343944272 20307949 4149399552 597680128 0 24498463 18689420 4717353 16697772 38406189
1790332553328 0 63992 2 3196975424 3151103259 0 0 0 0 0 0 1343970738 20308075 4149231616 248696832 0 24635632 18789761 4743989 16825760 38882238
1790332554348 0 96931 0 3197096415 3151191340 0 0 0 0 0 0 1344005698 20308249 4148641792 388657152 0 24812451 18923041 4777335 16931145 39061120
1790332555367 0 104198 0 3197184594 3151272236 0 0 0 0 0 0 1344029866 20308374 4148097024 412082176 0 24947683 19019477 4803202 17011314 39391060
1790332556386 0 127487 2058 3197317729 3151380017 0 0 0 0 0 0 1344067900 20308550 4147007488 542863360 9449472 25139903 19167445 4841229 17181654 39767580
1790332557407 0 71775 0 3197407086 3151527215 0 0 0 0 0 0 1344099783 20308706 4147691520 277258240 0 25276439 19271824 4873113 17351562 40241438
1790332558429 0 21498 9096 3197501615 3151662916 0 0 0 0 0 0 1344121892 20308830 4146368512 88051712 52305920 25403051 19370493 4895733 17471608 40641641
1790332559456 0 87930 10 3197633685 3151737477 0 0 0 0 0 0 1344157286 20308988 4145655808 347955200 0 25583696 19507919 4930142 17524264 40750029
1790332560483 0 56090 0 3197733851 3151869617 0 0 0 0 0 0 1344193787 20309139 4146081792 215392256 0 25740844 19628308 4966608 17633689 41039097
1790332561504 0 129151 0 3197896038 3151958718 0 0 0 0 0 0 1344244049 20309362 4145741824 516890624 0 25974953 19816498 5017157 17724320 41153748
1790332562528 0 60666 8314 3198002975 3152125809 0 0 0 0 0 0 1344281072 20309518 4146311168 246394880 50401280 26143410 19946734 5054913 17871514 41558130
1790332563554 0 104715 0 3198068214 3152155328 0 0 0 0 0 0 1344305236 20309645 4146835456 421441536 0 26241587 20024703 5078069 17951796 41785795
1790332564572 0 66775 3104 3198176605 3152298588 0 0 0 0 0 0 1344341053 20309814 4147343360 303198208 2109440 26414803 20155395 5114921 18072917 42004588
1790332565591 0 93221 2417 3198326605 3152422805 0 0 0 0 0 0 1344384206 20309991 4146769920 398028800 11128832 26641247 20324562 5157572 18201231 42241065
1790332566614 0 59868 23798 3198456009 3152564300 0 0 0 0 0 0 1344422228 20310158 4146282496 340934656 14000128 26817913 20469095 5196069 18286576 42462607
1790332567638 0 114952 807 3198591039 3152667225 0 0 0 0 0 0 1344462281 20310361 4145442816 479080448 3563520 27009692 20621470 5235670 18378395 42633494
1790332568666 0 66836 25245 3198715410 3152815085 0 0 0 0 0 0 1344493155 20310534 4144664576 391061504 4579328 27186478 20757408 5266504 18503387 42948877
1790332569685 0 83598 0 3198815004 3152923219 0 0 0 0 0 0 1344529077 20310691 4145602560 325398528 0 27343632 20873712 5302926 18612211 43254150
1790332570704 0 144040 0 3198947056 3152994900 0 0 0 0 0 0 1344564056 20310885 4145102848 578666496 0 27514481 21018848 5336882 18758195 43582718
1790332571724 0 77226 0 3199057522 3153172053 0 0 0 0 0 0 1344599001 20311050 4144730112 306057216 0 27678500 21149248 5371838 18818312 43726293
1790332572743 0 110619 0 3199198280 3153279593 0 0 0 0 0 0 1344642179 20311253 4145242112 440168448 0 27878641 21309543 5415000 19006147 44032283
1790332573763 0 97436 0 3199336721 3153431140 0 0 0 0 0 0 1344681749 20311454 4145356800 387428352 0 28068704 21462187 5455077 19103347 44294933
1790332574787 0 2493 0 3199400141 3153589431 0 0 0 0 0 0 1344701792 20311544 4145418240 303104 0 28162771 21535508 5474099 19180628 44578934
1790332575810 0 97285 12694 3199582514 3153664482 0 0 0 0 0 0 1344747065 20311791 4145119232 397361152 67678208 28423331 21738638 5520394 19285642 44715322
1790332576833 0 93984 2517 3199696978 3153792437 0 0 0 0 0 0 1344786628 20311978 4145119232 412766208 1880064 28584782 21871626 5560469 19443280 44969020
1790332577853 0 135750 0 3199844648 3153900729 0 0 0 0 0 0 1344828238 20312195 4145111040 540602368 0 28787511 22034535 5602124 19546420 45152240
1790332578872 0 100841 0 3199914241 3154005178 0 0 0 0 0 0 1344850879 20312301 4145291264 397099008 0 28879991 22112942 5624229 19619116 45537882
1790332579891 0 13378 0 3199997497 3154176023 0 0 0 0 0 0 1344879141 20312435 4145631232 46333952 0 29011666 22211656 5650943 19752199 46006148
1790332580910 0 123197 19113 3200165520 3154215108 0 0 0 0 0 0 1344927860 20312713 4146327552 502521856 92061696 29249352 22401966 5701701 19873017 46120400
1790332581934 0 60206 409 3200235850 3154367183 0 0 0 0 0 0 1344951504 20312840 4146630656 263958528 1765376 29352924 22484893 5725344 20034188 46668857
1790332582954 0 69271 0 3200341116 3154463776 0 0 0 0 0 0 1344983389 20313007 4146221056 273268736 0 29502499 22601313 5756717 20211818 47043045
1790332583975 0 69128 60 3200466959 3154589733 0 0 0 0 0 0 1345016802 20313185 4145164288 268656640 0 29668124 22732209 5790140 20400150 47392817
1790332584995 0 60365 2628 3200589805 3154718907 0 0 0 0 0 0 1345050757 20313381 4145643520 260587520 8040448 29847015 22869917 5824603 20556927 47762624
1790332586014 0 104605 0 3200711995 3154799342 0 0 0 0 0 0 1345082397 20313558 4145627136 418107392 0 30017199 23000043 5854964 20625237 47974450
1790332587038 0 109355 2409 3200803000 3154883521 0 0 0 0 0 0 1345107322 20313692 4145233920 447709184 16293888 30154790 23105635 5881161 20826656 48405722
1790332588057 0 111344 0 3200922585 3155003138 0 0 0 0 0 0 1345141753 20313884 4144529408 441733120 0 30312866 23229793 5914589 20886577 48574420
1790332589076 0 73635 9664 3201036215 3155144825 0 0 0 0 0 0 1345179389 20314074 4145561600 301629440 59600896 30488601 23365887 5953228 21014958 48837962
1790332590099 0 34484 24 3201128274 3155285593 0 0 0 0 0 0 1345201001 20314198 4144959488 126685184 0 30609665 23461828 5974329 21165018 49338919
1790332591123 0 70212 7477 3201245869 3155360054 0 0 0 0 0 0 1345235992 20314405 4145643520 320348160 7106560 30783378 23597424 6009831 21383360 49696121
1790332592153 0 76247 1134 3201337766 3155452319 0 0 0 0 0 0 1345263727 20314535 4145250304 322387968 7528448 30914614 23696882 6037575 21511741 50115305
1790332593176 0 64190 0 3201436533 3155564150 0 0 0 0 0 0 1345293031 20314672 4145291264 248045568 0 31050590 23803849 6066786 21657069 50551328
1790332594196 0 123897 27 3201584241 3155652224 0 0 0 0 0 0 1345334161 20314903 4144619520 488906752 0 31261390 23965466 6108017 21719280 50661945
1790332595219 0 40681 0 3201675325 3155826527 0 0 0 0 0 0 1345359356 20315032 4144295936 156102656 0 31399105 24066947 6132680 21883254 51145502
1790332596241 0 100335 17 3201774895 3155866463 0 0 0 0 0 0 1345387616 20315190 4144828416 402718720 10403840 31543781 24176974 6160459 21951514 51322399
1790332597273 0 106382 0 3201894545 3155980129 0 0 0 0 0 0 1345431293 20315377 4145364992 425283584 0 31729910 24324341 6204110 22050183 51510598
1790332598297 0 131078 1192 3202021469 3156081078 0 0 0 0 0 0 1345475003 20315595 4145905664 553820160 1990656 31925402 24478413 6248839 22154460 51796789
1790332599315 0 102515 3 3202145806 3156235062 0 0 0 0 0 0 1345514491 20315774 4145987584 405397504 0 32110698 24618789 6287413 22361769 52164625
1790332600339 0 41869 1348 3202219221 3156367849 0 0 0 0 0 0 1345533565 20315883 4145532928 171495424 5492736 32214028 24699767 6307404 22607099 52673110
1790332601358 0 51598 0 3202314843 3156455138 0 0 0 0 0 0 1345563341 20316009 4145885184 198762496 0 32356984 24803202 6336170 22752895 53130904
1790332602382 0 54623 479 3202415021 3156551863 0 0 0 0 0 0 1345593158 20316146 4144852992 223735808 12427264 32505333 24919663 6366997 22815789 53203358
1790332603401 0 32 0 3202415055 3156606906 0 0 0 0 0 0 1345677371 20316481 4173549568 131072 0 32583789 24995847 6450187 22846097 53266488
1790332604422 0 33 0 3202415056 3156606906 0 0 0 0 0 0 1345854407 20317107 4181991424 131072 0 32783836 25168796 6625197 22926342 53313849
1790332605441 0 33 0 3202415056 3156606906 0 0 0 0 0 0 1346016156 20317699 4191944704 131072 0 33108120 25329537 6788368 23021708 53340459
