1790333390470 0 0 0 3265717592 3219906247 0 0 0 0 0 0 1365105331 20383879 - - - - - - - -
1790333391686 0 124372 0 3265951442 3220015671 0 0 0 0 0 0 1365105331 20383946 903856128 466952192 0 0 0 0 0 10217
1790333392719 0 151814 2998 3266209299 3220243202 0 0 0 0 0 0 1365105331 20383946 1961938944 600641536 6909952 0 0 0 0 33249
1790333393740 0 150872 2530 3266438176 3220473303 0 0 0 0 0 0 1365105331 20383946 2933047296 635080704 8110080 0 0 0 0 67067
1790333394764 0 112146 8031 3266656150 3220724594 0 0 0 0 0 0 1365105331 20383946 3823906816 461287424 29229056 0 0 0 0 115695
1790333395782 0 148273 1910 3266963069 3221001782 0 0 0 0 0 0 1365109893 20383951 4140462080 607952896 9199616 350901 229477 4562 34672 130330
1790333396822 0 113676 6145 3267096052 3221164897 0 0 0 0 0 0 1365118442 20383962 4139573248 465629184 25165824 540625 375059 13171 90715 257162
1790333397878 0 89738 8183 3267299923 3221390630 0 0 0 0 0 0 1365136302 20383990 4139307008 398536704 13500416 803107 592377 30468 131840 436634
1790333398912 0 121773 0 3267527003 3221593823 0 0 0 0 0 0 1365164324 20384117 4139524096 475893760 0 1126994 843472 57465 194457 611398
1790333399932 0 129832 20165 3267718171 3221756829 0 0 0 0 0 0 1365197233 20384364 4140920832 531558400 82825216 1436706 1073852 91902 235776 696699
1790333400969 0 99702 4064 3267891157 3221976014 0 0 0 0 0 0 1365230120 20384558 4142096384 459894784 41943040 1698153 1275425 123763 300794 875929
1790333402019 0 77859 7859 3268065106 3222167980 0 0 0 0 0 0 1365266610 20384740 4143927296 364224512 16510976 1973268 1485940 161277 355384 991214
1790333403062 0 90298 0 3268259912 3222358091 0 0 0 0 0 0 1365310766 20384929 4146003968 345247744 0 2267081 1717912 203381 440744 1102822
1790333404093 0 115667 0 3268461250 3222534219 0 0 0 0 0 0 1365355446 20385206 4146769920 447361024 0 2580455 1962856 248041 521771 1191513
1790333405116 0 143751 0 3268665611 3222710347 0 0 0 0 0 0 1365406348 20385449 4147752960 564432896 0 2916758 2219183 300473 572185 1320970
1790333406154 0 108926 4106 3268860392 3222936101 0 0 0 0 0 0 1365459853 20385702 4148662272 499171328 64737280 3256567 2469709 354523 631992 1430739
1790333407183 0 57791 6237 3269050098 3223175005 0 0 0 0 0 0 1365516815 20385927 4149186560 237289472 25165824 3582502 2718833 411013 685479 1531867
1790333408206 0 122884 0 3269270606 3223336457 0 0 0 0 0 0 1365580367 20386185 4149182464 479260672 0 3948646 2993923 472123 754205 1601711
1790333409228 0 140155 8494 3269485781 3223525786 0 0 0 0 0 0 1365653262 20386448 4150091776 621256704 0 4343624 3286876 547951 818599 1683547
1790333410250 0 142878 8575 3269669150 3223706475 0 0 0 0 0 0 1365721030 20386658 4149829632 611483648 11390976 4662934 3536075 615639 894172 1805195
1790333411270 0 124792 0 3269826825 3223890441 0 0 0 0 0 0 1365774925 20386848 4150210560 485732352 0 4921058 3729714 668569 972848 2020399
1790333412300 0 43284 23911 3269953427 3224075217 0 0 0 0 0 0 1365822140 20386999 4148641792 278515712 26886144 5136329 3880987 714946 1045729 2233896
1790333413325 0 83051 0 3270118134 3224223633 0 0 0 0 0 0 1365884664 20387183 4148195328 312913920 0 5376811 4058150 777827 1105195 2486155
1790333414346 0 86458 14819 3270258686 3224346056 0 0 0 0 0 0 1365932400 20387343 4147216384 354365440 74104832 5593038 4210916 826596 1156284 2644864
1790333415370 0 64397 8 3270385209 3224509364 0 0 0 0 0 0 1365968381 20387462 4145897472 244875264 6094848 5767549 4329293 859979 1207971 2985134
1790333416399 0 25844 71 3270497046 3224659817 0 0 0 0 0 0 1365990991 20387540 4143730688 103739392 8912896 5936378 4438907 885147 1250893 3135171
1790333417422 0 32368 22801 3270660565 3224793924 0 0 0 0 0 0 1366035078 20387684 4141432832 142848000 96866304 6203590 4606443 929312 1299733 3270825
1790333418442 0 40266 6426 3270791129 3224932954 0 0 0 0 0 0 1366082527 20387815 4140216320 180957184 23912448 6427478 4757565 977275 1370368 3520839
1790333419462 0 81873 11242 3270960617 3225056131 0 0 0 0 0 0 1366122134 20387955 4136718336 335392768 60784640 6678830 4931026 1016807 1420967 3675604
1790333420482 0 96003 0 3271080197 3225172837 0 0 0 0 0 0 1366157958 20388053 4134801408 367722496 0 6870284 5062425 1050163 1491143 3856573
1790333421506 0 90007 6643 3271217889 3225309992 0 0 0 0 0 0 1366200671 20388191 4133998592 396525568 0 7103844 5221159 1094637 1556416 4066552
1790333422531 0 63267 2280 3271337040 3225460133 0 0 0 0 0 0 1366233065 20388358 4132917248 277340160 3923968 7283341 5352516 1127219 1612737 4289486
1790333423565 0 61107 0 3271504461 3225632003 0 0 0 0 0 0 1366298697 20388594 4133879808 222400512 0 7560702 5556898 1192941 1688865 4472167
1790333424587 0 125740 0 3271667380 3225730252 0 0 0 0 0 0 1366346522 20388771 4132999168 491925504 0 7820397 5741772 1240664 1751085 4572913
1790333425608 0 87759 8017 3271789156 3225882081 0 0 0 0 0 0 1366385463 20388907 4132712448 359665664 51466240 8025270 5893985 1280174 1812913 4741685
1790333426629 0 61487 9855 3271920568 3226037925 0 0 0 0 0 0 1366434195 20389079 4133937152 309694464 0 8254419 6054709 1327382 1873466 4936066
1790333427657 0 92048 24 3272083228 3226179790 0 0 0 0 0 0 1366480875 20389257 4132958208 356995072 15613952 8489016 6239178 1373574 1947795 5158335
1790333428723 0 12336 1451 3272194944 3226369851 0 0 0 0 0 0 1366515561 20389392 4132970496 84381696 368640 8665176 6377198 1409720 2011836 5393540
1790333429764 0 61240 1898 3272369584 3226495270 0 0 0 0 0 0 1366566914 20389577 4131823616 260222976 17272832 8938012 6585473 1461581 2083459 5593495
1790333430793 0 102636 2328 3272540650 3226624185 0 0 0 0 0 0 1366615694 20389763 4132909056 433930240 10174464 9199314 6785134 1509341 2142355 5716983
1790333431818 0 103060 0 3272666812 3226752267 0 0 0 0 0 0 1366645133 20389889 4132495360 396779520 0 9382047 6925097 1539138 2212780 5914896
1790333432844 0 119656 1180 3272825257 3226893030 0 0 0 0 0 0 1366682485 20390049 4132827136 490115072 20226048 9625490 7111385 1577152 2269013 6100495
1790333433872 0 8243 0 3272921676 3227102026 0 0 0 0 0 0 1366705960 20390144 4131540992 10448896 0 9760003 7211844 1598217 2323589 6263437
1790333434913 0 60004 2290 3273091863 3227218429 0 0 0 0 0 0 1366752842 20390326 4132446208 276533248 6696960 10027714 7421193 1646481 2399094 6416314
1790333435953 0 135065 0 3273279858 3227333452 0 0 0 0 0 0 1366806062 20390531 4133040128 528703488 0 10305247 7641544 1700216 2457373 6504245
1790333436975 0 134814 0 3273410810 3227464525 0 0 0 0 0 0 1366844691 20390666 4133273600 526929920 0 10505944 7802550 1738194 2520891 6712890
1790333437996 0 101219 26425 3273546365 3227607424 0 0 0 0 0 0 1366881513 20390792 4133408768 531247104 8609792 10710203 7965567 1775677 2586501 6867530
1790333439016 0 101310 1022 3273686076 3227772254 0 0 0 0 0 0 1366927109 20390928 4134797312 424349696 0 10936487 8136100 1821338 2636092 7106413
1790333440036 0 104728 3186 3273856022 3227936725 0 0 0 0 0 0 1366969301 20391088 4135034880 448409600 9400320 11188840 8332505 1862445 2690621 7248570
1790333441057 0 107164 70 3274006114 3228087429 0 0 0 0 0 0 1367008851 20391228 4134916096 411787264 0 11402674 8498385 1901478 2738674 7426963
1790333442086 0 56678 1100 3274139110 3228270256 0 0 0 0 0 0 1367052513 20391378 4135841792 268394496 2215936 11619089 8667367 1947180 2774388 7559804
1790333443116 0 127894 0 3274335465 3228396376 0 0 0 0 0 0 1367097170 20391518 4134993920 502411264 0 11891435 8874146 1989798 2824014 7642915
1790333444151 0 2744 676 3274442533 3228627954 0 0 0 0 0 0 1367137611 20391628 4136435712 27660288 3940352 12064336 9002703 2029789 2871264 7850783
1790333445189 0 95848 3476 3274650416 3228739768 0 0 0 0 0 0 1367203879 20391840 4136747008 391081984 29581312 12377717 9238909 2098546 2951853 7999631
1790333446211 0 58736 0 3274806944 3228936726 0 0 0 0 0 0 1367253253 20391996 4136665088 210726912 0 12612133 9405376 2147772 2997565 8166195
1790333447239 0 98419 1530 3274990907 3229079561 0 0 0 0 0 0 1367300353 20392201 4134944768 410955776 10211328 12898540 9606911 2195031 3092188 8366108
1790333448261 0 79889 0 3275131940 3229240857 0 0 0 0 0 0 1367349067 20392372 4135555072 302080000 0 13144007 9767595 2242239 3167065 8550240
1790333449301 0 44828 981 3275275968 3229418817 0 0 0 0 0 0 1367396319 20392552 4134625280 216424448 2441216 13372371 9932364 2290485 3234593 8798692
1790333450348 0 122952 0 3275482036 3229547652 0 0 0 0 0 0 1367450234 20392773 4131430400 478564352 0 13677043 10148003 2342162 3298952 8910921
1790333451381 0 77153 765 3275615303 3229726139 0 0 0 0 0 0 1367485628 20392939 4130816000 341237760 20480 13881362 10299073 2379379 3355957 9083987
1790333452439 0 69138 4967 3275772275 3229886830 0 0 0 0 0 0 1367547849 20393175 4131872768 303972352 50061312 14135694 10495028 2442043 3427199 9252507
1790333453487 0 80152 4307 3275931466 3230035612 0 0 0 0 0 0 1367596144 20393380 4131737600 345624576 20205568 14385829 10678467 2490824 3507311 9519516
1790333454516 0 33940 1550 3276076889 3230230017 0 0 0 0 0 0 1367649060 20393590 4132605952 149663744 4419584 14639431 10856567 2543727 3600573 9745104
1790333455538 0 127336 0 3276266668 3230327977 0 0 0 0 0 0 1367707467 20393826 4132589568 501215232 0 14916238 11068695 2596764 3677256 9859558
1790333456565 0 107336 4090 3276407180 3230484318 0 0 0 0 0 0 1367745625 20394025 4131799040 439918592 33910784 15150193 11239590 2640335 3758115 10072658
1790333457585 0 145988 0 3276566019 3230608515 0 0 0 0 0 0 1367798621 20394268 4132196352 574865408 0 15397633 11429577 2692729 3822820 10214732
1790333458610 0 119149 9680 3276707065 3230766976 0 0 0 0 0 0 1367839415 20394455 4131520512 486653952 53481472 15624948 11601825 2733571 3898511 10483666
1790333459633 0 61368 2785 3276826271 3230950731 0 0 0 0 0 0 1367884103 20394637 4132982784 277458944 6684672 15819092 11749897 2777746 3958833 10775569
1790333460667 0 70004 4487 3276974719 3231088894 0 0 0 0 0 0 1367924146 20394831 4131889152 285057024 34250752 16044157 11922142 2818587 4023993 10936991
1790333461691 0 72070 42 3277115147 3231231672 0 0 0 0 0 0 1367976059 20395071 4132450304 295546880 2076672 16270262 12095361 2870267 4095651 11150391
1790333462715 0 64150 420 3277245023 3231368960 0 0 0 0 0 0 1368022872 20395266 4133027840 272203776 3559424 16489446 12259978 2916518 4163230 11349165
1790333463741 0 88012 507 3277398005 3231498095 0 0 0 0 0 0 1368076228 20395495 4132941824 372473856 1851392 16724184 12443776 2969927 4231270 11524984
1790333464766 0 22694 653 3277500266 3231665558 0 0 0 0 0 0 1368108676 20395647 4132995072 102461440 2834432 16887366 12569317 3002829 4287655 11826409
1790333465792 0 64118 974 3277672394 3231795923 0 0 0 0 0 0 1368164786 20395904 4133376000 270217216 2265088 17157607 12776713 3058940 4371919 12088230
1790333466814 0 96235 45 3277843218 3231935616 0 0 0 0 0 0 1368213905 20396149 4132184064 376274944 0 17415885 12969785 3107253 4431741 12258585
1790333467836 0 99319 9271 3277999038 3232079032 0 0 0 0 0 0 1368271648 20396386 4132667392 441651200 0 17673632 13164490 3165807 4495540 12464574
1790333468859 0 112645 0 3278132986 3232208992 0 0 0 0 0 0 1368306030 20396552 4132904960 437325824 0 17867002 13313506 3199179 4564578 12698401
1790333469891 0 9801 1136 3278246010 3232423607 0 0 0 0 0 0 1368340941 20396719 4132663296 61083648 12148736 18053817 13451725 3234148 4629369 12936803
1790333470918 0 95534 6614 3278435748 3232522542 0 0 0 0 0 0 1368400131 20397012 4132057088 418086912 0 18362172 13669202 3293281 4698114 13143017
1790333471941 0 104897 4161 3278599561 3232679276 0 0 0 0 0 0 1368451512 20397247 4131323904 446824448 12951552 18603127 13858361 3345668 4750741 13303054
1790333472969 0 105541 0 3278751060 3232834156 0 0 0 0 0 0 1368493635 20397456 4130488320 407752704 0 18825343 14020584 3386315 4821031 13488571
1790333473993 0 119839 8 3278912782 3232981603 0 0 0 0 0 0 1368537297 20397688 4130385920 463667200 0 19076390 14201613 3431503 4892567 13672376
1790333475021 0 10920 748 3279014616 3233191736 0 0 0 0 0 0 1368569713 20397815 4130762752 57184256 2895872 19240567 14320358 3463360 4968470 13960678
1790333476050 0 63625 5605 3279217584 3233336964 0 0 0 0 0 0 1368628320 20398101 4130197504 297086976 3174400 19542585 14546541 3522997 5029633 14092485
1790333477090 0 89351 7101 3279399492 3233491572 0 0 0 0 0 0 1368678621 20398333 4127711232 418086912 33390592 19811582 14742277 3572849 5084113 14223117
1790333478131 0 55029 29 3279572496 3233706138 0 0 0 0 0 0 1368716675 20398526 4126765056 202625024 0 20081678 14927894 3610831 5144969 14391589
1790333479153 0 92678 11739 3279786290 3233870515 0 0 0 0 0 0 1368762932 20398752 4125208576 424108032 18583552 20392854 15159753 3657599 5236691 14577339
1790333480180 0 8154 0 3279892105 3234072513 0 0 0 0 0 0 1368793779 20398905 4124643328 10596352 0 20542125 15272383 3685372 5290141 14791844
1790333481219 0 74925 0 3280100141 3234213826 0 0 0 0 0 0 1368869823 20399234 4125466624 281206784 0 20867425 15525603 3762961 5362294 14941597
1790333482259 0 79071 4831 3280277334 3234382069 0 0 0 0 0 0 1368922253 20399471 4126171136 398336000 1593344 21145006 15733692 3816482 5422283 15105852
1790333483295 0 78307 0 3280440567 3234550722 0 0 0 0 0 0 1368973105 20399720 4126687232 292417536 0 21398424 15921436 3866759 5504674 15308202
1790333484332 0 93319 0 3280618190 3234713543 0 0 0 0 0 0 1369035265 20399988 4127395840 357195776 0 21686106 16136278 3929926 5596784 15480007
1790333485354 0 55332 18521 3280773572 3234888314 0 0 0 0 0 0 1369071766 20400177 4125704192 319619072 7680000 21918898 16312077 3965920 5681480 15712892
1790333486375 0 74338 0 3280948917 3235063247 0 0 0 0 0 0 1369119488 20400410 4125274112 281145344 0 22186694 16510428 4013207 5728142 15831959
1790333487399 0 79950 1272 3281128610 3235236100 0 0 0 0 0 0 1369171925 20400646 4125138944 325423104 35151872 22467127 16727163 4066106 5800554 15990594
1790333488425 0 99139 1195 3281309441 3235397725 0 0 0 0 0 0 1369219769 20400896 4124041216 418594816 8802304 22724620 16933278 4114437 5858862 16112854
1790333489452 0 65086 577 3281471149 3235594147 0 0 0 0 0 0 1369259846 20401100 4123860992 277262336 26832896 22954134 17115641 4152474 5931048 16303265
1790333490493 0 58307 1898 3281648366 3235776786 0 0 0 0 0 0 1369304077 20401350 4123787264 263245824 4370432 23216675 17319574 4198764 5999300 16486754
1790333491522 0 72734 15914 3281839032 3235939061 0 0 0 0 0 0 1369356569 20401633 4124819456 356069376 35037184 23502897 17544272 4250725 6064114 16655923
1790333492548 0 88648 14 3282012108 3236111994 0 0 0 0 0 0 1369416144 20401901 4126134272 363503616 24719360 23780101 17757140 4310875 6142414 16817132
1790333493572 0 69436 71 3282174093 3236293250 0 0 0 0 0 0 1369456820 20402100 4125904896 260722688 0 24006607 17932802 4351387 6231766 17060494
1790333494596 0 83431 15189 3282349671 3236439851 0 0 0 0 0 0 1369501574 20402332 4125761536 413425664 8716288 24272723 18129170 4396241 6313547 17320209
1790333495622 0 133108 0 3282529722 3236585113 0 0 0 0 0 0 1369551810 20402564 4126425088 519438336 0 24546449 18329846 4446563 6368540 17503840
1790333496642 0 81125 366 3282688667 3236795836 0 0 0 0 0 0 1369599927 20402768 4126674944 339288064 1351680 24784841 18515106 4492769 6443274 17753041
1790333497668 0 73792 2555 3282830810 3236943409 0 0 0 0 0 0 1369633068 20402958 4125040640 309719040 0 24977825 18662038 4525687 6515088 17914941
1790333498701 0 96948 0 3283005480 3237097116 0 0 0 0 0 0 1369676716 20403181 4125421568 373256192 0 25231203 18848457 4570887 6577696 18081116
1790333499724 0 119259 0 3283188518 3237257885 0 0 0 0 0 0 1369730154 20403440 4126220288 463568896 0 25506663 19052624 4622810 6633229 18214098
1790333500749 0 52395 15403 3283326043 3237446984 0 0 0 0 0 0 1369761028 20403609 4125347840 277442560 25620480 25705191 19203343 4655736 6699026 18446492
1790333501772 0 98474 1005 3283504801 3237594024 0 0 0 0 0 0 1369803682 20403830 4124585984 401457152 23699456 25955914 19394032 4697896 6766234 18640726
1790333502801 0 74693 1837 3283648506 3237760698 0 0 0 0 0 0 1369841243 20404017 4124119040 338251776 4575232 26163139 19549337 4735910 6819488 18847614
1790333503832 0 107257 1014 3283800353 3237880709 0 0 0 0 0 0 1369894113 20404233 4125704192 432353280 0 26408613 19726435 4787244 6899334 19103199
1790333504856 0 108106 1367 3283990222 3238069319 0 0 0 0 0 0 1369948100 20404508 4125343744 457134080 5840896 26685503 19939311 4841231 6966327 19305937
1790333505881 0 98656 10346 3284165807 3238245458 0 0 0 0 0 0 1369999493 20404761 4125614080 401973248 67207168 26972096 20143704 4894158 7040906 19540362
1790333506917 0 87599 48 3284320119 3238421113 0 0 0 0 0 0 1370047779 20405022 4126240768 333647872 0 27203512 20317615 4940745 7100527 19780493
1790333507950 0 51171 894 3284465864 3238602535 0 0 0 0 0 0 1370094003 20405251 4126203904 211476480 2830336 27435693 20488604 4988005 7180518 20066944
1790333508975 0 64526 11328 3284631837 3238744667 0 0 0 0 0 0 1370138732 20405495 4125323264 324182016 0 27680636 20673105 5032739 7259426 20289457
1790333510010 0 25669 0 3284761077 3238923903 0 0 0 0 0 0 1370178790 20405698 4125229056 82026496 1937408 27877383 20818050 5070964 7327140 20531989
1790333511039 0 58543 3530 3284942696 3239069247 0 0 0 0 0 0 1370239511 20406002 4125138944 237744128 33292288 28172309 21039300 5134179 7390282 20712381
1790333512059 0 45569 43 3285105453 3239248392 0 0 0 0 0 0 1370286297 20406248 4125360128 161210368 0 28407391 21219343 5180464 7466606 20966555
1790333513081 0 147620 0 3285330359 3239371330 0 0 0 0 0 0 1370346390 20406582 4124016640 582754304 0 28737819 21471065 5238577 7532333 21120634
1790333514108 0 110055 1022 3285483577 3239561277 0 0 0 0 0 0 1370381481 20406814 4123656192 448425984 33148928 28965423 21648353 5276147 7632836 21366828
1790333515141 0 74818 0 3285603726 3239717444 0 0 0 0 0 0 1370420001 20407002 4123713536 284733440 0 29144422 21783811 5314697 7684183 21653331
1790333516171 0 140981 949 3285803103 3239849714 0 0 0 0 0 0 1370479687 20407335 4123623424 590979072 1839104 29441462 22014667 5372301 7744098 21777292
1790333517193 0 41249 0 3285896729 3240044064 0 0 0 0 0 0 1370509467 20407484 4124229632 145977344 0 29587731 22123293 5401076 7812423 22165452
1790333518220 0 60873 0 3286079088 3240206881 0 0 0 0 0 0 1370562821 20407779 4124770304 227704832 0 29866162 22331136 5454506 7874889 22315909
1790333519250 0 60907 755 3286244353 3240371315 0 0 0 0 0 0 1370610219 20408041 4125286400 262070272 2592768 30120616 22523134 5504895 7959559 22563970
1790333520272 0 109587 10658 3286425602 3240494085 0 0 0 0 0 0 1370658049 20408307 4124844032 495427584 0 30388843 22725358 5551189 8025976 22704887
1790333521294 0 75037 1546 3286577161 3240689181 0 0 0 0 0 0 1370707350 20408562 4125429760 316059648 13635584 30626015 22905305 5601570 8098290 22985167
1790333522320 0 31010 1725 3286732745 3240888743 0 0 0 0 0 0 1370748009 20408797 4124839936 140656640 7778304 30854130 23079072 5642174 8159146 23214116
1790333523348 0 117496 7836 3286959224 3241022614 0 0 0 0 0 0 1370811146 20409112 4124778496 481587200 48889856 31201030 23334162 5705387 8232975 23361110
1790333524370 0 108294 0 3287104420 3241184777 0 0 0 0 0 0 1370855423 20409340 4125839360 418516992 0 31408512 23493784 5748869 8311799 23606111
1790333525395 0 67444 42 3287263417 3241384515 0 0 0 0 0 0 1370908801 20409592 4126556160 252555264 0 31657809 23683127 5801273 8375188 23823526
1790333526422 0 74385 17 3287438241 3241552385 0 0 0 0 0 0 1370953503 20409823 4125933568 294313984 15564800 31927614 23876942 5848189 8440719 23970476
1790333527446 0 50429 0 3287596328 3241734541 0 0 0 0 0 0 1370996759 20410075 4125077504 181030912 0 32161339 24047842 5889884 8516259 24304289
1790333528468 0 40279 0 3287775785 3241923997 0 0 0 0 0 0 1371054726 20410359 4125323264 142282752 0 32438512 24252981 5947154 8574227 24572176
1790333529494 0 89450 0 3287977431 3242076574 0 0 0 0 0 0 1371124102 20410656 4126306304 342331392 0 32761694 24494440 6016360 8646737 24788914
1790333530521 0 38858 61 3288135680 3242285439 0 0 0 0 0 0 1371179632 20410907 4126687232 174555136 8409088 33030282 24689760 6073805 8711783 24961309
1790333531554 0 98930 0 3288338234 3242427794 0 0 0 0 0 0 1371236684 20411205 4126081024 377991168 0 33339295 24911667 6130851 8799587 25138461
1790333532575 0 117009 660 3288530782 3242601754 0 0 0 0 0 0 1371291174 20411503 4125306880 489664512 2588672 33646779 25133161 6185887 8859748 25321210
1790333533605 0 74277 8980 3288695692 3242801167 0 0 0 0 0 0 1371342039 20411759 4124839936 368287744 14524416 33898332 25322873 6235757 8925561 25545854
1790333534649 0 74514 53 3288874172 3242988242 0 0 0 0 0 0 1371394615 20412029 4124577792 314376192 7184384 34187130 25533036 6289281 9004601 25784241
1790333535670 0 75014 0 3289050785 3243164409 0 0 0 0 0 0 1371444435 20412309 4124053504 286121984 0 34443188 25729049 6337698 9083882 25947261
1790333536702 0 87827 12178 3289255615 3243344219 0 0 0 0 0 0 1371505090 20412645 4123586560 429928448 5050368 34762125 25968106 6398749 9170858 26147283
1790333537736 0 101391 1 3289434422 3243521616 0 0 0 0 0 0 1371552879 20412942 4124172288 393424896 0 35026235 26170995 6446385 9229219 26377092
1790333538758 0 50916 0 3289572328 3243710100 0 0 0 0 0 0 1371600205 20413180 4124225536 187449344 0 35244711 26331671 6492847 9312603 26689135
1790333539788 0 107126 803 3289767328 3243847937 0 0 0 0 0 0 1371669861 20413512 4125573120 450990080 1662976 35575099 26574019 6563713 9371067 26812766
1790333540816 0 87146 55 3289944533 3244045969 0 0 0 0 0 0 1371723556 20413795 4124893184 352759808 19877888 35847831 26780048 6617200 9446688 27024389
1790333541847 0 79499 69 3290116012 3244225171 0 0 0 0 0 0 1371769335 20414055 4123648000 316469248 17096704 36108145 26972808 6662468 9513816 27258392
1790333542870 0 86725 0 3290297116 3244398829 0 0 0 0 0 0 1371823825 20414336 4124475392 330526720 0 36395588 27184590 6716961 9589006 27487031
1790333543895 0 57002 11402 3290429993 3244550209 0 0 0 0 0 0 1371858843 20414558 4124098560 300523520 4489216 36592892 27339891 6752485 9651247 27744483
1790333544927 0 67887 1753 3290586913 3244705754 0 0 0 0 0 0 1371900016 20414800 4123844608 311324672 7049216 36818558 27515618 6793655 9726415 27991119
1790333545974 0 99453 12 3290768413 3244857565 0 0 0 0 0 0 1371958064 20415078 4124012544 390778880 5922816 37098709 27727225 6851227 9782507 28188719
1790333547017 0 65773 58 3290858778 3244981459 0 0 0 0 0 0 1371985557 20415223 4124020736 244449280 0 37240265 27828312 6878310 9840568 28464375
1790333548049 0 42147 0 3290965684 3245112214 0 0 0 0 0 0 1372019238 20415390 4124975104 151887872 0 37410665 27959068 6912389 9903197 28701847
1790333549080 0 114942 16352 3291130601 3245188158 0 0 0 0 0 0 1372076791 20415670 4125425664 544325632 692224 37688240 28165954 6970465 9986790 28910890
1790333550107 0 70422 1039 3291229270 3245346700 0 0 0 0 0 0 1372104977 20415823 4125278208 287006720 19406848 37838913 28277339 6999279 10058282 29279920
1790333551128 0 117019 10877 3291392460 3245453215 0 0 0 0 0 0 1372153369 20416068 4125605888 475779072 58384384 38090264 28460490 7048076 10120463 29513769
1790333552155 0 85731 355 3291485064 3245587731 0 0 0 0 0 0 1372175016 20416194 4124434432 359960576 8192 38216543 28554481 7068149 10163426 29807814
1790333553181 0 46211 392 3291569616 3245711567 0 0 0 0 0 0 1372201227 20416331 4124336128 208678912 2564096 38346586 28649284 7094868 10222717 30086655
1790333554228 0 81585 2409 3291743414 3245848092 0 0 0 0 0 0 1372237212 20416565 4122599424 334237696 10989568 38597191 28837159 7131895 10282698 30304742
1790333555277 0 105663 59 3291896633 3245979575 0 0 0 0 0 0 1372280904 20416789 4121993216 411443200 0 38813985 29005827 7173528 10335334 30544728
1790333556302 0 105141 657 3292046539 3246129242 0 0 0 0 0 0 1372322066 20417028 4121751552 434053120 1191936 39049090 29180629 7216732 10381210 30699770
1790333557324 0 108826 32 3292166023 3246245722 0 0 0 0 0 0 1372364656 20417225 4122492928 419016704 0 39225066 29318136 7256707 10449981 30965671
1790333558362 0 42076 588 3292256984 3246402979 0 0 0 0 0 0 1372395502 20417355 4123475968 183332864 9744384 39382644 29435835 7289673 10512471 31232703
1790333559390 0 98781 978 3292415776 3246504715 0 0 0 0 0 0 1372436671 20417589 4122886144 412528640 2424832 39609880 29611750 7330843 10590579 31435689
1790333560412 0 108414 9677 3292542079 3246612657 0 0 0 0 0 0 1372476765 20417798 4123926528 437907456 54128640 39817107 29760073 7371438 10663141 31618547
1790333561438 0 120988 0 3292680006 3246747554 0 0 0 0 0 0 1372513031 20418024 4123258880 471056384 0 40009675 29906525 7405914 10728616 31840889
1790333562462 0 31295 27617 3292771799 3246901776 0 0 0 0 0 0 1372542070 20418181 4123602944 180211712 75694080 40161130 30020408 7436764 10776654 32070182
1790333563483 0 32 0 3292771769 3246960392 0 0 0 0 0 0 1372615231 20418704 4150849536 131072 0 40226776 30083829 7506837 10834419 32310008
1790333564503 0 33 0 3292771770 3246960392 0 0 0 0 0 0 1372780678 20419442 4156964864 131072 0 40418311 30247619 7672120 10913899 32351462
1790333565523 0 33 0 3292771770 3246960396 0 0 0 0 0 0 1372949747 20420111 4166963200 131072 0 40635968 30415945 7842872 11009155 32385609
