1790329744886 0 1 0 2975247715 2929439491 0 0 0 0 0 0 1212553678 19929511 - - - - - - - -
1790329746510 0 152756 3007 2975591856 2929627825 0 0 0 0 0 0 1212553684 19929622 1355730944 623710208 6291456 0 0 6 0 194012
1790329747556 0 151218 2098 2975738594 2929777051 0 0 0 0 0 0 1212553684 19929625 1989718016 620687360 9351168 0 0 6 0 605007
1790329748575 0 152156 876 2975885394 2929924166 0 0 0 0 0 0 1212553684 19929625 2588667904 619110400 7991296 0 0 6 0 988403
1790329749594 0 148746 4088 2976032108 2930071051 0 0 0 0 0 0 1212553684 19929625 3194445824 624394240 8388608 0 0 6 0 1378447
1790329750612 0 146905 4158 2976180574 2930221286 0 0 0 0 0 0 1212553684 19929625 3797524480 597020672 25165824 0 0 6 0 1757055
1790329751631 0 148542 878 2976340341 2930382643 0 0 0 0 0 0 1212553684 19929625 4159737856 619864064 8634368 148733 72055 6 66108 2113950
1790329752649 0 122676 2615 2976470253 2930536738 0 0 0 0 0 0 1212563745 19929637 4159086592 506802176 10452992 372668 210381 9630 107660 2197804
1790329753668 0 135266 4084 2976634997 2930687480 0 0 0 0 0 0 1212573851 19929650 4157952000 556232704 7856128 606680 382573 19736 175863 2305271
1790329754687 0 101794 2665 2976749543 2930836889 0 0 0 0 0 0 1212584571 19929666 4157739008 416845824 19288064 783480 511555 30895 281209 2585238
1790329755710 0 90820 8242 2976851917 2930944680 0 0 0 0 0 0 1212597756 19929686 4157898752 371777536 33554432 930661 626702 44078 371422 2847348
1790329756729 0 115382 0 2976964820 2931041066 0 0 0 0 0 0 1212614566 19929767 4158263296 458481664 0 1123078 751880 60384 463997 3161903
1790329757751 0 53514 59 2977029014 2931167333 0 0 0 0 0 0 1212630452 19929859 4159102976 231428096 5341184 1262715 834631 76260 555864 3438620
1790329758776 0 114028 0 2977152797 2931230506 0 0 0 0 0 0 1212666653 19930040 4161400832 454565888 0 1504578 991184 112531 707558 3745136
1790329759799 0 49174 5256 2977210794 2931348226 0 0 0 0 0 0 1212684579 19930122 4162596864 201515008 29523968 1610132 1070258 130965 801779 4133336
1790329760821 0 91662 1980 2977320811 2931418925 0 0 0 0 0 0 1212726702 19930293 4165505024 381136896 14245888 1819051 1220676 173024 944928 4491444
1790329761841 0 60213 0 2977392712 2931524324 0 0 0 0 0 0 1212754651 19930392 4167581696 235880448 0 1948471 1316442 199659 1071894 4852780
1790329762875 0 82238 3672 2977505725 2931611577 0 0 0 0 0 0 1212795928 19930535 4170383360 346390528 12824576 2156474 1470997 241736 1149727 5005712
1790329763903 0 101390 7348 2977605874 2931688907 0 0 0 0 0 0 1212836506 19930717 4172681216 414875648 41840640 2355223 1612813 282827 1371172 5328224
1790329764923 0 59510 49 2977675656 2931807912 0 0 0 0 0 0 1212855528 19930821 4173381632 247947264 8388608 2491909 1700379 301338 1588307 5732247
1790329765946 0 64420 23206 2977774852 2931879003 0 0 0 0 0 0 1212907327 19931023 4176039936 263565312 95346688 2714517 1851892 353649 1695222 5900456
1790329766971 0 82775 0 2977864881 2931973841 0 0 0 0 0 0 1212940150 19931143 4176896000 327831552 0 2894640 1970884 385962 1824282 6113290
1790329767995 0 68390 8007 2977954159 2932069646 0 0 0 0 0 0 1212975057 19931285 4177207296 308645888 13299712 3069232 2097842 421380 1967297 6478285
1790329769018 0 81028 1181 2978053291 2932162768 0 0 0 0 0 0 1213012035 19931428 4176957440 336969728 16199680 3266673 2233394 457846 2093722 6674861
1790329770044 0 98255 6120 2978150853 2932238244 0 0 0 0 0 0 1213065374 19931578 4177543168 439230464 14929920 3490878 2383363 510669 2184845 6825013
1790329771117 0 113067 17812 2978247961 2932308814 0 0 0 0 0 0 1213112043 19931735 4177915904 487964672 56090624 3699499 2527746 558364 2340958 7134122
1790329772140 0 2632 0 2978280370 2932469522 0 0 0 0 0 0 1213126410 19931784 4178190336 4190208 0 3758084 2570703 570685 2392013 7443273
1790329773159 0 127675 10056 2978432941 2932487087 0 0 0 0 0 0 1213201248 19932017 4179095552 522543104 49455104 4091865 2801002 647570 2589203 7526870
1790329774177 0 133413 0 2978509503 2932567826 0 0 0 0 0 0 1213256020 19932175 4180418560 539975680 0 4293680 2927916 700080 2745993 7893605
1790329775196 0 118768 24 2978591069 2932664063 0 0 0 0 0 0 1213299124 19932313 4181217280 482238464 0 4476730 3052551 742952 2832860 8074672
1790329776216 0 111337 0 2978677937 2932758377 0 0 0 0 0 0 1213352532 19932458 4182089728 445513728 0 4680324 3192212 797825 3001609 8366099
1790329777240 0 21137 1434 2978723228 2932892477 0 0 0 0 0 0 1213390456 19932545 4183179264 93192192 6266880 4805226 3275958 835755 3130153 8859159
1790329778260 0 117142 0 2978843858 2932918527 0 0 0 0 0 0 1213490396 19932814 4184780800 471461888 0 5136849 3495054 935421 3350377 8959862
1790329779279 0 91285 66 2978910178 2933010684 0 0 0 0 0 0 1213553985 19932959 4187000832 367386624 0 5333708 3624462 998804 3442245 9119912
1790329780299 0 77146 0 2978992361 2933106944 0 0 0 0 0 0 1213604314 19933100 4186603520 307646464 0 5537890 3756845 1049675 3616025 9408157
1790329781323 0 69244 39 2979074545 2933197144 0 0 0 0 0 0 1213672094 19933271 4187205632 282124288 2916352 5766095 3906340 1116875 3785251 9670790
1790329782343 0 14890 0 2979137812 2933314624 0 0 0 0 0 0 1213726106 19933396 4187291648 52805632 0 5939163 4020355 1170492 3900681 9923934
1790329783365 0 129415 6809 2979277980 2933333494 0 0 0 0 0 0 1213832115 19933656 4187017216 565850112 6295552 6292489 4253296 1277926 4136951 10006011
1790329784391 0 92211 23024 2979351945 2933428487 0 0 0 0 0 0 1213894150 19933804 4186783744 377696256 94306304 6475566 4376829 1340472 4255093 10213391
1790329785410 0 101857 7376 2979443911 2933526547 0 0 0 0 0 0 1213961941 19934023 4187099136 415256576 41889792 6697881 4516722 1408263 4449571 10458598
1790329786428 0 79569 21 2979517889 2933630047 0 0 0 0 0 0 1214027932 19934230 4186861568 323891200 0 6882138 4635792 1471998 4711546 10835474
1790329787448 0 15179 0 2979581486 2933757974 0 0 0 0 0 0 1214087152 19934398 4186644480 57004032 0 7048551 4738294 1530943 4907266 11220062
1790329788467 0 85973 16 2979702319 2933808162 0 0 0 0 0 0 1214172296 19934656 4184715264 343887872 0 7321380 4910449 1616660 5106233 11453505
1790329789487 0 98857 0 2979803500 2933896216 0 0 0 0 0 0 1214233459 19934844 4182007808 391331840 0 7532577 5043349 1678795 5244540 11709564
1790329790506 0 62592 2930 2979886837 2934013188 0 0 0 0 0 0 1214279647 19934984 4179861504 256176128 23367680 7695538 5142698 1725457 5382964 12147443
1790329791527 0 77217 2291 2979993677 2934106004 0 0 0 0 0 0 1214338092 19935155 4177297408 316280832 31399936 7911397 5278047 1784469 5568573 12428874
1790329792556 0 43716 0 2980070289 2934218330 0 0 0 0 0 0 1214399143 19935312 4176158720 168701952 0 8082505 5385149 1843706 5755737 12831753
1790329793575 0 90210 5621 2980182327 2934278249 0 0 0 0 0 0 1214477196 19935538 4174966784 369491968 37404672 8339871 5542513 1923527 5919004 13045706
1790329794594 0 64318 0 2980261948 2934389340 0 0 0 0 0 0 1214534637 19935684 4173840384 255229952 0 8529329 5658079 1979964 6081624 13459740
1790329795616 0 73206 0 2980360936 2934479460 0 0 0 0 0 0 1214592148 19935856 4172292096 288018432 0 8738632 5785560 2036937 6281807 13795816
1790329796637 0 66512 0 2980447353 2934572652 0 0 0 0 0 0 1214651651 19936028 4170731520 266186752 0 8938103 5910479 2095449 6448159 14170922
1790329797656 0 54031 63 2980528639 2934666313 0 0 0 0 0 0 1214711658 19936180 4170035200 209842176 0 9120716 6031318 2157511 6604606 14573171
1790329798680 0 104849 1215 2980640065 2934725822 0 0 0 0 0 0 1214792720 19936405 4168945664 437153792 7757824 9372649 6198862 2239079 6696632 14740839
1790329799699 0 93982 0 2980713990 2934811731 0 0 0 0 0 0 1214846604 19936550 4168736768 375275520 0 9544308 6304121 2290404 6862073 15001841
1790329800718 0 74369 0 2980794723 2934912123 0 0 0 0 0 0 1214903048 19936703 4168531968 300269568 0 9726149 6425974 2347351 6999635 15323435
1790329801738 0 95632 0 2980897897 2934993982 0 0 0 0 0 0 1214963613 19936871 4166832128 383340544 0 9930273 6564225 2407908 7168622 15673380
1790329802757 0 45810 0 2980960685 2935106637 0 0 0 0 0 0 1215019541 19937018 4167643136 179245056 0 10091452 6672291 2463965 7262729 16012522
1790329803777 0 88151 0 2981070630 2935174222 0 0 0 0 0 0 1215096040 19937238 4166844416 352686080 0 10338849 6838897 2540798 7459844 16278816
1790329804797 0 96620 0 2981159990 2935255120 0 0 0 0 0 0 1215153540 19937392 4167020544 384618496 0 10542326 6969356 2599288 7564411 16448270
1790329805817 0 79471 0 2981247259 2935359572 0 0 0 0 0 0 1215204289 19937529 4166680576 317128704 0 10722391 7093607 2649077 7721322 16832748
1790329806836 0 71019 2856 2981335420 2935453457 0 0 0 0 0 0 1215263315 19937705 4166955008 318300160 0 10914731 7228081 2709395 7841918 17133404
1790329807855 0 62656 0 2981415244 2935544316 0 0 0 0 0 0 1215319257 19937897 4166762496 250834944 0 11091810 7350899 2763577 7941950 17407411
1790329808875 0 76874 0 2981502131 2935617021 0 0 0 0 0 0 1215382942 19938109 4167458816 306581504 0 11287208 7483472 2827743 8142127 17740907
1790329809897 0 74100 9 2981594556 2935712249 0 0 0 0 0 0 1215438385 19938306 4167856128 292970496 0 11480134 7614532 2883178 8274180 17928124
1790329810920 0 117413 0 2981700396 2935774720 0 0 0 0 0 0 1215510197 19938522 4168130560 469549056 0 11724122 7776702 2955559 8539131 18196176
1790329811939 0 54444 28616 2981780534 2935889260 0 0 0 0 0 0 1215564779 19938675 4168167424 356839424 7892992 11909868 7900061 3010588 8611576 18414956
1790329812961 0 33064 41 2981856104 2936014875 0 0 0 0 0 0 1215617657 19938842 4168847360 124964864 0 12079523 8012667 3062957 8764661 18752262
1790329813985 0 69236 3451 2981962994 2936082065 0 0 0 0 0 0 1215688429 19939063 4168675328 281677824 28880896 12318283 8178750 3134808 8860525 18849438
1790329815008 0 103432 0 2982079128 2936167472 0 0 0 0 0 0 1215755794 19939262 4168921088 406814720 0 12571118 8346243 3202044 8959475 19004229
1790329816027 0 106080 0 2982168878 2936254485 0 0 0 0 0 0 1215837756 19939474 4170534912 429010944 0 12798167 8503170 3282063 9167637 19259983
1790329817046 0 103411 0 2982251145 2936339478 0 0 0 0 0 0 1215902417 19939642 4171542528 413790208 0 13000034 8640396 3347221 9341310 19589642
1790329818065 0 35500 0 2982315396 2936471714 0 0 0 0 0 0 1215952533 19939767 4172242944 139333632 0 13166210 8746037 3397315 9420632 19871539
1790329819084 0 91698 3712 2982432052 2936528811 0 0 0 0 0 0 1216029848 19939980 4172312576 375595008 29487104 13451074 8929760 3476170 9632881 20063697
1790329820103 0 75793 7447 2982516795 2936625345 0 0 0 0 0 0 1216098050 19940163 4171886592 343113728 0 13667452 9068059 3541709 9734529 20249853
1790329821124 0 104508 42 2982606711 2936693911 0 0 0 0 0 0 1216146851 19940313 4171579392 416882688 0 13855258 9196738 3592155 9845453 20514438
1790329822156 0 73752 44 2982688602 2936806602 0 0 0 0 0 0 1216209461 19940486 4172341248 286515200 0 14066175 9334100 3655783 10020274 20842157
1790329823180 0 63229 0 2982776751 2936905295 0 0 0 0 0 0 1216270088 19940665 4172533760 250605568 0 14263859 9470998 3714905 10199741 21181555
1790329824199 0 62427 0 2982865141 2936994384 0 0 0 0 0 0 1216343969 19940866 4174032896 247631872 0 14491121 9622871 3788312 10296117 21362716
1790329825218 0 83250 25258 2982974476 2937058061 0 0 0 0 0 0 1216422485 19941066 4175351808 396054528 64868352 14762996 9807015 3868854 10457796 21521154
1790329826237 0 68158 0 2983049997 2937173588 0 0 0 0 0 0 1216483572 19941230 4175892480 275288064 0 14957999 9936008 3927850 10586643 21747099
1790329827262 0 95709 750 2983151701 2937247056 0 0 0 0 0 0 1216566156 19941451 4176068608 412045312 3436544 15207492 10108140 4011461 10753043 21931094
1790329828284 0 62277 61 2983238052 2937367565 0 0 0 0 0 0 1216631865 19941657 4176855040 246726656 0 15404559 10245372 4076705 10847515 22080268
1790329829304 0 67724 0 2983335735 2937459761 0 0 0 0 0 0 1216713890 19941863 4177776640 269332480 0 15676291 10412341 4158241 11076293 22361757
1790329830325 0 82943 0 2983434900 2937543677 0 0 0 0 0 0 1216801145 19942087 4179058688 327004160 0 15931050 10584185 4247522 11282345 22588813
1790329831344 0 93695 0 2983517358 2937615412 0 0 0 0 0 0 1216855568 19942283 4177915904 376299520 0 16113764 10711075 4300930 11544423 22948385
1790329832363 0 69576 0 2983593533 2937715707 0 0 0 0 0 0 1216908471 19942464 4177367040 285057024 13385728 16294711 10831662 4354840 11627980 23084170
1790329833386 0 510 0 2983669720 2937860953 0 0 0 0 0 0 1216955741 19942611 4176248832 0 0 16464338 10935977 4401041 11764337 23276888
1790329834406 0 119799 0 2983809420 2937881438 0 0 0 0 0 0 1217058384 19942930 4176039936 480206848 0 16786221 11152827 4502675 11895976 23333953
1790329835425 0 78585 4 2983893147 2938006368 0 0 0 0 0 0 1217117895 19943111 4175466496 314413056 0 16969466 11278151 4562172 12049192 23601840
1790329836446 0 85229 23807 2984006118 2938088918 0 0 0 0 0 0 1217192283 19943354 4174802944 402145280 65318912 17219187 11441628 4638644 12183120 23779924
1790329837470 0 67981 55 2984093531 2938217345 0 0 0 0 0 0 1217255348 19943542 4174475264 276275200 15953920 17415913 11571334 4701218 12311437 24096238
1790329838491 0 54457 42 2984185010 2938322198 0 0 0 0 0 0 1217327229 19943763 4174204928 212856832 0 17630147 11711312 4772550 12464385 24386197
1790329839517 0 85042 0 2984276886 2938383718 0 0 0 0 0 0 1217395502 19943964 4173811712 339791872 0 17840492 11848974 4839997 12595455 24571703
1790329840545 0 60085 32 2984340140 2938471761 0 0 0 0 0 0 1217432440 19944101 4172193792 246333440 17375232 17988603 11940376 4878801 12687996 24798792
1790329841566 0 99378 0 2984433730 2938526021 0 0 0 0 0 0 1217507378 19944330 4172443648 403668992 0 18210709 12085583 4951176 12855553 25036017
1790329842586 0 84407 6716 2984534696 2938635243 0 0 0 0 0 0 1217585229 19944549 4171804672 378798080 0 18438037 12235076 5029115 12915955 25148286
1790329843604 0 27407 49 2984609387 2938773732 0 0 0 0 0 0 1217637901 19944710 4170842112 109981696 4009984 18604222 12342920 5083493 13039966 25510604
1790329844623 0 93314 0 2984723476 2938821922 0 0 0 0 0 0 1217711375 19944941 4169420800 369528832 0 18845957 12501451 5156715 13238745 25776082
1790329845647 0 76753 1682 2984794280 2938908054 0 0 0 0 0 0 1217747870 19945063 4168167424 325042176 4812800 19000380 12594639 5194190 13382537 26274417
1790329846668 0 95245 0 2984877991 2938974476 0 0 0 0 0 0 1217799819 19945251 4167204864 379817984 0 19160936 12707495 5245018 13468411 26594406
1790329847692 0 98038 2598 2984942178 2939033319 0 0 0 0 0 0 1217846953 19945409 4166520832 401563648 10641408 19312086 12809660 5293275 13602683 27054252
1790329848711 0 4605 7 2985000321 2939187432 0 0 0 0 0 0 1217894141 19945545 4166254592 8511488 0 19440031 12900079 5339645 13724928 27416325
1790329849736 0 88748 0 2985127380 2939230435 0 0 0 0 0 0 1217968091 19945797 4164976640 354238464 0 19697071 13071402 5413390 13946546 27641165
1790329850757 0 72671 0 2985212685 2939331792 0 0 0 0 0 0 1218020962 19945971 4164665344 296763392 0 19898370 13197024 5465748 14127047 28032535
1790329851777 0 82413 0 2985298250 2939407548 0 0 0 0 0 0 1218081530 19946174 4164460544 331399168 0 20088941 13328270 5525804 14297904 28353505
1790329852796 0 99162 0 2985401988 2939494610 0 0 0 0 0 0 1218163639 19946420 4164911104 399888384 0 20324878 13492033 5608306 14404607 28512747
1790329853815 0 35996 0 2985477012 2939632814 0 0 0 0 0 0 1218213650 19946614 4164931584 139112448 0 20489276 13602912 5658250 14646543 28937408
1790329854835 0 92184 0 2985594666 2939694256 0 0 0 0 0 0 1218302883 19946904 4165713920 367267840 0 20761423 13786718 5748073 14757028 29036271
1790329855854 0 111430 0 2985696927 2939777201 0 0 0 0 0 0 1218383740 19947200 4166443008 448290816 0 21000900 13951610 5828183 14952422 29216291
1790329856873 0 87678 7373 2985791950 2939888603 0 0 0 0 0 0 1218446035 19947444 4166139904 403361792 0 21222202 14098822 5892386 15167916 29435651
1790329857909 0 86487 0 2985892127 2939997363 0 0 0 0 0 0 1218507671 19947663 4165447680 343818240 0 21435934 14242306 5952793 15327256 29688419
1790329858941 0 100580 1198 2985989657 2940079716 0 0 0 0 0 0 1218590329 19947945 4166586368 420294656 6631424 21674198 14408295 6036651 15448925 29880666
1790329859960 0 47419 1971 2986067324 2940209719 0 0 0 0 0 0 1218651400 19948141 4166660096 194162688 18972672 21856956 14533836 6097722 15620575 30180611
1790329860978 0 88141 0 2986163352 2940266995 0 0 0 0 0 0 1218714079 19948389 4165742592 352641024 0 22061101 14669422 6159375 15685237 30322552
1790329861997 0 80708 0 2986249084 2940360181 0 0 0 0 0 0 1218765902 19948562 4165451776 320188416 0 22262030 14796573 6211216 15903420 30666722
1790329863031 0 80086 0 2986346716 2940458464 0 0 0 0 0 0 1218838295 19948826 4165623808 321458176 14303232 22490804 14951835 6283593 16120697 30976314
1790329864083 0 55168 7299 2986415050 2940544371 0 0 0 0 0 0 1218889144 19949009 4166180864 225968128 42160128 22649834 15063974 6335464 16332479 31356007
1790329865103 0 78015 5402 2986514269 2940622677 0 0 0 0 0 0 1218968166 19949267 4168028160 361115648 0 22892307 15228409 6413987 16523629 31628742
1790329866129 0 67265 5598 2986603620 2940722569 0 0 0 0 0 0 1219038986 19949508 4168925184 275537920 39772160 23120722 15377446 6484802 16679423 31807051
1790329867151 0 78131 70 2986698143 2940811717 0 0 0 0 0 0 1219107758 19949743 4169236480 320024576 17350656 23353535 15528037 6554078 16783200 31960089
1790329868170 0 85018 8462 2986780799 2940879138 0 0 0 0 0 0 1219188817 19949998 4170518528 392450048 0 23578204 15681039 6634189 16948923 32272342
1790329869199 0 33955 1050 2986853305 2941010030 0 0 0 0 0 0 1219240200 19950188 4169875456 160210944 13705216 23750244 15794946 6686520 17142223 32686448
1790329870221 0 80283 0 2986960717 2941072191 0 0 0 0 0 0 1219324381 19950461 4170842112 318394368 0 24014610 15969488 6769680 17338506 32922056
1790329871249 0 72901 7300 2987042384 2941153983 0 0 0 0 0 0 1219380401 19950695 4170764288 334155776 0 24205071 16096148 6826206 17501138 33280146
1790329872274 0 65454 1152 2987127131 2941252381 0 0 0 0 0 0 1219446040 19950927 4171051008 268107776 17842176 24406730 16235497 6892432 17596152 33422106
1790329873297 0 100186 2392 2987243716 2941332914 0 0 0 0 0 0 1219518540 19951216 4169748480 410361856 26456064 24662771 16404955 6964860 17798080 33628744
1790329874322 0 4353 469 2987307964 2941494943 0 0 0 0 0 0 1219566296 19951397 4169961472 27336704 4059136 24817568 16506401 7012105 17995215 34118763
1790329875349 0 78043 71 2987418306 2941531937 0 0 0 0 0 0 1219639725 19951687 4169924608 310059008 0 25062401 16671971 7085022 18198522 34379915
1790329876370 0 78478 0 2987494484 2941607748 0 0 0 0 0 0 1219707972 19951922 4170985472 319459328 0 25246817 16802315 7152161 18273879 34559499
1790329877391 0 101353 0 2987572664 2941663045 0 0 0 0 0 0 1219765466 19952137 4170911744 406417408 0 25427524 16920862 7210307 18488358 34929736
1790329878410 0 101471 13 2987652599 2941742907 0 0 0 0 0 0 1219827824 19952382 4171579392 409538560 0 25615301 17047311 7272436 18668431 35210707
1790329879434 0 49727 657 2987730272 2941871930 0 0 0 0 0 0 1219884130 19952574 4170960896 213540864 2633728 25797786 17169946 7329938 18798493 35544107
1790329880459 0 53033 0 2987827797 2941966638 0 0 0 0 0 0 1219937530 19952796 4170145792 207020032 0 26007190 17300819 7382315 19029346 35870202
1790329881482 0 64894 12191 2987911143 2942025934 0 0 0 0 0 0 1220005846 19953060 4170338304 265515008 64688128 26228001 17442785 7451655 19236821 36261641
1790329882511 0 65460 14909 2988011308 2942122688 0 0 0 0 0 0 1220067490 19953315 4169674752 311476224 43950080 26430703 17588529 7513810 19370714 36440808
1790329883536 0 81587 715 2988091915 2942201388 0 0 0 0 0 0 1220119354 19953523 4168843264 347676672 3653632 26619549 17709179 7565164 19556583 36695112
1790329884560 0 39135 1510 2988164925 2942316106 0 0 0 0 0 0 1220171238 19953732 4168577024 171565056 4288512 26800408 17823854 7617050 19758104 37144509
1790329885578 0 58702 2195 2988251790 2942382737 0 0 0 0 0 0 1220229290 19953977 4168548352 240443392 16601088 26988375 17950186 7675610 19961864 37418228
1790329886597 0 141919 0 2988369861 2942419699 0 0 0 0 0 0 1220313410 19954298 4168544256 577425408 0 27254642 18129523 7757720 20065607 37507529
1790329887616 0 80878 0 2988451064 2942561995 0 0 0 0 0 0 1220360728 19954483 4168601600 316366848 0 27429507 18241264 7805519 20200723 37807343
1790329888636 0 45349 438 2988538385 2942684467 0 0 0 0 0 0 1220422886 19954717 4168642560 202190848 9904128 27635168 18370955 7868695 20441010 38173927
1790329889662 0 68375 1095 2988635465 2942757817 0 0 0 0 0 0 1220491691 19954971 4168540160 299679744 5541888 27846010 18515502 7937498 20668689 38468883
1790329890685 0 70485 6282 2988726980 2942842073 0 0 0 0 0 0 1220553824 19955210 4167229440 330649600 0 28054792 18652136 7998607 20875903 38749965
1790329891704 0 66266 0 2988821272 2942946595 0 0 0 0 0 0 1220621052 19955452 4167184384 260661248 0 28264797 18786272 8066767 21056175 39099764
1790329892724 0 57275 67 2988910410 2943044854 0 0 0 0 0 0 1220679604 19955677 4167335936 224178176 0 28463463 18915406 8124829 21259976 39452610
1790329893743 0 74465 3 2988998231 2943115587 0 0 0 0 0 0 1220745841 19955910 4166496256 311590912 6508544 28657794 19054600 8191135 21495286 39782562
1790329894762 0 4434 0 2989059792 2943247065 0 0 0 0 0 0 1220789963 19956081 4166410240 8482816 0 28797903 19143814 8234795 21705676 40219322
1790329895781 0 60409 803 2989171963 2943302548 0 0 0 0 0 0 1220862879 19956337 4166209536 247271424 12910592 29051913 19307793 8309198 21921580 40458740
1790329896805 0 66295 5629 2989257698 2943377713 0 0 0 0 0 0 1220927564 19956572 4166242304 309223424 0 29249000 19437960 8372863 22150080 40825163
1790329897830 0 63982 8 2989340508 2943468304 0 0 0 0 0 0 1220990753 19956818 4166619136 257884160 0 29440851 19566549 8436052 22379121 41164333
1790329898850 0 75437 0 2989420523 2943536884 0 0 0 0 0 0 1221048305 19957043 4166238208 298758144 0 29615239 19690568 8493738 22562668 41528188
1790329899873 0 18886 446 2989470386 2943642880 0 0 0 0 0 0 1221091371 19957173 4166725632 84250624 2408448 29745775 19774829 8537179 22792915 42064951
1790329900893 0 56110 0 2989559794 2943695516 0 0 0 0 0 0 1221163745 19957452 4166823936 219582464 0 29958782 19914684 8609009 22920500 42235097
1790329901912 0 88193 0 2989666656 2943770279 0 0 0 0 0 0 1221248959 19957763 4167303168 350011392 0 30221318 20083001 8694767 23037402 42409385
1790329902934 0 92068 0 2989736003 2943835820 0 0 0 0 0 0 1221313123 19957981 4167602176 372924416 0 30411402 20205708 8757395 23188537 42628089
1790329903954 0 81549 0 2989817740 2943927981 0 0 0 0 0 0 1221376865 19958212 4167540736 325742592 0 30608302 20332238 8821999 23424997 42985124
1790329904986 0 50636 2369 2989890154 2944028968 0 0 0 0 0 0 1221436517 19958441 4168146944 226852864 2301952 30810764 20455875 8882842 23629912 43347269
1790329906009 0 43219 0 2989953454 2944102005 0 0 0 0 0 0 1221480123 19958595 4168462336 166670336 0 30958085 20552795 8925089 23803737 43733215
1790329907028 0 98874 0 2990056095 2944149113 0 0 0 0 0 0 1221553658 19958899 4167258112 396640256 0 31195041 20707734 8998380 23948745 43916233
1790329908047 0 123111 0 2990160358 2944228986 0 0 0 0 0 0 1221619801 19959176 4166291456 496926720 0 31411072 20857728 9064121 24141519 44220416
1790329909067 0 66708 0 2990224739 2944349819 0 0 0 0 0 0 1221667573 19959366 4166234112 266711040 0 31568298 20959128 9112368 24309607 44696656
1790329910093 0 46258 1712 2990295003 2944439244 0 0 0 0 0 0 1221725586 19959561 4167004160 197992448 4567040 31752701 21082448 9171400 24436892 44935864
1790329911112 0 47835 0 2990367041 2944510976 0 0 0 0 0 0 1221780535 19959794 4167852032 186138624 0 31923341 21192604 9225337 24527402 45092107
1790329912131 0 94749 11972 2990466648 2944552120 0 0 0 0 0 0 1221856535 19960071 4167933952 387952640 62455808 32171348 21356958 9302855 24654250 45218302
1790329913154 0 87651 658 2990549773 2944653164 0 0 0 0 0 0 1221913527 19960278 4167630848 363212800 3022848 32360943 21480545 9359335 24789862 45570372
1790329914174 0 94995 0 2990640584 2944737285 0 0 0 0 0 0 1221971015 19960503 4166680576 382042112 0 32558510 21611208 9415311 24961512 45821230
1790329915203 0 95686 3642 2990738849 2944831415 0 0 0 0 0 0 1222038853 19960787 4166389760 428740608 5844992 32782442 21765573 9484660 25057347 45966687
1790329916225 0 59740 1704 2990829338 2944959758 0 0 0 0 0 0 1222099394 19960997 4166361088 261140480 8847360 32975151 21901324 9545201 25245144 46339472
1790329917249 0 93266 36 2990917104 2945015751 0 0 0 0 0 0 1222164608 19961235 4167102464 375713792 0 33189140 22040053 9608882 25334040 46511100
1790329918268 0 95592 19070 2990995767 2945072975 0 0 0 0 0 0 1222220590 19961445 4167528448 389451776 86728704 33365251 22166046 9666910 25515410 46895868
1790329919287 0 93224 0 2991050223 2945148799 0 0 0 0 0 0 1222263650 19961598 4167385088 373673984 0 33506061 22254327 9709011 25796646 47363419
1790329920309 0 54632 935 2991106183 2945242480 0 0 0 0 0 0 1222307846 19961733 4167581696 234237952 5861376 33648231 22347955 9754167 25934306 47878299
1790329921330 0 51742 1 2991178022 2945318040 0 0 0 0 0 0 1222349957 19961915 4167352320 202178560 0 33792020 22447384 9795268 26034156 48099541
1790329922358 0 67802 77 2991270799 2945394829 0 0 0 0 0 0 1222422566 19962193 4167430144 287555584 2547712 34005136 22596283 9867867 26221274 48443922
1790329923393 0 120167 0 2991383578 2945455263 0 0 0 0 0 0 1222492888 19962486 4166762496 483999744 0 34243942 22757912 9938242 26403273 48626451
1790329924417 0 80006 0 2991448860 2945560680 0 0 0 0 0 0 1222534547 19962635 4166324224 325513216 5480448 34394426 22854888 9980357 26503065 48847431
1790329925441 0 73045 2628 2991514102 2945630376 0 0 0 0 0 0 1222575128 19962808 4166074368 299003904 20385792 34537027 22951819 10020937 26691493 49351888
1790329926460 0 43205 0 2991568149 2945716761 0 0 0 0 0 0 1222618255 19962968 4166549504 168591360 0 34662771 23039356 10063042 26771726 49612114
1790329927479 0 86472 0 2991658494 2945763867 0 0 0 0 0 0 1222682420 19963198 4166488064 341741568 0 34858480 23177749 10127722 27053698 49925034
1790329928499 0 98675 363 2991748917 2945841723 0 0 0 0 0 0 1222743611 19963408 4165664768 422563840 0 35055456 23314860 10188908 27238930 50275558
1790329929532 0 93686 0 2991827619 2945925661 0 0 0 0 0 0 1222802641 19963649 4166537216 373256192 0 35264479 23441800 10247989 27362433 50500114
1790329930560 0 78326 775 2991909687 2946022430 0 0 0 0 0 0 1222850972 19963848 4166443008 325410816 2215936 35435701 23560722 10296779 27491411 50823615
1790329931578 0 18431 0 2991941645 2946115003 0 0 0 0 0 0 1222874097 19963954 4167278592 62947328 0 35507965 23610768 10320417 27664659 51226575
1790329932598 0 114536 0 2992061275 2946138557 0 0 0 0 0 0 1222954409 19964288 4166856704 456720384 0 35774598 23787193 10400544 27783385 51353089
1790329933621 0 87023 427 2992119873 2946224209 0 0 0 0 0 0 1222996791 19964448 4166504448 363216896 2994176 35909640 23876832 10442150 27881041 51662618
1790329934640 0 90922 0 2992191251 2946292159 0 0 0 0 0 0 1223046591 19964641 4167057408 360792064 0 36069068 23983139 10491411 27996817 51920015
1790329935660 0 53811 501 2992250866 2946388429 0 0 0 0 0 0 1223100047 19964847 4168302592 227860480 8994816 36221558 24089768 10545859 28176966 52394404
1790329936681 0 69632 0 2992347790 2946469848 0 0 0 0 0 0 1223159161 19965133 4167581696 272023552 0 36437571 24224791 10604987 28429741 52766351
1790329937705 0 57926 0 2992408663 2946542554 0 0 0 0 0 0 1223209474 19965298 4168339456 234172416 0 36590806 24321726 10653240 28739153 53189699
1790329938728 0 65445 65 2992475647 2946601929 0 0 0 0 0 0 1223259255 19965503 4168499200 259092480 0 36748690 24424217 10703840 28887054 53603847
1790329939747 0 92587 831 2992548416 2946646903 0 0 0 0 0 0 1223303991 19965681 4168192000 385564672 1417216 36904156 24530115 10750311 29267004 54043877
1790329940772 0 44800 478 2992617201 2946763749 0 0 0 0 0 0 1223356845 19965867 4167954432 201601024 7409664 37078889 24639319 10802143 29516712 54499013
1790329941795 0 79215 0 2992714318 2946826988 0 0 0 0 0 0 1223432503 19966174 4168605696 320278528 0 37325583 24793632 10876269 29668133 54657854
1790329942815 0 74846 0 2992794970 2946911982 0 0 0 0 0 0 1223485369 19966377 4167770112 302428160 0 37503009 24914260 10928630 29839945 55060931
1790329943840 0 70000 2628 2992885296 2947004524 0 0 0 0 0 0 1223541835 19966621 4166950912 320356352 0 37708021 25047441 10987429 29952942 55217784
1790329944864 0 92403 5167 2992983996 2947078723 0 0 0 0 0 0 1223604564 19966888 4166680576 378482688 28876800 37937784 25193198 11050718 30136797 55589797
1790329945889 0 72525 195 2993040009 2947159074 0 0 0 0 0 0 1223644102 19967060 4166766592 302653440 1687552 38076281 25279953 11089911 30273707 55925892
1790329946908 0 24582 0 2993079527 2947246725 0 0 0 0 0 0 1223685554 19967216 4168237056 95023104 0 38182328 25352021 11129073 30486587 56440560
1790329947927 0 70090 0 2993170059 2947291786 0 0 0 0 0 0 1223750206 19967447 4168032256 276676608 0 38385571 25492207 11195021 30674148 56770748
1790329948953 0 77658 1809 2993242942 2947355422 0 0 0 0 0 0 1223805651 19967649 4167286784 330080256 0 38550901 25605105 11249929 30902290 57195298
1790329949974 0 98805 6351 2993337977 2947424693 0 0 0 0 0 0 1223879484 19967927 4167524352 444637184 0 38784652 25751604 11325866 31158521 57514123
1790329950999 0 42644 810 2993381713 2947530131 0 0 0 0 0 0 1223911344 19968041 4167933952 186875904 1478656 38894555 25819615 11356641 31295217 58109544
1790329952021 0 67849 0 2993465481 2947589442 0 0 0 0 0 0 1223963154 19968271 4167380992 267513856 0 39081058 25944318 11408547 31493676 58417243
1790329953040 0 68290 2 2993540670 2947664217 0 0 0 0 0 0 1224036106 19968538 4167872512 276959232 0 39286915 26080554 11479914 31694202 58758618
1790329954066 0 2 0 2993583648 2947775490 0 0 0 0 0 0 1224065916 19968645 4166909952 0 0 39383586 26146409 11511238 31741798 58884326
1790329955088 0 33 0 2993583681 2947775492 0 0 0 0 0 0 1224222699 19969429 4194717696 131072 0 39542148 26295891 11667509 31789865 58981800
1790329956108 0 33 0 2993583681 2947775492 0 0 0 0 0 0 1224390364 19970129 4196646912 131072 0 39734330 26460951 11833040 31874254 59116508
1790329957128 0 33 0 2993583681 2947775492 0 0 0 0 0 0 1224563407 19970782 4202250240 131072 0 40284162 26633954 12007411 32009634 59142182
1790329958147 0 33 0 2993583681 2947775492 0 0 0 0 0 0 1224691748 19972240 3911221248 118784 0 40452235 26764945 12138068 32127170 59185059
