1790330806665 0 0 0 3047366466 3001558327 0 0 0 0 0 0 1260203375 20051738 - - - - - - - -
1790330808228 0 138776 3790 3047741610 3001791347 0 0 0 0 0 0 1260203397 20051840 1474347008 590864384 4997120 0 0 22 0 36437
1790330809319 0 148739 3156 3047936179 3001976110 0 0 0 0 0 0 1260203397 20051841 2284834816 595607552 16777216 0 0 22 0 87514
1790330810354 0 159087 1981 3048132102 3002162822 0 0 0 0 0 0 1260203397 20051841 3092262912 640880640 8388608 0 0 22 0 144448
1790330811381 0 154036 2008 3048314264 3002350008 0 0 0 0 0 0 1260203397 20051841 3830910976 614866944 8388608 0 0 22 0 209415
1790330812403 0 150999 1744 3048483785 3002522784 0 0 0 0 0 0 1260207155 20051846 4141174784 604696576 6189056 197061 98022 2538 41882 259775
1790330813438 0 124629 12219 3048661887 3002716663 0 0 0 0 0 0 1260219557 20051858 4140302336 570384384 33554432 487635 291941 16182 83505 375444
1790330814485 0 149367 4099 3048869261 3002907437 0 0 0 0 0 0 1260239238 20051884 4139757568 630140928 7516160 790142 521030 35955 124561 525543
1790330815512 0 92231 15708 3049031420 3003115333 0 0 0 0 0 0 1260265240 20051943 4140089344 449114112 16777216 1027645 707163 61924 173364 767898
1790330816548 0 84800 5963 3049188940 3003289785 0 0 0 0 0 0 1260297006 20052165 4141797376 374554624 7426048 1348676 891768 92689 232137 1016016
1790330817576 0 108754 2028 3049366516 3003447483 0 0 0 0 0 0 1260345287 20052405 4144623616 446369792 25165824 1676368 1119190 141414 283241 1358510
1790330818616 0 121573 10000 3049527034 3003587349 0 0 0 0 0 0 1260394004 20052590 4147818496 561451008 41435136 1955797 1327345 190143 332265 1478353
1790330819673 0 122759 10020 3049681213 3003740336 0 0 0 0 0 0 1260451434 20052802 4151279616 543670272 25165824 2245512 1537251 246543 410143 1635463
1790330820705 0 124278 8605 3049836654 3003895545 0 0 0 0 0 0 1260506923 20053077 4153974784 539582464 33554432 2562291 1748794 303072 517137 1800872
1790330821732 0 46705 7280 3049965349 3004103435 0 0 0 0 0 0 1260553637 20053268 4155633664 196300800 35041280 2812742 1925042 350270 578803 2011165
1790330822757 0 51254 2532 3050142078 3004280468 0 0 0 0 0 0 1260629471 20053540 4157243392 212238336 30896128 3174961 2174767 424106 635473 2166824
1790330823800 0 114641 8832 3050341160 3004409683 0 0 0 0 0 0 1260736095 20053867 4159975424 504680448 73924608 3615907 2477898 531253 692173 2283892
1790330824828 0 116808 1918 3050502472 3004575674 0 0 0 0 0 0 1260839778 20054174 4162539520 495493120 33554432 4008590 2743181 634872 773019 2488172
1790330825854 0 87906 3370 3050664745 3004765426 0 0 0 0 0 0 1260938803 20054481 4164448256 390176768 12353536 4403377 3001569 734919 851246 2646756
1790330826877 0 43813 16696 3050825037 3004956321 0 0 0 0 0 0 1261058262 20054806 4166807552 265920512 35057664 4844622 3280919 854194 924994 2814939
1790330827927 0 92423 0 3051003669 3005102986 0 0 0 0 0 0 1261186568 20055152 4167897088 358797312 0 5300566 3581063 978914 1009056 2961267
1790330828950 0 119401 0 3051168782 3005241227 0 0 0 0 0 0 1261319634 20055569 4168159232 471298048 0 5756583 3879519 1112212 1145560 3157790
1790330829990 0 114673 1460 3051314703 3005390519 0 0 0 0 0 0 1261436929 20056470 4167806976 488529920 9068544 6162655 4138063 1230713 1242166 3339454
1790330831014 0 85776 6096 3051447086 3005547147 0 0 0 0 0 0 1261555142 20056815 4169097216 367054848 0 6536347 4372621 1349741 1349641 3694060
1790330832037 0 53454 1356 3051562184 3005699279 0 0 0 0 0 0 1261640903 20057079 4167995392 225574912 5484544 6826564 4555635 1437521 1454230 4058339
1790330833065 0 81910 0 3051693711 3005803471 0 0 0 0 0 0 1261751238 20057385 4165836800 315494400 0 7172822 4767865 1545208 1551882 4295267
1790330834087 0 76176 1717 3051818101 3005932084 0 0 0 0 0 0 1261823600 20057604 4163428352 316030976 6062080 7431232 4931133 1618270 1616184 4591334
1790330835115 0 44499 9072 3051931558 3006069908 0 0 0 0 0 0 1261902639 20057829 4161351680 220602368 0 7659739 5073408 1697423 1708918 4969130
1790330836140 0 31031 960 3052047190 3006207065 0 0 0 0 0 0 1261954493 20057994 4157440000 121110528 27299840 7888860 5202609 1750088 1821721 5304068
1790330837176 0 12108 0 3052166861 3006346546 0 0 0 0 0 0 1262034516 20058222 4155113472 25415680 0 8143639 5351899 1827168 1922421 5655126
1790330838201 0 57518 3571 3052323271 3006454038 0 0 0 0 0 0 1262135073 20058489 4152131584 236376064 0 8484649 5556894 1927308 2018412 5878297
1790330839241 0 54623 68 3052434679 3006571829 0 0 0 0 0 0 1262204437 20058681 4150030336 199405568 0 8748145 5707498 1997792 2102593 6165644
1790330840286 0 33389 37 3052541409 3006699893 0 0 0 0 0 0 1262277884 20058868 4149043200 123297792 16130048 9008200 5860189 2069913 2196346 6429235
1790330841337 0 70069 0 3052694055 3006815575 0 0 0 0 0 0 1262376396 20059159 4147249152 263561216 0 9340449 6068988 2168828 2290801 6654087
1790330842357 0 25142 26 3052800829 3006967488 0 0 0 0 0 0 1262450815 20059399 4145508352 98607104 14426112 9599102 6234097 2246941 2384026 6913052
1790330843391 0 56235 0 3052934298 3007069892 0 0 0 0 0 0 1262557332 20059845 4146327552 206725120 0 9907858 6439277 2350684 2489716 7153872
1790330844421 0 82220 11194 3053072515 3007170919 0 0 0 0 0 0 1262646685 20060122 4146958336 385069056 0 10233395 6648516 2441185 2557689 7290971
1790330845447 0 92451 0 3053207990 3007307462 0 0 0 0 0 0 1262751756 20060441 4147331072 359690240 0 10573064 6865784 2542824 2641049 7546299
1790330846474 0 68512 1533 3053326237 3007448032 0 0 0 0 0 0 1262836871 20060687 4147343360 286363648 15642624 10866488 7055810 2632997 2722914 7855076
1790330847498 0 66097 0 3053452283 3007577939 0 0 0 0 0 0 1262928916 20060946 4147916800 254296064 0 11165812 7245059 2721418 2804980 8145052
1790330848522 0 79189 0 3053582157 3007694641 0 0 0 0 0 0 1263028273 20061218 4148715520 308183040 0 11497678 7454266 2820817 2908059 8368553
1790330849549 0 68299 56 3053698260 3007821625 0 0 0 0 0 0 1263100738 20061431 4147957760 269438976 7491584 11761073 7624727 2895850 2989186 8656345
1790330850574 0 96309 48 3053837713 3007933208 0 0 0 0 0 0 1263197141 20061717 4147974144 371855360 0 12096511 7836844 2991786 3079573 8933588
1790330851603 0 60306 48 3053939065 3008070477 0 0 0 0 0 0 1263278815 20061965 4149252096 222400512 0 12349382 8002162 3071870 3160510 9198588
1790330852635 0 2654 12 3054035778 3008224898 0 0 0 0 0 0 1263362303 20062191 4150444032 2113536 6627328 12612455 8172964 3154970 3255690 9586678
1790330853665 0 92367 65 3054202354 3008301658 0 0 0 0 0 0 1263496937 20062563 4152344576 358903808 0 13056704 8444220 3290019 3379589 9784483
1790330854687 0 34776 15155 3054302256 3008444233 0 0 0 0 0 0 1263565276 20062777 4151472128 157810688 59654144 13312979 8603836 3361894 3478476 10140420
1790330855706 0 73230 16984 3054446085 3008547721 0 0 0 0 0 0 1263654098 20063093 4149723136 299950080 83820544 13648836 8819535 3450205 3560767 10332944
1790330856728 0 77051 4234 3054564416 3008675207 0 0 0 0 0 0 1263756196 20063401 4151300096 325615616 0 13954120 9017690 3549273 3642690 10588990
1790330857755 0 38324 1101 3054676250 3008828468 0 0 0 0 0 0 1263843947 20063688 4152557568 174600192 5206016 14238160 9209788 3639645 3713396 10844591
1790330858786 0 72999 0 3054816540 3008935265 0 0 0 0 0 0 1263928273 20063965 4151926784 277520384 0 14563399 9413307 3722330 3832688 11101566
1790330859810 0 65617 6942 3054938830 3009058202 0 0 0 0 0 0 1264028885 20064274 4152803328 266829824 44822528 14906652 9628717 3825504 3935398 11312434
1790330860834 0 85784 0 3055076211 3009182051 0 0 0 0 0 0 1264129451 20064560 4152258560 330055680 0 15214769 9840870 3924022 4011676 11494315
1790330861859 0 70140 1211 3055197301 3009317767 0 0 0 0 0 0 1264228516 20064852 4152422400 301051904 6471680 15534194 10046416 4024018 4113210 11699893
1790330862885 0 44121 864 3055324176 3009470973 0 0 0 0 0 0 1264321902 20065136 4153389056 204922880 1888256 15845090 10247161 4118010 4185714 11943755
1790330863918 0 100003 0 3055493630 3009585510 0 0 0 0 0 0 1264425063 20065466 4151799808 388800512 0 16232117 10489199 4219434 4281720 12090698
1790330864940 0 82395 4836 3055615403 3009720431 0 0 0 0 0 0 1264510338 20065708 4151803904 335278080 38141952 16555280 10685807 4306955 4371345 12314885
1790330865965 0 81171 0 3055761673 3009872233 0 0 0 0 0 0 1264612924 20066027 4151169024 315944960 3330048 16890772 10906638 4408011 4450673 12542352
1790330866987 0 89104 3942 3055895379 3009994181 0 0 0 0 0 0 1264703359 20066291 4150853632 380657664 0 17205345 11109202 4498352 4518194 12577964
1790330868012 0 12368 2219 3056000766 3010178029 0 0 0 0 0 0 1264779332 20066552 4151054336 65765376 11677696 17467763 11275770 4575438 4605209 12843924
1790330869040 0 54754 0 3056152846 3010289867 0 0 0 0 0 0 1264895161 20066906 4151832576 204439552 0 17832357 11505055 4687353 4703985 13061944
1790330870068 0 99894 0 3056301387 3010393292 0 0 0 0 0 0 1265001849 20067222 4150943744 390582272 0 18191073 11726507 4794544 4792528 13260667
1790330871092 0 87401 0 3056427023 3010531533 0 0 0 0 0 0 1265087357 20067495 4149825536 335183872 0 18475695 11907993 4882020 4891293 13470026
1790330872123 0 76607 314 3056547352 3010662378 0 0 0 0 0 0 1265156281 20067750 4147998720 309559296 26357760 18740540 12075783 4952894 4997976 13756397
1790330873145 0 9287 1022 3056654214 3010835807 0 0 0 0 0 0 1265221973 20067990 4146593792 42795008 5820416 18965581 12218462 5017829 5079991 14084804
1790330874169 0 69704 436 3056812577 3010934269 0 0 0 0 0 0 1265349741 20068407 4146053120 279293952 24309760 19390101 12475497 5146384 5174811 14233974
1790330875198 0 94802 0 3056955472 3011052441 0 0 0 0 0 0 1265451908 20068732 4145340416 362848256 0 19721218 12678605 5246477 5279381 14526107
1790330876248 0 87402 32 3057069934 3011174294 0 0 0 0 0 0 1265518897 20068986 4144304128 335941632 0 19993872 12839543 5313248 5371181 14770801
1790330877289 0 75734 2993 3057204906 3011318098 0 0 0 0 0 0 1265622785 20069334 4143390720 338780160 0 20340084 13050790 5417589 5472122 15051927
1790330878313 0 30959 950 3057318908 3011478817 0 0 0 0 0 0 1265683764 20069589 4141563904 140783616 2707456 20576107 13202356 5479399 5570475 15383235
1790330879332 0 98085 13240 3057498856 3011579420 0 0 0 0 0 0 1265815794 20070242 4141891584 395468800 71729152 21017616 13486620 5612426 5683966 15568122
1790330880356 0 73833 8545 3057629299 3011738824 0 0 0 0 0 0 1265893831 20070569 4141965312 340369408 9723904 21298529 13674998 5690481 5775667 15816670
1790330881381 0 59888 28 3057759850 3011891810 0 0 0 0 0 0 1265992395 20070893 4141772800 243101696 26157056 21630447 13882864 5789013 5885001 16088654
1790330882404 0 110821 0 3057916317 3011997354 0 0 0 0 0 0 1266105207 20071340 4142907392 432680960 0 21996396 14125856 5900497 6013581 16295600
1790330883427 0 36248 0 3058041769 3012197338 0 0 0 0 0 0 1266180958 20071998 4141596672 128905216 0 22282136 14303052 5972086 6143167 16596611
1790330884457 0 60063 1460 3058196555 3012327022 0 0 0 0 0 0 1266286728 20072397 4142354432 286699520 2404352 22665775 14545459 6082919 6249136 16822286
1790330885491 0 70136 16831 3058358400 3012463330 0 0 0 0 0 0 1266405606 20072800 4143820800 374538240 9510912 23046411 14803886 6200689 6347694 17038992
1790330886530 0 70278 0 3058491407 3012613060 0 0 0 0 0 0 1266506440 20073169 4144525312 276537344 0 23371745 15007530 6297729 6422105 17225152
1790330887559 0 80084 1404 3058634732 3012745138 0 0 0 0 0 0 1266607582 20073531 4146806784 316952576 0 23734680 15235040 6400661 6528090 17464201
1790330888581 0 29246 11 3058762286 3012924849 0 0 0 0 0 0 1266689745 20073857 4145856512 120799232 14770176 24037142 15429503 6485406 6648975 17787755
1790330889604 0 85296 9 3058920701 3013027192 0 0 0 0 0 0 1266807234 20074295 4145975296 330158080 0 24423594 15676154 6598969 6760876 17962684
1790330890628 0 84613 0 3059063458 3013170609 0 0 0 0 0 0 1266899872 20074672 4145868800 327364608 0 24762157 15889156 6694294 6876382 18329273
1790330891653 0 50472 7177 3059198889 3013333283 0 0 0 0 0 0 1266976384 20074985 4144713728 240001024 22421504 25060944 16085953 6772506 6947210 18581437
1790330892695 0 100708 668 3059357581 3013448006 0 0 0 0 0 0 1267092350 20075406 4145631232 430252032 2469888 25440607 16333908 6888264 7018580 18737450
1790330893730 0 39065 19 3059472369 3013625074 0 0 0 0 0 0 1267189406 20075745 4147044352 142426112 0 25725495 16521341 6979927 7114629 18999367
1790330894753 0 56440 735 3059624862 3013759628 0 0 0 0 0 0 1267305265 20076239 4147617792 244178944 3928064 26113842 16774525 7100980 7218715 19237132
1790330895775 0 84058 10284 3059778417 3013876256 0 0 0 0 0 0 1267403621 20076904 4146782208 383741952 17981440 26491846 16996903 7200359 7341268 19454382
1790330896793 0 77616 7483 3059900053 3014006811 0 0 0 0 0 0 1267489968 20077241 4146286592 317018112 46505984 26793717 17189710 7286587 7446048 19723707
1790330897812 0 82109 0 3060025304 3014135055 0 0 0 0 0 0 1267598476 20077650 4146864128 327024640 10862592 27116522 17398097 7394070 7552585 19978586
1790330898838 0 71162 876 3060155656 3014275527 0 0 0 0 0 0 1267685186 20078016 4146606080 280739840 0 27421762 17586569 7478112 7641250 20291036
1790330899867 0 63322 15561 3060299966 3014412970 0 0 0 0 0 0 1267783454 20078400 4146049024 335695872 9555968 27795140 17807654 7578811 7759847 20534460
1790330900894 0 99854 24 3060438977 3014530882 0 0 0 0 0 0 1267878867 20078774 4145938432 388087808 0 28119437 18013545 7674466 7830351 20709235
1790330901922 0 106795 0 3060578791 3014663996 0 0 0 0 0 0 1267980967 20079203 4145135616 417316864 0 28451297 18228867 7775429 7939302 21000171
1790330902967 0 59316 32 3060696252 3014828885 0 0 0 0 0 0 1268071955 20079555 4145590272 251596800 8716288 28759230 18421683 7866255 8054701 21343461
1790330903990 0 16961 0 3060806438 3014981398 0 0 0 0 0 0 1268154919 20079881 4146126848 48721920 0 29020841 18587206 7948992 8150436 21681207
1790330905012 0 47492 22 3060956861 3015101208 0 0 0 0 0 0 1268261253 20080306 4146159616 174481408 0 29395280 18816569 8055351 8241046 21877363
1790330906039 0 68522 1146 3061101883 3015224051 0 0 0 0 0 0 1268368261 20080766 4146110464 293453824 4403200 29754916 19040719 8162824 8321081 22102837
1790330907067 0 100193 16571 3061262583 3015337811 0 0 0 0 0 0 1268476052 20081225 4144459776 489508864 0 30144241 19281636 8271168 8427345 22281868
1790330908088 0 89298 2336 3061396962 3015497194 0 0 0 0 0 0 1268570074 20081602 4143919104 359981056 0 30454840 19478429 8363111 8588271 22730891
1790330909114 0 74175 0 3061523224 3015640980 0 0 0 0 0 0 1268665586 20081976 4144902144 285884416 0 30770130 19674910 8458039 8729082 23030865
1790330910137 0 77104 8803 3061661341 3015767314 0 0 0 0 0 0 1268761780 20082348 4144930816 315797504 50376704 31107327 19892661 8558415 8819212 23251311
1790330911155 0 123215 14819 3061817930 3015871887 0 0 0 0 0 0 1268876995 20082796 4144676864 558784512 16424960 31493759 20140958 8673618 8917342 23425993
1790330912179 0 99423 0 3061932470 3016024950 0 0 0 0 0 0 1268974984 20083128 4145115136 405188608 12181504 31790041 20328962 8771155 9021181 23743163
1790330913205 0 75747 730 3062076134 3016191417 0 0 0 0 0 0 1269048749 20083461 4142432256 295190528 0 32066046 20513962 8843098 9120276 24070177
1790330914228 0 134275 0 3062236338 3016293944 0 0 0 0 0 0 1269182479 20083961 4143161344 530276352 0 32497181 20784103 8975606 9226763 24279157
1790330915251 0 112091 365 3062362444 3016441949 0 0 0 0 0 0 1269277649 20084335 4144390144 477417472 0 32820250 20994070 9073858 9353500 24669737
1790330916274 0 71279 0 3062475471 3016596026 0 0 0 0 0 0 1269356850 20084676 4143919104 274501632 0 33086089 21159627 9147920 9462429 24967452
1790330917297 0 92701 7817 3062628047 3016719362 0 0 0 0 0 0 1269469753 20085139 4144775168 377888768 48742400 33484209 21407616 9265949 9560533 25166027
1790330918315 0 61885 4231 3062740563 3016866278 0 0 0 0 0 0 1269559329 20085492 4145250304 251813888 38559744 33762328 21587666 9354447 9633422 25404156
1790330919336 0 74639 12 3062885517 3017002788 0 0 0 0 0 0 1269673324 20085938 4145537024 290729984 0 34119349 21818205 9464891 9734571 25657167
1790330920368 0 61557 17 3063021995 3017152335 0 0 0 0 0 0 1269773693 20086345 4146544640 259166208 6037504 34483563 22042135 9567268 9850465 25945242
1790330921404 0 64732 3959 3063163306 3017286797 0 0 0 0 0 0 1269867847 20086754 4146204672 263286784 33259520 34836696 22261783 9664003 9965173 26233647
1790330922424 0 56795 895 3063306694 3017440856 0 0 0 0 0 0 1269967564 20087164 4144820224 239046656 1277952 35157880 22479375 9762547 10021128 26413524
1790330923446 0 95354 0 3063471532 3017568066 0 0 0 0 0 0 1270081925 20087628 4144119808 371273728 0 35532572 22723294 9873439 10106924 26597393
1790330924488 0 79732 0 3063615459 3017727519 0 0 0 0 0 0 1270189431 20088073 4145311744 313757696 27602944 35896617 22953338 9985020 10171672 26798082
1790330925552 0 83896 0 3063748702 3017856618 0 0 0 0 0 0 1270292774 20088460 4146569216 326602752 0 36235033 23165530 10085829 10288210 27067070
1790330926584 0 35243 1091 3063869312 3018024928 0 0 0 0 0 0 1270374081 20088794 4146466816 147107840 15634432 36545822 23355335 10170702 10378992 27317108
1790330927613 0 51371 9344 3064017200 3018148649 0 0 0 0 0 0 1270479162 20089208 4145713152 252452864 0 36905494 23580435 10274392 10479287 27582649
1790330928634 0 95403 0 3064179095 3018275471 0 0 0 0 0 0 1270587607 20089650 4144979968 366456832 0 37275291 23820429 10382234 10541152 27754942
1790330929675 0 52614 0 3064302631 3018441844 0 0 0 0 0 0 1270681705 20090014 4145508352 194084864 0 37588417 24016461 10474643 10652470 28055817
1790330930706 0 92845 928 3064466362 3018564448 0 0 0 0 0 0 1270790276 20090481 4144922624 395493376 1945600 37977068 24265412 10585360 10801067 28357012
1790330931729 0 127477 0 3064625339 3018689654 0 0 0 0 0 0 1270900687 20090916 4144599040 503123968 0 38351859 24503211 10693419 10907065 28664765
1790330932757 0 104335 9052 3064769858 3018848376 0 0 0 0 0 0 1270994554 20091310 4144091136 464039936 16560128 38702629 24725844 10790699 10981481 28862964
1790330933785 0 64636 2754 3064889968 3019014287 0 0 0 0 0 0 1271070114 20091629 4143218688 273625088 13254656 38982214 24908015 10866732 11089304 29206767
1790330934806 0 84262 0 3065040947 3019148637 0 0 0 0 0 0 1271193323 20092118 4145025024 319889408 0 39329292 25150184 10987184 11178428 29370486
1790330935832 0 111560 279 3065193629 3019273825 0 0 0 0 0 0 1271310629 20092613 4144902144 457854976 15548416 39721092 25395095 11106006 11252692 29558437
1790330936859 0 84273 8524 3065329793 3019429014 0 0 0 0 0 0 1271422297 20093055 4147191808 354791424 40493056 40076399 25615865 11218937 11385335 29864975
1790330937877 0 83666 9782 3065461293 3019559726 0 0 0 0 0 0 1271522921 20093469 4146778112 347668480 48996352 40400767 25824408 11319552 11508086 30134543
1790330938898 0 72981 0 3065578550 3019697491 0 0 0 0 0 0 1271612753 20093821 4147191808 276803584 0 40688045 26000509 11407842 11622653 30457886
1790330939921 0 95395 0 3065723127 3019819698 0 0 0 0 0 0 1271717834 20094258 4146089984 370466816 0 41039967 26220388 11511174 11743858 30766832
1790330940943 0 91404 5159 3065856426 3019951760 0 0 0 0 0 0 1271815739 20094680 4146372608 370204672 33021952 41402590 26432040 11611335 11830802 30963223
1790330941976 0 83460 289 3065982853 3020090946 0 0 0 0 0 0 1271903065 20095055 4146356224 356954112 1417216 41701104 26623135 11698147 11914868 31186103
1790330943004 0 90584 6643 3066138780 3020233552 0 0 0 0 0 0 1272024754 20095569 4145725440 397991936 0 42079934 26868658 11818811 12030390 31507667
1790330944027 0 55145 13943 3066257989 3020380923 0 0 0 0 0 0 1272122532 20095982 4146884608 299200512 0 42384564 27065560 11918157 12128268 31839434
1790330945050 0 66174 9125 3066397768 3020514440 0 0 0 0 0 0 1272222013 20096371 4147683328 312201216 0 42740277 27277112 12016190 12251448 32087825
1790330946074 0 96209 0 3066543307 3020638996 0 0 0 0 0 0 1272322235 20096840 4146282496 378011648 0 43099037 27489911 12114028 12345095 32331701
1790330947104 0 79193 285 3066660771 3020773288 0 0 0 0 0 0 1272399847 20097195 4144779264 339030016 684032 43374191 27671451 12194929 12468097 32629523
1790330948142 0 66148 8176 3066776429 3020893953 0 0 0 0 0 0 1272495815 20097581 4144873472 317157376 0 43665225 27859553 12290450 12544499 32867283
1790330949168 0 74531 6205 3066900718 3021012200 0 0 0 0 0 0 1272588866 20098601 4145135616 303685632 35586048 43992957 28060096 12385510 12647684 33156415
1790330950190 0 60779 0 3067015427 3021146518 0 0 0 0 0 0 1272690655 20098975 4146987008 228683776 0 44307824 28250805 12483701 12746633 33401677
1790330951211 0 81697 4637 3067160257 3021265835 0 0 0 0 0 0 1272796339 20099421 4146409472 330551296 31899648 44682057 28480465 12592461 12856271 33679435
1790330952231 0 82053 0 3067288767 3021398479 0 0 0 0 0 0 1272898089 20099840 4145057792 314535936 0 45006730 28684131 12690571 12965796 33998827
1790330953260 0 54821 616 3067401655 3021538152 0 0 0 0 0 0 1272991553 20100249 4145774592 224571392 27328512 45313693 28878475 12787150 13077451 34279534
1790330954299 0 40573 572 3067528026 3021678749 0 0 0 0 0 0 1273073694 20100649 4145102848 166993920 32067584 45603164 29063197 12868342 13146623 34509183
1790330955344 0 104062 0 3067697341 3021785095 0 0 0 0 0 0 1273190981 20101199 4144369664 404017152 0 46014115 29318511 12983780 13265155 34708969
1790330956369 0 98364 14 3067831979 3021925439 0 0 0 0 0 0 1273286812 20101617 4143538176 383164416 0 46328140 29525733 13080372 13349976 34978266
1790330957395 0 81205 0 3067954035 3022064683 0 0 0 0 0 0 1273375936 20101995 4143325184 309628928 0 46608865 29712007 13168253 13485670 35352654
1790330958430 0 76177 775 3068052812 3022167613 0 0 0 0 0 0 1273438598 20102310 4143026176 319127552 2215936 46852295 29861092 13232524 13572825 35660298
1790330959455 0 52560 617 3068137790 3022276728 0 0 0 0 0 0 1273507986 20102633 4143509504 218341376 1986560 47084727 30003211 13303442 13683318 36083237
1790330960478 0 136060 0 3068301822 3022357549 0 0 0 0 0 0 1273614768 20103117 4143452160 533635072 0 47452973 30239036 13408476 13777055 36326796
1790330961499 0 84776 9267 3068408094 3022505940 0 0 0 0 0 0 1273689361 20103427 4142370816 347377664 48394240 47714138 30405609 13486020 13886132 36653442
1790330962517 0 88667 8116 3068498979 3022594121 0 0 0 0 0 0 1273764817 20103741 4143423488 363237376 43204608 47953897 30557081 13561507 13985312 36984335
1790330963539 0 62383 0 3068580334 3022709844 0 0 0 0 0 0 1273826545 20104034 4143620096 255234048 18108416 48157781 30682637 13623165 14075458 37344687
1790330964569 0 18649 12789 3068652170 3022812799 0 0 0 0 0 0 1273881495 20104267 4144164864 99975168 37965824 48326969 30792727 13678123 14145782 37770919
1790330965607 0 69672 7081 3068779488 3022894813 0 0 0 0 0 0 1273987294 20104708 4144922624 327143424 0 48662017 30999650 13782377 14237207 38062174
1790330966637 0 110467 0 3068900332 3022981799 0 0 0 0 0 0 1274079277 20105100 4145102848 433938432 0 48967478 31191079 13874500 14340459 38370808
1790330967677 0 61301 0 3069018214 3023148747 0 0 0 0 0 0 1274168853 20105481 4145225728 235921408 3928064 49258458 31374841 13962177 14469241 38812013
1790330968723 0 103793 0 3069154848 3023242921 0 0 0 0 0 0 1274265056 20105869 4144680960 402640896 0 49578699 31582310 14060196 14574144 39083121
1790330969750 0 28307 352 3069221896 3023385338 0 0 0 0 0 0 1274312909 20106095 4144271360 115642368 2252800 49748368 31688228 14108517 14659735 39596989
1790330970771 0 122319 13908 3069405797 3023461504 0 0 0 0 0 0 1274437837 20106635 4143222784 562315264 12214272 50177085 31969250 14233945 14749289 39736930
1790330971809 0 89001 14858 3069503909 3023592011 0 0 0 0 0 0 1274499526 20106936 4142718976 441143296 4599808 50396763 32110572 14295118 14851704 40122871
1790330972849 0 88297 9307 3069607578 3023702206 0 0 0 0 0 0 1274566278 20107240 4142342144 359862272 55222272 50636984 32262049 14362896 14963244 40491891
1790330973875 0 121801 0 3069746796 3023816817 0 0 0 0 0 0 1274671536 20107687 4143960064 475619328 0 50967091 32483423 14467144 15044844 40717476
1790330974898 0 21519 320 3069812594 3023982714 0 0 0 0 0 0 1274721908 20107910 4144185344 91549696 1601536 51139496 32589648 14516479 15147216 41172658
1790330975920 0 80656 5292 3069965646 3024071466 0 0 0 0 0 0 1274845857 20108440 4146511872 325275648 39018496 51547387 32846188 14642112 15246681 41424326
1790330976946 0 65556 343 3070066469 3024192563 0 0 0 0 0 0 1274926104 20108772 4147105792 267321344 10764288 51809955 33008513 14722721 15339827 41837738
1790330977972 0 77966 3250 3070196662 3024307245 0 0 0 0 0 0 1275020668 20109150 4146802688 329748480 20738048 52116188 33202835 14816921 15475864 42242974
1790330979002 0 68090 10877 3070333470 3024446347 0 0 0 0 0 0 1275106432 20109542 4144574464 305410048 42070016 52422166 33397766 14902537 15572456 42538487
1790330980022 0 61096 1243 3070454182 3024583852 0 0 0 0 0 0 1275184001 20109891 4143689728 257552384 2215936 52705472 33573789 14979595 15681747 42796480
1790330981044 0 76104 1095 3070584092 3024699001 0 0 0 0 0 0 1275275638 20110299 4142964736 315887616 9125888 53013954 33775217 15072378 15780067 43108795
1790330982064 0 112634 65 3070716357 3024795630 0 0 0 0 0 0 1275376380 20110709 4143333376 441237504 0 53318705 33977777 15169411 15851498 43406679
1790330983093 0 87746 0 3070810148 3024914386 0 0 0 0 0 0 1275436803 20111402 4143566848 338751488 0 53536097 34114382 15228540 15984107 43837907
1790330984121 0 137621 6497 3070968481 3025016248 0 0 0 0 0 0 1275542391 20111889 4143415296 561496064 38932480 53934344 34360485 15338497 16090461 44056640
1790330985143 0 14441 2279 3071025683 3025200785 0 0 0 0 0 0 1275588118 20112091 4143857664 78176256 1597440 54078381 34451653 15384223 16206225 44553639
1790330986172 0 91407 7 3071178075 3025278498 0 0 0 0 0 0 1275707765 20112574 4145360896 358187008 4780032 54458176 34699358 15503864 16309028 44758858
1790330987216 0 32 0 3071222869 3025414764 0 0 0 0 0 0 1275757551 20112788 4171362304 131072 0 54590594 34782233 15550619 16359734 44871126
1790330988236 0 32 0 3071222869 3025414764 0 0 0 0 0 0 1275960553 20113560 4173881344 131072 0 54809920 34985331 15754332 16420118 44894543
1790330989257 0 33 0 3071222870 3025414764 0 0 0 0 0 0 1276170452 20114283 4179337216 131072 0 55072787 35193698 15964031 16565817 44944844
1790330990276 0 33 0 3071222870 3025414764 0 0 0 0 0 0 1276334469 20115926 4184272896 131072 0 55712974 35356537 16128075 16881906 45002063
1790330991296 0 26 0 3071222871 3025414764 0 0 0 0 0 0 1276390016 20116680 1925857280 61440 0 55789887 35415169 16186634 16961253 45039622
