1790331661911 0 0 0 3112819436 3067011383 0 0 0 0 0 0 1311316566 20238007 - - - - - - - -
1790331663573 0 174590 1432 3113226035 3067242077 0 0 0 0 0 0 1311316572 20238072 1605419008 715591680 18415616 0 0 6 0 422224
1790331664644 0 163537 582 3113383931 3067411608 0 0 0 0 0 0 1311316572 20238073 2297675776 667353088 5595136 0 0 6 0 809173
1790331665675 0 158446 1026 3113543800 3067576255 0 0 0 0 0 0 1311316572 20238075 2956308480 649428992 4202496 0 0 6 0 1193996
1790331666701 0 160031 1414 3113707036 3067737363 0 0 0 0 0 0 1311316572 20238075 3612311552 651923456 6303744 0 0 6 0 1639296
1790331667748 0 163158 962 3113859989 3067887599 0 0 0 0 0 0 1311316946 20238075 4148658176 667099136 4202496 22976 22976 380 6372 1947903
1790331668793 0 159583 1752 3114001954 3068032382 0 0 0 0 0 0 1311327555 20238075 4147425280 639152128 8048640 170816 170795 10492 48915 2450239
1790331669828 0 156957 949 3114141545 3068175509 0 0 0 0 0 0 1311346220 20238075 4147666944 636678144 12607488 336256 336235 29396 91298 2878765
1790331670850 0 163314 391 3114290271 3068318604 0 0 0 0 0 0 1311365415 20238075 4147703808 675536896 1318912 506368 506347 48912 125257 3293145
1790331671882 0 164716 521 3114427454 3068454030 0 0 0 0 0 0 1311391609 20238075 4148293632 657690624 2101248 662912 662891 73988 157123 3709483
1790331672904 0 166350 1248 3114569024 3068593311 0 0 0 0 0 0 1311429070 20238075 4150247424 685211648 626688 845696 845675 111998 204583 4176220
1790331673923 0 163966 2081 3114707648 3068733597 0 0 0 0 0 0 1311463258 20238075 4152119296 669806592 5197824 1017088 1017060 146699 242174 4557353
1790331674943 0 147696 2020 3114841729 3068884092 0 0 0 0 0 0 1311506373 20238075 4154032128 604332032 8404992 1193792 1193764 188811 274052 4971057
1790331675963 0 117839 678 3114962797 3069036334 0 0 0 0 0 0 1311547407 20238075 4156030976 487915520 4583424 1356992 1356964 229627 317800 5415419
1790331676985 0 123089 14300 3115125350 3069179973 0 0 0 0 0 0 1311600787 20238075 4157415424 552427520 20123648 1574304 1574228 284073 359978 5734100
1790331678005 0 138076 1939 3115259808 3069311721 0 0 0 0 0 0 1311655807 20238075 4159442944 561688576 3723264 1758176 1758126 338331 405121 6196508
1790331679033 0 142704 523 3115390887 3069439503 0 0 0 0 0 0 1311712669 20238075 4160655360 579751936 6303744 1945600 1945539 394036 440444 6512061
1790331680064 0 137528 3010 3115514916 3069566333 0 0 0 0 0 0 1311761075 20238075 4161302528 564445184 6057984 2117792 2117731 442744 481781 6968323
1790331681084 0 148216 4533 3115650600 3069689828 0 0 0 0 0 0 1311825062 20238075 4162306048 626171904 8404992 2322496 2322432 508066 532752 7379900
1790331682108 0 119623 4268 3115742350 3069810447 0 0 0 0 0 0 1311880826 20238075 4164403200 488611840 23728128 2468832 2468755 564085 623285 7887194
1790331683131 0 149990 0 3115881162 3069922788 0 0 0 0 0 0 1311963727 20238075 4165234688 588886016 0 2677792 2677715 640653 716205 8290252
1790331684157 0 136159 50 3115990749 3070046153 0 0 0 0 0 0 1312037300 20238075 4167344128 538791936 0 2862944 2862849 715450 822024 8778252
1790331685187 0 97471 6141 3116090717 3070179052 0 0 0 0 0 0 1312101673 20238075 4168450048 399237120 48267264 3037344 3037243 785157 947494 9264684
1790331686230 0 119224 337 3116217229 3070289495 0 0 0 0 0 0 1312188129 20238075 4169777152 484257792 4202496 3243680 3243507 868931 1024908 9652576
1790331687266 0 133262 1068 3116340084 3070397733 0 0 0 0 0 0 1312283525 20238075 4170862592 549875712 1974272 3461472 3461343 964763 1091256 9953922
1790331688295 0 137931 1041 3116449936 3070503053 0 0 0 0 0 0 1312367695 20238075 4171886592 575741952 4124672 3660576 3660420 1050534 1166336 10360121
1790331689329 0 92602 14 3116528448 3070627506 0 0 0 0 0 0 1312425090 20238075 4172001280 367718400 10506240 3792704 3792530 1107250 1253218 10969870
1790331690362 0 112811 0 3116650026 3070729184 0 0 0 0 0 0 1312533310 20238075 4172705792 422350848 0 4015264 4015079 1215039 1349859 11376340
1790331691393 0 109730 56 3116754271 3070836347 0 0 0 0 0 0 1312632524 20238075 4173615104 424452096 0 4219392 4219193 1311628 1410155 11696616
1790331692427 0 100057 26 3116858427 3070950301 0 0 0 0 0 0 1312729829 20238075 4173041664 384700416 0 4416926 4416709 1405332 1498473 12159257
1790331693453 0 157437 3043 3117015976 3071047392 0 0 0 0 0 0 1312872340 20238075 4173783040 648343552 10502144 4728441 4728187 1555533 1582826 12568243
1790331694490 0 92808 32 3117111408 3071210540 0 0 0 0 0 0 1312964609 20238075 4174110720 369336320 8155136 4911161 4910896 1643364 1674006 13072636
1790331695513 0 126197 53 3117249677 3071315263 0 0 0 0 0 0 1313085024 20238075 4175085568 485834752 0 5164729 5164446 1763989 1749119 13496530
1790331696539 0 140754 27 3117379556 3071430626 0 0 0 0 0 0 1313209568 20238075 4176650240 554729472 0 5418660 5418343 1886023 1854785 13955376
1790331697566 0 140023 2134 3117498838 3071548619 0 0 0 0 0 0 1313310372 20238075 4177797120 565944320 18817024 5647736 5647409 1993274 1919417 14254098
1790331698585 0 122312 1337 3117594155 3071663187 0 0 0 0 0 0 1313387695 20238075 4177518592 496308224 5890048 5817656 5817318 2069236 2057525 14806730
1790331699619 0 128122 547 3117702014 3071765188 0 0 0 0 0 0 1313489889 20238075 4179181568 525221888 3330048 6023676 6023326 2170207 2170683 15132444
1790331700663 0 109914 828 3117788049 3071869331 0 0 0 0 0 0 1313572073 20238075 4180426752 448061440 3706880 6193212 6192853 2252077 2285501 15704078
1790331701688 0 121841 866 3117905445 3071974560 0 0 0 0 0 0 1313688157 20238075 4181446656 506499072 4104192 6431993 6431608 2371039 2422671 16079951
1790331702712 0 106356 7550 3117998589 3072076583 0 0 0 0 0 0 1313793474 20238075 4183986176 433844224 39329792 6630151 6629760 2476957 2601097 16592383
1790331703731 0 96875 23510 3118121042 3072192601 0 0 0 0 0 0 1313908292 20238075 4183232512 397135872 104648704 6867476 6867063 2591467 2729907 16995057
1790331704755 0 93429 3880 3118220141 3072314656 0 0 0 0 0 0 1313994849 20238075 4182237184 406921216 8048640 7051071 7050647 2676312 2864986 17505797
1790331705795 0 101559 1636 3118343338 3072432190 0 0 0 0 0 0 1314129344 20238075 4184719360 430870528 3522560 7305332 7304876 2810051 2943530 17811963
1790331706822 0 148263 1004 3118488851 3072531588 0 0 0 0 0 0 1314268522 20238075 4184690688 607481856 14090240 7594997 7594503 2951953 3084806 18208418
1790331707860 0 128480 2521 3118594829 3072655790 0 0 0 0 0 0 1314387491 20238075 4185968640 549257216 14385152 7814998 7814482 3068615 3151022 18486460
1790331708924 0 98987 16 3118675254 3072768205 0 0 0 0 0 0 1314466678 20238075 4187598848 384528384 14708736 7970658 7967518 3146125 3262347 18954214
1790331709975 0 106920 0 3118796347 3072881137 0 0 0 0 0 0 1314583616 20238075 4186701824 411844608 0 8211047 8202477 3261333 3356694 19267088
1790331711018 0 112486 483 3118923535 3073002712 0 0 0 0 0 0 1314724128 20238075 4188053504 466948096 1896448 8481702 8472205 3403140 3468962 19618358
1790331712062 0 122627 13177 3119060424 3073116639 0 0 0 0 0 0 1314865563 20238075 4188139520 535818240 36884480 8774348 8758748 3549141 3589696 19932386
1790331713100 0 128280 2205 3119187736 3073249190 0 0 0 0 0 0 1314982026 20238075 4187430912 524701696 6914048 9018693 8998400 3663772 3670603 20225136
1790331714139 0 87814 12716 3119269702 3073361031 0 0 0 0 0 0 1315071073 20238075 4188868608 424042496 7921664 9222777 9171698 3753182 3803643 20680105
1790331715176 0 142024 50 3119409684 3073459517 0 0 0 0 0 0 1315211808 20238075 4188475392 562511872 0 9495259 9443604 3889005 3908888 21032934
1790331716223 0 107359 535 3119506261 3073590268 0 0 0 0 0 0 1315301655 20238075 4187713536 450306048 3563520 9686145 9631517 3979600 4028924 21454735
1790331717277 0 95331 293 3119628701 3073724921 0 0 0 0 0 0 1315412189 20238075 4188442624 395046912 3178496 9922849 9866657 4094833 4148624 21797728
1790331718305 0 110259 1822 3119777237 3073857096 0 0 0 0 0 0 1315543244 20238075 4187824128 452014080 15900672 10209180 10152442 4226607 4242882 22153531
1790331719327 0 131118 658 3119884925 3073945072 0 0 0 0 0 0 1315652415 20238075 4189032448 540020736 3420160 10447137 10368502 4335232 4403981 22552893
1790331720355 0 112015 0 3119980210 3074060056 0 0 0 0 0 0 1315743525 20238075 4188708864 437059584 0 10623878 10545233 4422107 4505214 23039593
1790331721379 0 120054 1263 3120120606 3074191046 0 0 0 0 0 0 1315852106 20238075 4188110848 504352768 3571712 10882747 10801511 4534086 4602481 23338015
1790331722407 0 116583 15 3120262856 3074338084 0 0 0 0 0 0 1315968778 20238075 4187791360 439963648 0 11132453 11050336 4648938 4712694 23703031
1790331723432 0 148622 454 3120403714 3074446304 0 0 0 0 0 0 1316095182 20238075 4188233728 611463168 0 11405844 11323684 4775676 4818289 23987333
1790331724465 0 95492 9119 3120482022 3074569495 0 0 0 0 0 0 1316174191 20238075 4189642752 391593984 51769344 11570044 11486014 4857296 4898617 24516908
1790331725492 0 132045 0 3120597960 3074657649 0 0 0 0 0 0 1316287439 20238075 4190113792 511393792 0 11787834 11702827 4965786 4969239 24776716
1790331726514 0 112829 4451 3120724189 3074798791 0 0 0 0 0 0 1316386884 20238075 4188966912 462471168 30838784 12027586 11941016 5069994 5090315 25201774
1790331727539 0 115269 5186 3120850235 3074921896 0 0 0 0 0 0 1316501266 20238075 4189716480 469426176 43974656 12269610 12179512 5184014 5166978 25451191
1790331728589 0 116868 3024 3120969761 3075041819 0 0 0 0 0 0 1316594191 20238075 4189093888 494211072 7471104 12487828 12391172 5276402 5286120 25863797
1790331729614 0 103920 471 3121088355 3075175705 0 0 0 0 0 0 1316691393 20238075 4189323264 429035520 2879488 12698996 12601822 5372417 5385638 26199656
1790331730653 0 108479 1615 3121225279 3075307050 0 0 0 0 0 0 1316808631 20238075 4189855744 443518976 6025216 12952577 12853686 5489373 5503181 26594431
1790331731690 0 1421 10 3121239191 3075429632 0 0 0 0 0 0 1316820703 20238075 4189646848 3788800 3317760 12985885 12886979 5504147 5516866 26715776
1790331732714 0 107249 3529 3121408980 3075490275 0 0 0 0 0 0 1316986825 20238075 4191047680 439443456 22355968 13353759 13222337 5670044 5584290 26890453
1790331733734 0 118502 2 3121528013 3075601518 0 0 0 0 0 0 1317073465 20238075 4188479488 454914048 0 13548506 13417043 5752577 5671528 27200476
1790331734764 0 108624 693 3121639589 3075722085 0 0 0 0 0 0 1317162711 20238075 4189528064 445997056 3313664 13761514 13625305 5844442 5754921 27621919
1790331735798 0 101468 0 3121749630 3075840033 0 0 0 0 0 0 1317250742 20238075 4190015488 378081280 0 13952290 13814577 5930668 5860228 27944135
1790331736826 0 95865 4945 3121867887 3075959286 0 0 0 0 0 0 1317357086 20238075 4190998528 391458816 33366016 14191707 14049895 6039993 6004040 28272938
1790331737854 0 102069 4617 3121990194 3076075420 0 0 0 0 0 0 1317462638 20238075 4190732288 418091008 44072960 14422603 14277771 6145710 6083130 28577177
1790331738901 0 118398 1095 3122105460 3076177870 0 0 0 0 0 0 1317575448 20238075 4191518720 500260864 0 14648850 14503910 6257606 6210143 28972377
1790331739921 0 116412 299 3122211814 3076286772 0 0 0 0 0 0 1317681637 20238075 4192116736 475635712 5349376 14895018 14713059 6362740 6323066 29350601
1790331740941 0 103121 1059 3122333772 3076421605 0 0 0 0 0 0 1317791046 20238075 4190388224 432857088 2019328 15131021 14947040 6471698 6482720 29776991
1790331741961 0 121159 1223 3122496777 3076566757 0 0 0 0 0 0 1317942949 20238075 4191080448 497582080 3354624 15458956 15261013 6625784 6563818 30041669
1790331742984 0 107660 1133 3122613993 3076697109 0 0 0 0 0 0 1318039078 20238075 4190040064 432271360 4202496 15667823 15469866 6720640 6685092 30470894
1790331744011 0 132053 1017 3122740362 3076799254 0 0 0 0 0 0 1318155162 20238075 4190842880 538542080 1167360 15925650 15715347 6837472 6759603 30765531
1790331745034 0 137896 0 3122858378 3076912080 0 0 0 0 0 0 1318256576 20238075 4190507008 540135424 0 16137139 15926819 6934373 6912654 31157283
1790331746068 0 109728 0 3122961164 3077043409 0 0 0 0 0 0 1318344728 20238075 4191543296 415285248 0 16328737 16117275 7024235 7037053 31548218
1790331747098 0 104142 1597 3123092091 3077178301 0 0 0 0 0 0 1318458349 20238075 4191297536 433770496 10506240 16584549 16368474 7140270 7128203 31829047
1790331748127 0 122379 1207 3123231225 3077299429 0 0 0 0 0 0 1318578178 20238075 4191371264 508952576 1224704 16854540 16629254 7260506 7214672 32112084
1790331749158 0 92515 18285 3123336136 3077417514 0 0 0 0 0 0 1318668510 20238075 4190400512 449044480 13312000 17054249 16824449 7350792 7333453 32555235
1790331750183 0 118333 519 3123453117 3077526132 0 0 0 0 0 0 1318773716 20238075 4190859264 484028416 2002944 17276787 17043876 7454232 7413378 32850252
1790331751224 0 107205 1139 3123577785 3077661610 0 0 0 0 0 0 1318894914 20238075 4191522816 446849024 2793472 17520228 17286186 7574027 7515743 33210951
1790331752260 0 100023 1065 3123681381 3077772381 0 0 0 0 0 0 1318998563 20238075 4192702464 403439616 27316224 17748612 17498825 7681527 7616775 33637875
1790331753294 0 104726 911 3123801458 3077887865 0 0 0 0 0 0 1319112765 20238075 4191506432 433803264 7458816 17988035 17733065 7795430 7728566 33974074
1790331754324 0 110692 5619 3123923588 3077999065 0 0 0 0 0 0 1319229914 20238075 4191555584 441425920 41861120 18227007 17970248 7912583 7827380 34282435
1790331755349 0 123275 647 3124060618 3078128323 0 0 0 0 0 0 1319353176 20238075 4191432704 513175552 2641920 18495015 18231951 8034986 7964767 34794070
1790331756374 0 117638 91 3124178931 3078253015 0 0 0 0 0 0 1319457174 20238075 4191662080 452923392 0 18708027 18444956 8136176 8072060 35216931
1790331757413 0 96346 131 3124294970 3078390518 0 0 0 0 0 0 1319555346 20238075 4190920704 389074944 7278592 18924751 18659552 8231479 8209536 35631873
1790331758459 0 116614 0 3124428086 3078503425 0 0 0 0 0 0 1319688933 20238075 4192280576 460173312 0 19192837 18923951 8364748 8310357 36043387
1790331759486 0 95412 4715 3124542780 3078634709 0 0 0 0 0 0 1319812341 20238075 4193239040 409538560 16302080 19479329 19171391 8494432 8379928 36313396
1790331760521 0 118507 933 3124660764 3078733265 0 0 0 0 0 0 1319939878 20238075 4192526336 488701952 3313664 19728293 19415902 8621213 8512425 36742309
1790331761544 0 120010 23 3124778310 3078850167 0 0 0 0 0 0 1320042909 20238075 4191490048 464220160 0 19941725 19629324 8722151 8615380 37122654
1790331762572 0 124711 1330 3124893101 3078958960 0 0 0 0 0 0 1320141138 20238075 4191633408 508448768 5435392 20166228 19848707 8823532 8698585 37510018
1790331763595 0 128839 492 3125017579 3079080033 0 0 0 0 0 0 1320246551 20238075 4191358976 536707072 1904640 20406558 20077186 8926782 8779610 37830853
1790331764620 0 115056 3776 3125121978 3079194980 0 0 0 0 0 0 1320349848 20238075 4192342016 469573632 24219648 20623857 20288502 9033173 8916140 38206261
1790331765641 0 110242 429 3125228513 3079309940 0 0 0 0 0 0 1320456826 20238075 4192714752 449769472 3096576 20838478 20497966 9137635 8997923 38547534
1790331766674 0 105410 1249 3125334819 3079420495 0 0 0 0 0 0 1320557158 20238075 4192296960 435490816 7024640 21049502 20704194 9237890 9139291 39006837
1790331767708 0 109078 994 3125452207 3079534100 0 0 0 0 0 0 1320659340 20238075 4192243712 449888256 4222976 21274841 20924154 9342108 9223623 39328045
1790331768735 0 124104 572 3125570311 3079637660 0 0 0 0 0 0 1320767502 20238075 4191813632 505819136 581632 21510781 21149119 9449402 9328268 39785013
1790331769764 0 93288 3204 3125665317 3079760779 0 0 0 0 0 0 1320862770 20238075 4192575488 395034624 13692928 21703974 21342305 9545817 9405015 40125674
1790331770794 0 119222 374 3125803374 3079875688 0 0 0 0 0 0 1320987404 20238075 4192284672 493793280 1146880 21969752 21603248 9668692 9480934 40485866
1790331771822 0 90284 3080 3125915685 3080014266 0 0 0 0 0 0 1321085389 20238075 4192157696 369819648 35180544 22186570 21816468 9768508 9586651 40820413
1790331772858 0 100841 478 3126035822 3080126470 0 0 0 0 0 0 1321191266 20238075 4191817728 412196864 21884928 22414662 22040370 9874337 9716903 41215012
1790331773895 0 109113 0 3126146636 3080229303 0 0 0 0 0 0 1321292975 20238075 4192030720 423333888 0 22617314 22241664 9970318 9812321 41538368
1790331774941 0 104610 562 3126254829 3080341643 0 0 0 0 0 0 1321398762 20238075 4192849920 441458688 3203072 22836056 22458441 10077713 9937258 41937178
1790331775986 0 108743 911 3126372856 3080455026 0 0 0 0 0 0 1321498418 20238075 4191649792 443363328 1626112 23058243 22679180 10179143 10028200 42275061
1790331777010 0 131794 2488 3126514892 3080572459 0 0 0 0 0 0 1321623973 20238075 4191875072 524128256 0 23324155 22942514 10305048 10157660 42657522
1790331778036 0 110667 41 3126585035 3080666120 0 0 0 0 0 0 1321693835 20238075 4192337920 444776448 2101248 23468213 23084487 10373652 10340893 43165650
1790331779071 0 114421 553 3126667109 3080744387 0 0 0 0 0 0 1321776765 20238075 4192993280 468578304 4083712 23643318 23252178 10459032 10424716 43584030
1790331780110 0 135292 1081 3126766796 3080822515 0 0 0 0 0 0 1321870404 20238075 4191277056 553549824 2048000 23899049 23446425 10552086 10535596 43938181
1790331781129 0 120331 535 3126836093 3080907275 0 0 0 0 0 0 1321945618 20238075 4192608256 497606656 1388544 24092411 23593085 10627990 10674216 44541509
1790331782149 0 136612 300 3126916204 3080971086 0 0 0 0 0 0 1322019015 20238075 4191571968 545894400 1372160 24289376 23741799 10701553 10767802 44948883
1790331783178 0 154840 316 3126998655 3081035296 0 0 0 0 0 0 1322093188 20238075 4189057024 628994048 1982464 24483574 23898711 10774253 10867049 45332042
1790331784211 0 166136 2142 3127082690 3081106376 0 0 0 0 0 0 1322168655 20238075 4187844608 675151872 12607488 24749595 24061351 10851265 11014191 45783703
1790331785235 0 174715 538 3127164579 3081181430 0 0 0 0 0 0 1322246575 20238075 4187566080 696651776 1323008 24967746 24216267 10928803 11127368 46268831
1790331786266 0 168479 727 3127225873 3081248494 0 0 0 0 0 0 1322320532 20238075 4187508736 696725504 2990080 25164043 24355561 11001393 11269017 46729141
1790331787307 0 171280 331 3127295432 3081315778 0 0 0 0 0 0 1322387361 20238075 4187344896 699990016 2035712 25358352 24490672 11068235 11356635 47077911
1790331788328 0 167007 909 3127366306 3081390225 0 0 0 0 0 0 1322453881 20238075 4187291648 673742848 2039808 25523277 24626515 11136145 11462425 47462439
1790331789351 0 168152 1804 3127448547 3081470543 0 0 0 0 0 0 1322537289 20238075 4186628096 689119232 12005376 25708469 24796568 11220569 11597083 47995135
1790331790375 0 174271 1650 3127543201 3081559158 0 0 0 0 0 0 1322613270 20238075 4186087424 708923392 4075520 25881597 24961778 11295136 11726743 48496716
1790331791409 0 158618 1568 3127620623 3081652749 0 0 0 0 0 0 1322701465 20238075 4186710016 656896000 2895872 26048906 25129081 11383298 11816056 48978496
1790331792449 0 173450 752 3127712338 3081730087 0 0 0 0 0 0 1322775591 20238075 4186718208 702722048 2101248 26213238 25293407 11457850 11891018 49374051
1790331793473 0 180843 571 3127790927 3081801327 0 0 0 0 0 0 1322853426 20238075 4186333184 741666816 1937408 26447776 25450401 11534964 12021943 49879831
1790331794496 0 162234 251 3127855952 3081885435 0 0 0 0 0 0 1322923874 20238075 4187435008 665018368 3178496 26593233 25585271 11604710 12107372 50339334
1790331795534 0 164877 749 3127941801 3081967917 0 0 0 0 0 0 1323010321 20238075 4187791360 682041344 2334720 26822418 25756358 11690728 12228371 50871246
1790331796584 0 142508 2595 3128000520 3082047550 0 0 0 0 0 0 1323071637 20238075 4187893760 583819264 573440 26943115 25871916 11750177 12370229 51399770
1790331797611 0 119388 963 3128049411 3082120872 0 0 0 0 0 0 1323127451 20238075 4188295168 491876352 3354624 27052907 25981705 11808851 12486444 51860957
1790331798641 0 118313 530 3128120173 3082193289 0 0 0 0 0 0 1323206007 20238075 4188622848 475983872 1699840 27200055 26128850 11888333 12634530 52441033
1790331799672 0 147754 83 3128218953 3082262997 0 0 0 0 0 0 1323284518 20238075 4187500544 593678336 1937408 27376215 26305004 11966372 12705602 52858777
1790331800714 0 143202 1019 3128288140 3082335870 0 0 0 0 0 0 1323363042 20238075 4187463680 587501568 6815744 27525675 26454454 12044519 12855463 53378912
1790331801765 0 129593 217 3128351274 3082413360 0 0 0 0 0 0 1323440937 20238075 4189683712 523149312 3198976 27664852 26593629 12122134 12965356 53777794
1790331802795 0 148432 1012 3128439937 3082482595 0 0 0 0 0 0 1323520295 20238075 4189261824 601726976 4136960 27834012 26762762 12201845 13049374 54195859
1790331803822 0 149100 1537 3128508507 3082549784 0 0 0 0 0 0 1323598141 20238075 4189384704 609914880 2101248 27982875 26909654 12280111 13143902 54558417
1790331804853 0 145771 1778 3128587208 3082631521 0 0 0 0 0 0 1323657524 20238075 4189151232 600428544 3182592 28120891 27047667 12339578 13281850 55147814
1790331805890 0 140486 197 3128667915 3082719269 0 0 0 0 0 0 1323731372 20238075 4188684288 565157888 3137536 28272955 27199661 12412345 13339049 55439581
1790331806932 0 135176 513 3128753067 3082809362 0 0 0 0 0 0 1323807552 20238075 4189364224 550010880 3170304 28434843 27361605 12488382 13478079 56037245
1790331807968 0 130559 572 3128828129 3082888854 0 0 0 0 0 0 1323884215 20238075 4190511104 536952832 3391488 28586814 27513569 12565728 13569222 56467095
1790331809009 0 128744 919 3128902946 3082965325 0 0 0 0 0 0 1323957796 20238075 4191338496 525635584 1138688 28735550 27662298 12639761 13673763 56918161
1790331810029 0 130503 557 3128988001 3083048938 0 0 0 0 0 0 1324030486 20238075 4190834688 535855104 2109440 28894334 27821077 12712233 13777212 57460406
1790331811049 0 151356 189 3129086471 3083126742 0 0 0 0 0 0 1324117170 20238075 4189323264 616566784 3301376 29147516 28005814 12799131 13880201 57856843
1790331812081 0 149803 1289 3129155897 3083196903 0 0 0 0 0 0 1324178897 20238075 4189523968 618573824 1118208 29359073 28134108 12859801 13975532 58200106
1790331813120 0 166934 324 3129241350 3083266033 0 0 0 0 0 0 1324253172 20238075 4187574272 678998016 2101248 29609352 28294409 12934898 14083510 58572893
1790331814154 0 177177 582 3129325865 3083339891 0 0 0 0 0 0 1324333078 20238075 4186419200 731082752 3596288 29854680 28462190 13015274 14219310 59050203
1790331815180 0 180005 759 3129397675 3083408782 0 0 0 0 0 0 1324404045 20238075 4186275840 733257728 3178496 30043158 28602134 13085637 14389967 59551378
1790331816215 0 160681 804 3129451268 3083481750 0 0 0 0 0 0 1324465475 20238075 4187176960 658198528 20504576 30209057 28719620 13147670 14562678 60058650
1790331817271 0 146825 233 3129524398 3083569149 0 0 0 0 0 0 1324543531 20238075 4188872704 608780288 3362816 30361108 28868119 13225552 14681812 60562286
1790331818306 0 147827 1364 3129601717 3083644377 0 0 0 0 0 0 1324633962 20238075 4188733440 606171136 5525504 30530272 29037272 13317445 14788381 61004103
1790331819333 0 138168 1226 3129669097 3083721549 0 0 0 0 0 0 1324700332 20238075 4188327936 569438208 4079616 30663040 29170038 13382396 14930685 61501425
1790331820352 0 126991 1197 3129743403 3083807235 0 0 0 0 0 0 1324772219 20238075 4187897856 525647872 3866624 30810198 29317192 13454547 15029824 61879459
1790331821376 0 102304 40 3129801381 3083891136 0 0 0 0 0 0 1324836593 20238075 4188233728 415285248 4620288 30931777 29438767 13518748 15135691 62369032
1790331822409 0 89713 590 3129862249 3083964070 0 0 0 0 0 0 1324899289 20238075 4188868608 362610688 3796992 31053057 29560044 13581184 15229147 62779566
1790331823431 0 155873 276 3129982358 3084018149 0 0 0 0 0 0 1325018930 20238075 4188663808 636522496 1531904 31292234 29799184 13699610 15339458 63230331
1790331824459 0 159964 467 3130051698 3084083176 0 0 0 0 0 0 1325095465 20238075 4188057600 653295616 2293760 31520041 29945652 13777298 15496450 63809447
1790331825485 0 168295 340 3130138279 3084161579 0 0 0 0 0 0 1325179755 20238075 4187082752 680951808 1867776 31773501 30114108 13860891 15587742 64171196
1790331826509 0 178088 467 3130223684 3084237052 0 0 0 0 0 0 1325264643 20238075 4185989120 720314368 2469888 32021116 30284008 13945194 15702889 64665020
1790331827554 0 188143 622 3130309653 3084312680 0 0 0 0 0 0 1325340730 20238075 4184932352 768753664 3211264 32263755 30445689 14022637 15799881 65128364
1790331828613 0 187470 2053 3130383613 3084385974 0 0 0 0 0 0 1325408838 20238075 4184281088 777039872 2912256 32476189 30591397 14090723 15913204 65625434
1790331829651 0 190262 950 3130463021 3084463753 0 0 0 0 0 0 1325473180 20238075 4184068096 771039232 21979136 32687031 30734409 14155913 15996673 66039028
1790331830697 0 182139 838 3130537419 3084546388 0 0 0 0 0 0 1325553311 20238075 4185088000 745406464 3715072 32893715 30889495 14236372 16091769 66547679
1790331831739 0 186719 2015 3130621979 3084625275 0 0 0 0 0 0 1325638111 20238075 4184465408 779714560 1798144 33141738 31056047 14318412 16198841 66932751
1790331832786 0 186910 635 3130697890 3084702400 0 0 0 0 0 0 1325717080 20238075 4185059328 756576256 1966080 33369468 31208079 14396717 16303702 67454369
1790331833809 0 191144 643 3130772353 3084772978 0 0 0 0 0 0 1325790349 20238075 4184293376 779288576 3821568 33589458 31359234 14472298 16379898 67792620
1790331834841 0 182780 263 3130844226 3084853030 0 0 0 0 0 0 1325866558 20238075 4184952832 749232128 3174400 33815774 31508581 14549159 16529075 68469868
1790331835861 0 202378 822 3130935450 3084924350 0 0 0 0 0 0 1325941090 20238075 4182667264 831963136 1363968 34062140 31673672 14622172 16610026 68791101
1790331836891 0 193532 176 3131005822 3085003928 0 0 0 0 0 0 1326006001 20238075 4184154112 783626240 3166208 34250469 31807141 14688454 16706008 69190136
1790331837938 0 187469 164 3131075194 3085079476 0 0 0 0 0 0 1326071843 20238088 4183887872 757366784 1953792 34413243 31938752 14752654 16808118 69607109
1790331838985 0 195900 1556 3131153478 3085147988 0 0 0 0 0 0 1326140364 20238088 4183527424 802992128 2023424 34593175 32085320 14821216 16904006 70017959
1790331840033 0 184439 539 3131219728 3085226655 0 0 0 0 0 0 1326211894 20238088 4184285184 767971328 2048000 34805642 32228330 14894032 16977391 70318283
1790331841089 0 161674 576 3131288830 3085318823 0 0 0 0 0 0 1326285822 20238088 4185100288 671330304 3170304 34957310 32365848 14964032 17089298 70833601
1790331842124 0 196719 705 3131399687 3085394523 0 0 0 0 0 0 1326373371 20238088 4183339008 803053568 5283840 35204575 32566867 15055207 17162701 71230378
1790331843144 0 181543 1572 3131456615 3085465421 0 0 0 0 0 0 1326430949 20238088 4184645632 743702528 3162112 35329758 32681988 15113849 17277154 71719287
1790331844174 0 181599 450 3131533512 3085543461 0 0 0 0 0 0 1326501201 20238088 4184301568 738496512 1761280 35470366 32822593 15180059 17389818 72159091
1790331845215 0 188156 964 3131619693 3085622401 0 0 0 0 0 0 1326574822 20238088 4184248320 762753024 3878912 35661208 32984595 15256303 17475255 72534045
1790331846245 0 184493 786 3131693472 3085700294 0 0 0 0 0 0 1326647885 20238088 4184588288 752058368 8286208 35859294 33136200 15330832 17582501 73007754
1790331847270 0 190378 375 3131776879 3085778242 0 0 0 0 0 0 1326718415 20238088 4184535040 765747200 663552 36025745 33284639 15400983 17685252 73413098
1790331848302 0 165757 2321 3131826296 3085850128 0 0 0 0 0 0 1326777412 20238088 4185497600 689065984 1695744 36154926 33393913 15458699 17776955 73987495
1790331849343 0 160237 716 3131893589 3085924587 0 0 0 0 0 0 1326853146 20238088 4185509888 652488704 2818048 36298958 33537971 15535019 17862590 74381589
1790331850375 0 155420 631 3131961819 3085997840 0 0 0 0 0 0 1326916858 20238088 4185845760 643461120 3190784 36431118 33670120 15598123 17950909 74825906
1790331851406 0 155984 1941 3132037112 3086071299 0 0 0 0 0 0 1326993539 20238088 4185632768 642732032 5304320 36584347 33823346 15676061 18019726 75193236
1790331852432 0 64640 34240 3132052619 3086145751 0 0 0 0 0 0 1327015123 20238088 4186394624 331997184 77070336 36621275 33860272 15698505 18042763 75389948
1790331853460 0 35106 776 3132052620 3086208736 0 0 0 0 0 0 1327015123 20238088 4186394624 149573632 2551808 36621275 33860272 15698505 18042763 75389948
1790331854479 0 12 0 3132053056 3086244991 0 0 0 0 0 0 1327089729 20238088 4183736320 0 0 36693991 33932982 15770566 18077908 75534712
1790331855499 0 1 0 3132053066 3086245012 0 0 0 0 0 0 1327247187 20238088 4193734656 0 0 36848871 34087858 15927883 18156997 75764883
1790331856518 0 1 0 3132053066 3086245012 0 0 0 0 0 0 1327399915 20238088 4199301120 0 0 37000424 34239393 16080777 18214608 75952216
1790331857537 0 1 0 3132053066 3086245012 0 0 0 0 0 0 1327549407 20238088 4199444480 0 0 37150672 34389295 16230714 18268894 76131787
1790331858556 0 0 0 3132053067 3086245014 0 0 0 0 0 0 1327680790 20238090 3526860800 4096 0 37285491 34523646 16364242 18341454 76360292
