1790326400695 0 0 0 2682641701 2636840975 0 0 0 0 0 0 1104594049 19592440 - - - - - - - -
1790326402464 0 186923 2593 2683052926 2637062702 0 0 0 0 0 0 1104594057 19592527 1564856320 733372416 6303744 0 0 8 0 425316
1790326403584 0 179935 319 2683184518 2637203377 0 0 0 0 0 0 1104594057 19592528 2219905024 741134336 2928640 0 0 8 0 910886
1790326404604 0 163846 1555 2683316160 2637349879 0 0 0 0 0 0 1104594057 19592530 2756550656 672526336 8404992 0 0 8 0 1272225
1790326405635 0 163426 1210 2683458986 2637493600 0 0 0 0 0 0 1104594057 19592530 3327836160 661614592 12607488 0 0 8 0 1759024
1790326406684 0 162937 1973 2683594145 2637628475 0 0 0 0 0 0 1104594057 19592530 3881574400 669016064 10473472 0 0 8 0 2205987
1790326407724 0 144123 846 2683708636 2637762905 0 0 0 0 0 0 1104595787 19592530 4148113408 564318208 2101248 46208 46112 1336 13515 2650422
1790326408764 0 162605 1453 2683871326 2637906503 0 0 0 0 0 0 1104609491 19592530 4147232768 662593536 4202496 225888 225888 14708 45245 2988441
1790326409795 0 158464 2204 2684003343 2638041826 0 0 0 0 0 0 1104629505 19592530 4147589120 656900096 8404992 382240 382240 34535 82550 3395473
1790326410827 0 177339 879 2684156951 2638177946 0 0 0 0 0 0 1104650696 19592530 4147703808 714313728 1290240 552160 552096 56217 124728 3860469
1790326411852 0 178806 521 2684294347 2638314239 0 0 0 0 0 0 1104681815 19592530 4149248000 737329152 4202496 725856 725856 87470 160982 4190867
1790326412871 0 185577 1835 2684433875 2638445581 0 0 0 0 0 0 1104714919 19592530 4150910976 747737088 4202496 893440 893437 121050 197807 4623202
1790326413895 0 179411 1541 2684560719 2638579051 0 0 0 0 0 0 1104749521 19592530 4152479744 737538048 8404992 1057984 1057962 154525 227342 4965027
1790326414917 0 186786 580 2684694973 2638706756 0 0 0 0 0 0 1104790687 19592530 4154277888 769531904 6303744 1234304 1234282 196235 264652 5394884
1790326415936 0 175928 1449 2684808299 2638830289 0 0 0 0 0 0 1104828032 19592530 4156002304 715976704 4075520 1380864 1380842 233519 303597 5897753
1790326416960 0 187556 1013 2684949591 2638960274 0 0 0 0 0 0 1104880683 19592530 4157390848 770048000 2514944 1575744 1575688 285212 347460 6383190
1790326417983 0 166320 1054 2685064230 2639095997 0 0 0 0 0 0 1104920345 19592530 4158681088 693411840 8404992 1731648 1731618 325847 380102 6784097
1790326419039 0 188011 900 2685216545 2639226917 0 0 0 0 0 0 1104985966 19592530 4160008192 767119360 4177920 1940000 1939938 387709 429446 7302919
1790326420082 0 155868 4690 2685324111 2639362841 0 0 0 0 0 0 1105028270 19592530 4161036288 638504960 27590656 2100224 2100187 434319 470125 7615140
1790326421124 0 120070 1633 2685414448 2639492048 0 0 0 0 0 0 1105074531 19592530 4162060288 490254336 5799936 2226784 2226747 477313 509449 8038491
1790326422159 0 139916 171 2685543719 2639602921 0 0 0 0 0 0 1105147899 19592530 4164624384 554455040 7020544 2431552 2431478 552863 557233 8440049
1790326423197 0 89104 8637 2685637799 2639739123 0 0 0 0 0 0 1105197338 19592530 4165181440 401616896 8433664 2577504 2577453 602620 724710 9020476
1790326424226 0 90344 7121 2685746946 2639848697 0 0 0 0 0 0 1105272989 19592530 4166725632 399810560 4202496 2764384 2764330 677976 800475 9438938
1790326425267 0 115931 959 2685874116 2639956397 0 0 0 0 0 0 1105362795 19592530 4169265152 472391680 1413120 2973344 2973264 765796 890881 9832029
1790326426319 0 100061 2433 2685985393 2640082118 0 0 0 0 0 0 1105424175 19592530 4169441280 418516992 5783552 3148192 3148073 828030 987226 10382441
1790326427360 0 98947 1494 2686090962 2640189740 0 0 0 0 0 0 1105505667 19592530 4170522624 408199168 8146944 3333952 3333858 909341 1113108 10861247
1790326428410 0 109111 3581 2686210352 2640297002 0 0 0 0 0 0 1105597186 19592530 4171026432 457207808 4202496 3548128 3548024 1001800 1163228 11168455
1790326429431 0 112931 907 2686324621 2640409786 0 0 0 0 0 0 1105691822 19592530 4173021184 464986112 3592192 3756352 3756239 1096385 1303883 11672858
1790326430460 0 150216 538 2686458389 2640506809 0 0 0 0 0 0 1105803057 19592530 4173062144 613322752 1155072 4000096 3999942 1207782 1368126 11956821
1790326431485 0 141442 0 2686553903 2640611453 0 0 0 0 0 0 1105882068 19592530 4172636160 557588480 0 4167328 4167173 1281837 1429307 12469838
1790326432507 0 150277 860 2686657974 2640706017 0 0 0 0 0 0 1105988677 19592530 4174094336 620036096 6135808 4388188 4388019 1393874 1514018 12794517
1790326433530 0 101423 1547 2686730835 2640827113 0 0 0 0 0 0 1106060896 19592530 4174405632 420085760 6197248 4531001 4530812 1465421 1612933 13300698
1790326434564 0 131298 2578 2686866728 2640932220 0 0 0 0 0 0 1106179386 19592530 4173656064 537243648 29417472 4788682 4788469 1584974 1684506 13574580
1790326435617 0 122640 507 2686968494 2641044566 0 0 0 0 0 0 1106278567 19592530 4174487552 514805760 4202496 4983683 4983453 1680981 1761251 14028520
1790326436680 0 131264 521 2687082953 2641150238 0 0 0 0 0 0 1106383472 19592530 4175859712 536436736 1921024 5199139 5198901 1785939 1856791 14465324
1790326437712 0 153300 513 2687196986 2641242548 0 0 0 0 0 0 1106489247 19592530 4176773120 626069504 4304896 5424546 5424260 1894058 1924218 14813055
1790326438739 0 117036 505 2687287635 2641369116 0 0 0 0 0 0 1106567121 19592530 4177162240 483090432 1118208 5591894 5591563 1970634 1987058 15209041
1790326439760 0 117420 423 2687399072 2641480917 0 0 0 0 0 0 1106660811 19592530 4177629184 486404096 4296704 5799318 5799017 2065361 2052169 15678602
1790326440791 0 116559 332 2687508223 2641590501 0 0 0 0 0 0 1106760340 19592530 4178968576 474533888 1953792 6006188 6005811 2164733 2139298 16008991
1790326441831 0 111323 734 2687619630 2641707116 0 0 0 0 0 0 1106868785 19592530 4180889600 459026432 6156288 6223711 6223355 2272907 2255402 16421517
1790326442858 0 119194 0 2687725662 2641805680 0 0 0 0 0 0 1106964278 19592530 4180557824 469831680 0 6418587 6418223 2363834 2325437 16799483
1790326443888 0 142921 807 2687844927 2641900457 0 0 0 0 0 0 1107107976 19592530 4184334336 594804736 10354688 6688521 6688148 2511866 2475371 17203784
1790326444938 0 139875 575 2687957645 2642016529 0 0 0 0 0 0 1107208362 19592530 4183613440 567951360 2678784 6896725 6896338 2611123 2576399 17555978
1790326445968 0 116218 3278 2688058871 2642138574 0 0 0 0 0 0 1107300872 19592530 4182937600 488071168 22159360 7096054 7095645 2705612 2647678 17857802
1790326447015 0 130035 2484 2688181940 2642248779 0 0 0 0 0 0 1107428896 19592530 4184846336 540565504 6250496 7343583 7343135 2832500 2726419 18238299
1790326448049 0 127826 2946 2688302994 2642371421 0 0 0 0 0 0 1107543830 19592530 4184932352 523841536 30887936 7584440 7583932 2949680 2797209 18480470
1790326449078 0 110699 1118 2688411160 2642498768 0 0 0 0 0 0 1107656410 19592530 4186427392 448454656 4583424 7801653 7800093 3061718 2886069 18862582
1790326450100 0 149961 0 2688557639 2642606955 0 0 0 0 0 0 1107795717 19592530 4186148864 580685824 0 8080772 8078143 3197765 2959962 19137419
1790326451127 0 120092 428 2688669534 2642748063 0 0 0 0 0 0 1107917031 19592530 4187516928 489893888 2289664 8319267 8316084 3321310 3076538 19533629
1790326452168 0 105368 21314 2688757666 2642830279 0 0 0 0 0 0 1108007825 19592530 4187852800 431587328 89260032 8505763 8500806 3413774 3160362 19924457
1790326453201 0 103271 649 2688829627 2642924713 0 0 0 0 0 0 1108090918 19592530 4189032448 426496000 3080192 8653985 8648513 3494053 3275073 20449377
1790326454236 0 121296 70 2688951885 2643029781 0 0 0 0 0 0 1108194544 19592530 4187209728 483287040 0 8877345 8870878 3592880 3355671 20763840
1790326455264 0 120511 1515 2689067515 2643144642 0 0 0 0 0 0 1108316503 19592530 4189691904 501706752 3608576 9130125 9115971 3720823 3457035 21148935
1790326456304 0 108812 1522 2689191795 2643280992 0 0 0 0 0 0 1108446604 19592530 4190265344 476139520 7770112 9383994 9366260 3848892 3537751 21471682
1790326457366 0 122612 3018 2689313360 2643387016 0 0 0 0 0 0 1108560641 19592530 4189802496 529240064 2371584 9631585 9604252 3964164 3637086 21797779
1790326458411 0 117607 1403 2689413890 2643494194 0 0 0 0 0 0 1108648614 19592530 4189601792 491692032 4202496 9835133 9793275 4052076 3770063 22208846
1790326459438 0 134729 0 2689549804 2643614176 0 0 0 0 0 0 1108772329 19592530 4189622272 533716992 0 10090005 10044846 4171811 3872584 22526034
1790326460479 0 93462 0 2689643783 2643749616 0 0 0 0 0 0 1108870217 19592530 4190658560 396283904 17661952 10290222 10243667 4273928 3946985 22861014
1790326461521 0 100394 16247 2689799899 2643882448 0 0 0 0 0 0 1109004401 19592530 4189724672 409280512 76836864 10590723 10536688 4410256 4028572 23142673
1790326462558 0 119645 848 2689918384 2643997062 0 0 0 0 0 0 1109109049 19592530 4189818880 496668672 950272 10811848 10752419 4510072 4119546 23499690
1790326463590 0 109326 808 2690020990 2644110087 0 0 0 0 0 0 1109185124 19592530 4189143040 438935552 1224704 10990297 10930818 4588042 4257033 23996476
1790326464616 0 136402 1084 2690154006 2644215682 0 0 0 0 0 0 1109298509 19592530 4189696000 548425728 0 11235058 11174542 4699282 4350955 24289908
1790326465646 0 101550 184 2690249819 2644347206 0 0 0 0 0 0 1109388472 19592530 4190498816 421675008 897024 11435346 11362575 4789160 4434626 24761765
1790326466678 0 107808 2941 2690396248 2644484731 0 0 0 0 0 0 1109528674 19592530 4191117312 454447104 9580544 11732871 11653413 4933350 4546335 25139067
1790326467699 0 108389 1277 2690517793 2644607360 0 0 0 0 0 0 1109633518 19592530 4190113792 452571136 3399680 11971849 11880024 5038051 4682960 25535271
1790326468738 0 112552 11591 2690644448 2644719754 0 0 0 0 0 0 1109732129 19592530 4190203904 517042176 13750272 12204023 12105975 5137313 4754944 25864927
1790326469774 0 106172 1361 2690741493 2644832995 0 0 0 0 0 0 1109827345 19592530 4191240192 439910400 3973120 12398798 12295100 5230760 4856330 26273096
1790326470798 0 110611 27 2690876820 2644965447 0 0 0 0 0 0 1109925083 19592530 4189798400 426553344 0 12627811 12522325 5326818 4927952 26531492
1790326471821 0 99009 15905 2691022361 2645106755 0 0 0 0 0 0 1110074162 19592530 4191662080 405540864 75644928 12933794 12825321 5479447 5054044 26826181
1790326472847 0 6572 0 2691067711 2645260477 0 0 0 0 0 0 1110102849 19592530 4191506432 360448 0 12998539 12889549 5505586 5122718 27023782
1790326473874 0 127382 0 2691262998 2645334863 0 0 0 0 0 0 1110273471 19592530 4190908416 506011648 0 13371191 13257555 5675608 5205837 27284591
1790326474899 0 126651 58 2691420518 2645492836 0 0 0 0 0 0 1110388694 19592530 4189921280 489644032 0 13649530 13527445 5791297 5304903 27607321
1790326475931 0 108363 0 2691553262 2645644204 0 0 0 0 0 0 1110502194 19592530 4190826496 420249600 0 13921161 13773197 5902831 5408136 27999422
1790326476967 0 105529 1255 2691677273 2645769815 0 0 0 0 0 0 1110600452 19592530 4190146560 436748288 1568768 14154211 14002362 6004093 5530143 28395089
1790326477994 0 106917 6712 2691784262 2645869886 0 0 0 0 0 0 1110708614 19592530 4191776768 445816832 31916032 14375524 14219874 6114272 5643869 28665314
1790326479022 0 121645 1067 2691896503 2645973056 0 0 0 0 0 0 1110815632 19592530 4192096256 510242816 1110016 14618326 14437612 6220767 5734555 28958521
1790326480060 0 102052 997 2691991037 2646087179 0 0 0 0 0 0 1110912945 19592530 4191920128 424370176 2109440 14807147 14625282 6316035 5827880 29244393
1790326481088 0 126747 7733 2692120796 2646185562 0 0 0 0 0 0 1111020349 19592530 4190711808 543105024 0 15045202 14858791 6422315 5897207 29464653
1790326482110 0 119531 1092 2692217264 2646295928 0 0 0 0 0 0 1111122660 19592530 4192231424 487137280 3010560 15250869 15060378 6526295 5996776 29839219
1790326483129 0 101717 1086 2692338497 2646434936 0 0 0 0 0 0 1111232171 19592530 4191744000 430510080 1687552 15492595 15295948 6637836 6120811 30265794
1790326484169 0 121226 301 2692484232 2646561956 0 0 0 0 0 0 1111346834 19592530 4190564352 508841984 14368768 15756331 15554311 6751245 6235510 30607180
1790326485217 0 92285 291 2692577039 2646683780 0 0 0 0 0 0 1111418692 19592530 4190486528 374378496 3858432 15917842 15715807 6821834 6360675 31052293
1790326486238 0 113525 781 2692711022 2646795918 0 0 0 0 0 0 1111536166 19592530 4191432704 472780800 2101248 16178485 15970206 6940092 6434217 31344750
1790326487261 0 80506 0 2692831694 2646950332 0 0 0 0 0 0 1111646709 19592530 4192157696 310984704 0 16407534 16195125 7048736 6540886 31769290
1790326488292 0 116330 2831 2693015816 2647096020 0 0 0 0 0 0 1111792664 19592530 4191252480 504107008 4202496 16751172 16529349 7196731 6649403 32004087
1790326489331 0 96621 61 2693129618 2647232223 0 0 0 0 0 0 1111891402 19592530 4191674368 371920896 0 16961119 16736823 7294827 6780379 32376775
1790326490371 0 113823 1858 2693263226 2647346935 0 0 0 0 0 0 1112014138 19592530 4191985664 480964608 4337664 17226672 16996013 7417120 6894266 32671219
1790326491403 0 108081 326 2693368596 2647459535 0 0 0 0 0 0 1112109963 19592530 4192436224 436076544 3186688 17430857 17196775 7513765 7017452 33089531
1790326492425 0 113191 4208 2693487925 2647569733 0 0 0 0 0 0 1112222117 19592530 4191989760 481181696 3518464 17669417 17430559 7626460 7102632 33394941
1790326493457 0 102529 4218 2693598882 2647691389 0 0 0 0 0 0 1112339625 19592530 4192935936 416047104 42024960 17904070 17659450 7744773 7218440 33750475
1790326494489 0 122286 1006 2693726068 2647802482 0 0 0 0 0 0 1112460116 19592530 4192256000 502198272 4202496 18159973 17905119 7864078 7290495 34015611
1790326495521 0 99333 18069 2693849540 2647931578 0 0 0 0 0 0 1112566454 19592530 4191825920 467673088 27373568 18410237 18137906 7972307 7467094 34473571
1790326496549 0 132082 0 2693977998 2648045082 0 0 0 0 0 0 1112680698 19592530 4191604736 510656512 0 18648396 18369889 8082436 7574791 34788323
1790326497583 0 107110 430 2694081345 2648172903 0 0 0 0 0 0 1112777783 19592530 4192038912 438599680 26054656 18873393 18580480 8182851 7703596 35208865
1790326498638 0 106565 36 2694208706 2648301339 0 0 0 0 0 0 1112889383 19592530 4191428608 414736384 0 19101604 18807138 8288098 7835972 35518896
1790326499669 0 100993 4640 2694320524 2648414297 0 0 0 0 0 0 1113000878 19592530 4192731136 413945856 48328704 19338969 19041968 8405963 7958191 35894823
1790326500728 0 105766 56 2694442337 2648535783 0 0 0 0 0 0 1113143068 19592530 4193669120 411840512 0 19598278 19294424 8542197 8089529 36202768
1790326501763 0 86476 13135 2694584231 2648683912 0 0 0 0 0 0 1113270246 19592530 4191838208 418869248 11726848 19887317 19573880 8675037 8169395 36463497
1790326502786 0 105727 15845 2694719575 2648797330 0 0 0 0 0 0 1113393901 19592530 4191985664 433426432 74366976 20152664 19834323 8799020 8271082 36819115
1790326503805 0 123234 782 2694840239 2648915413 0 0 0 0 0 0 1113494575 19592530 4191670272 506126336 3227648 20372908 20052420 8899042 8341911 37181083
1790326504827 0 120071 0 2694959725 2649038795 0 0 0 0 0 0 1113595318 19592530 4191600640 470302720 0 20586124 20265617 8996897 8441035 37598698
1790326505853 0 97931 3386 2695052942 2649150854 0 0 0 0 0 0 1113705859 19592530 4193779712 401338368 24088576 20809935 20478147 9111370 8522605 37969260
1790326506878 0 101801 3875 2695163694 2649257367 0 0 0 0 0 0 1113811091 19592530 4192395264 415936512 26370048 21036141 20694701 9217068 8623141 38350393
1790326507903 0 101998 498 2695275584 2649372267 0 0 0 0 0 0 1113905039 19592530 4191264768 414420992 3481600 21244487 20896566 9309611 8742460 38770032
1790326508935 0 106847 660 2695387091 2649478927 0 0 0 0 0 0 1114003293 19592530 4191850496 436244480 2928640 21453743 21105196 9407639 8819191 39084057
1790326509973 0 113294 89 2695492885 2649578790 0 0 0 0 0 0 1114103411 19592530 4192296960 458072064 4931584 21660171 21306727 9506103 8905344 39465853
1790326511011 0 113886 0 2695587869 2649673176 0 0 0 0 0 0 1114195490 19592530 4193050624 447111168 0 21851286 21490076 9594331 9024875 39880902
1790326512040 0 108114 55 2695706207 2649797259 0 0 0 0 0 0 1114294686 19592530 4191342592 407642112 0 22078176 21706041 9695367 9112284 40197116
1790326513098 0 100530 648 2695848587 2649946585 0 0 0 0 0 0 1114429258 19592530 4191358976 421203968 2527232 22373903 21986481 9828682 9255032 40577605
1790326514132 0 130389 656 2695973120 2650041487 0 0 0 0 0 0 1114532212 19592530 4190928896 534372352 2101248 22619777 22219131 9936466 9346251 40879118
1790326515160 0 126036 565 2696079738 2650152548 0 0 0 0 0 0 1114631379 19592530 4190801920 523526144 2150400 22828477 22427286 10035745 9442911 41200366
1790326516186 0 116398 599 2696194080 2650276342 0 0 0 0 0 0 1114728403 19592530 4189802496 472285184 32014336 23041673 22638978 10133909 9555724 41511501
1790326517249 0 104016 7745 2696304636 2650392189 0 0 0 0 0 0 1114821937 19592530 4189954048 453959680 16613376 23243828 22840591 10226299 9680228 41885223
1790326518288 0 113588 1271 2696423699 2650508110 0 0 0 0 0 0 1114936305 19592530 4191354880 459841536 5378048 23523485 23072713 10341790 9762805 42220695
1790326519311 0 104337 2274 2696542397 2650635210 0 0 0 0 0 0 1115058537 19592530 4191133696 441090048 4370432 23770680 23314667 10462622 9895546 42565376
1790326520339 0 102963 882 2696630205 2650725913 0 0 0 0 0 0 1115141431 19592530 4191211520 419315712 5890048 23941691 23484610 10546245 10019248 42975024
1790326521369 0 133012 674 2696732418 2650798219 0 0 0 0 0 0 1115236184 19592530 4190912512 546684928 2727936 24139835 23682228 10640042 10151835 43413744
1790326522394 0 151094 789 2696827356 2650874805 0 0 0 0 0 0 1115323453 19592530 4189184000 615665664 3424256 24406136 23864275 10728064 10240536 43776134
1790326523429 0 159001 397 2696915426 2650955232 0 0 0 0 0 0 1115405029 19592530 4188897280 636874752 2789376 24653470 24029368 10809468 10337231 44202735
1790326524460 0 154258 2365 2696982962 2651025508 0 0 0 0 0 0 1115475386 19592530 4188782592 633360384 5271552 24847904 24172199 10880964 10466905 44732014
1790326525488 0 147945 3280 2697068580 2651116701 0 0 0 0 0 0 1115559633 19592530 4188876800 623882240 4112384 25083583 24341072 10963237 10577104 45201670
1790326526529 0 147293 730 2697152682 2651203806 0 0 0 0 0 0 1115630814 19592530 4188299264 593494016 3260416 25234933 24490507 11033455 10694459 45717552
1790326527567 0 163513 1643 2697236409 2651270492 0 0 0 0 0 0 1115716741 19592530 4187205632 667295744 806912 25435923 24664646 11121426 10795382 46115159
1790326528607 0 139711 1016 2697296908 2651356178 0 0 0 0 0 0 1115772505 19592530 4188151808 583233536 843776 25561431 24781173 11176853 10949287 46634860
1790326529663 0 146028 764 2697376068 2651428513 0 0 0 0 0 0 1115844935 19592530 4188278784 591273984 2899968 25709623 24929362 11248603 11059875 47209802
1790326530702 0 146686 1931 2697462671 2651513307 0 0 0 0 0 0 1115923328 19592530 4187926528 606187520 9379840 25876247 25095978 11327443 11106007 47513036
1790326531767 0 130850 1090 2697534774 2651602112 0 0 0 0 0 0 1115988142 19592530 4188028928 534310912 2899968 26010263 25229989 11391198 11188191 48058409
1790326532797 0 130684 771 2697612288 2651680131 0 0 0 0 0 0 1116067745 19592530 4188913664 533905408 5394432 26171799 25391522 11472581 11261144 48471956
1790326533819 0 140797 521 2697701718 2651759647 0 0 0 0 0 0 1116147318 19592530 4189315072 572391424 8404992 26340727 25560449 11552669 11382346 49065063
1790326534857 0 155203 757 2697790441 2651833806 0 0 0 0 0 0 1116231951 19592530 4188712960 631566336 2457600 26537089 25728531 11634959 11467032 49643036
1790326535890 0 145250 910 2697861102 2651914407 0 0 0 0 0 0 1116312846 19592530 4189507584 600887296 2007040 26792474 25883335 11716585 11587954 50215584
1790326536920 0 122916 348 2697936854 2652012715 0 0 0 0 0 0 1116388447 19592530 4190629888 489431040 4198400 26987079 26031752 11793455 11685088 50723713
1790326537943 0 112855 693 2698009471 2652095269 0 0 0 0 0 0 1116460602 19592530 4188405760 462274560 5931008 27137585 26182238 11865935 11833028 51186785
1790326538979 0 101074 2101 2698070770 2652166896 0 0 0 0 0 0 1116518297 19592530 4187721728 422486016 4952064 27252497 26297143 11922191 12012859 51650759
1790326540025 0 129036 2951 2698160603 2652227927 0 0 0 0 0 0 1116625131 19592530 4189310976 544419840 4001792 27457812 26495203 12029838 12125651 52025442
1790326541059 0 111951 2795 2698221119 2652305661 0 0 0 0 0 0 1116680172 19592530 4189622272 468688896 2793472 27573012 26610369 12085249 12290387 52667026
1790326542083 0 140690 1141 2698318910 2652376301 0 0 0 0 0 0 1116773250 19592530 4188905472 571539456 4202496 27765194 26799281 12177865 12353308 52997734
1790326543107 0 127401 1541 2698385562 2652455835 0 0 0 0 0 0 1116839759 19592530 4189188096 524083200 548864 27897386 26931459 12244448 12495504 53607502
1790326544135 0 110511 1411 2698443057 2652530329 0 0 0 0 0 0 1116894137 19592530 4189245440 454242304 4202496 28011018 27045089 12299187 12639573 54272747
1790326545161 0 164389 526 2698555334 2652589823 0 0 0 0 0 0 1116978938 19592530 4187398144 668196864 2039808 28258770 27241420 12384169 12702701 54646140
1790326546187 0 163761 1194 2698634309 2652668550 0 0 0 0 0 0 1117062710 19592530 4187127808 675131392 5206016 28530432 27405019 12466841 12815069 55085973
1790326547214 0 137219 430 2698688074 2652749872 0 0 0 0 0 0 1117130232 19592530 4190736384 554995712 2457600 28679058 27522320 12534491 12955693 55667179
1790326548246 0 126378 994 2698777703 2652849587 0 0 0 0 0 0 1117211170 19592530 4189208576 513449984 2969600 28903314 27692022 12614622 13054395 56085601
1790326549277 0 118624 420 2698860287 2652940548 0 0 0 0 0 0 1117283081 19592530 4186898432 478359552 9355264 29061279 27849973 12687878 13160845 56549400
1790326550320 0 110569 5164 2698937793 2653021416 0 0 0 0 0 0 1117352877 19592530 4186124288 454565888 12152832 29204319 27993000 12757417 13296384 57085344
1790326551368 0 101043 1944 2699003517 2653099662 0 0 0 0 0 0 1117419648 19592530 4186681344 423096320 2301952 29342079 28130747 12823932 13444435 57616487
1790326552400 0 132892 463 2699106602 2653172515 0 0 0 0 0 0 1117517260 19592530 4187713536 542461952 2433024 29538941 28327535 12920145 13559667 57993225
1790326553428 0 137532 415 2699186666 2653247927 0 0 0 0 0 0 1117593215 19592530 4187926528 559673344 2101248 29694919 28483539 12996964 13642773 58546464
1790326554462 0 145199 1004 2699266381 2653319479 0 0 0 0 0 0 1117670046 19592530 4188360704 593551360 3203072 29852016 28639172 13073188 13762755 59024868
1790326555494 0 142635 488 2699341313 2653397590 0 0 0 0 0 0 1117744089 19592530 4188479488 584908800 1880064 30000472 28787621 13146122 13892788 59585306
1790326556521 0 148756 1186 2699420273 2653469529 0 0 0 0 0 0 1117828292 19592530 4189351936 607531008 3833856 30185622 28951554 13232983 13984690 60103069
1790326557554 0 152351 523 2699494690 2653541169 0 0 0 0 0 0 1117896666 19592530 4189069312 615923712 1474560 30388148 29093468 13301001 14098199 60587428
1790326558591 0 133205 370 2699559010 2653624675 0 0 0 0 0 0 1117954494 19592530 4189065216 546324480 2314240 30548444 29212298 13357153 14235515 61155529
1790326559647 0 124297 1302 2699639600 2653713203 0 0 0 0 0 0 1118045107 19592530 4188790784 514879488 2756608 30721980 29385830 13448007 14347968 61646940
1790326560682 0 90285 9307 2699692975 2653792701 0 0 0 0 0 0 1118099303 19592530 4188672000 367669248 41971712 30833542 29497382 13504668 14456769 62234517
1790326561719 0 95084 879 2699760198 2653863554 0 0 0 0 0 0 1118156818 19592530 4188475392 394530816 1867776 30954744 29618576 13561165 14633560 62824282
1790326562767 0 137525 1086 2699862143 2653922700 0 0 0 0 0 0 1118268874 19592530 4189188096 572248064 1114112 31169685 29833496 13673146 14720132 63137703
1790326563817 0 132471 1164 2699934429 2653999978 0 0 0 0 0 0 1118328617 19592530 4188983296 546041856 5267456 31302844 29966648 13733401 14847190 63612594
1790326564842 0 134257 44 2700003578 2654068586 0 0 0 0 0 0 1118397705 19592530 4188753920 549969920 1069056 31440348 30104149 13802617 14964010 64143102
1790326565877 0 155477 241 2700100553 2654144172 0 0 0 0 0 0 1118481097 19592530 4189007872 620847104 1929216 31643881 30277582 13883869 15095205 64625930
1790326566900 0 167056 381 2700178600 2654210408 0 0 0 0 0 0 1118553299 19592530 4186992640 682905600 3514368 31902370 30435046 13958151 15215947 65133855
1790326567924 0 157692 799 2700254148 2654295143 0 0 0 0 0 0 1118621202 19592530 4187418624 642981888 2101248 32102526 30577351 14026688 15365385 65648168
1790326568959 0 166000 439 2700345594 2654378460 0 0 0 0 0 0 1118700448 19592530 4187250688 673181696 4202496 32290511 30745913 14104921 15460384 66082749
1790326569990 0 156859 530 2700418413 2654460165 0 0 0 0 0 0 1118769617 19592530 4186906624 642285568 0 32455582 30887006 14173257 15592618 66619880
1790326571031 0 166231 2239 2700501036 2654531949 0 0 0 0 0 0 1118852597 19592530 4186677248 690237440 7376896 32664957 31056347 14257724 15734561 67149005
1790326572054 0 162382 457 2700572800 2654609155 0 0 0 0 0 0 1118919417 19592530 4187561984 666472448 5210112 32871890 31192781 14324606 15863229 67670880
1790326573080 0 149798 878 2700640772 2654689559 0 0 0 0 0 0 1118998734 19592530 4188835840 606363648 643072 33065976 31336112 14402895 15972263 68186225
1790326574104 0 131315 499 2700697288 2654764837 0 0 0 0 0 0 1119048439 19592530 4187897856 540020736 3072000 33175086 31445239 14452999 16042363 68692895
1790326575129 0 126063 445 2700771446 2654844115 0 0 0 0 0 0 1119116689 19592530 4186968064 509825024 1073152 33314970 31585114 14520755 16125097 69027998
1790326576172 0 105810 219 2700824192 2654917237 0 0 0 0 0 0 1119164120 19592530 4186460160 420249600 0 33410522 31680658 14566998 16218160 69407948
1790326577228 0 121589 359 2700909983 2654987535 0 0 0 0 0 0 1119241898 19592530 4187123712 488820736 5251072 33575098 31845229 14645547 16325165 69892381
1790326578277 0 112974 2220 2700980412 2655064503 0 0 0 0 0 0 1119299278 19592530 4186947584 458608640 15253504 33709946 31980059 14705268 16413916 70318577
1790326579299 0 76987 1825 2701033746 2655154226 0 0 0 0 0 0 1119350991 19592530 4187238400 315523072 18575360 33815290 32085395 14756978 16545742 70944999
1790326580339 0 159027 902 2701166611 2655206055 0 0 0 0 0 0 1119484192 19592530 4188028928 653090816 1388544 34131531 32348131 14888630 16616519 71251858
1790326581368 0 152869 7112 2701242589 2655281799 0 0 0 0 0 0 1119555689 19592530 4188000256 648560640 987136 34342459 32493690 14960195 16725871 71724144
1790326582398 0 134897 2971 2701300328 2655361803 0 0 0 0 0 0 1119602975 19592530 4187742208 549683200 16355328 34456136 32602549 15009034 16812315 72211060
1790326583429 0 137439 857 2701372712 2655433809 0 0 0 0 0 0 1119665264 19592530 4187086848 567156736 7286784 34589448 32735857 15069849 16936044 72783362
1790326584454 0 161630 540 2701462448 2655499682 0 0 0 0 0 0 1119740164 19592530 4186554368 657809408 3768320 34751888 32898289 15144428 17035561 73215314
1790326585479 0 165774 1180 2701536465 2655568694 0 0 0 0 0 0 1119821255 19592530 4187107328 681910272 4489216 34977905 33055696 15226874 17128040 73611537
1790326586504 0 163562 772 2701613279 2655648311 0 0 0 0 0 0 1119899917 19592530 4187283456 674500608 1675264 35222921 33210147 15304616 17259695 74166971
1790326587540 0 153281 2102 2701686711 2655730574 0 0 0 0 0 0 1119980610 19592530 4188151808 636481536 3596288 35414334 33360471 15384358 17392635 74720373
1790326588603 0 159886 530 2701768797 2655807578 0 0 0 0 0 0 1120062798 19592530 4187435008 655736832 2539520 35605680 33522895 15465553 17519009 75288358
1790326589650 0 140575 1484 2701828685 2655886072 0 0 0 0 0 0 1120113560 19592530 4186603520 578011136 1933312 35720413 33637616 15519024 17729934 75910753
1790326590698 0 130336 491 2701900128 2655968575 0 0 0 0 0 0 1120180835 19592530 4185866240 542789632 2203648 35855645 33772843 15583299 17888717 76393154
1790326591756 0 104175 847 2701961677 2656055882 0 0 0 0 0 0 1120237612 19592530 4186148864 426745856 1908736 35972893 33890091 15640573 17982251 76942997
1790326592797 0 129845 886 2702062564 2656131196 0 0 0 0 0 0 1120313567 19592530 4185788416 520773632 3186688 36149629 34066818 15718203 18071620 77290059
1790326593829 0 38566 1026 2702064428 2656224110 0 0 0 0 0 0 1120315923 19592530 4185534464 165101568 3162112 36159005 34076194 15721874 18074949 77364655
1790326594849 0 0 0 2702064772 2656264030 0 0 0 0 0 0 1120388880 19592530 4183531520 0 0 36229585 34146764 15791955 18101014 77448330
1790326595867 0 1 0 2702064757 2656264030 0 0 0 0 0 0 1120545316 19592530 4193406976 0 0 36383916 34301088 15948690 18159551 77611763
1790326596886 0 1 0 2702064757 2656264030 0 0 0 0 0 0 1120699306 19592530 4199411712 0 0 36536409 34453491 16102559 18218814 77793700
1790326597905 0 2 0 2702064758 2656264030 0 0 0 0 0 0 1120847478 19592530 4199489536 0 0 36685065 34601638 16250725 18298734 78031465
1790326598924 0 3 0 2702064759 2656264040 0 0 0 0 0 0 1120977220 19592532 3738214400 4096 0 36818908 34734930 16383192 18379572 78290456
