1790330260417 0 3 0 3008401900 2962593724 0 0 0 0 0 0 1239256662 20016897 - - - - - - - -
1790330261845 0 141222 11725 3008692464 2962731319 0 0 0 0 0 0 1239256668 20016975 1082769408 625344512 3395584 0 0 6 0 69834
1790330263104 0 152481 580 3008867471 2962906269 0 0 0 0 0 0 1239256668 20016976 1898381312 623484928 3837952 0 0 6 0 332218
1790330264123 0 153174 493 3009018331 2963056566 0 0 0 0 0 0 1239256668 20016976 2518953984 628273152 2101248 0 0 6 0 425097
1790330265141 0 151426 517 3009157256 2963197051 0 0 0 0 0 0 1239256668 20016978 3094568960 625876992 6303744 0 0 6 0 625037
1790330266159 0 152316 430 3009287577 2963326653 0 0 0 0 0 0 1239256668 20016978 3615195136 621817856 270336 0 0 6 0 859757
1790330267179 0 151111 197 3009422357 2963462753 0 0 0 0 0 0 1239256668 20016978 4161048576 615510016 2101248 1408 1408 40 566 1122862
1790330268198 0 119839 0 3009510871 2963582817 0 0 0 0 0 0 1239260590 20016978 4160409600 476983296 0 93216 93216 3452 57825 1421108
1790330269217 0 149137 0 3009625298 2963667975 0 0 0 0 0 0 1239271807 20016978 4159991808 597196800 0 219552 219552 15140 91109 1552877
1790330270236 0 146177 1859 3009722420 2963766247 0 0 0 0 0 0 1239281074 20016978 4159631360 603856896 1302528 327328 327328 24435 148471 1776880
1790330271260 0 112304 20028 3009808399 2963868436 0 0 0 0 0 0 1239292579 20016978 4159533056 520638464 23863296 425088 425088 35613 204542 2086619
1790330272294 0 121088 515 3009898165 2963968465 0 0 0 0 0 0 1239306120 20016978 4159598592 506605568 4202496 528960 528960 48976 228297 2213742
1790330273322 0 132843 1065 3009998648 2964056634 0 0 0 0 0 0 1239325350 20016978 4160348160 547008512 4202496 647648 647648 68192 278211 2547371
1790330274341 0 133906 994 3010095117 2964152094 0 0 0 0 0 0 1239342906 20016978 4160933888 550678528 4202496 761888 761888 86246 325000 2704067
1790330275365 0 126624 4603 3010178820 2964239348 0 0 0 0 0 0 1239366823 20016978 4162322432 530776064 10506240 869632 869631 109909 384955 2933748
1790330276389 0 110518 395 3010253204 2964334165 0 0 0 0 0 0 1239385409 20016978 4163207168 453029888 2158592 960800 960799 128238 452614 3345639
1790330277413 0 103097 1 3010340696 2964429507 0 0 0 0 0 0 1239413674 20016978 4164878336 407232512 0 1074784 1074774 157024 500200 3546775
1790330278432 0 114377 0 3010434144 2964511561 0 0 0 0 0 0 1239444031 20016978 4166238208 456564736 0 1198432 1198412 186856 541677 3738169
1790330279451 0 123879 1 3010515473 2964583325 0 0 0 0 0 0 1239480666 20016978 4168421376 500060160 0 1316544 1316524 223036 594380 3982260
1790330280471 0 134902 0 3010607499 2964664435 0 0 0 0 0 0 1239515182 20016978 4169805824 544489472 0 1442240 1442220 257164 639159 4239513
1790330281490 0 151703 50 3010698194 2964738271 0 0 0 0 0 0 1239549925 20016978 4171100160 612577280 0 1567232 1567212 292283 689625 4431421
1790330282508 0 147758 1008 3010776201 2964819161 0 0 0 0 0 0 1239581874 20016978 4171976704 616030208 1736704 1679648 1679628 324818 770992 4792817
1790330283538 0 127468 1810 3010848015 2964910489 0 0 0 0 0 0 1239607415 20016978 4171919360 535818240 6303744 1775936 1775916 349771 830395 5090353
1790330284569 0 121673 406 3010920304 2964990107 0 0 0 0 0 0 1239649774 20016978 4173676544 502489088 1810432 1889152 1889128 393116 901429 5372733
1790330285599 0 111781 591 3010988105 2965067443 0 0 0 0 0 0 1239684062 20016978 4174655488 463724544 1511424 1992352 1992325 427286 958396 5618297
1790330286632 0 122099 1022 3011074725 2965143553 0 0 0 0 0 0 1239719886 20016978 4174934016 509632512 6094848 2114976 2114944 462724 1019027 5838751
1790330287657 0 131781 1604 3011160941 2965219355 0 0 0 0 0 0 1239747940 20016978 4174864384 536965120 13217792 2227904 2227870 490986 1079046 6137366
1790330288678 0 114974 481 3011233167 2965309668 0 0 0 0 0 0 1239782024 20016978 4175122432 477769728 1548288 2334784 2334749 524886 1136229 6457709
1790330289712 0 94373 1616 3011303017 2965398837 0 0 0 0 0 0 1239826158 20016978 4176961536 416047104 6303744 2448512 2448462 569465 1191600 6660460
1790330290753 0 102691 76 3011382550 2965471781 0 0 0 0 0 0 1239869844 20016978 4177190912 417300480 6144000 2570944 2570894 612934 1248436 6849190
1790330291774 0 124704 0 3011471871 2965538968 0 0 0 0 0 0 1239920070 20016978 4178644992 499216384 0 2707680 2707627 662374 1324647 7183531
1790330292793 0 146094 5548 3011559965 2965600040 0 0 0 0 0 0 1239960174 20016978 4178948096 617766912 0 2836096 2836032 703540 1394593 7395920
1790330293812 0 144087 0 3011624212 2965671920 0 0 0 0 0 0 1240001831 20016978 4179861504 580362240 0 2941312 2941248 743695 1455602 7580518
1790330294831 0 102865 0 3011672295 2965761182 0 0 0 0 0 0 1240036987 20016978 4180443136 411844608 0 3024864 3024800 779268 1644110 8144493
1790330295856 0 95325 0 3011743262 2965839671 0 0 0 0 0 0 1240074206 20016978 4180086784 377405440 0 3132448 3132383 817053 1718029 8328750
1790330296879 0 82070 2611 3011809497 2965916594 0 0 0 0 0 0 1240114890 20016978 4180221952 349696000 4521984 3242176 3242091 857987 1828048 8747798
1790330297903 0 110292 17858 3011894033 2965957691 0 0 0 0 0 0 1240184526 20016978 4182704128 496173056 39481344 3396448 3396359 927688 1883249 8935452
1790330298923 0 118505 1535 3011956651 2966028404 0 0 0 0 0 0 1240232207 20016978 4183732224 489590784 6303744 3505152 3505060 975068 2043201 9377274
1790330299942 0 129300 6216 3012024926 2966081262 0 0 0 0 0 0 1240296417 20016978 4185341952 529514496 37822464 3638752 3638652 1039785 2083927 9511548
1790330300966 0 118022 726 3012088013 2966161276 0 0 0 0 0 0 1240341432 20016978 4185550848 493137920 1662976 3745632 3745531 1084122 2143540 9879621
1790330301990 0 114323 2136 3012157198 2966232575 0 0 0 0 0 0 1240384332 20016978 4184965120 478633984 4354048 3858304 3858199 1127382 2198991 10113322
1790330303015 0 114913 5651 3012223420 2966294710 0 0 0 0 0 0 1240438341 20016978 4185427968 497213440 4980736 3978496 3978382 1181488 2323598 10414823
1790330304037 0 114906 178 3012288013 2966364824 0 0 0 0 0 0 1240494027 20016978 4185448448 482070528 647168 4098368 4098249 1236710 2403941 10692482
1790330305064 0 110811 1517 3012357307 2966436793 0 0 0 0 0 0 1240543906 20016978 4185370624 466681856 1896448 4217721 4217594 1286769 2468656 10915265
1790330306088 0 103229 965 3012424613 2966512231 0 0 0 0 0 0 1240598053 20016978 4186079232 431390720 5468160 4337401 4337270 1340618 2564485 11319810
1790330307131 0 103630 560 3012495927 2966584059 0 0 0 0 0 0 1240667315 20016978 4186537984 448872448 6848512 4478041 4477866 1409825 2620111 11538348
1790330308185 0 132829 540 3012575349 2966633737 0 0 0 0 0 0 1240739103 20016978 4186619904 544223232 23113728 4630852 4630694 1482524 2662234 11670797
1790330309208 0 139988 0 3012638986 2966690800 0 0 0 0 0 0 1240810281 20016978 4188389376 570339328 0 4761828 4761635 1551114 2719858 12053293
1790330310227 0 139516 0 3012704189 2966756464 0 0 0 0 0 0 1240873711 20016978 4189130752 567336960 0 4889892 4889731 1614433 2792234 12407663
1790330311247 0 145494 0 3012773231 2966819563 0 0 0 0 0 0 1240936194 20016978 4190425088 587755520 0 5021252 5021087 1678580 2878465 12752729
1790330312268 0 149516 0 3012841924 2966884201 0 0 0 0 0 0 1240994022 20016978 4190007296 605360128 0 5147236 5147065 1735520 2913429 12881206
1790330313288 0 138120 0 3012902676 2966956292 0 0 0 0 0 0 1241042873 20016978 4190384128 563134464 0 5257284 5257096 1784082 3038214 13307906
1790330314307 0 143771 0 3012968308 2967016314 0 0 0 0 0 0 1241104752 20016978 4191379456 577843200 0 5384132 5383944 1847560 3136156 13475531
1790330315332 0 141544 0 3013029181 2967079413 0 0 0 0 0 0 1241164445 20016978 4192198656 577843200 0 5504516 5504326 1905043 3184979 13713520
1790330316351 0 114939 0 3013084707 2967161493 0 0 0 0 0 0 1241211192 20016978 4193341440 458227712 0 5605348 5605155 1953825 3214589 13935613
1790330317370 0 120805 0 3013153090 2967224079 0 0 0 0 0 0 1241280996 20016978 4194598912 491847680 0 5743748 5743548 2021730 3257112 14119357
1790330318390 0 79975 0 3013205398 2967317204 0 0 0 0 0 0 1241324923 20016978 4194533376 319389696 0 5839344 5839134 2066512 3303461 14540761
1790330319413 0 100651 7079 3013277200 2967361297 0 0 0 0 0 0 1241402893 20016978 4196212736 437059584 14708736 5993071 5992342 2146256 3410538 14827333
1790330320444 0 94940 0 3013331725 2967428528 0 0 0 0 0 0 1241466461 20016978 4197515264 386629632 0 6109677 6106889 2207256 3457262 14984794
1790330321463 0 106990 73 3013405821 2967490549 0 0 0 0 0 0 1241530499 20016978 4197330944 433057792 0 6247157 6243847 2271323 3537328 15208335
1790330322482 0 126123 0 3013481179 2967546838 0 0 0 0 0 0 1241607086 20016978 4197761024 510603264 0 6402046 6396160 2348842 3600481 15353237
1790330323501 0 90779 1651 3013533048 2967632482 0 0 0 0 0 0 1241667797 20016978 4199038976 381022208 6807552 6518424 6510996 2410637 3730305 15783926
1790330324520 0 109185 0 3013602191 2967684836 0 0 0 0 0 0 1241730370 20016978 4199432192 445464576 0 6647006 6639567 2470560 3788153 15960731
1790330325544 0 88254 2602 3013666404 2967767326 0 0 0 0 0 0 1241778348 20016978 4199145472 361414656 21012480 6764222 6755209 2521493 3843242 16216317
1790330326590 0 95277 5239 3013734989 2967826316 0 0 0 0 0 0 1241844624 20016978 4199968768 399179776 22917120 6900526 6889195 2587964 3905007 16449809
1790330327613 0 86708 31 3013790432 2967895556 0 0 0 0 0 0 1241897808 20016978 4201025536 346705920 0 7007843 6994947 2640622 4171489 16938413
1790330328637 0 94007 1025 3013862170 2967959036 0 0 0 0 0 0 1241959039 20016978 4200755200 392622080 2060288 7144287 7129325 2702085 4268685 17140644
1790330329656 0 52130 0 3013911268 2968050964 0 0 0 0 0 0 1242013942 20016978 4200955904 209088512 0 7246446 7231467 2755280 4325891 17345684
1790330330675 0 109613 38 3014000464 2968082682 0 0 0 0 0 0 1242089811 20016978 4201062400 437710848 0 7411383 7395345 2832125 4395946 17499209
1790330331699 0 84559 7182 3014066818 2968167231 0 0 0 0 0 0 1242142535 20016978 4200779776 344809472 37756928 7535374 7517795 2885873 4486426 17724216
1790330332724 0 108194 0 3014134512 2968218119 0 0 0 0 0 0 1242206859 20016978 4201353216 437059584 0 7665447 7646819 2948859 4556024 17870737
1790330333745 0 108909 7095 3014202799 2968278619 0 0 0 0 0 0 1242270164 20016978 4202029056 446066688 38875136 7802126 7780919 3013357 4752257 18194441
1790330334764 0 104117 0 3014264351 2968352014 0 0 0 0 0 0 1242325996 20016978 4202295296 418283520 0 7919402 7895345 3068306 4907420 18413382
1790330335785 0 103473 34 3014326885 2968415080 0 0 0 0 0 0 1242395472 20016978 4202987520 416153600 0 8053319 8026162 3137253 4960542 18556418
1790330336805 0 117911 0 3014401185 2968475136 0 0 0 0 0 0 1242467222 20016978 4202749952 478224384 0 8200000 8171793 3207651 5081704 18747797
1790330337829 0 107850 1430 3014465376 2968548425 0 0 0 0 0 0 1242521173 20016978 4202811392 441753600 13836288 8324864 8293512 3264511 5155813 18988315
1790330338849 0 128397 0 3014539976 2968603339 0 0 0 0 0 0 1242579279 20016978 4201865216 516907008 0 8455675 8423281 3321716 5208775 19197159
1790330339881 0 97509 1545 3014602291 2968695154 0 0 0 0 0 0 1242630815 20016978 4201914368 428654592 753664 8574604 8539108 3372916 5274669 19496557
1790330340908 0 109729 0 3014669013 2968751085 0 0 0 0 0 0 1242711356 20016978 4203880448 441524224 0 8719045 8683029 3453190 5385509 19676030
1790330341932 0 98988 46 3014733685 2968826470 0 0 0 0 0 0 1242775997 20016978 4203663360 397398016 0 8850237 8812121 3517591 5548801 19911864
1790330342956 0 105678 1136 3014801838 2968886957 0 0 0 0 0 0 1242840677 20016978 4203503616 447565824 4112384 8986746 8947065 3583241 5611210 20118118
1790330343993 0 84038 3395 3014850632 2968954986 0 0 0 0 0 0 1242887378 20016978 4203323392 344219648 21184512 9086088 9043832 3630716 5711192 20385476
1790330345013 0 101543 0 3014924021 2969014245 0 0 0 0 0 0 1242949130 20016978 4202897408 409743360 0 9218120 9175345 3690305 5783610 20546369
1790330346032 0 112762 0 3014990631 2969069650 0 0 0 0 0 0 1243015623 20016978 4203368448 451997696 0 9351449 9307636 3757560 5864443 20735455
1790330347051 0 115947 0 3015063588 2969139419 0 0 0 0 0 0 1243076077 20016978 4202676224 466706432 0 9486156 9441312 3817707 5919608 20913235
1790330348075 0 111384 876 3015122967 2969202595 0 0 0 0 0 0 1243136815 20016978 4203130880 455970816 10506240 9613188 9564745 3880204 6000014 21196251
1790330349105 0 94103 432 3015179893 2969277269 0 0 0 0 0 0 1243190512 20016978 4203945984 397754368 3584000 9724219 9673208 3932949 6103610 21577286
1790330350124 0 66563 0 3015244094 2969369203 0 0 0 0 0 0 1243247209 20016978 4203417600 262656000 0 9844384 9792855 3989881 6196429 21783152
1790330351153 0 106848 1781 3015334954 2969418167 0 0 0 0 0 0 1243334635 20016978 4204048384 465321984 2072576 10025399 9971771 4077143 6274487 21919302
1790330352178 0 100561 2088 3015406235 2969495557 0 0 0 0 0 0 1243405676 20016978 4204281856 429682688 667648 10171022 10113817 4148018 6314484 22025481
1790330353201 0 100821 0 3015466578 2969557584 0 0 0 0 0 0 1243465845 20016978 4204331008 405540864 0 10291308 10232559 4207677 6442585 22448889
1790330354220 0 98496 1030 3015521197 2969614002 0 0 0 0 0 0 1243534066 20016978 4204879872 403439616 12607488 10420795 10358583 4277404 6563718 22815083
1790330355240 0 48160 30 3015567379 2969710974 0 0 0 0 0 0 1243577216 20016978 4204814336 189112320 0 10507444 10444709 4319396 6595088 23023399
1790330356259 0 107929 0 3015651778 2969735598 0 0 0 0 0 0 1243661768 20016978 4204371968 433008640 0 10676802 10611966 4403061 6682469 23176481
1790330357278 0 109772 1549 3015718376 2969798882 0 0 0 0 0 0 1243729119 20016978 4204707840 460791808 2101248 10817209 10748299 4471625 6752794 23474837
1790330358300 0 102655 33 3015783252 2969872303 0 0 0 0 0 0 1243789432 20016978 4204306432 411844608 0 10941400 10871447 4531576 6813820 23708891
1790330359322 0 115520 1450 3015853814 2969928718 0 0 0 0 0 0 1243858969 20016978 4204269568 483287040 2101248 11086384 11013840 4602139 6870612 23983618
1790330360349 0 43592 863 3015892875 2970040318 0 0 0 0 0 0 1243899133 20016978 4204404736 195354624 1286144 11165232 11092164 4641508 6972208 24211895
1790330361378 0 83873 9142 3015976085 2970074876 0 0 0 0 0 0 1243986469 20016978 4205236224 363356160 23740416 11335163 11261565 4729545 7030334 24323655
1790330362398 0 104617 0 3016053042 2970140233 0 0 0 0 0 0 1244053162 20016978 4204421120 420249600 0 11478211 11404081 4795425 7071225 24454476
1790330363417 0 107674 0 3016120138 2970204359 0 0 0 0 0 0 1244115686 20016978 4204486656 432857088 0 11609387 11533706 4857863 7159812 24684357
1790330364444 0 92132 1455 3016182060 2970280273 0 0 0 0 0 0 1244166418 20016978 4204134400 403501056 2039808 11726257 11648216 4909701 7238756 24877797
1790330365480 0 37005 2054 3016248033 2970401233 0 0 0 0 0 0 1244214076 20016978 4203503616 151576576 14422016 11843456 11763354 4957482 7304334 25052637
1790330366499 0 100128 0 3016334336 2970425977 0 0 0 0 0 0 1244307900 20016978 4204920832 401805312 0 12019416 11939294 5050148 7358378 25130517
1790330367518 0 107712 0 3016407598 2970491796 0 0 0 0 0 0 1244377292 20016978 4205400064 434958336 0 12164158 12081449 5119061 7402181 25218965
1790330368541 0 98019 15821 3016479584 2970557972 0 0 0 0 0 0 1244433210 20016978 4204171264 468774912 6057984 12297925 12212086 5176552 7452450 25364321
1790330369562 0 106282 43 3016544354 2970629723 0 0 0 0 0 0 1244491383 20016978 4204126208 424058880 0 12418479 12332269 5234234 7572789 25574500
1790330370587 0 58147 2555 3016605142 2970736506 0 0 0 0 0 0 1244558130 20016978 4204785664 256651264 2031616 12552890 12462129 5301004 7653727 25730080
1790330371607 0 68522 0 3016668123 2970791391 0 0 0 0 0 0 1244622066 20016978 4205637632 267304960 0 12675066 12584301 5363931 7779709 26018115
1790330372631 0 102196 511 3016751047 2970840332 0 0 0 0 0 0 1244687627 20016978 4204539904 415080448 3977216 12830085 12734647 5430681 7850955 26203211
1790330373655 0 105198 445 3016814151 2970900254 0 0 0 0 0 0 1244754558 20016978 4204675072 433131520 10174464 12964247 12867409 5498034 7909225 26339478
1790330374685 0 29192 918 3016825296 2970987340 0 0 0 0 0 0 1244760326 20016978 4204326912 123801600 4202496 12980224 12883386 5503664 7921278 26397973
1790330375705 0 61040 0 3016886509 2971017269 0 0 0 0 0 0 1244812664 20016978 4204695552 245911552 0 13090022 12993180 5553510 7969362 26467844
1790330376728 0 86393 982 3016961818 2971066485 0 0 0 0 0 0 1244881618 20016978 4204761088 363515904 6303744 13236406 13139039 5623991 8013376 26548260
1790330377751 0 73356 0 3017025983 2971144495 0 0 0 0 0 0 1244932842 20016978 4204199936 296275968 0 13351029 13253628 5674349 8064884 26774994
1790330378775 0 97570 964 3017091727 2971185074 0 0 0 0 0 0 1244993394 20016978 4204408832 405618688 2023424 13479285 13380885 5735962 8168329 26942058
1790330379802 0 97515 0 3017160043 2971254279 0 0 0 0 0 0 1245061989 20016978 4205461504 391643136 0 13615265 13515835 5803768 8222655 27050821
1790330380828 0 102726 1475 3017230339 2971317940 0 0 0 0 0 0 1245129664 20016978 4205625344 418611200 16707584 13756814 13655839 5872703 8272875 27227705
1790330381851 0 109467 435 3017281050 2971363011 0 0 0 0 0 0 1245178485 20016978 4205506560 450719744 1404928 13857274 13755266 5921314 8375711 27462283
1790330382872 0 110259 0 3017338070 2971419571 0 0 0 0 0 0 1245234515 20016978 4205846528 443363328 0 13968528 13865487 5976727 8441159 27668076
1790330383903 0 99374 123 3017386050 2971478496 0 0 0 0 0 0 1245280750 20016978 4205756416 409743360 2019328 14064742 13960648 6023130 8504860 27916037
1790330384956 0 101926 672 3017434004 2971523199 0 0 0 0 0 0 1245335153 20016978 4206055424 424452096 5165056 14170557 14064914 6078221 8652736 28390265
1790330385976 0 110279 0 3017487413 2971569016 0 0 0 0 0 0 1245383318 20016978 4205268992 451768320 0 14269660 14162983 6123772 8680195 28494807
1790330386995 0 120708 1750 3017545580 2971615187 0 0 0 0 0 0 1245437793 20016978 4205395968 493256704 0 14384685 14275094 6180641 8836308 28835820
1790330388015 0 106146 496 3017591637 2971676763 0 0 0 0 0 0 1245474492 20016978 4204457984 439160832 2039808 14472746 14360584 6217035 8942924 29146331
1790330389034 0 104385 0 3017643739 2971731127 0 0 0 0 0 0 1245521898 20016978 4204998656 418148352 0 14569643 14456960 6263781 9044313 29403478
1790330390064 0 107730 1088 3017703961 2971787043 0 0 0 0 0 0 1245581706 20016978 4205445120 449269760 1351680 14694385 14579639 6324496 9123669 29641563
1790330391082 0 114179 0 3017755821 2971833373 0 0 0 0 0 0 1245624514 20016978 4205211648 462274560 0 14787432 14671656 6366695 9210592 29970989
1790330392105 0 100099 4580 3017804187 2971891327 0 0 0 0 0 0 1245664864 20016978 4205039616 410038272 24682496 14881893 14763034 6408270 9316654 30295221
1790330393134 0 70265 983 3017842605 2971963230 0 0 0 0 0 0 1245707112 20016978 4205297664 295772160 2101248 14962507 14842614 6449951 9415121 30522003
1790330394162 0 107241 1045 3017920621 2972004222 0 0 0 0 0 0 1245781998 20016978 4206125056 449527808 2166784 15116522 14996105 6525153 9475110 30649252
1790330395182 0 111099 47 3017981064 2972061658 0 0 0 0 0 0 1245836388 20016978 4206030848 443723776 0 15231869 15107111 6579258 9566182 31012994
1790330396201 0 110532 2026 3018037166 2972116823 0 0 0 0 0 0 1245894627 20016978 4206014464 458698752 10506240 15350670 15224350 6637946 9621243 31260310
1790330397220 0 114014 2024 3018105978 2972181890 0 0 0 0 0 0 1245963225 20016978 4205838336 482611200 958464 15489389 15360841 6705652 9730014 31511979
1790330398242 0 88634 16391 3018165989 2972252818 0 0 0 0 0 0 1246014815 20016978 4205416448 362962944 73994240 15603100 15473517 6758204 9803927 31833568
1790330399266 0 39136 391 3018181862 2972334209 0 0 0 0 0 0 1246030144 20016978 4205666304 164564992 548864 15632071 15502485 6772193 9907584 32359332
1790330400286 0 103846 0 3018262746 2972350674 0 0 0 0 0 0 1246102719 20016978 4205142016 416624640 0 15783503 15653901 6844642 9991334 32528555
1790330401310 0 99408 1385 3018315556 2972406624 0 0 0 0 0 0 1246155355 20016978 4205760512 404545536 14180352 15893347 15762201 6898715 10077201 32815726
1790330402329 0 109718 17 3018377160 2972459185 0 0 0 0 0 0 1246217412 20016978 4205961216 439160832 0 16016675 15882426 6959994 10182873 33002713
1790330403368 0 81076 3006 3018425781 2972533657 0 0 0 0 0 0 1246279963 20016978 4206841856 330190848 37527552 16135938 15996040 7023036 10262734 33236383
1790330404412 0 92301 0 3018496039 2972595621 0 0 0 0 0 0 1246333701 20016980 4206178304 373268480 0 16257930 16117993 7075246 10302577 33399447
1790330405436 0 118423 858 3018559934 2972632589 0 0 0 0 0 0 1246388433 20016980 4205056000 482942976 9408512 16380590 16238616 7131796 10359253 33583856
1790330406454 0 107920 63 3018602551 2972686422 0 0 0 0 0 0 1246431149 20016980 4205445120 431415296 0 16463968 16320940 7173687 10394261 33754823
1790330407478 0 116008 435 3018660442 2972735901 0 0 0 0 0 0 1246486339 20016980 4205453312 479084544 2101248 16580636 16436048 7229288 10481791 33947703
1790330408498 0 111277 35 3018704615 2972785164 0 0 0 0 0 0 1246532715 20016980 4205514752 453869568 0 16669804 16524693 7273830 10535262 34141403
1790330409522 0 83205 16846 3018749306 2972841010 0 0 0 0 0 0 1246576141 20016980 4206084096 340807680 73138176 16764050 16615347 7319479 10641882 34557241
1790330410555 0 98863 893 3018800982 2972892967 0 0 0 0 0 0 1246615759 20016980 4205469696 414941184 1052672 16855145 16704901 7358609 10696913 34869402
1790330411583 0 117783 2027 3018867040 2972939151 0 0 0 0 0 0 1246671472 20016980 4204806144 487800832 7352320 16979794 16826438 7414374 10855158 35166160
1790330412607 0 118719 3619 3018933430 2973002927 0 0 0 0 0 0 1246728574 20016980 4204916736 498323456 3526656 17106116 16949162 7471407 10920911 35380781
1790330413629 0 109389 2044 3018986562 2973067092 0 0 0 0 0 0 1246761613 20016980 4203986944 449073152 10211328 17195539 17036520 7504673 10997498 35714335
1790330414652 0 82583 3126 3019023944 2973130060 0 0 0 0 0 0 1246806776 20016980 4204896256 354271232 2420736 17278698 17118651 7549862 11091734 36095760
1790330415671 0 114090 0 3019095488 2973173250 0 0 0 0 0 0 1246870246 20016980 4204953600 460726272 0 17410262 17250212 7611384 11160800 36367089
1790330416694 0 102373 317 3019135105 2973224221 0 0 0 0 0 0 1246914145 20016980 4205776896 421457920 2461696 17499318 17336189 7657035 11202950 36581559
1790330417713 0 111367 4028 3019186402 2973262818 0 0 0 0 0 0 1246969040 20016980 4206243840 479084544 0 17604770 17441120 7711290 11271643 36758376
1790330418735 0 104182 411 3019234066 2973321265 0 0 0 0 0 0 1247015706 20016980 4205965312 427270144 11890688 17704647 17536912 7758792 11313141 36955658
1790330419767 0 80339 975 3019282700 2973393183 0 0 0 0 0 0 1247054037 20016980 4205957120 332615680 1277952 17791076 17621285 7797432 11386526 37202368
1790330420789 0 108432 0 3019359379 2973442848 0 0 0 0 0 0 1247117429 20016980 4204609536 437506048 0 17931300 17760992 7859421 11440781 37400991
1790330421808 0 117714 0 3019409825 2973483889 0 0 0 0 0 0 1247163661 20016980 4204773376 473227264 0 18028310 17856976 7905683 11538644 37788761
1790330422827 0 114894 6158 3019460541 2973531371 0 0 0 0 0 0 1247208679 20016980 4205371392 485388288 18051072 18128352 17955468 7951995 11642628 38034556
1790330423848 0 101554 278 3019501612 2973591582 0 0 0 0 0 0 1247243636 20016980 4205400064 420528128 5095424 18204596 18031194 7986688 11691405 38347049
1790330424874 0 124105 0 3019562175 2973629837 0 0 0 0 0 0 1247296995 20016980 4205019136 502198272 0 18318790 18143331 8039737 11745052 38457252
1790330425893 0 103960 0 3019613385 2973701145 0 0 0 0 0 0 1247352142 20016980 4205486080 416550912 0 18425177 18247659 8094418 11788544 38608574
1790330426913 0 105801 0 3019663936 2973749881 0 0 0 0 0 0 1247399741 20016980 4205936640 430899200 0 18524918 18345853 8140484 11869772 38848468
1790330427940 0 104641 0 3019709054 2973796199 0 0 0 0 0 0 1247437769 20016980 4205924352 419786752 0 18610694 18428532 8180093 11959223 39247015
1790330428964 0 112904 5166 3019771053 2973844845 0 0 0 0 0 0 1247482371 20016980 4204580864 485564416 3448832 18721439 18538239 8225234 12036026 39447378
1790330429985 0 107570 67 3019820250 2973904368 0 0 0 0 0 0 1247529186 20016980 4204834816 434958336 0 18815704 18631976 8271324 12260505 39893390
1790330431010 0 57987 1051 3019864628 2973997503 0 0 0 0 0 0 1247562824 20016980 4204781568 235880448 10485760 18895702 18711444 8306148 12382918 40209420
1790330432033 0 113091 483 3019945241 2974023494 0 0 0 0 0 0 1247629833 20016980 4205043712 462798848 4202496 19044205 18858915 8373142 12459670 40394488
1790330433052 0 111812 0 3019986789 2974066757 0 0 0 0 0 0 1247669610 20016980 4205375488 453869568 0 19122598 18936787 8410568 12516354 40691540
1790330434071 0 117966 0 3020043656 2974117545 0 0 0 0 0 0 1247715183 20016980 4204593152 472780800 0 19225855 19039523 8457709 12591466 40873028
1790330435090 0 110080 0 3020112223 2974193984 0 0 0 0 0 0 1247773130 20016980 4205236224 441872384 0 19352613 19165216 8515358 12659466 41059620
1790330436109 0 104700 0 3020161815 2974248876 0 0 0 0 0 0 1247812443 20016980 4205342720 414556160 0 19441172 19253292 8555210 12743079 41456576
1790330437128 0 105652 0 3020211742 2974297911 0 0 0 0 0 0 1247850413 20016980 4204851200 427859968 0 19530998 19342583 8592762 12823086 41820076
1790330438147 0 110267 73 3020259997 2974341519 0 0 0 0 0 0 1247899437 20016980 4205109248 441262080 0 19629231 19438757 8642122 12920439 42203023
1790330439169 0 103099 65 3020311765 2974400459 0 0 0 0 0 0 1247951639 20016980 4205785088 418148352 6303744 19736306 19544275 8694453 13007781 42493518
1790330440190 0 88816 10 3020368786 2974471853 0 0 0 0 0 0 1247998254 20016980 4205899776 357408768 0 19839913 19645673 8740030 13184937 42849492
1790330441209 0 120750 48 3020441350 2974512349 0 0 0 0 0 0 1248059909 20016980 4205060096 485388288 0 19973705 19778942 8801719 13265977 42997080
1790330442229 0 112275 0 3020497710 2974577237 0 0 0 0 0 0 1248120893 20016980 4205785088 453869568 0 20094047 19896201 8862212 13338082 43203881
1790330443248 0 103068 51 3020559757 2974648512 0 0 0 0 0 0 1248185474 20016980 4206510080 416047104 0 20221723 20022331 8926446 13407369 43537444
1790330444271 0 99522 2587 3020625496 2974715152 0 0 0 0 0 0 1248246317 20016980 4206202880 407642112 18575360 20354790 20152818 8989655 13540617 43746440
1790330445290 0 112124 97 3020694396 2974774210 0 0 0 0 0 0 1248311092 20016980 4206280704 444067840 0 20487565 20281959 9054192 13591693 43913177
1790330446314 0 83658 12 3020735528 2974843770 0 0 0 0 0 0 1248351363 20016980 4206227456 336199680 0 20571325 20363679 9093305 13719734 44313865
1790330447338 0 91572 2282 3020790446 2974888454 0 0 0 0 0 0 1248407834 20016980 4206329856 374902784 19664896 20687520 20477805 9151026 13812789 44726729
1790330448357 0 112808 0 3020857610 2974936617 0 0 0 0 0 0 1248484873 20016980 4206706688 455970816 0 20829504 20618745 9226394 13880049 44911788
1790330449386 0 100564 571 3020903275 2974994069 0 0 0 0 0 0 1248522405 20016980 4206325760 417353728 1949696 20917060 20703784 9265170 13989079 45256263
1790330450414 0 98762 5600 3020948187 2975035632 0 0 0 0 0 0 1248575841 20016980 4206804992 429412352 3219456 21016934 20802116 9318988 14065114 45465502
1790330451438 0 87106 354 3020992339 2975096631 0 0 0 0 0 0 1248620773 20016980 4206993408 358162432 3813376 21107360 20890997 9363819 14135092 45767912
1790330452457 0 71763 0 3021060531 2975180543 0 0 0 0 0 0 1248673053 20016980 4205862912 281567232 0 21225494 21009083 9416456 14247473 45944884
1790330453487 0 96955 73 3021122057 2975216949 0 0 0 0 0 0 1248738870 20016980 4205993984 401338368 1769472 21355775 21138744 9481510 14310525 46104383
1790330454513 0 93871 466 3021184504 2975281898 0 0 0 0 0 0 1248792028 20016980 4206272512 391303168 1630208 21471161 21253099 9535399 14415378 46445766
1790330455540 0 113733 730 3021250579 2975328002 0 0 0 0 0 0 1248859736 20016980 4206219264 469557248 3915776 21606840 21386719 9602829 14490047 46704385
1790330456564 0 96482 3497 3021302600 2975394483 0 0 0 0 0 0 1248909940 20016980 4206514176 406286336 2048000 21711126 21488420 9653302 14555658 47011731
1790330457589 0 99637 0 3021354986 2975447059 0 0 0 0 0 0 1248970438 20016980 4207349760 398372864 1921024 21823923 21599155 9713312 14631242 47297965
1790330458609 0 103159 1559 3021413756 2975500886 0 0 0 0 0 0 1249035139 20016980 4207112192 420511744 12345344 21952116 21725289 9778483 14694299 47443972
1790330459639 0 107212 1237 3021463604 2975546813 0 0 0 0 0 0 1249075969 20016980 4206301184 445718528 8151040 22044500 21816101 9818855 14861086 47824652
1790330460667 0 113127 3054 3021524294 2975599982 0 0 0 0 0 0 1249127021 20016980 4205449216 474816512 8458240 22158884 21926920 9870070 14895064 47959800
1790330461688 0 109015 0 3021579780 2975662569 0 0 0 0 0 0 1249169950 20016980 4205031424 437641216 0 22254806 22022291 9911349 14934502 48130018
1790330462713 0 67268 746 3021611571 2975735378 0 0 0 0 0 0 1249209220 20016980 4205682688 279318528 6082560 22329455 22096416 9952272 15070066 48496772
1790330463739 0 115477 1955 3021690050 2975764521 0 0 0 0 0 0 1249275987 20016980 4205932544 482127872 9564160 22475450 22241922 10019347 15137299 48703469
1790330464766 0 94510 62 3021730607 2975828013 0 0 0 0 0 0 1249311245 20016980 4205842432 384528384 0 22551893 22315516 10052905 15242535 49057596
1790330465797 0 120348 1026 3021801696 2975872156 0 0 0 0 0 0 1249369638 20016980 4205555712 495206400 3637248 22682352 22443915 10112976 15311989 49277529
1790330466828 0 102318 1381 3021842525 2975930639 0 0 0 0 0 0 1249409108 20016980 4206395392 421236736 1974272 22765023 22524015 10151757 15402680 49523678
1790330467856 0 80533 0 3021882784 2975994051 0 0 0 0 0 0 1249440840 20016980 4205604864 319389696 0 22837083 22595038 10183599 15446805 49772127
1790330468883 0 107400 0 3021943549 2976027910 0 0 0 0 0 0 1249501186 20016980 4205727744 434958336 0 22959060 22716494 10243012 15519782 49973025
1790330469910 0 100027 39 3021998211 2976089976 0 0 0 0 0 0 1249563836 20016980 4206858240 415555584 77824 23078065 22833444 10306373 15623426 50248035
1790330470934 0 100968 1018 3022049349 2976139188 0 0 0 0 0 0 1249613311 20016980 4206866432 416239616 2531328 23181729 22935050 10356168 15776957 50584040
1790330471957 0 101549 136 3022099224 2976189355 0 0 0 0 0 0 1249652854 20016980 4206272512 409432064 5156864 23271175 23023461 10395699 15865935 50832669
1790330472976 0 105858 0 3022153330 2976239252 0 0 0 0 0 0 1249702891 20016980 4206075904 430755840 0 23374440 23126195 10444007 15985276 51152628
1790330474000 0 107367 403 3022202871 2976286899 0 0 0 0 0 0 1249750870 20016980 4205862912 441323520 2060288 23474197 23224404 10493423 16061475 51320568
1790330475027 0 90842 76 3022261367 2976362263 0 0 0 0 0 0 1249809128 20016980 4206829568 364032000 0 23592415 23340426 10551592 16150316 51662476
1790330476046 0 122667 0 3022327703 2976396746 0 0 0 0 0 0 1249865913 20016980 4205932544 495894528 0 23716384 23463864 10608247 16278918 51924045
1790330477065 0 124894 0 3022392392 2976459333 0 0 0 0 0 0 1249923930 20016980 4205572096 504414208 0 23839778 23585515 10665813 16384177 52144393
1790330478091 0 97904 1371 3022430427 2976522946 0 0 0 0 0 0 1249954687 20016980 4205760512 406777856 3256320 23913924 23656578 10697806 16497482 52429738
1790330479124 0 41106 493 3022454014 2976604248 0 0 0 0 0 0 1249971707 20016980 4205305856 174456832 1810432 23954059 23696711 10714230 16595924 52780386
1790330480144 0 121571 0 3022542812 2976613021 0 0 0 0 0 0 1250052255 20016980 4205305856 490110976 0 24120936 23863579 10794274 16660214 52880605
1790330481168 0 107220 315 3022591017 2976675282 0 0 0 0 0 0 1250092952 20016980 4205694976 437428224 2101248 24212077 23953689 10835781 16757091 53372639
1790330482187 0 122894 10 3022647769 2976716591 0 0 0 0 0 0 1250144450 20016980 4205891584 494415872 0 24318363 24059456 10886282 16848899 53537975
1790330483210 0 107986 1606 3022696845 2976779220 0 0 0 0 0 0 1250180281 20016980 4205187072 444874752 7258112 24408070 24147615 10923482 16954423 53905868
1790330484229 0 102553 0 3022757894 2976847177 0 0 0 0 0 0 1250245101 20016980 4205907968 413945856 0 24530178 24269713 10986248 17109886 54304194
1790330485252 0 92186 0 3022818913 2976918485 0 0 0 0 0 0 1250302125 20016980 4206415872 376123392 0 24649000 24387634 11042219 17221678 54573207
1790330486276 0 99451 34 3022878027 2976970317 0 0 0 0 0 0 1250368420 20016980 4206534656 401338368 0 24776274 24513871 11110516 17378793 54896549
1790330487300 0 105747 817 3022921921 2977007191 0 0 0 0 0 0 1250411531 20016980 4206645248 430534656 2101248 24863185 24599749 11154066 17472741 55458553
1790330488338 0 91224 310 3022975345 2977075632 0 0 0 0 0 0 1250461647 20016980 4206387200 397250560 581632 24969457 24703422 11203084 17542971 55690178
1790330489387 0 114402 1022 3023045102 2977121351 0 0 0 0 0 0 1250526364 20016980 4205965312 471478272 7299072 25108222 24840142 11269410 17722043 56028151
1790330490416 0 98922 0 3023084097 2977176909 0 0 0 0 0 0 1250558974 20016980 4205924352 401338368 0 25178074 24909480 11300776 17822154 56533761
1790330491446 0 131138 0 3023154846 2977215385 0 0 0 0 0 0 1250610688 20016980 4204507136 531615744 0 25301016 25031892 11352560 17917384 56837246
1790330492483 0 112725 409 3023195106 2977273868 0 0 0 0 0 0 1250664071 20016980 4206080000 462917632 4202496 25398291 25125563 11407115 17970115 56973384
1790330493508 0 117784 0 3023247505 2977321567 0 0 0 0 0 0 1250709936 20016980 4205998080 471851008 0 25495877 25221564 11451686 18026587 57207720
1790330494530 0 61673 64 3023287704 2977417808 0 0 0 0 0 0 1250753813 20016980 4206772224 243744768 0 25581490 25305661 11496068 18125581 57559150
1790330495550 0 40186 26200 3023338934 2977464453 0 0 0 0 0 0 1250800440 20016980 4206424064 162488320 111194112 25681616 25405783 11543778 18186621 57643019
1790330496573 0 34 0 3023339011 2977530835 0 0 0 0 0 0 1250821026 20016980 4201414656 0 0 25700774 25424940 11561712 18206423 58275607
1790330497600 0 1 0 3023339011 2977530837 0 0 0 0 0 0 1250952679 20016980 4208427008 0 0 25830555 25554718 11693202 18283574 58438511
1790330498620 0 1 0 3023339011 2977530837 0 0 0 0 0 0 1251109893 20016980 4213800960 0 0 25985703 25709853 11849649 18362278 58600787
1790330499640 0 1 0 3023339011 2977530837 0 0 0 0 0 0 1251288166 20016980 4213936128 0 0 26164371 25888471 12028300 18469320 58824524
1790330500664 0 0 0 3023339011 2977530838 0 0 0 0 0 0 1251467864 20016980 4213968896 0 0 26347339 26071365 12211202 18524446 58938151
