1790336095470 0 1 0 3458918586 3413019390 0 0 0 0 0 0 1437776339 20675850 - - - - - - - -
1790336096939 0 162670 1645 3459338392 3413274900 0 0 0 0 0 0 1437776377 20675941 1692143616 675643392 1249280 0 0 4 0 289966
1790336097989 0 161219 858 3459538248 3413476768 0 0 0 0 0 0 1437776377 20675942 2518982656 651923456 18239488 0 0 4 0 757795
1790336099031 0 159023 402 3459712146 3413653593 0 0 0 0 0 0 1437776377 20675944 3223994368 650096640 3592192 0 0 4 0 1163740
1790336100069 0 154923 4558 3459876906 3413818194 0 0 0 0 0 0 1437776377 20675944 3908210688 649216000 2101248 0 0 4 0 1596898
1790336101096 0 156567 2544 3460035648 3413977854 0 0 0 0 0 0 1437782401 20675944 4148047872 643203072 10711040 107744 107707 5991 31304 2020610
1790336102119 0 150353 2804 3460201974 3414149703 0 0 0 0 0 0 1437800706 20675944 4147519488 600956928 6303744 286432 286395 23601 75375 2491639
1790336103142 0 157176 2552 3460371357 3414312421 0 0 0 0 0 0 1437822385 20675944 4147494912 644526080 21012480 486336 486299 46093 110324 2909156
1790336104170 0 158368 1477 3460534101 3414475234 0 0 0 0 0 0 1437856116 20675944 4148547584 647962624 6303744 674912 674875 77596 157367 3456351
1790336105202 0 152954 6165 3460693725 3414635430 0 0 0 0 0 0 1437893567 20675944 4150824960 647184384 13467648 879104 879065 117295 208070 3914251
1790336106239 0 150103 555 3460834891 3414784835 0 0 0 0 0 0 1437928526 20675944 4151992320 612384768 21696512 1050656 1050594 151229 249956 4319484
1790336107278 0 149104 759 3460979405 3414930529 0 0 0 0 0 0 1437974482 20675944 4154458112 590118912 14843904 1238912 1238850 197834 287055 4657814
1790336108301 0 125640 29243 3461127869 3415073697 0 0 0 0 0 0 1438028602 20675944 4156645376 538947584 104034304 1445248 1445186 252300 334653 5146415
1790336109328 0 144557 1559 3461269289 3415223999 0 0 0 0 0 0 1438077857 20675944 4157734912 570658816 16809984 1630624 1630559 300658 377239 5615391
1790336110351 0 126506 562 3461387643 3415361555 0 0 0 0 0 0 1438124772 20675944 4159500288 512704512 6303744 1797824 1797756 347494 425417 6092341
1790336111393 0 140755 170 3461547905 3415507648 0 0 0 0 0 0 1438194822 20675944 4161241088 577224704 5976064 2023520 2023444 416418 477905 6525151
1790336112428 0 121484 4557 3461671594 3415646280 0 0 0 0 0 0 1438242476 20675944 4161134592 513716224 9637888 2200160 2200083 465198 538221 7040954
1790336113452 0 134442 787 3461801805 3415767320 0 0 0 0 0 0 1438323079 20675944 4163731456 548569088 1957888 2407968 2407887 545107 585376 7372221
1790336114484 0 85081 24624 3461950015 3415941195 0 0 0 0 0 0 1438406050 20675944 4165812224 378224640 96657408 2643168 2643068 629435 667510 7707940
1790336115511 0 138428 61 3462101498 3416063776 0 0 0 0 0 0 1438507705 20675944 4168028160 540020736 0 2884192 2884071 726302 747350 8030686
1790336116532 0 150560 514 3462247008 3416196721 0 0 0 0 0 0 1438595649 20675944 4168933376 617611264 6303744 3126656 3126523 818619 819125 8358345
1790336117557 0 127756 3592 3462370512 3416340054 0 0 0 0 0 0 1438685139 20675944 4169990144 528236544 15134720 3338496 3338345 907768 939595 8911162
1790336118591 0 94726 2922 3462478129 3416481267 0 0 0 0 0 0 1438770091 20675944 4170756096 401604608 1835008 3527776 3527618 992343 1001138 9194122
1790336119623 0 92916 5058 3462615706 3416618636 0 0 0 0 0 0 1438883445 20675944 4172595200 403800064 13746176 3781728 3781552 1106150 1084578 9634809
1790336120668 0 125377 3100 3462733577 3416705899 0 0 0 0 0 0 1438984354 20675944 4172419072 532525056 8404992 4000704 4000499 1206863 1147686 10101443
1790336121695 0 108007 1629 3462852439 3416843603 0 0 0 0 0 0 1439079629 20675944 4172541952 449966080 2093056 4210464 4210241 1300657 1210651 10387401
1790336122724 0 142964 0 3462993127 3416950812 0 0 0 0 0 0 1439225197 20675944 4173303808 567963648 0 4490398 4490155 1441239 1264714 10669184
1790336123749 0 105244 34 3463115849 3417111409 0 0 0 0 0 0 1439336651 20675944 4173819904 399237120 0 4723131 4722872 1554601 1367119 11087845
1790336124783 0 118376 13869 3463268045 3417236589 0 0 0 0 0 0 1439482568 20675946 4174508032 548425728 1249280 5027702 5027421 1702325 1445023 11366805
1790336125819 0 98168 14 3463383089 3417385797 0 0 0 0 0 0 1439591822 20675946 4176670720 397123584 2838528 5249632 5249332 1812494 1515562 11793910
1790336126863 0 131853 0 3463527261 3417496128 0 0 0 0 0 0 1439727793 20675946 4177035264 515424256 0 5524521 5524160 1945077 1567570 12090572
1790336127889 0 108143 1763 3463641967 3417632944 0 0 0 0 0 0 1439821342 20675946 4177747968 455970816 10084352 5744201 5743834 2044008 1663293 12530984
1790336128916 0 150195 1533 3463782929 3417732409 0 0 0 0 0 0 1439946461 20675946 4179189760 617766912 0 6003759 6003379 2166933 1753988 12864374
1790336129953 0 114374 13359 3463891811 3417864946 0 0 0 0 0 0 1440052300 20675946 4181045248 531615744 6303744 6222177 6221787 2273957 1857122 13242643
1790336130978 0 97885 0 3464008696 3418011695 0 0 0 0 0 0 1440155839 20675946 4181180416 367079424 0 6432705 6432294 2375512 1990585 13663973
1790336132008 0 147968 0 3464140554 3418093304 0 0 0 0 0 0 1440329563 20675946 4184821760 579944448 0 6737476 6737033 2547986 2124182 14020911
1790336133046 0 110675 437 3464202678 3418192261 0 0 0 0 0 0 1440390215 20675946 4185370624 439812096 4001792 6863108 6862658 2611049 2225696 14475933
1790336134080 0 101572 412 3464287851 3418286759 0 0 0 0 0 0 1440448214 20675946 4182220800 412856320 3481600 7012124 7011652 2669873 2362831 15031294
1790336135106 0 123481 2076 3464387963 3418363058 0 0 0 0 0 0 1440545576 20675946 4182360064 520060928 5251072 7211966 7211478 2767892 2453281 15452131
1790336136136 0 150784 0 3464488115 3418438041 0 0 0 0 0 0 1440647137 20675946 4184264704 592625664 0 7401469 7400956 2864539 2579806 15959986
1790336137177 0 111485 1269 3464554175 3418542233 0 0 0 0 0 0 1440707431 20675946 4185145344 460275712 20684800 7537743 7537201 2930137 2679088 16417041
1790336138226 0 116504 18959 3464658256 3418624042 0 0 0 0 0 0 1440813340 20675946 4185927680 495788032 66789376 7749616 7749056 3037015 2774684 16793139
1790336139252 0 137540 3353 3464748067 3418707943 0 0 0 0 0 0 1440905219 20675946 4186787840 561410048 21409792 7935708 7929471 3128376 2867365 17250964
1790336140280 0 124794 373 3464834160 3418809925 0 0 0 0 0 0 1440988830 20675946 4186402816 513208320 3207168 8101180 8094931 3208703 2964244 17749740
1790336141311 0 103020 22 3464913637 3418911444 0 0 0 0 0 0 1441067102 20675946 4186828800 403144704 1572864 8254531 8248201 3286351 3026635 18064029
1790336142337 0 108767 1026 3465012274 3419003286 0 0 0 0 0 0 1441173500 20675946 4187881472 444362752 5431296 8465719 8457152 3394659 3138615 18432898
1790336143368 0 103602 22087 3465115902 3419091094 0 0 0 0 0 0 1441275501 20675946 4188340224 443482112 77365248 8674868 8665273 3498784 3245878 18803579
1790336144410 0 105470 511 3465202468 3419197580 0 0 0 0 0 0 1441363311 20675946 4189089792 430440448 1855488 8848594 8833075 3582774 3320663 19242571
1790336145439 0 113998 797 3465306670 3419292689 0 0 0 0 0 0 1441458727 20675946 4187930624 462163968 647168 9054977 9035407 3679389 3386152 19526339
1790336146470 0 91871 107 3465390577 3419399230 0 0 0 0 0 0 1441550730 20675946 4189134848 378945536 14229504 9238526 9212365 3771102 3495095 19955525
1790336147530 0 119040 1657 3465498733 3419479028 0 0 0 0 0 0 1441658517 20675946 4189229056 491315200 10006528 9463823 9428451 3881286 3614297 20422020
1790336148562 0 89703 9322 3465576221 3419578053 0 0 0 0 0 0 1441722449 20675946 4188602368 365555712 48328704 9607634 9572312 3945726 3718657 20852883
1790336149589 0 100649 104 3465672295 3419672431 0 0 0 0 0 0 1441821594 20675946 4189290496 407744512 1998848 9799828 9761394 4040089 3823192 21143513
1790336150622 0 98951 0 3465763070 3419764810 0 0 0 0 0 0 1441907979 20675946 4189847552 408309760 3534848 9988367 9941402 4128387 3911473 21553427
1790336151658 0 114004 413 3465877967 3419864307 0 0 0 0 0 0 1442001188 20675946 4188868608 465321984 6139904 10199830 10151374 4224234 4020940 21896250
1790336152684 0 119962 1028 3465964268 3419944065 0 0 0 0 0 0 1442084979 20675946 4190208000 492482560 4227072 10379543 10320775 4308291 4156848 22328412
1790336153710 0 118537 1925 3466054396 3420034875 0 0 0 0 0 0 1442163259 20675946 4189732864 495808512 2117632 10546194 10487418 4385556 4292232 22779943
1790336154736 0 118776 40 3466150713 3420132824 0 0 0 0 0 0 1442254393 20675946 4190289920 471318528 0 10727241 10668452 4472178 4393966 23170947
1790336155761 0 142108 400 3466270797 3420229155 0 0 0 0 0 0 1442348668 20675946 4189097984 575250432 3301376 11004017 10885759 4569818 4515458 23654535
1790336156785 0 117592 364 3466364952 3420347768 0 0 0 0 0 0 1442427201 20675946 4189249536 468987904 3153920 11252168 11056720 4647796 4611336 24078482
1790336157831 0 87762 3656 3466452466 3420461897 0 0 0 0 0 0 1442499988 20675946 4188336128 380477440 1949696 11412662 11217203 4719987 4717243 24505838
1790336158871 0 80936 0 3466527629 3420547623 0 0 0 0 0 0 1442576147 20675946 4188008448 306851840 0 11559810 11364336 4794707 4841498 25055919
1790336159895 0 123619 1089 3466641574 3420617881 0 0 0 0 0 0 1442681268 20675946 4188758016 508358656 3997696 11789430 11590739 4903237 5011970 25575401
1790336160928 0 131560 750 3466727303 3420695813 0 0 0 0 0 0 1442754124 20675946 4188098560 538624000 1392640 11948214 11749503 4976756 5149358 26011542
1790336161954 0 173457 388 3466826299 3420753295 0 0 0 0 0 0 1442839259 20675946 4185686016 715300864 3325952 12224871 11935431 5061025 5252822 26507364
1790336162979 0 178111 1073 3466912805 3420834411 0 0 0 0 0 0 1442916097 20675946 4185792512 723439616 1576960 12489322 12097109 5139109 5364899 27066618
1790336164019 0 150552 477 3466987671 3420937515 0 0 0 0 0 0 1442982121 20675946 4188000256 604139520 4206592 12648106 12231874 5202964 5500699 27601210
1790336165066 0 176799 800 3467089760 3421012908 0 0 0 0 0 0 1443061676 20675946 4185935872 717336576 2101248 12853918 12415840 5282867 5615616 27945022
1790336166106 0 179082 1649 3467174505 3421094675 0 0 0 0 0 0 1443140068 20675946 4185030656 740147200 7118848 13098887 12582575 5362401 5746696 28478199
1790336167138 0 168291 1985 3467264692 3421195181 0 0 0 0 0 0 1443213194 20675946 4186046464 694427648 10227712 13280029 12746342 5435782 5810325 28812284
1790336168190 0 134498 609 3467338864 3421304563 0 0 0 0 0 0 1443283941 20675948 4185456640 574144512 2072576 13425802 12892110 5507723 5923069 29187714
1790336169244 0 47545 801 3467339064 3421391482 0 0 0 0 0 0 1443284096 20675948 4185456640 198696960 5468160 13425802 12892110 5507723 5923069 29206636
1790336170264 0 114628 0 3467454100 3421440185 0 0 0 0 0 0 1443401187 20675948 4186603520 443363328 0 13646378 13112647 5620323 5954914 29245355
1790336171295 0 178374 402 3467598834 3421520706 0 0 0 0 0 0 1443522734 20675948 4185899008 719740928 1662976 13986094 13383210 5744340 6024095 29580071
1790336172339 0 164586 446 3467699189 3421635022 0 0 0 0 0 0 1443601754 20675948 4185460736 688078848 7434240 14260816 13563981 5822034 6120039 30005768
1790336173389 0 132369 1068 3467756775 3421724224 0 0 0 0 0 0 1443652742 20675948 4186243072 540266496 7667712 14372624 13675787 5875549 6250668 30496810
1790336174409 0 125069 489 3467823976 3421799220 0 0 0 0 0 0 1443706979 20675948 4185645056 495882240 1351680 14487323 13790483 5928212 6370009 31032973
1790336175431 0 123234 193 3467916848 3421894434 0 0 0 0 0 0 1443792669 20675948 4186443776 500404224 1794048 14669446 13972599 6014406 6469993 31433649
1790336176452 0 105021 489 3468010830 3422005946 0 0 0 0 0 0 1443879241 20675948 4186955776 420937728 1409024 14848326 14151475 6101580 6584234 31918674
1790336177480 0 112175 484 3468104041 3422092024 0 0 0 0 0 0 1443956913 20675948 4186857472 451235840 3186688 15020055 14323186 6178875 6669623 32264189
1790336178509 0 140888 3114 3468215707 3422172482 0 0 0 0 0 0 1444075892 20675948 4188377088 590139392 1146880 15250719 14552403 6297465 6819300 32728321
1790336179548 0 122651 428 3468271195 3422248581 0 0 0 0 0 0 1444144275 20675948 4189405184 495263744 1232896 15373063 14674769 6366083 6945870 33267200
1790336180577 0 110279 426 3468346071 3422336200 0 0 0 0 0 0 1444209909 20675948 4188495872 452325376 1245184 15516327 14818025 6431465 7079665 33735305
1790336181604 0 123799 1346 3468460460 3422436218 0 0 0 0 0 0 1444305059 20675948 4187820032 507387904 9519104 15729273 15030955 6528291 7172297 34159624
1790336182628 0 125704 1357 3468528593 3422502347 0 0 0 0 0 0 1444369975 20675948 4188725248 520081408 5386240 15857982 15159628 6591160 7263287 34652683
1790336183659 0 110937 713 3468607564 3422596710 0 0 0 0 0 0 1444449318 20675948 4189810688 455790592 2707456 16013682 15315322 6669365 7358794 35013159
1790336184706 0 132655 27 3468704719 3422672604 0 0 0 0 0 0 1444523129 20675948 4189048832 539807744 12697600 16194438 15488321 6745359 7424455 35424455
1790336185752 0 153228 499 3468806693 3422753683 0 0 0 0 0 0 1444607759 20675948 4188217344 626171904 1675264 16418876 15675608 6830356 7532099 35881407
1790336186773 0 170846 284 3468896413 3422825990 0 0 0 0 0 0 1444678493 20675948 4186726400 691490816 1122304 16678884 15832765 6899107 7691995 36483907
1790336187801 0 160702 1440 3468982395 3422920973 0 0 0 0 0 0 1444760603 20675948 4187832320 655880192 8404992 16932910 16002978 6983211 7811954 36974067
1790336188853 0 140384 4344 3469060494 3423016635 0 0 0 0 0 0 1444829655 20675948 4188291072 597569536 2101248 17102713 16148053 7050422 7952243 37504572
1790336189897 0 158561 490 3469142183 3423083871 0 0 0 0 0 0 1444897214 20675948 4186349568 637116416 2191360 17249188 16294469 7118117 8099429 38050912
1790336190924 0 135708 778 3469213291 3423177773 0 0 0 0 0 0 1444976872 20675948 4187602944 559456256 3186688 17405592 16450867 7198773 8238109 38427689
1790336191950 0 147735 3490 3469314039 3423263619 0 0 0 0 0 0 1445052975 20675948 4187418624 618160128 11759616 17584097 16629363 7276042 8326112 38873370
1790336192975 0 153330 830 3469420898 3423367551 0 0 0 0 0 0 1445141067 20675948 4186718208 620449792 2101248 17771377 16816625 7361602 8450221 39404235
1790336193999 0 173342 573 3469514394 3423441311 0 0 0 0 0 0 1445222077 20675948 4186218496 716951552 3276800 17993585 16995350 7442813 8545130 39747408
1790336195027 0 136381 2545 3469587248 3423549082 0 0 0 0 0 0 1445289749 20675948 4187680768 579944448 8404992 18185486 17137448 7512301 8630898 40150834
1790336196070 0 138712 878 3469653442 3423614735 0 0 0 0 0 0 1445359139 20675948 4189147136 563134464 3149824 18318478 17270432 7581517 8763916 40765445
1790336197093 0 161059 1313 3469756845 3423695185 0 0 0 0 0 0 1445452334 20675948 4187729920 661401600 1634304 18523194 17466801 7674427 8860058 41214442
1790336198120 0 157663 440 3469836400 3423778959 0 0 0 0 0 0 1445517888 20675948 4187750400 645853184 3031040 18680586 17609811 7738439 8995100 41749750
1790336199157 0 169084 1304 3469911478 3423841770 0 0 0 0 0 0 1445596093 20675948 4186935296 686022656 5287936 18891825 17763595 7818666 9102193 42191508
1790336200191 0 156678 1709 3469991851 3423934186 0 0 0 0 0 0 1445675833 20675948 4187652096 654618624 2052096 19145158 17926996 7898623 9243323 42724293
1790336201227 0 158890 2024 3470070211 3424010069 0 0 0 0 0 0 1445733643 20675948 4187770880 643686400 1556480 19305373 18057503 7956177 9328855 43185351
1790336202252 0 132306 4450 3470134082 3424098329 0 0 0 0 0 0 1445805167 20675948 4187648000 552263680 8187904 19443432 18195558 8028161 9470175 43726838
1790336203286 0 148787 434 3470196988 3424148509 0 0 0 0 0 0 1445863671 20675948 4186333184 609472512 1777664 19564956 18317073 8085230 9641729 44309462
1790336204311 0 138984 179 3470274299 3424235832 0 0 0 0 0 0 1445934303 20675948 4187283456 570437632 5304320 19714895 18467005 8157417 9788400 44850547
1790336205333 0 93369 10717 3470341597 3424338189 0 0 0 0 0 0 1446001867 20675948 4187742208 422830080 13881344 19849569 18601675 8224996 9898530 45281736
1790336206371 0 137480 414 3470446739 3424409502 0 0 0 0 0 0 1446093803 20675948 4187983872 554737664 1933312 20039913 18792007 8314877 10012361 45768633
1790336207398 0 160057 1081 3470540598 3424480198 0 0 0 0 0 0 1446180813 20675948 4187983872 656683008 1892352 20265501 18974744 8401561 10134676 46232808
1790336208424 0 172434 473 3470618605 3424546548 0 0 0 0 0 0 1446263705 20675948 4186791936 696635392 929792 20526377 19134186 8484980 10244850 46714774
1790336209465 0 163417 320 3470682938 3424620072 0 0 0 0 0 0 1446329205 20675948 4187324416 665001984 1699840 20702455 19262958 8549648 10362584 47153079
1790336210502 0 144637 1005 3470756766 3424711932 0 0 0 0 0 0 1446425488 20675948 4188758016 590450688 2101248 20906184 19435004 8647659 10463399 47674236
1790336211528 0 104044 7323 3470814833 3424804304 0 0 0 0 0 0 1446485707 20675948 4188610560 449835008 3981312 21023560 19552369 8707544 10662982 48170881
1790336212557 0 87580 475 3470895688 3424908443 0 0 0 0 0 0 1446547777 20675948 4186521600 356007936 8200192 21170210 19699007 8770554 10764080 48707342
1790336213592 0 140852 1227 3471025336 3424984121 0 0 0 0 0 0 1446670684 20675948 4186882048 576765952 20676608 21423279 19952011 8894005 10869856 49041607
1790336214630 0 141491 5077 3471090260 3425044422 0 0 0 0 0 0 1446724294 20675948 4186824704 596922368 3260416 21540026 20068754 8947487 11019615 49644560
1790336215671 0 137747 1337 3471162347 3425124097 0 0 0 0 0 0 1446788167 20675948 4186390528 577966080 3747840 21674234 20202956 9009763 11139112 50122024
1790336216735 0 104937 466 3471215254 3425210812 0 0 0 0 0 0 1446840474 20675948 4187783168 416481280 2101248 21777050 20305771 9063049 11275491 50767921
1790336217779 0 108093 2277 3471301796 3425292271 0 0 0 0 0 0 1446928493 20675948 4188778496 438140928 10506240 21950026 20478745 9150597 11355844 51108535
1790336218814 0 147307 876 3471404947 3425357579 0 0 0 0 0 0 1447045326 20675948 4189888512 594653184 0 22168754 20697455 9267084 11447682 51471950
1790336219839 0 150773 957 3471477247 3425426370 0 0 0 0 0 0 1447125808 20675948 4188852224 624529408 3215360 22419623 20854341 9347280 11541372 51834687
1790336220869 0 168753 1008 3471572225 3425503318 0 0 0 0 0 0 1447200532 20675948 4187287552 685608960 1916928 22659747 21023570 9423172 11626315 52169348
1790336221897 0 145682 3140 3471637429 3425589440 0 0 0 0 0 0 1447263178 20675948 4187435008 606318592 17752064 22824384 21153982 9486006 11728857 52564396
1790336222947 0 101990 1017 3471687008 3425684769 0 0 0 0 0 0 1447316350 20675948 4187418624 415297536 9875456 22924428 21254024 9538335 11935827 53164202
1790336223974 0 109133 1023 3471780847 3425771579 0 0 0 0 0 0 1447387171 20675948 4185743360 446328832 6303744 23090255 21419846 9609833 12051127 53545696
1790336224997 0 122091 616 3471857373 3425835389 0 0 0 0 0 0 1447469640 20675948 4186787840 496390144 1622016 23247802 21577388 9691742 12207439 54201219
1790336226026 0 106696 1770 3471935915 3425928143 0 0 0 0 0 0 1447543798 20675948 4187799552 438882304 3506176 23399706 21729290 9766406 12324167 54596058
1790336227063 0 126749 1021 3472018714 3425992145 0 0 0 0 0 0 1447617995 20675948 4187504640 514609152 1572864 23553156 21882734 9838746 12411085 55004423
1790336228100 0 136413 9478 3472129588 3426084514 0 0 0 0 0 0 1447717907 20675948 4187668480 559153152 52310016 23769686 22099240 9940893 12493221 55333073
1790336229129 0 144813 316 3472200360 3426155929 0 0 0 0 0 0 1447789472 20675948 4188368896 586248192 1265664 23907464 22237012 10011633 12622647 55752520
1790336230153 0 145592 1007 3472287595 3426241723 0 0 0 0 0 0 1447871185 20675948 4188499968 592371712 5992448 24078096 22407629 10093533 12728246 56224031
1790336231181 0 167808 1279 3472372202 3426303797 0 0 0 0 0 0 1447945267 20675948 4186894336 689963008 4145152 24285205 22565907 10167420 12845050 56677792
1790336232218 0 139503 6243 3472444436 3426399569 0 0 0 0 0 0 1448006157 20675948 4187832320 567476224 45457408 24480043 22699047 10228323 12976844 57321926
1790336233264 0 165628 513 3472541836 3426476584 0 0 0 0 0 0 1448076271 20675948 4186918912 668790784 3198976 24644963 22863949 10297684 13066675 57715625
1790336234306 0 195634 747 3472636804 3426541190 0 0 0 0 0 0 1448153476 20675948 4183138304 820449280 2617344 24959358 23039004 10375158 13187476 58227640
1790336235365 0 189803 479 3472718468 3426628979 0 0 0 0 0 0 1448239477 20675948 4184682496 776736768 2101248 25196719 23203843 10460124 13287805 58579394
1790336236393 0 190229 320 3472790404 3426700666 0 0 0 0 0 0 1448322508 20675948 4184543232 777629696 3211264 25419621 23360391 10543615 13435110 59088134
1790336237423 0 187158 886 3472860866 3426774070 0 0 0 0 0 0 1448385298 20675948 4184707072 766767104 7385088 25605621 23494491 10607973 13553020 59569523
1790336238447 0 181878 48 3472934221 3426853073 0 0 0 0 0 0 1448456832 20675948 4185538560 733040640 3067904 25777024 23637338 10679217 13663802 59991830
1790336239479 0 186626 412 3473015456 3426929061 0 0 0 0 0 0 1448529616 20675948 4183982080 761974784 1601536 25975625 23790345 10750713 13796567 60412457
1790336240506 0 185605 540 3473086292 3427000734 0 0 0 0 0 0 1448587497 20675948 4183437312 756830208 2215936 26136737 23920659 10810689 13901572 61048076
1790336241529 0 184505 518 3473160768 3427076635 0 0 0 0 0 0 1448664636 20675948 4183973888 758013952 376832 26288355 24072270 10886593 13974588 61387078
1790336242555 0 194062 897 3473253287 3427159217 0 0 0 0 0 0 1448751977 20675948 4183998464 790265856 225280 26495079 24247643 10971933 14046464 61769802
1790336243578 0 200045 832 3473310320 3427210126 0 0 0 0 0 0 1448805129 20675948 4183109632 817082368 3203072 26684003 24361529 11027811 14167443 62378443
1790336244598 0 180788 569 3473376309 3427295875 0 0 0 0 0 0 1448870774 20675948 4185083904 739373056 1081344 26866971 24492627 11092569 14270791 62861349
1790336245624 0 190870 731 3473436072 3427345214 0 0 0 0 0 0 1448934139 20675948 4184043520 777461760 1896448 27051581 24615632 11156970 14403540 63354812
1790336246660 0 196453 1039 3473518620 3427421909 0 0 0 0 0 0 1449018191 20675948 4182970368 818216960 1097728 27296996 24781443 11238914 14534524 63824215
1790336247702 0 185033 273 3473585161 3427500568 0 0 0 0 0 0 1449067143 20675948 4183674880 744783872 1527808 27441507 24894618 11289148 14604410 64348736
1790336248727 0 181322 552 3473645063 3427564081 0 0 0 0 0 0 1449136498 20675948 4183633920 739291136 5283840 27572195 25025304 11358777 14704751 64743804
1790336249760 0 159415 1007 3473718082 3427658830 0 0 0 0 0 0 1449211492 20675948 4183777280 649646080 3842048 27718998 25172102 11434302 14781598 65208397
1790336250784 0 138290 2340 3473775506 3427735761 0 0 0 0 0 0 1449269761 20675948 4184080384 575741952 4202496 27837928 25291026 11492765 14930307 65766246
1790336251811 0 149054 1321 3473865313 3427815789 0 0 0 0 0 0 1449346207 20675948 4182982656 617766912 4202496 28004537 25457598 11569313 15032725 66270330
1790336252849 0 140984 1864 3473930883 3427889206 0 0 0 0 0 0 1449429147 20675948 4184408064 590249984 1646592 28147385 25600478 11649755 15092662 66593317
1790336253906 0 130446 16 3474003634 3427973837 0 0 0 0 0 0 1449494747 20675948 4184317952 543850496 3182592 28284345 25737432 11714534 15171376 67077684
1790336254966 0 122829 842 3474077044 3428054677 0 0 0 0 0 0 1449557284 20675948 4184571904 503197696 3203072 28422920 25876003 11778782 15264652 67575458
1790336255997 0 143204 799 3474159179 3428115751 0 0 0 0 0 0 1449643048 20675948 4184412160 586121216 2224128 28588981 26042056 11863742 15350433 68008699
1790336257023 0 146675 259 3474232281 3428186076 0 0 0 0 0 0 1449714134 20675948 4185931776 580685824 1093632 28728789 26181860 11935753 15428152 68444159
1790336258046 0 165783 804 3474320549 3428254835 0 0 0 0 0 0 1449794298 20675948 4185923584 675225600 1847296 28901772 26354834 12016320 15556401 68970754
1790336259080 0 178578 771 3474379557 3428301074 0 0 0 0 0 0 1449854708 20675948 4185739264 725950464 2285568 29062019 26474598 12077310 15642169 69351759
1790336260112 0 169224 1034 3474442708 3428373250 0 0 0 0 0 0 1449935250 20675948 4186599424 692330496 3182592 29295510 26617458 12157015 15725620 69717787
1790336261131 0 158019 711 3474514009 3428456134 0 0 0 0 0 0 1450005063 20675948 4187893760 650305536 3182592 29494737 26758859 12226912 15797524 70103596
1790336262156 0 163080 614 3474580112 3428517372 0 0 0 0 0 0 1450061272 20675948 4187316224 668614656 1642496 29638312 26880487 12283248 15927002 70670434
1790336263195 0 123945 602 3474634504 3428610757 0 0 0 0 0 0 1450114697 20675948 4186525696 508235776 9490432 29743400 26985561 12335290 16019922 71010121
1790336264252 0 164962 995 3474733479 3428668227 0 0 0 0 0 0 1450208751 20675948 4187267072 680517632 3207168 29939048 27181191 12430553 16136694 71520226
1790336265291 0 166782 977 3474815024 3428748097 0 0 0 0 0 0 1450282597 20675948 4187037696 685092864 4116480 30094856 27336974 12505226 16218559 71958573
1790336266312 0 180009 514 3474892516 3428812777 0 0 0 0 0 0 1450356748 20675948 4185796608 737538048 1933312 30286392 27489378 12579351 16310932 72387490
1790336267332 0 151642 6104 3474960592 3428903672 0 0 0 0 0 0 1450427206 20675948 4188110848 644775936 5275648 30490317 27626827 12650161 16437683 72831073
1790336268366 0 151775 700 3475017454 3428965835 0 0 0 0 0 0 1450490638 20675948 4189454336 616431616 2043904 30619577 27744581 12713154 16562052 73525168
1790336269386 0 153021 1859 3475106023 3429052009 0 0 0 0 0 0 1450564613 20675948 4187070464 632741888 4870144 30824079 27909210 12787788 16670022 73962713
1790336270405 0 162244 398 3475179294 3429117344 0 0 0 0 0 0 1450625724 20675948 4185976832 662011904 1982464 30956758 28041883 12847183 16896796 74627239
1790336271428 0 192632 391 3475277865 3429185707 0 0 0 0 0 0 1450704863 20675948 4183379968 797200384 1892352 31226125 28222539 12927476 17011456 75069384
1790336272460 0 175463 835 3475344175 3429268763 0 0 0 0 0 0 1450774389 20675948 4186435584 709492736 4202496 31363750 28351887 12995576 17124075 75589937
1790336273500 0 157636 752 3475403691 3429346218 0 0 0 0 0 0 1450829765 20675948 4186144768 642166784 1572864 31520985 28466730 13049953 17261865 76050554
1790336274534 0 125620 2082 3475471809 3429445043 0 0 0 0 0 0 1450896590 20675948 4186697728 521109504 5181440 31657305 28603040 13118141 17361391 76499600
1790336275565 0 144596 460 3475562365 3429517987 0 0 0 0 0 0 1450979971 20675948 4186103808 591405056 3194880 31828896 28774626 13200320 17460082 76879635
1790336276599 0 121784 0 3475621742 3429600788 0 0 0 0 0 0 1451058754 20675948 4187488256 496906240 3190784 31968608 28914333 13279831 17597137 77387711
1790336277631 0 143612 2266 3475724640 3429679798 0 0 0 0 0 0 1451157622 20675948 4188286976 603455488 8761344 32171584 29117307 13379374 17713312 77796427
1790336278684 0 126428 1561 3475795018 3429767835 0 0 0 0 0 0 1451224020 20675948 4187156480 539099136 4845568 32306666 29252379 13443889 17818167 78328915
1790336279732 0 150572 608 3475895400 3429844828 0 0 0 0 0 0 1451323544 20675948 4187693056 622727168 2887680 32506654 29452329 13544463 17921774 78813285
1790336280766 0 119396 3708 3475950476 3429928167 0 0 0 0 0 0 1451383756 20675948 4188868608 477466624 23543808 32622046 29567752 13607095 18013810 79331010
1790336281788 0 125810 225 3476014500 3429989381 0 0 0 0 0 0 1451445820 20675948 4188958720 507736064 2723840 32747270 29692972 13667957 18157908 79910125
1790336282812 0 128495 121 3476101706 3430073852 0 0 0 0 0 0 1451526054 20675948 4188254208 524333056 2637824 32914502 29860194 13748276 18240808 80344106
1790336283842 0 115669 642 3476176493 3430161075 0 0 0 0 0 0 1451605815 20675948 4189626368 472354816 2408448 33070093 30015778 13828784 18321321 80770112
1790336284863 0 130001 857 3476249227 3430219145 0 0 0 0 0 0 1451676487 20675948 4189659136 530292736 3678208 33211693 30157376 13898057 18435556 81280744
1790336285883 0 145216 772 3476346870 3430301658 0 0 0 0 0 0 1451773131 20675948 4189790208 591347712 1982464 33405997 30351673 13994916 18501171 81681949
1790336286906 0 166081 592 3476421756 3430355943 0 0 0 0 0 0 1451839737 20675948 4187381760 681820160 1085440 33648342 30496157 14062887 18618730 82137669
1790336287935 0 155500 903 3476489866 3430434213 0 0 0 0 0 0 1451894379 20675948 4188536832 630628352 1937408 33815688 30614101 14116966 18715031 82524628
1790336288957 0 169760 476 3476562695 3430493236 0 0 0 0 0 0 1451948411 20675948 4186959872 693301248 2101248 33996321 30742844 14170447 18839909 83123281
1790336289990 0 151882 6635 3476621185 3430563491 0 0 0 0 0 0 1452015196 20675950 4185972736 623169536 26116096 34182051 30870969 14238823 18967769 83590842
1790336291059 0 80497 777 3476622404 3430641915 0 0 0 0 0 0 1452015196 20675950 4185972736 334774272 2101248 34182051 30870969 14238823 18967769 83590842
1790336292077 0 8 8 3476622516 3430723323 0 0 0 0 0 0 1452033373 20675951 4181725184 0 0 34198659 30887577 14254394 18983941 83640406
1790336293096 0 2 0 3476622516 3430723337 0 0 0 0 0 0 1452197990 20675951 4192202752 0 0 34361071 31049982 14419357 19060955 83845524
1790336294115 0 2 0 3476622516 3430723337 0 0 0 0 0 0 1452347040 20675951 4199612416 0 0 34508481 31197368 14568552 19150435 84093124
1790336295134 0 2 0 3476622516 3430723337 0 0 0 0 0 0 1452501612 20675951 4199976960 0 0 34662612 31351461 14722734 19206092 84275102
1790336296153 0 0 0 3476622516 3430723339 0 0 0 0 0 0 1452661811 20675951 4200009728 0 0 34823090 31511891 14883172 19318844 84624518
1790336297172 0 1024 0 3476623499 3430723339 0 0 0 0 0 0 1452709060 20675955 1541296128 1925120 0 34873424 31562216 14932687 19330049 84671442
