1790321029181 0 0 0 2259325002 2213545398 0 0 0 0 0 0 902681979 18962086 - - - - - - - -
1790321030549 0 180515 3582 2259605864 2213641986 0 0 0 0 0 0 902681980 18962132 1068662784 731275264 5525504 0 0 1 0 150421
1790321031647 0 173484 553 2259763126 2213809171 0 0 0 0 0 0 902681980 18962133 1777233920 716115968 1892352 0 0 1 0 535764
1790321032691 0 163279 1064 2259915794 2213971770 0 0 0 0 0 0 902681980 18962133 2395033600 661999616 12607488 0 0 1 0 817545
1790321033732 0 164453 515 2260059090 2214114394 0 0 0 0 0 0 902681980 18962135 2998050816 674861056 3821568 0 0 1 0 1258584
1790321034758 0 162530 2049 2260194087 2214249896 0 0 0 0 0 0 902681980 18962135 3553173504 672653312 4718592 0 0 1 0 1774593
1790321035780 0 162158 2773 2260336446 2214392031 0 0 0 0 0 0 902681980 18962135 4128763904 671879168 2883584 0 0 1 0 2171722
1790321036805 0 163497 933 2260474048 2214529926 0 0 0 0 0 0 902691545 18962135 4148015104 666427392 1896448 141760 141760 9565 33720 2555431
1790321037828 0 165071 1295 2260610805 2214664778 0 0 0 0 0 0 902707534 18962135 4147798016 678195200 3579904 296704 296704 25595 67381 2993481
1790321038855 0 147106 2561 2260732235 2214802945 0 0 0 0 0 0 902724851 18962135 4147920896 595243008 2392064 429344 429312 41900 106768 3472297
1790321039882 0 167838 716 2260878896 2214930920 0 0 0 0 0 0 902746060 18962135 4147953664 683679744 2723840 600768 600768 63165 152012 4003711
1790321040918 0 156711 4622 2261007831 2215066872 0 0 0 0 0 0 902779120 18962135 4149579776 660856832 12607488 764096 764096 96744 192195 4393926
1790321041954 0 164303 1028 2261144643 2215199792 0 0 0 0 0 0 902809007 18962135 4151001088 678813696 4091904 932448 932445 127142 227797 4937570
1790321042980 0 153401 270 2261264821 2215331529 0 0 0 0 0 0 902846105 18962135 4152975360 608133120 290816 1079808 1079787 162329 267099 5376440
1790321044002 0 157899 3611 2261399912 2215458859 0 0 0 0 0 0 902883758 18962135 4154593280 643747840 25214976 1261504 1261483 201892 300523 5744967
1790321045027 0 112839 1028 2261477861 2215584377 0 0 0 0 0 0 902913913 18962135 4156112896 469925888 4202496 1368480 1368459 231093 329881 6223867
1790321046047 0 103024 7196 2261605064 2215715256 0 0 0 0 0 0 902961874 18962135 4157632512 447385600 12607488 1543520 1543497 279645 377557 6818423
1790321047068 0 101961 137 2261732383 2215850617 0 0 0 0 0 0 903008338 18962135 4159184896 413945856 4202496 1713408 1713380 325186 431285 7275408
1790321048095 0 135643 118 2261877629 2215962114 0 0 0 0 0 0 903069972 18962135 4160737280 547119104 49152 1917600 1917569 385841 495448 7792302
1790321049122 0 147518 8729 2262022020 2216086247 0 0 0 0 0 0 903125547 18962135 4161597440 596754432 49790976 2121888 2121852 443318 527778 8120142
1790321050152 0 155798 992 2262154557 2216218545 0 0 0 0 0 0 903187391 18962135 4162461696 638590976 4202496 2312352 2312316 502161 570273 8508654
1790321051178 0 165050 905 2262295257 2216349465 0 0 0 0 0 0 903270490 18962135 4164661248 685318144 3043328 2538400 2538353 587292 668458 8919580
1790321052204 0 120374 1043 2262387536 2216486345 0 0 0 0 0 0 903329224 18962135 4165857280 491692032 4202496 2686208 2686161 645394 747061 9473026
1790321053231 0 80169 867 2262478261 2216617832 0 0 0 0 0 0 903386064 18962135 4166934528 325644288 1822720 2833024 2832954 701121 856681 9955899
1790321054262 0 109262 9536 2262623743 2216725449 0 0 0 0 0 0 903481949 18962135 4168585216 493793280 8404992 3076960 3076878 798686 973177 10303517
1790321055311 0 122902 0 2262735249 2216832628 0 0 0 0 0 0 903560980 18962135 4169523200 476884992 0 3257472 3257389 873227 1040296 10686761
1790321056341 0 107725 1539 2262837350 2216948442 0 0 0 0 0 0 903638244 18962135 4170551296 450273280 10506240 3446304 3446181 954912 1078699 11023350
1790321057383 0 112252 3015 2262948662 2217053768 0 0 0 0 0 0 903729383 18962135 4171730944 475480064 5644288 3648800 3648699 1046360 1173112 11533906
1790321058425 0 148964 1531 2263093217 2217162899 0 0 0 0 0 0 903846482 18962135 4172275712 617066496 2748416 3904352 3904237 1162108 1285856 12036234
1790321059466 0 152251 333 2263204049 2217271504 0 0 0 0 0 0 903939538 18962135 4172283904 609755136 3170304 4107552 4107402 1255474 1356365 12443476
1790321060511 0 138956 4595 2263302836 2217379473 0 0 0 0 0 0 904032767 18962135 4173565952 595054592 15093760 4303839 4303678 1348836 1418132 12858285
1790321061553 0 112611 0 2263386969 2217494457 0 0 0 0 0 0 904117397 18962135 4173582336 437059584 0 4463357 4463186 1428894 1512501 13326783
1790321062584 0 132260 1025 2263517126 2217604240 0 0 0 0 0 0 904233901 18962135 4173410304 542330880 6094848 4717664 4717427 1550173 1584821 13569266
1790321063619 0 145095 4380 2263634709 2217705449 0 0 0 0 0 0 904349095 18962135 4174499840 618532864 1335296 4954368 4954150 1666588 1684664 13995013
1790321064657 0 140347 635 2263748415 2217827817 0 0 0 0 0 0 904450111 18962135 4175630336 584785920 1888256 5163817 5163550 1765477 1758056 14414831
1790321065686 0 136488 7656 2263857198 2217933516 0 0 0 0 0 0 904554516 18962135 4176908288 559431680 41525248 5381433 5381160 1872054 1858008 14889141
1790321066720 0 99832 3670 2263937262 2218054133 0 0 0 0 0 0 904623316 18962135 4177494016 430669824 421888 5527427 5527123 1939653 1930642 15293623
1790321067750 0 124630 931 2264062965 2218157726 0 0 0 0 0 0 904719802 18962135 4177399808 508534784 2064384 5746358 5746050 2035964 2023242 15657387
1790321068792 0 126280 1435 2264165519 2218258191 0 0 0 0 0 0 904816685 18962135 4178243584 523735040 2981888 5945129 5944813 2131283 2129451 16053934
1790321069823 0 129427 1358 2264263076 2218352667 0 0 0 0 0 0 904909915 18962135 4180299776 536682496 3723264 6138812 6138488 2226472 2248577 16504388
1790321070850 0 104800 932 2264354396 2218469011 0 0 0 0 0 0 904984181 18962135 4180692992 430403584 2449408 6302925 6302589 2300381 2337739 16988082
1790321071879 0 110242 14 2264456354 2218566577 0 0 0 0 0 0 905102253 18962135 4181811200 436371456 0 6515210 6514843 2412525 2443350 17468755
1790321072904 0 133320 0 2264576709 2218663528 0 0 0 0 0 0 905234076 18962135 4183658496 523210752 0 6766214 6765836 2545809 2556023 17833205
1790321073926 0 149208 1041 2264704311 2218774363 0 0 0 0 0 0 905342840 18962135 4182671360 619868160 4202496 7013501 7013104 2659969 2665538 18228011
1790321074949 0 121248 0 2264795973 2218894892 0 0 0 0 0 0 905428862 18962135 4183592960 468779008 0 7179846 7179361 2741899 2738377 18565496
1790321075984 0 142114 908 2264918757 2218996325 0 0 0 0 0 0 905561706 18962135 4185559040 584146944 4202496 7440328 7438696 2876449 2863012 19041469
1790321077018 0 143017 1967 2265042249 2219117490 0 0 0 0 0 0 905674167 18962135 4185219072 596754432 10506240 7682580 7680901 2990832 2963087 19408311
1790321078058 0 120081 471 2265149103 2219248858 0 0 0 0 0 0 905791750 18962135 4186451968 510394368 3039232 7905079 7897645 3104250 3052116 19822190
1790321079106 0 113358 16860 2265278247 2219368394 0 0 0 0 0 0 905913422 18962135 4186198016 517218304 30654464 8164377 8156896 3231083 3125719 20101862
1790321080131 0 108860 753 2265374446 2219485283 0 0 0 0 0 0 906018432 18962135 4187439104 452136960 2072576 8365494 8354939 3334524 3250698 20505044
1790321081155 0 91166 340 2265454653 2219583541 0 0 0 0 0 0 906105044 18962135 4188131328 375902208 1064960 8532098 8520405 3422183 3385428 20933277
1790321082181 0 130008 1560 2265593218 2219682052 0 0 0 0 0 0 906240374 18962135 4187410432 543834112 2158592 8809749 8795479 3557031 3469596 21249035
1790321083201 0 112381 11697 2265699053 2219795406 0 0 0 0 0 0 906335946 18962135 4187602944 460767232 58806272 9013662 8999182 3654077 3609350 21692540
1790321084239 0 100976 13406 2265823237 2219929295 0 0 0 0 0 0 906480209 18962135 4189589504 413945856 94556160 9282561 9265992 3797226 3710460 22079544
1790321085291 0 121941 1125 2265960138 2220057258 0 0 0 0 0 0 906602584 18962135 4188782592 504418304 4685824 9537519 9518343 3918564 3808081 22342656
1790321086336 0 114801 423 2266052791 2220157999 0 0 0 0 0 0 906685324 18962135 4188516352 465096704 3481600 9716268 9696048 4002325 3953437 22762940
1790321087368 0 97479 22 2266145673 2220268620 0 0 0 0 0 0 906779883 18962135 4189356032 402018304 11927552 9907134 9886027 4096065 4065759 23113107
1790321088417 0 109158 1119 2266275430 2220385670 0 0 0 0 0 0 906886494 18962135 4188626944 461209600 3399680 10142424 10116542 4199633 4157250 23403262
1790321089452 0 127095 2066 2266428171 2220519475 0 0 0 0 0 0 907024658 18962135 4189392896 530694144 2351104 10443402 10409906 4340762 4235232 23666399
1790321090493 0 101523 482 2266561214 2220679570 0 0 0 0 0 0 907149534 18962135 4189925376 423890944 6082560 10703173 10664621 4465097 4339148 23956606
1790321091523 0 122632 16059 2266698012 2220779630 0 0 0 0 0 0 907261002 18962135 4188868608 539820032 33779712 10959134 10918547 4578527 4458257 24266925
1790321092546 0 105785 5664 2266788654 2220897452 0 0 0 0 0 0 907335298 18962135 4189282304 445026304 1986560 11116926 11076330 4651747 4596195 24768838
1790321093571 0 101226 1547 2266902635 2221020527 0 0 0 0 0 0 907437804 18962135 4189704192 414691328 19615744 11358632 11301556 4756027 4724310 25306295
1790321094600 0 107162 1779 2267021649 2221133172 0 0 0 0 0 0 907557215 18962135 4190986240 436002816 22798336 11595805 11537316 4874623 4796049 25606220
1790321095628 0 108634 2470 2267151974 2221261174 0 0 0 0 0 0 907671165 18962135 4190027776 448270336 7700480 11842208 11777731 4987580 4889924 25952725
1790321096666 0 108740 420 2267277807 2221389108 0 0 0 0 0 0 907773809 18962135 4189982720 458170368 4231168 12070132 12004616 5089280 4975231 26246845
1790321097712 0 133818 681 2267404486 2221490449 0 0 0 0 0 0 907879954 18962135 4190523392 543420416 3911680 12309354 12239571 5197142 5067607 26584785
1790321098734 0 139213 0 2267515630 2221596594 0 0 0 0 0 0 907965335 18962136 4190236672 540585984 0 12501573 12428172 5278830 5142958 26902505
1790321099758 1 105539 3054 2267627023 2221739118 0 0 0 0 0 0 908064447 18962175 4191490048 426704896 23113728 12727469 12647786 5382069 5280159 27342389
1790321100779 1 105273 1116 2267734981 2221848898 0 0 0 0 0 0 908156428 18962194 4191191040 439504896 1757184 12926608 12846333 5472668 5368853 27663786
1790321101804 1 24876 24 2267770590 2221965556 0 0 0 0 0 0 908182360 18962218 4191129600 84176896 0 12981540 12901263 5497797 5392720 27734209
1790321102831 1 53061 3669 2267895452 2222058722 0 0 0 0 0 0 908303501 18962440 4192346112 225247232 18092032 13232244 13151955 5620567 5475552 28021128
1790321103857 1 97504 0 2268032810 2222154836 0 0 0 0 0 0 908408565 18962636 4190593024 376365056 0 13462164 13381863 5719977 5572409 28341691
1790321104897 1 110434 1901 2268174124 2222281698 0 0 0 0 0 0 908516387 18962636 4190871552 474906624 7614464 13738267 13638238 5833574 5663380 28740543
1790321105948 1 105488 444 2268281385 2222395290 0 0 0 0 0 0 908604723 18962637 4190867456 425406464 8806400 13938405 13832208 5920839 5788136 29100968
1790321106977 1 83339 5098 2268369052 2222500506 0 0 0 0 0 0 908681333 18962640 4191883264 363880448 1736704 14103386 13997181 5998337 5957231 29491467
1790321108014 1 40703 971 2268433308 2222611599 0 0 0 0 0 0 908740513 18962640 4191875072 168792064 720896 14223317 14117080 6056808 6107758 30045362
1790321109046 1 101612 4670 2268564332 2222678068 0 0 0 0 0 0 908855215 18962641 4192182272 437985280 2097152 14473905 14364622 6171969 6194471 30287752
1790321110072 1 78483 0 2268644378 2222785538 0 0 0 0 0 0 908933821 18962870 4192436224 303144960 0 14621545 14512262 6243658 6315321 30865880
1790321111098 1 110652 41 2268779227 2222888135 0 0 0 0 0 0 909055744 18963328 4191969280 428310528 0 14893180 14770486 6369122 6409158 31155595
1790321112123 1 103370 5306 2268893668 2223004816 0 0 0 0 0 0 909162566 18963503 4191559680 413339648 34426880 15127445 14999266 6479647 6532568 31517977
1790321113155 1 102558 2488 2269019484 2223134197 0 0 0 0 0 0 909285850 18964025 4191817728 450588672 5382144 15378769 15248716 6602449 6624498 31784434
1790321114217 1 102085 135 2269151058 2223268865 0 0 0 0 0 0 909390913 18964802 4190691328 412680192 35901440 15614875 15482461 6705130 6745115 32094084
1790321115272 1 132651 1 2269290539 2223377606 0 0 0 0 0 0 909493834 18964976 4190564352 490434560 0 15844421 15711387 6806774 6874301 32415150
1790321116297 1 89528 11428 2269390830 2223509696 0 0 0 0 0 0 909575316 18964976 4191457280 322142208 58183680 16029126 15891957 6893170 6962967 32755454
1790321117334 1 130768 598 2269534206 2223622606 0 0 0 0 0 0 909665279 18965014 4191760384 388784128 8404992 16223924 16082027 6981244 7072517 33198433
1790321118384 1 131588 1049 2269647948 2223735159 0 0 0 0 0 0 909765381 18965045 4192546816 449667072 5578752 16449766 16295923 7080914 7148452 33509505
1790321119438 1 135293 3506 2269748351 2223829314 0 0 0 0 0 0 909830772 18965047 4192141312 447565824 14708736 16603939 16445047 7146833 7242142 33794753
1790321120482 1 144812 363 2269851484 2223926070 0 0 0 0 0 0 909904816 18965047 4190937088 527601664 1912832 16770928 16612020 7222198 7348537 34121162
1790321121507 1 70280 66 2269927731 2224076999 0 0 0 0 0 0 909964385 18965047 4191485952 276230144 4202496 16901331 16742420 7280008 7515394 34743057
1790321122532 1 110343 5203 2270053715 2224158053 0 0 0 0 0 0 910052622 18965089 4191268864 440549376 0 17104321 16942339 7370483 7625962 35064323
1790321123575 1 55603 1300 2270104735 2224267555 0 0 0 0 0 0 910107400 18965090 4192133120 248139776 3948544 17206241 17044257 7422326 7732770 35532123
1790321124644 1 14450 1019 2270180079 2224384254 0 0 0 0 0 0 910183962 18965090 4193562624 67829760 0 17352061 17190077 7498214 7808707 35908000
1790321125687 1 73919 18 2270304758 2224450708 0 0 0 0 0 0 910299409 18965091 4192194560 284856320 0 17591021 17429036 7612179 7910634 36262101
1790321126729 1 39195 454 2270390734 2224570717 0 0 0 0 0 0 910379938 18965109 4192124928 163667968 1273856 17756794 17594809 7692971 7994539 36565685
1790321127767 1 22743 450 2270481475 2224678121 0 0 0 0 0 0 910456538 18965109 4192354304 88907776 15982592 17924892 17762907 7771156 8088706 37053678
1790321128812 1 69033 1668 2270601015 2224750294 0 0 0 0 0 0 910558674 18965114 4192018432 291254272 7475200 18149650 17987665 7875790 8174384 37345040
1790321129852 1 95021 20007 2270712191 2224816947 0 0 0 0 0 0 910667831 18965114 4192731136 388255744 81948672 18379967 18208234 7985725 8279577 37734748
1790321130905 1 118161 1339 2270801495 2224901697 0 0 0 0 0 0 910744375 18965114 4192051200 475942912 20127744 18573463 18371152 8061267 8408267 38081785
1790321131960 1 111563 273 2270869821 2224977406 0 0 0 0 0 0 910805625 18965116 4191834112 446750720 8253440 18715785 18496524 8122184 8523140 38624490
1790321132990 1 117375 682 2270968193 2225069817 0 0 0 0 0 0 910895337 18965116 4191047680 479490048 5341184 18911732 18685159 8212408 8648878 38967592
1790321134025 1 137923 4088 2271068071 2225145645 0 0 0 0 0 0 910980730 18965120 4191014912 560148480 0 19087284 18860711 8295827 8747117 39300260
1790321135051 1 156340 7584 2271162380 2225218156 0 0 0 0 0 0 911058604 18965123 4191113216 560836608 1679360 19271694 19009363 8375701 8855361 39629286
1790321136077 1 111922 890 2271226693 2225333661 0 0 0 0 0 0 911116585 18965123 4190707712 457506816 10256384 19463580 19132851 8434295 9040310 40287227
1790321137117 1 52161 768 2271277315 2225443894 0 0 0 0 0 0 911184040 18965123 4192718848 223719424 7372800 19573532 19242803 8497542 9162124 40732420
1790321138184 1 97589 1530 2271394859 2225515540 0 0 0 0 0 0 911289492 18965125 4192079872 395378688 8404992 19786284 19451790 8606338 9262875 41025509
1790321139233 1 82955 3121 2271490489 2225624019 0 0 0 0 0 0 911364272 18965125 4190478336 355368960 1843200 19953772 19619277 8679555 9362768 41389607
1790321140274 1 33752 498 2271560142 2225745829 0 0 0 0 0 0 911435198 18965125 4191232000 128839680 24973312 20095244 19760749 8752469 9526207 41923434
1790321141312 1 10116 646 2271642347 2225851254 0 0 0 0 0 0 911503460 18965126 4190666752 40325120 0 20243020 19908525 8819566 9648805 42358201
1790321142348 1 7565 193 2271738401 2225950369 0 0 0 0 0 0 911576279 18965126 4189872128 14708736 0 20407436 20072941 8890935 9712861 42709967
1790321143391 1 71155 1580 2271867903 2226015080 0 0 0 0 0 0 911701814 18965128 4192387072 284254208 14405632 20663788 20329293 9018624 9777350 42956098
1790321144437 1 28250 929 2271937745 2226128687 0 0 0 0 0 0 911780834 18965128 4192923648 104329216 7483392 20810602 20476106 9097839 9902983 43404927
1790321145477 1 15546 4164 2272024908 2226224950 0 0 0 0 0 0 911874886 18965128 4193243136 61227008 46227456 20993354 20658858 9191933 9965283 43699628
1790321146544 1 59439 2246 2272139667 2226297757 0 0 0 0 0 0 911970886 18965130 4192301056 241999872 27308032 21202966 20868470 9287942 10050621 43938204
1790321147614 1 101742 610 2272258648 2226376229 0 0 0 0 0 0 912081732 18965131 4192620544 411467776 21532672 21434363 21094732 9397831 10148629 44310585
1790321148689 1 110423 8969 2272350996 2226451299 0 0 0 0 0 0 912152051 18965131 4191854592 482156544 7847936 21612155 21255411 9469028 10217565 44693204
1790321149721 1 116085 340 2272422904 2226526079 0 0 0 0 0 0 912220284 18965132 4191936512 461250560 3211264 21751424 21393347 9536032 10281973 45123271
1790321150748 1 51339 1280 2272468423 2226635847 0 0 0 0 0 0 912266515 18965132 4192673792 219058176 4202496 21847220 21489143 9583464 10474255 45741694
1790321151772 1 125001 5118 2272627479 2226717193 0 0 0 0 0 0 912408755 18965136 4192280576 517865472 0 22138441 21780364 9724342 10590102 46085939
1790321152817 1 60746 1827 2272693016 2226850153 0 0 0 0 0 0 912457581 18965136 4191883264 238374912 11591680 22254300 21895676 9773831 10649850 46418197
1790321153882 1 16526 33 2272748914 2226952195 0 0 0 0 0 0 912520779 18965136 4192456704 61263872 3125248 22378387 22019763 9838037 10810553 46919929
1790321154922 1 103134 995 2272899790 2227015371 0 0 0 0 0 0 912646604 18965139 4192059392 438468608 3829760 22651260 22292636 9962043 10900413 47115076
1790321155963 1 76152 2409 2272977657 2227118857 0 0 0 0 0 0 912714781 18965139 4191961088 325832704 4202496 22797332 22438643 10030714 11075972 47651269
1790321156990 1 21322 0 2273045236 2227243368 0 0 0 0 0 0 912775165 18965139 4192342016 61378560 0 22916476 22557851 10088729 11164202 47998229
1790321158036 1 60054 1479 2273184401 2227342641 0 0 0 0 0 0 912886921 18965140 4191649792 260161536 12365824 23172406 22813781 10201924 11287086 48386085
1790321159092 1 36062 968 2273267807 2227450653 0 0 0 0 0 0 912954799 18965140 4192059392 145399808 6148096 23321338 22962713 10270968 11368275 48791630
1790321160125 1 98945 17145 2273407654 2227511026 0 0 0 0 0 0 913098946 18965141 4193021952 405610496 80945152 23614413 23250647 10416523 11487428 49068060
1790321161156 1 49189 1510 2273472326 2227641376 0 0 0 0 0 0 913155087 18965141 4193058816 206004224 5709824 23729607 23365841 10471567 11550949 49419850
1790321162184 1 26678 7732 2273562928 2227748406 0 0 0 0 0 0 913229769 18965141 4192075776 108920832 43454464 23898954 23535156 10547560 11660376 49806304
1790321163227 1 100290 1632 2273706863 2227825042 0 0 0 0 0 0 913363838 18965183 4192931840 426913792 2101248 24166473 23802030 10677781 11740922 50060414
1790321164304 1 65167 954 2273795392 2227949298 0 0 0 0 0 0 913449538 18965184 4192739328 269639680 3538944 24345615 23978863 10764677 11849989 50446578
1790321165337 1 41227 19 2273870958 2228049203 0 0 0 0 0 0 913516696 18965184 4192874496 134819840 0 24479802 24113017 10829937 11940316 50802156
1790321166385 1 90668 475 2274006502 2228135190 0 0 0 0 0 0 913643155 18965185 4193165312 374263808 5357568 24746948 24379168 10957179 12030485 51122263
1790321167442 1 48469 411 2274082657 2228253349 0 0 0 0 0 0 913722308 18965185 4193173504 212480000 2097152 24903108 24535324 11037413 12118137 51580218
1790321168487 1 83146 36 2274194776 2228330915 0 0 0 0 0 0 913818276 18965185 4192067584 316665856 0 25103900 24736116 11130108 12212317 51905740
1790321169530 1 56654 1286 2274281791 2228443418 0 0 0 0 0 0 913903943 18965185 4192583680 245858304 9281536 25282504 24914720 11218647 12335858 52339531
1790321170580 1 13691 4947 2274351872 2228553014 0 0 0 0 0 0 913970952 18965187 4193288192 56233984 38518784 25422429 25054645 11287950 12436694 52796327
1790321171616 1 107925 50 2274511294 2228622861 0 0 0 0 0 0 914124242 18965250 4192690176 420405248 0 25722863 25353536 11433545 12517202 53029965
1790321172652 1 91912 7067 2274607887 2228728745 0 0 0 0 0 0 914214069 18965250 4193026048 370978816 39428096 25932808 25551047 11531217 12622471 53314382
1790321173676 1 123377 1170 2274739855 2228834863 0 0 0 0 0 0 914343075 18965250 4192583680 491692032 0 26186208 25804057 11658083 12703304 53615969
1790321174718 1 101144 758 2274848830 2228966689 0 0 0 0 0 0 914457400 18965250 4193529856 416813056 11743232 26415747 26031086 11772996 12783005 53913373
1790321175758 1 99835 1640 2275000002 2229118367 0 0 0 0 0 0 914597818 18965252 4192575488 419848192 5300224 26712804 26325176 11914491 12882470 54206062
1790321176781 1 97415 0 2275100966 2229223292 0 0 0 0 0 0 914713182 18965310 4194172928 379482112 0 26919533 26531893 12025628 13028071 54643387
1790321177823 1 43339 267 2275173015 2229349181 0 0 0 0 0 0 914773028 18965310 4193173504 172507136 20004864 27060451 26672297 12090929 13147944 55169780
1790321178849 1 24600 0 2275252808 2229447985 0 0 0 0 0 0 914844565 18965310 4192317440 80199680 0 27203180 26815026 12159052 13259812 55499153
1790321179877 1 103790 883 2275394175 2229509118 0 0 0 0 0 0 914988402 18965426 4193447936 440717312 2101248 27508906 27105525 12305173 13386808 55749836
1790321180909 1 70111 0 2275468096 2229617602 0 0 0 0 0 0 915050054 18965426 4192497664 265125888 0 27634474 27231093 12363271 13551312 56393122
1790321181937 1 26870 2030 2275539095 2229729977 0 0 0 0 0 0 915116007 18965426 4192743424 116473856 13217792 27780049 27376668 12433657 13672664 56895484
1790321182983 1 105032 580 2275675636 2229790078 0 0 0 0 0 0 915266955 18965926 4194033664 447258624 1056768 28062792 27653062 12580963 13741118 57080009
1790321184060 1 118552 0 2275765167 2229866306 0 0 0 0 0 0 915337659 18966437 4191813632 460460032 0 28221059 27811328 12649938 13896063 57578180
1790321185090 1 132739 1106 2275861237 2229947102 0 0 0 0 0 0 915411327 18966722 4191444992 538542080 3186688 28426222 27986837 12728912 13976641 57898183
1790321186122 1 95755 888 2275921998 2230045241 0 0 0 0 0 0 915471129 18967018 4192235520 387624960 2101248 28545198 28105813 12786521 14069269 58328723
1790321187168 1 98419 72 2276000154 2230121455 0 0 0 0 0 0 915540963 18967274 4191969280 416600064 5959680 28702616 28254136 12857305 14210381 58758112
1790321188210 1 106493 678 2276108639 2230221087 0 0 0 0 0 0 915645015 18967274 4192088064 441675776 1110016 28916015 28466109 12960562 14319063 59210235
1790321189246 1 73424 10675 2276195674 2230331303 0 0 0 0 0 0 915735155 18967274 4192870400 349593600 9846784 29096765 28644312 13051554 14405186 59518658
1790321190275 1 102549 1352 2276289894 2230405704 0 0 0 0 0 0 915827092 18967277 4193210368 422703104 3477504 29282068 28828277 13143538 14505833 59920092
1790321191299 1 101722 2982 2276392831 2230508030 0 0 0 0 0 0 915928561 18967278 4192804864 427872256 2883584 29490902 29033327 13245805 14588533 60222838
1790321192331 1 104959 688 2276494524 2230608620 0 0 0 0 0 0 916030141 18967278 4193091584 423624704 3551232 29692065 29230874 13345807 14677104 60598777
1790321193379 1 103259 4945 2276599621 2230711259 0 0 0 0 0 0 916138071 18967278 4193001472 449949696 3084288 29909201 29446205 13454557 14763585 60982200
1790321194414 1 97527 19 2276693184 2230815398 0 0 0 0 0 0 916225945 18967278 4192825344 387252224 1167360 30093615 29624688 13541423 14860218 61421488
1790321195443 1 109353 0 2276797258 2230907526 0 0 0 0 0 0 916346145 18967278 4193615872 422813696 0 30316834 29840596 13656095 14965103 61810356
1790321196470 1 113512 89 2276917572 2231023457 0 0 0 0 0 0 916462129 18967278 4193243136 439545856 0 30559625 30079301 13775290 15078097 62188549
1790321197498 1 113201 0 2277029887 2231136427 0 0 0 0 0 0 916561712 18967278 4192739328 435089408 0 30779311 30290567 13875085 15193182 62611761
1790321198542 1 124849 1268 2277168090 2231261574 0 0 0 0 0 0 916676839 18967278 4191989760 525922304 5296128 31064047 30549848 13992722 15302223 62860457
1790321199604 1 88765 3432 2277251473 2231379529 0 0 0 0 0 0 916757654 18967278 4192301056 385232896 6303744 31229576 30715372 14074094 15394445 63202433
1790321200660 1 107246 526 2277379925 2231491939 0 0 0 0 0 0 916868186 18967278 4192165888 432857088 2101248 31464307 30948192 14182222 15502859 63636155
1790321201688 1 107257 976 2277484019 2231595636 0 0 0 0 0 0 916972377 18967278 4193255424 432857088 3801088 31676402 31159252 14288383 15631231 64032115
1790321202720 1 110351 606 2277601193 2231709881 0 0 0 0 0 0 917080572 18967279 4192608256 447565824 6303744 31903781 31384027 14396036 15697133 64336398
1790321203786 1 67842 1066 2277691510 2231842205 0 0 0 0 0 0 917167139 18967280 4192604160 292081664 4202496 32081486 31561695 14482781 15798697 64696215
1790321204822 1 27499 862 2277774575 2231966397 0 0 0 0 0 0 917246109 18967283 4193001472 113885184 12820480 32243636 31723870 14563094 15885378 65031085
1790321205878 1 109189 5332 2277933309 2232038398 0 0 0 0 0 0 917385668 18967303 4192391168 476332032 29417472 32540453 32020077 14702141 15975678 65334260
1790321206938 1 119027 2099 2278051024 2232149788 0 0 0 0 0 0 917492349 18967304 4192825344 490610688 2338816 32767243 32243843 14809595 16064203 65612342
1790321207965 1 116669 671 2278155370 2232257665 0 0 0 0 0 0 917579400 18967304 4191338496 477949952 1945600 32962851 32434235 14895286 16190246 66043816
1790321208988 1 127788 675 2278273827 2232364665 0 0 0 0 0 0 917681966 18967304 4192018432 513097728 2101248 33183315 32653678 14998547 16268104 66323766
1790321210010 1 121730 776 2278367184 2232464340 0 0 0 0 0 0 917763700 18967304 4191608832 495894528 4202496 33386074 32831713 15080134 16375839 66785232
1790321211033 1 64922 99 2278480345 2232635165 0 0 0 0 0 0 917852992 18967304 4190818304 263356416 23113728 33589240 33034876 15169731 16458391 67091586
1790321212066 1 111653 1234 2278605593 2232712448 0 0 0 0 0 0 917995816 18967304 4193910784 456097792 5169152 33860483 33300254 15312744 16548410 67415479
1790321213095 1 120511 1058 2278689227 2232787319 0 0 0 0 0 0 918083238 18967304 4192919552 498208768 1064960 34046879 33470841 15398957 16655545 67854604
1790321214131 1 120473 615 2278767713 2232866181 0 0 0 0 0 0 918157838 18967304 4192755712 488701952 3272704 34200535 33622019 15473632 16754351 68278822
1790321215160 1 147136 520 2278871239 2232943273 0 0 0 0 0 0 918245481 18967304 4190199808 602464256 2498560 34472888 33815101 15560438 16853991 68690220
1790321216181 1 153511 1370 2278959422 2233024229 0 0 0 0 0 0 918324079 18967304 4189458432 630206464 4657152 34732308 33982776 15640209 17005181 69178037
1790321217208 1 153254 1499 2279038979 2233103826 0 0 0 0 0 0 918395708 18967304 4189343744 635473920 4071424 34941931 34134890 15712779 17093067 69540146
1790321218245 1 143777 458 2279110248 2233185726 0 0 0 0 0 0 918475011 18967304 4188844032 592121856 2531328 35119526 34283084 15790570 17215089 69972535
1790321219282 1 128403 2481 2279179565 2233268535 0 0 0 0 0 0 918556669 18967304 4189982720 525893632 23547904 35274109 34437649 15874619 17362648 70424031
1790321220319 1 117332 823 2279262073 2233363837 0 0 0 0 0 0 918635722 18967304 4188823552 471265280 3158016 35428530 34592062 15950371 17470424 70801170
1790321221349 1 128465 1032 2279359405 2233449522 0 0 0 0 0 0 918721794 18967304 4187729920 532451328 4202496 35617660 34781189 16039085 17572663 71185420
1790321222377 1 13177 60567 2279386980 2233533020 0 0 0 0 0 0 918743595 18967304 4187701248 52588544 255352832 35666716 34830238 16061451 17632907 71380163
1790321223398 1 2 0 2279387309 2233607025 0 0 0 0 0 0 918749873 18967304 4181745664 0 0 35672348 34835864 16065623 17638371 71504538
1790321224418 1 0 0 2279387309 2233607029 0 0 0 0 0 0 918926507 18967304 4192555008 0 0 35845084 35008596 16240994 17738939 71725912
1790321225438 1 2 0 2279387313 2233607029 0 0 0 0 0 0 919116622 18967304 4200198144 0 0 36033290 35196563 16430827 17861611 71975265
1790321226458 1 2136 64 2279390373 2233607898 0 0 0 0 0 0 919266234 18967308 4200275968 57344 0 36183993 35346803 16581086 17902512 72051305
1790321227478 1 555 0 2279391770 2233610928 0 0 0 0 0 0 919420508 18967309 4200067072 77824 0 36338552 35500868 16735100 17975023 72194593
1790321228498 1 189 146 2279394611 2233614198 0 0 0 0 0 0 919437417 18967310 101154816 0 0 36359576 35521825 16755273 17988150 72227633
