1790324968639 0 0 0 2581510552 2535709707 0 0 0 0 0 0 1034622384 19385012 - - - - - - - -
1790324969696 0 152372 0 2581663029 2535709787 0 0 0 0 0 0 1034622391 19385072 604209152 603058176 0 0 0 7 0 3988
1790324970716 0 154485 725 2581829258 2535873202 0 0 0 0 0 0 1034622391 19385073 1295794176 621936640 11231232 0 0 7 0 280424
1790324971736 0 153886 1167 2581963601 2536007925 0 0 0 0 0 0 1034622391 19385073 1841098752 622960640 6303744 0 0 7 0 385828
1790324972756 0 153728 1042 2582103997 2536148722 0 0 0 0 0 0 1034622391 19385073 2418794496 624787456 4202496 0 0 7 0 533449
1790324973787 0 149297 1577 2582227249 2536275551 0 0 0 0 0 0 1034622391 19385075 2921951232 613064704 5980160 0 0 7 0 652391
1790324974816 0 144682 8778 2582354961 2536400700 0 0 0 0 0 0 1034622391 19385075 3440214016 597983232 20516864 0 0 7 0 832566
1790324975837 0 143095 8186 2582476574 2536524392 0 0 0 0 0 0 1034622391 19385075 3952222208 611463168 14708736 0 0 7 0 1018261
1790324976864 0 124198 547 2582574137 2536648639 0 0 0 0 0 0 1034624003 19385075 4160770048 506400768 1515520 46208 46208 1679 38881 1261163
1790324977890 0 129322 2532 2582672071 2536739358 0 0 0 0 0 0 1034632329 19385075 4160176128 538968064 7356416 155168 155168 9945 89871 1580744
1790324978914 0 117859 8729 2582760102 2536832737 0 0 0 0 0 0 1034639830 19385075 4159778816 481976320 42024960 251104 251104 17508 131767 1908388
1790324979936 0 106679 866 2582841168 2536932704 0 0 0 0 0 0 1034648488 19385075 4159557632 447279104 4042752 340352 340352 25643 211175 2358275
1790324980970 0 107098 3034 2582945320 2537034296 0 0 0 0 0 0 1034660805 19385075 4159520768 453345280 2428928 455744 455744 38418 282018 2611278
1790324981988 0 107764 480 2583031041 2537121856 0 0 0 0 0 0 1034674649 19385075 4159672320 447311872 1945600 555616 555616 51591 318910 2852341
1790324983008 0 106229 1539 2583121799 2537213192 0 0 0 0 0 0 1034694273 19385075 4160507904 439160832 4202496 666048 666048 71924 369159 3126275
1790324984038 0 105584 853 2583214015 2537306734 0 0 0 0 0 0 1034711769 19385075 4161142784 443502592 2953216 775744 775744 89419 418564 3414277
1790324985065 0 105112 1539 2583291503 2537383961 0 0 0 0 0 0 1034734373 19385075 4162408448 428654592 6303744 873440 873440 112000 499708 3905747
1790324986088 0 103467 539 2583383375 2537478464 0 0 0 0 0 0 1034757743 19385075 4163715072 431132672 3416064 989920 989907 134878 559232 4129892
1790324987113 0 81025 15359 2583464840 2537567680 0 0 0 0 0 0 1034783684 19385075 4165001216 331997184 77369344 1097952 1097939 161140 638518 4548374
1790324988150 0 115359 2025 2583560271 2537642091 0 0 0 0 0 0 1034816461 19385075 4166705152 481894400 2826240 1224960 1224934 194091 681084 4749294
1790324989180 0 102511 36 2583627484 2537724044 0 0 0 0 0 0 1034849094 19385075 4168679424 413118464 0 1321728 1321702 225209 720465 5035971
1790324990199 0 86151 0 2583695687 2537808658 0 0 0 0 0 0 1034876735 19385075 4169932800 347873280 0 1416992 1416966 252243 770279 5421549
1790324991222 0 111333 1020 2583798375 2537885121 0 0 0 0 0 0 1034911958 19385075 4171124736 456052736 4046848 1555360 1555334 289601 854562 5627057
1790324992244 0 118583 511 2583879419 2537959442 0 0 0 0 0 0 1034945277 19385075 4171898880 483287040 6303744 1670048 1670022 322907 886792 5786445
1790324993269 0 124077 519 2583969660 2538044112 0 0 0 0 0 0 1034981195 19385075 4172349440 510603264 8404992 1798176 1798149 358786 943228 6051095
1790324994293 0 101076 11251 2584037833 2538124619 0 0 0 0 0 0 1035020211 19385075 4173627392 410050560 56733696 1903392 1903362 397532 978498 6225503
1790324995318 0 102208 517 2584117780 2538214236 0 0 0 0 0 0 1035055854 19385075 4174479360 419799040 4136960 2017376 2017340 432778 1061667 6618556
1790324996346 0 94801 0 2584190134 2538294416 0 0 0 0 0 0 1035087833 19385075 4174856192 380162048 1687552 2121248 2121180 464434 1105419 6930313
1790324997372 0 95407 49 2584275299 2538379010 0 0 0 0 0 0 1035116670 19385075 4174983168 391966720 114688 2236096 2236057 493781 1195212 7335306
1790324998392 0 123303 0 2584365847 2538441647 0 0 0 0 0 0 1035161694 19385075 4175491072 493129728 0 2369824 2369784 538320 1245396 7594880
1790324999413 0 101344 23 2584425462 2538523169 0 0 0 0 0 0 1035203337 19385075 4177358848 402677760 0 2469600 2469548 579422 1346018 7884695
1790325000432 0 113884 90 2584504726 2538590009 0 0 0 0 0 0 1035242005 19385075 4177489920 455315456 0 2588640 2588588 619077 1406319 8056511
1790325001452 0 143566 70 2584593479 2538648986 0 0 0 0 0 0 1035289245 19385075 4178063360 580792320 0 2724320 2724265 665250 1474397 8312989
1790325002471 0 152332 0 2584676568 2538723390 0 0 0 0 0 0 1035333463 19385097 4179226624 617766912 0 2851584 2851517 709361 1544907 8485857
1790325003496 0 138711 950 2584748964 2538808477 0 0 0 0 0 0 1035377296 19385097 4179988480 581283840 253952 2970176 2970109 754872 1609318 8731011
1790325004520 0 129705 178 2584819404 2538888540 0 0 0 0 0 0 1035420316 19385097 4179767296 535228416 856064 3082368 3082300 797626 1654126 8835855
1790325005553 0 102118 501 2584887153 2538983635 0 0 0 0 0 0 1035462494 19385097 4180602880 431636480 6393856 3192064 3191996 839808 1773874 9270395
1790325006581 0 100927 19 2584959364 2539057501 0 0 0 0 0 0 1035513185 19385097 4181622784 405889024 0 3312704 3312616 889279 1873385 9567595
1790325007602 0 92876 61 2585019957 2539126262 0 0 0 0 0 0 1035569899 19385097 4183478272 378224640 0 3429408 3429318 944435 2004193 9974986
1790325008622 0 113313 38 2585098470 2539184206 0 0 0 0 0 0 1035629234 19385097 4184186880 455970816 0 3566560 3566467 1004794 2143447 10373324
1790325009641 0 121446 47 2585166747 2539244407 0 0 0 0 0 0 1035691212 19385097 4186079232 489590784 0 3696256 3696159 1067218 2310888 10765910
1790325010664 0 128209 0 2585250376 2539321324 0 0 0 0 0 0 1035739662 19385097 4185305088 515264512 0 3828736 3828604 1116255 2373861 10971091
1790325011684 0 150262 48 2585327935 2539376653 0 0 0 0 0 0 1035800654 19385097 4185366528 603058176 0 3967164 3967055 1177860 2453186 11354936
1790325012704 0 140521 61 2585395052 2539453621 0 0 0 0 0 0 1035859152 19385097 4185559040 567336960 0 4092764 4092647 1235257 2549097 11668486
1790325013723 0 147232 514 2585470463 2539521920 0 0 0 0 0 0 1035914289 19385097 4185485312 608309248 1052672 4225692 4225565 1291707 2622510 11925739
1790325014742 0 143932 926 2585539371 2539593716 0 0 0 0 0 0 1035968363 19385097 4185874432 588681216 14237696 4349148 4349019 1345969 2679793 12108476
1790325015766 0 129426 2576 2585600823 2539668066 0 0 0 0 0 0 1036032024 19385097 4186394624 537014272 8212480 4473564 4473421 1409631 2714732 12268619
1790325016785 0 146185 3397 2585675289 2539724868 0 0 0 0 0 0 1036096362 19385097 4186345472 609439744 12627968 4612476 4612285 1473700 2776114 12446357
1790325017804 0 138144 0 2585738644 2539799574 0 0 0 0 0 0 1036165559 19385097 4187926528 558465024 0 4741436 4741273 1541623 2807935 12543477
1790325018823 0 136398 0 2585810790 2539873447 0 0 0 0 0 0 1036236597 19385097 4189204480 550060032 0 4883964 4883800 1612638 2850234 12675943
1790325019843 0 133877 0 2585879449 2539944775 0 0 0 0 0 0 1036299473 19385097 4190269440 540020736 0 5015388 5015221 1675575 2881491 12792554
1790325020862 0 131285 0 2585944188 2540011978 0 0 0 0 0 0 1036354695 19385097 4190048256 529514496 0 5135459 5135285 1730946 2946300 13120390
1790325021882 0 148697 0 2586019096 2540069434 0 0 0 0 0 0 1036417544 19385097 4190392320 606334976 0 5273155 5272969 1792502 3001416 13393150
1790325022901 0 96348 0 2586065088 2540167930 0 0 0 0 0 0 1036461024 19385097 4191096832 386895872 0 5361347 5361161 1836521 3048875 13603665
1790325023931 0 96954 1072 2586129746 2540230907 0 0 0 0 0 0 1036516242 19385097 4191846400 404717568 6303744 5484451 5484265 1893832 3086571 13768940
1790325024954 0 111167 3739 2586199533 2540283789 0 0 0 0 0 0 1036580597 19385097 4193087488 476790784 1851392 5617355 5617165 1957173 3171680 14037044
1790325025979 0 111487 837 2586261068 2540347927 0 0 0 0 0 0 1036641037 19385097 4194291712 465100800 3477504 5738699 5738508 2018168 3225996 14266562
1790325027013 0 113297 1644 2586323481 2540407849 0 0 0 0 0 0 1036697500 19385097 4194476032 479182848 2101248 5856683 5856492 2074123 3274289 14437498
1790325028047 0 113769 1026 2586380020 2540464380 0 0 0 0 0 0 1036761495 19385097 4196278272 464474112 12607488 5979182 5977963 2139089 3366330 14649072
1790325029071 0 92843 41 2586432289 2540538620 0 0 0 0 0 0 1036814893 19385097 4196659200 376123392 0 6082817 6080017 2189938 3458330 15111035
1790325030090 0 116405 64 2586513375 2540596140 0 0 0 0 0 0 1036892110 19385097 4197478400 462524416 0 6241835 6237996 2269565 3541644 15385894
1790325031111 0 103172 957 2586577470 2540672544 0 0 0 0 0 0 1036951268 19385097 4197515264 430755840 6303744 6369624 6364244 2328166 3604074 15681553
1790325032131 0 117315 1977 2586637312 2540717176 0 0 0 0 0 0 1037029395 19385097 4199280640 498180096 0 6506732 6500313 2406183 3678419 15926771
1790325033150 0 99562 0 2586693089 2540792588 0 0 0 0 0 0 1037074280 19385097 4199890944 395669504 0 6607778 6598787 2451342 3774115 16410993
1790325034175 0 103349 667 2586764059 2540859194 0 0 0 0 0 0 1037135639 19385097 4199112704 424452096 3682304 6744164 6732074 2512728 3911848 16804628
1790325035195 0 105129 0 2586825128 2540919123 0 0 0 0 0 0 1037195195 19385097 4199968768 424452096 0 6865393 6851739 2571042 3951093 17035366
1790325036219 0 93285 0 2586886091 2540991970 0 0 0 0 0 0 1037252069 19385097 4200366080 376283136 0 6984567 6969865 2628179 3978714 17185061
1790325037243 0 96753 2057 2586957296 2541057587 0 0 0 0 0 0 1037311942 19385097 4200226816 409825280 933888 7118539 7101762 2689285 4132340 17427501
1790325038268 0 83980 9780 2587012742 2541118107 0 0 0 0 0 0 1037370473 19385097 4200931328 342585344 48246784 7235151 7216790 2748054 4400326 17886109
1790325039293 0 105668 4107 2587087630 2541177045 0 0 0 0 0 0 1037428501 19385097 4200054784 455352320 2146304 7369531 7349631 2805782 4613729 18206342
1790325040312 0 103562 26 2587145032 2541240654 0 0 0 0 0 0 1037480319 19385097 4200280064 418148352 0 7476880 7455924 2856213 4735416 18433485
1790325041337 0 100745 967 2587211205 2541308876 0 0 0 0 0 0 1037534783 19385097 4201025536 416129024 4202496 7600223 7577211 2911997 4917795 18769280
1790325042362 0 96907 0 2587276465 2541378626 0 0 0 0 0 0 1037608181 19385097 4202172416 390668288 0 7738257 7713687 2983681 5001625 18956769
1790325043381 0 99783 14019 2587349712 2541435069 0 0 0 0 0 0 1037671229 19385097 4202409984 409743360 65654784 7879404 7853283 3048892 5114566 19186165
1790325044400 0 58953 0 2587389253 2541529395 0 0 0 0 0 0 1037709413 19385097 4201963520 231350272 0 7954111 7927454 3085965 5255679 19589042
1790325045420 0 116019 277 2587483097 2541565913 0 0 0 0 0 0 1037796435 19385097 4202164224 481267712 1822720 8137786 8110074 3173269 5339778 19716461
1790325046444 0 83277 21 2587533608 2541649481 0 0 0 0 0 0 1037853034 19385097 4203028480 340402176 10506240 8248822 8218522 3230628 5518550 20107111
1790325047465 0 97509 0 2587609839 2541711513 0 0 0 0 0 0 1037915827 19385097 4202586112 388755456 0 8385310 8353376 3292027 5634859 20314495
1790325048484 0 124899 6418 2587702688 2541770496 0 0 0 0 0 0 1037985662 19385097 4201480192 539910144 0 8549681 8517174 3362766 5706360 20506791
1790325049511 0 101670 986 2587746978 2541843395 0 0 0 0 0 0 1038042968 19385097 4202999808 428736512 3371008 8656457 8619352 3420074 5780421 21019689
1790325050544 0 109229 478 2587816587 2541906021 0 0 0 0 0 0 1038112645 19385097 4203896832 458072064 2039808 8797491 8759345 3489510 5820376 21160949
1790325051568 0 110562 3291 2587885834 2541971100 0 0 0 0 0 0 1038179018 19385097 4202868736 470679552 7647232 8934976 8895765 3556424 5887861 21380857
1790325052590 0 116460 0 2587946958 2542029641 0 0 0 0 0 0 1038243732 19385097 4203790336 466739200 0 9057152 9017412 3620327 5922531 21465804
1790325053614 0 87210 1572 2588011113 2542121548 0 0 0 0 0 0 1038297773 19385097 4203536384 357212160 16809984 9182036 9138691 3675367 5996567 21692090
1790325054634 0 120960 0 2588087467 2542165638 0 0 0 0 0 0 1038374708 19385097 4203331584 489590784 0 9333426 9289047 3750775 6036286 21893537
1790325055654 0 106147 0 2588149566 2542242589 0 0 0 0 0 0 1038425395 19385097 4203016192 429117440 0 9445867 9400969 3800434 6109871 22159912
1790325056682 0 100498 77 2588215752 2542314347 0 0 0 0 0 0 1038492140 19385097 4203159552 405540864 10244096 9582758 9535806 3869241 6179621 22320108
1790325057730 0 108938 1004 2588298462 2542387696 0 0 0 0 0 0 1038559015 19385097 4203352064 443830272 16367616 9737120 9686054 3936430 6298730 22580261
1790325058763 0 81794 13702 2588362081 2542465733 0 0 0 0 0 0 1038619047 19385097 4203184128 361414656 44126208 9862014 9809918 3996641 6387794 22786610
1790325059786 0 106748 3059 2588429763 2542519240 0 0 0 0 0 0 1038686952 19385097 4203851776 451424256 4546560 9998030 9944391 4064073 6439170 23039119
1790325060809 0 71781 0 2588478007 2542605355 0 0 0 0 0 0 1038737230 19385097 4204113920 292073472 0 10094342 10040698 4112222 6510230 23292286
1790325061833 0 94461 1111 2588551893 2542655540 0 0 0 0 0 0 1038807926 19385097 4204204032 386912256 14757888 10244799 10188195 4185355 6583365 23471356
1790325062857 0 96093 1028 2588617241 2542719275 0 0 0 0 0 0 1038877147 19385097 4204470272 395530240 9998336 10378856 10321675 4254775 6787378 23784160
1790325063880 0 94388 0 2588675647 2542780455 0 0 0 0 0 0 1038941859 19385097 4204810240 382865408 0 10500268 10441546 4317164 6892810 24011189
1790325064899 0 103582 0 2588738329 2542833808 0 0 0 0 0 0 1039003007 19385097 4204580864 412372992 0 10624382 10564623 4379630 6982553 24320641
1790325065929 0 17985 1986 2588767476 2542946805 0 0 0 0 0 0 1039033068 19385097 4204208128 88252416 7794688 10687399 10627114 4410353 7150301 24625474
1790325066948 0 113350 0 2588866538 2542952312 0 0 0 0 0 0 1039129432 19385097 4204359680 456462336 0 10879831 10819545 4505231 7238713 24735931
1790325067967 0 120871 0 2588939223 2543017464 0 0 0 0 0 0 1039194363 19385097 4203839488 490078208 0 11020498 10956610 4569442 7308359 24902998
1790325068988 0 104128 5 2588998560 2543093589 0 0 0 0 0 0 1039262912 19385097 4204634112 420249600 0 11149893 11083966 4638510 7389468 25138354
1790325070008 0 97533 0 2589055703 2543157228 0 0 0 0 0 0 1039329012 19385097 4205617152 392933376 0 11276540 11207524 4705365 7478651 25335151
1790325071027 0 115389 0 2589138168 2543221867 0 0 0 0 0 0 1039396058 19385097 4204818432 462426112 0 11426175 11356118 4772160 7560731 25501501
1790325072046 0 106387 0 2589191166 2543283942 0 0 0 0 0 0 1039455414 19385097 4204793856 422887424 0 11539883 11467769 4832029 7725129 25754663
1790325073065 0 120482 0 2589265884 2543344477 0 0 0 0 0 0 1039510883 19385097 4204261376 488026112 0 11672913 11598737 4886430 7809117 25945677
1790325074089 0 112895 2409 2589337964 2543421845 0 0 0 0 0 0 1039564805 19385097 4203008000 462274560 22736896 11803619 11727886 4942427 7912924 26242583
1790325075110 0 124065 0 2589415301 2543490406 0 0 0 0 0 0 1039632636 19385123 4203712512 503857152 0 11946452 11869166 5008067 7980409 26397178
1790325076129 0 97695 0 2589475649 2543577056 0 0 0 0 0 0 1039700815 19385123 4205641728 390832128 0 12076728 11996354 5077131 8178123 26781655
1790325077153 0 103528 2593 2589549761 2543642779 0 0 0 0 0 0 1039779246 19385123 4205731840 444411904 3153920 12235672 12151180 5156055 12302880 26907322
1790325078186 0 102734 36 2589626900 2543723221 0 0 0 0 0 0 1039832870 19385123 4203741184 416047104 4927488 12366758 12281224 5209176 12358068 27029591
1790325079225 0 105279 1594 2589696951 2543789412 0 0 0 0 0 0 1039904937 19385123 4204290048 437149696 6303744 12512255 12424647 5281917 12445798 27311746
1790325080244 0 107212 37 2589755588 2543847632 0 0 0 0 0 0 1039966942 19385123 4205826048 430755840 0 12629928 12541280 5343030 12559815 27559538
1790325081263 0 55344 0 2589796117 2543939958 0 0 0 0 0 0 1040007591 19385123 4205596672 222732288 0 12711754 12622590 5382730 12686060 27825383
1790325082282 0 106119 48 2589884397 2543977383 0 0 0 0 0 0 1040080536 19385123 4204769280 424452096 0 12876771 12783474 5456715 12735770 27916682
1790325083306 0 71236 1468 2589935653 2544062074 0 0 0 0 0 0 1040128134 19385123 4204507136 305745920 1544192 12980145 12885301 5505637 12809958 28148297
1790325084325 0 61028 0 2589996763 2544134913 0 0 0 0 0 0 1040178837 19385123 4204765184 239542272 0 13087861 12993013 5554930 12842306 28185580
1790325085344 0 104088 138 2590079347 2544174443 0 0 0 0 0 0 1040253167 19385125 4204441600 422350848 0 13246279 13150906 5628612 12947502 28389962
1790325086363 0 78380 0 2590140924 2544261660 0 0 0 0 0 0 1040302641 19385125 4204183552 310984704 0 13358366 13261447 5679069 13031548 28587817
1790325087383 0 123838 29 2590229002 2544304193 0 0 0 0 0 0 1040383379 19385125 4204670976 498696192 0 13528473 13430010 5759344 13118902 28742444
1790325088406 0 99051 7091 2590286175 2544379180 0 0 0 0 0 0 1040442517 19385125 4205154304 439058432 4198400 13651902 13549867 5819982 13201170 28967044
1790325089428 0 106902 2046 2590342888 2544432933 0 0 0 0 0 0 1040498893 19385125 4205785088 450220032 4059136 13766404 13661288 5876153 13291975 29193690
1790325090449 0 114103 0 2590406981 2544492139 0 0 0 0 0 0 1040561742 19385126 4205711360 458481664 0 13891308 13785162 5937423 13357398 29345615
1790325091469 0 66866 1073 2590449074 2544580318 0 0 0 0 0 0 1040602722 19385126 4205723648 283824128 2555904 13980048 13870818 5979477 13527598 29810201
1790325092490 0 117439 0 2590532203 2544613894 0 0 0 0 0 0 1040688912 19385126 4205875200 473624576 0 14146543 14037304 6064739 13594632 29927527
1790325093509 0 97957 10 2590589118 2544690361 0 0 0 0 0 0 1040739266 19385126 4205871104 390832128 0 14257438 14145188 6116398 13673841 30145608
1790325094533 0 118646 0 2590665266 2544745737 0 0 0 0 0 0 1040810569 19385126 4204883968 473329664 0 14404688 14291401 6187472 13722506 30263916
1790325095555 0 123269 65 2590732996 2544808766 0 0 0 0 0 0 1040870755 19385126 4204974080 492240896 0 14533516 14418764 6247140 13926992 30622210
1790325096574 0 119020 27 2590796578 2544876721 0 0 0 0 0 0 1040931761 19385126 4204986368 483188736 0 14660218 14543351 6306602 14042729 30852711
1790325097593 0 72700 0 2590841733 2544968104 0 0 0 0 0 0 1040972063 19385126 4204908544 289501184 0 14746756 14629335 6348562 14191614 31314357
1790325098613 0 112831 0 2590927478 2545013775 0 0 0 0 0 0 1041046729 19385126 4204650496 460173312 0 14907305 14789394 6421211 14247824 31441486
1790325099636 0 94534 0 2590988175 2545092765 0 0 0 0 0 0 1041104242 19385126 4205498368 376557568 0 15026101 14905608 6479663 14380564 31860291
1790325100656 0 108943 52 2591053854 2545144081 0 0 0 0 0 0 1041178318 19385126 4206317568 435392512 0 15169240 15046181 6554770 14477611 32109827
1790325101679 0 102037 0 2591117432 2545214572 0 0 0 0 0 0 1041228048 19385126 4205912064 417681408 0 15288708 15161528 6604468 14585681 32405803
1790325102701 0 22189 1148 2591150836 2545326625 0 0 0 0 0 0 1041263240 19385126 4205899776 103559168 5705728 15358723 15230513 6640504 14726139 32698077
1790325103734 0 113819 0 2591251397 2545336667 0 0 0 0 0 0 1041362576 19385126 4205703168 458072064 0 15555787 15427548 6738482 14786010 32771357
1790325104758 0 84935 9217 2591309711 2545414751 0 0 0 0 0 0 1041410358 19385126 4205568000 344911872 47222784 15666213 15535905 6787811 14871508 33036672
1790325105787 0 103042 2059 2591384052 2545478181 0 0 0 0 0 0 1041479587 19385126 4205027328 428232704 13029376 15809462 15678114 6856529 14956940 33276291
1790325106814 0 96436 0 2591441573 2545544265 0 0 0 0 0 0 1041544507 19385126 4206276608 386629632 1794048 15931322 15799404 6921694 15018793 33393721
1790325107837 0 98920 0 2591504583 2545604800 0 0 0 0 0 0 1041605091 19385126 4206501888 392933376 0 16054995 15922041 6982313 15081910 33623186
1790325108859 0 105475 0 2591566477 2545660205 0 0 0 0 0 0 1041671831 19385126 4206305280 425689088 0 16184199 16049689 7047196 15174689 33913649
1790325109883 0 105025 456 2591631674 2545725389 0 0 0 0 0 0 1041725480 19385126 4206100480 427495424 10264576 16307394 16171268 7102685 15230375 34130826
1790325110912 0 109909 3492 2591704521 2545790315 0 0 0 0 0 0 1041795300 19385126 4205633536 464539648 10342400 16450131 16312472 7172461 15335054 34358361
1790325111935 0 97454 59 2591771667 2545873392 0 0 0 0 0 0 1041854355 19385126 4205490176 390832128 0 16577603 16436845 7230108 15395494 34508032
1790325112956 0 105610 0 2591835350 2545928829 0 0 0 0 0 0 1041921503 19385126 4205940736 422350848 0 16709430 16567636 7297910 15461127 34679146
1790325113977 0 110157 0 2591904946 2545993981 0 0 0 0 0 0 1041977616 19385126 4205387776 439992320 0 16836077 16692227 7353587 15512894 34801328
1790325115002 0 99321 618 2591964968 2546064255 0 0 0 0 0 0 1042031492 19385126 4205084672 406224896 3702784 16953622 16808222 7408498 15565869 34928074
1790325116026 0 97521 21097 2592032217 2546112887 0 0 0 0 0 0 1042086655 19385126 4204769280 451080192 40611840 17078497 16932138 7464108 15621692 35212522
1790325117050 0 102517 425 2592075329 2546171515 0 0 0 0 0 0 1042122260 19385126 4204437504 424566784 1986560 17157297 17009900 7499210 15674978 35507066
1790325118073 0 75520 502 2592116338 2546239583 0 0 0 0 0 0 1042155094 19385126 4204339200 312897536 2052096 17232554 17083614 7531860 15729736 35756875
1790325119094 0 102189 0 2592175515 2546272414 0 0 0 0 0 0 1042212301 19385126 4204707840 412291072 0 17346350 17197392 7588272 15801001 35946492
1790325120119 0 110732 1017 2592226957 2546314212 0 0 0 0 0 0 1042264833 19385126 4205699072 456138752 14987264 17454387 17303366 7642162 15887458 36194999
1790325121164 0 107581 1803 2592285290 2546375014 0 0 0 0 0 0 1042327085 19385126 4205813760 448229376 5640192 17578531 17423393 7704245 16070857 36533308
1790325122188 0 91874 0 2592322679 2546430031 0 0 0 0 0 0 1042364891 19385126 4206329856 367718400 0 17653965 17496771 7741839 16105317 36816647
1790325123211 0 50400 0 2592367593 2546516263 0 0 0 0 0 0 1042403825 19385126 4205867008 197517312 0 17737922 17580214 7780538 16195737 37162512
1790325124236 0 107983 475 2592453772 2546544469 0 0 0 0 0 0 1042468303 19385126 4204437504 437755904 6123520 17890382 17732160 7845438 16220055 37264786
1790325125264 0 121145 1483 2592523015 2546599551 0 0 0 0 0 0 1042530445 19385126 4204638208 509718528 3059712 18024348 17863044 7907115 16261262 37392711
1790325126288 0 116428 49 2592582014 2546664652 0 0 0 0 0 0 1042585564 19385126 4205084672 472780800 0 18140069 17975685 7961383 16323160 37612690
1790325127307 0 104683 0 2592632227 2546726764 0 0 0 0 0 0 1042622361 19385126 4204642304 418148352 0 18227469 18062057 7998912 16432318 37931698
1790325128326 0 121682 737 2592690771 2546767441 0 0 0 0 0 0 1042683496 19385126 4205252608 506400768 0 18348114 18182153 8059136 16593366 38296157
1790325129351 0 94354 0 2592720876 2546825573 0 0 0 0 0 0 1042716894 19385126 4205330432 384528384 0 18412430 18243899 8091660 16633728 38717046
1790325130374 0 103160 588 2592773650 2546869136 0 0 0 0 0 0 1042765004 19385126 4205887488 426033152 3162112 18518022 18347945 8142490 16688265 38928415
1790325131399 0 92527 9560 2592817769 2546914837 0 0 0 0 0 0 1042803949 19385126 4205654016 378990592 45461504 18602139 18431032 8181402 16922316 39448464
1790325132424 0 106363 386 2592874671 2546967204 0 0 0 0 0 0 1042842792 19385126 4204314624 440811520 98304 18697767 18526139 8219752 16971549 39620203
1790325133450 0 65727 1462 2592928534 2547060539 0 0 0 0 0 0 1042893773 19385126 4204601344 270336000 11231232 18802760 18630603 8270934 17097786 40003890
1790325134474 0 90647 25249 2593002211 2547085434 0 0 0 0 0 0 1042962114 19385126 4205539328 481419264 1867776 18946816 18772080 8339281 17169579 40192944
1790325135497 0 107804 2482 2593055091 2547143919 0 0 0 0 0 0 1042995471 19385126 4204777472 441778176 16293888 19034589 18858821 8372997 17303926 40617885
1790325136517 0 122573 0 2593117130 2547193679 0 0 0 0 0 0 1043050793 19385126 4204601344 491692032 0 19149374 18973083 8427708 17431811 40849562
1790325137547 0 116932 1031 2593177666 2547258858 0 0 0 0 0 0 1043102588 19385126 4204961792 481570816 10014720 19265778 19088455 8480069 17564887 41288800
1790325138566 0 95478 1435 2593224795 2547327075 0 0 0 0 0 0 1043140090 19385126 4204916736 401960960 1478656 19350755 19172945 8517352 17638250 41474235
1790325139586 0 119687 6 2593288119 2547367541 0 0 0 0 0 0 1043189250 19385126 4204646400 485388288 0 19460985 19281591 8564900 17766019 41799543
1790325140607 0 122678 2153 2593351551 2547425801 0 0 0 0 0 0 1043242745 19385126 4204728320 512704512 6303744 19581265 19400866 8620055 17832893 41982643
1790325141633 0 102233 1322 2593394322 2547490021 0 0 0 0 0 0 1043290455 19385126 4205043712 425947136 2572288 19673322 19491371 8667545 17889479 42242723
1790325142663 0 104098 834 2593443996 2547538047 0 0 0 0 0 0 1043330261 19385126 4205608960 433344512 1613824 19763181 19579686 8707263 17985732 42441150
1790325143685 0 119981 62 2593495300 2547574509 0 0 0 0 0 0 1043383362 19385126 4205535232 483287040 0 19866739 19682206 8759491 18077332 42703046
1790325144704 0 104371 0 2593549410 2547644283 0 0 0 0 0 0 1043422759 19385126 4204716032 418766848 0 19960041 19774480 8798189 18135802 42940145
1790325145743 0 100549 0 2593613023 2547711603 0 0 0 0 0 0 1043490846 19385126 4205432832 423505920 569344 20094191 19908062 8867423 18250208 43140711
1790325146763 0 107127 6122 2593678634 2547764518 0 0 0 0 0 0 1043554718 19385126 4206235648 452939776 17653760 20227467 20038759 8932048 18420246 43511489
1790325147782 0 117972 34 2593729995 2547811180 0 0 0 0 0 0 1043604743 19385126 4205928448 474951680 0 20326039 20136817 8980766 18547328 43791437
1790325148806 0 97491 0 2593775742 2547877377 0 0 0 0 0 0 1043648239 19385126 4205666304 397029376 0 20418641 20226846 9023577 18667606 44053637
1790325149826 0 108947 0 2593843585 2547933808 0 0 0 0 0 0 1043713180 19385126 4205969408 437661696 0 20550762 20358497 9089613 18779289 44323710
1790325150850 0 100033 1026 2593882152 2547980214 0 0 0 0 0 0 1043752111 19385126 4206317568 409743360 6303744 20632469 20437613 9129313 18910948 44547497
1790325151869 0 102497 0 2593940647 2548037158 0 0 0 0 0 0 1043818376 19385126 4206084096 415657984 0 20755966 20559042 9192811 18963315 44803718
1790325152892 0 96945 0 2593992904 2548095128 0 0 0 0 0 0 1043871485 19385126 4206596096 392933376 0 20864025 20665040 9246513 18997448 44943670
1790325153916 0 104844 4567 2594056716 2548146429 0 0 0 0 0 0 1043937322 19385126 4206501888 427249664 27205632 20997982 20796937 9314775 19095005 45158505
1790325154940 0 96841 816 2594109016 2548210555 0 0 0 0 0 0 1043989239 19385126 4206575616 402440192 1581056 21105499 20900687 9366217 19211220 45402905
1790325155959 0 110774 0 2594182933 2548271281 0 0 0 0 0 0 1044053189 19385126 4205293568 445542400 0 21244347 21035404 9428782 19304290 45626871
1790325156982 0 107993 1273 2594232638 2548322607 0 0 0 0 0 0 1044104724 19385126 4205862912 450428928 2879488 21350795 21140297 9482019 19418851 45911594
1790325158001 0 118425 1549 2594291632 2548370856 0 0 0 0 0 0 1044154732 19385126 4205973504 495894528 0 21461289 21247186 9531479 19533355 46274545
1790325159020 0 113540 0 2594338663 2548424158 0 0 0 0 0 0 1044196834 19385126 4205621248 456241152 0 21550770 21334066 9572738 19590595 46448840
1790325160044 0 71657 428 2594376146 2548503148 0 0 0 0 0 0 1044245537 19385126 4206256128 292782080 2101248 21641544 21421780 9622523 19679696 46986726
1790325161068 0 99544 1090 2594439227 2548537747 0 0 0 0 0 0 1044313557 19385126 4206940160 413945856 1089536 21774584 21553274 9690572 19772680 47190297
1790325162089 0 109199 0 2594491039 2548580895 0 0 0 0 0 0 1044363687 19385126 4206460928 441892864 0 21876358 21652993 9739233 19912992 47425663
1790325163113 0 87713 4 2594541739 2548653184 0 0 0 0 0 0 1044419211 19385126 4206825472 354123776 0 21985642 21759708 9795131 19992763 47719896
1790325164133 0 109452 0 2594610263 2548699913 0 0 0 0 0 0 1044476870 19385126 4206387200 431763456 0 22112720 21883698 9854018 20063590 47888404
1790325165160 0 126030 2451 2594672389 2548742954 0 0 0 0 0 0 1044521537 19385126 4204806144 516165632 13017088 22222635 21992584 9899024 20110981 48033225
1790325166192 0 28695 0 2594698495 2548868922 0 0 0 0 0 0 1044546151 19385126 4204998656 113467392 0 22272349 22042292 9921590 20183206 48331418
1790325167211 0 125660 0 2594795426 2548868922 0 0 0 0 0 0 1044633204 19385126 4205559808 506400768 0 22456985 22226925 10010429 20252601 48431452
1790325168231 0 121581 1063 2594843614 2548920260 0 0 0 0 0 0 1044677377 19385126 4205387776 504938496 1462272 22553995 22321411 10054599 20340363 48737582
1790325169257 0 106213 28 2594887371 2548980277 0 0 0 0 0 0 1044714576 19385126 4205576192 420835328 0 22630420 22397323 10091056 20476097 49053238
1790325170279 0 119619 511 2594944379 2549023313 0 0 0 0 0 0 1044767858 19385126 4206034944 490614784 1662976 22747189 22510997 10145334 20544057 49230252
1790325171300 0 58452 163 2594971132 2549111592 0 0 0 0 0 0 1044785272 19385126 4205391872 238874624 610304 22789731 22553519 10162562 20627399 49582330
1790325172325 0 106994 758 2595045012 2549136386 0 0 0 0 0 0 1044860954 19385126 4205613056 445751296 2813952 22940171 22703441 10237127 20692531 49726696
1790325173354 0 110070 97 2595094221 2549183082 0 0 0 0 0 0 1044911607 19385126 4206444544 439160832 0 23039732 22801460 10288666 20746906 49912346
1790325174378 0 96652 4131 2595148826 2549247284 0 0 0 0 0 0 1044963125 19385126 4206526464 393678848 25030656 23149938 22909606 10340402 20848707 50154981
1790325175400 0 101280 15 2595202648 2549300635 0 0 0 0 0 0 1045015053 19385126 4206424064 406102016 0 23254137 23012774 10391219 20991137 50509561
1790325176419 0 110252 0 2595259156 2549348010 0 0 0 0 0 0 1045064295 19385126 4205789184 449667072 0 23360706 23118364 10439198 21051796 50722500
1790325177443 0 106487 380 2595304808 2549396980 0 0 0 0 0 0 1045109954 19385126 4205875200 439160832 4079616 23456928 23212531 10487216 21221687 51088784
1790325178466 0 110774 454 2595357075 2549445123 0 0 0 0 0 0 1045166139 19385126 4206518272 449548288 6422528 23566741 23319254 10543309 21309542 51446408
1790325179485 0 117812 146 2595425144 2549506512 0 0 0 0 0 0 1045223680 19385126 4206039040 475488256 0 23691547 23442502 10599237 21408323 51700671
1790325180504 0 125347 0 2595493875 2549567578 0 0 0 0 0 0 1045284125 19385126 4205633536 502775808 0 23822304 23571198 10660125 21477304 51877883
1790325181528 0 104648 335 2595536433 2549630678 0 0 0 0 0 0 1045316760 19385126 4205404160 433799168 221184 23902231 23649062 10693410 21520046 52224755
1790325182547 0 68791 69 2595568936 2549699190 0 0 0 0 0 0 1045343357 19385126 4205305856 275714048 0 23959449 23706275 10719593 21607038 52483244
1790325183571 0 106131 483 2595640060 2549732644 0 0 0 0 0 0 1045405202 19385126 4205088768 438181888 798720 24094126 23840433 10781933 21691204 52792567
1790325184591 0 124116 55 2595716356 2549791322 0 0 0 0 0 0 1045471009 19385126 4205527040 497995776 0 24234943 23979186 10847490 21738311 52918546
1790325185611 0 96929 129 2595759277 2549861575 0 0 0 0 0 0 1045514572 19385126 4205780992 392876032 0 24324632 24066307 10890056 21841173 53175682
1790325186635 0 127673 0 2595829077 2549900561 0 0 0 0 0 0 1045568669 19385126 4205367296 512704512 0 24450542 24189647 10945052 21949486 53466003
1790325187655 0 113861 21 2595867552 2549952902 0 0 0 0 0 0 1045613217 19385126 4205957120 458092544 0 24535401 24272444 10989000 22057814 53837266
1790325188674 0 110250 53 2595914263 2550003175 0 0 0 0 0 0 1045661398 19385126 4206346240 447565824 0 24634392 24368316 11037287 22135630 54066667
1790325189700 0 97754 2189 2595973008 2550072212 0 0 0 0 0 0 1045720679 19385126 4206428160 421003264 8028160 24755069 24486953 11097437 22236206 54330683
1790325190735 0 103586 5249 2596039703 2550130110 0 0 0 0 0 0 1045788056 19385126 4206628864 441262080 14495744 24894278 24621514 11165357 22309898 54517026
1790325191754 0 114862 1024 2596096651 2550179955 0 0 0 0 0 0 1045846364 19385126 4206346240 474902528 3952640 25010410 24736096 11223318 22410597 54812195
1790325192777 0 103369 5792 2596142335 2550232683 0 0 0 0 0 0 1045884405 19385126 4205400064 423399424 30470144 25097286 24820915 11261858 22559325 55031039
1790325193797 0 122489 0 2596214096 2550290704 0 0 0 0 0 0 1045943486 19385126 4205125632 495833088 0 25226221 24948810 11319420 22704297 55242639
1790325194821 0 117339 461 2596266262 2550347590 0 0 0 0 0 0 1045981367 19385126 4204339200 482443264 1613824 25318327 25039377 11358309 22852875 55594071
1790325195841 0 102821 0 2596311349 2550407671 0 0 0 0 0 0 1046039239 19385126 4206170112 410300416 0 25420983 25139971 11415403 22955565 55906933
1790325196862 0 101053 516 2596372924 2550470576 0 0 0 0 0 0 1046095984 19385126 4206342144 417775616 0 25541918 25259850 11472738 23083949 56261136
1790325197887 0 78978 2 2596410852 2550531098 0 0 0 0 0 0 1046139964 19385126 4206440448 317288448 0 25622681 25340094 11515557 23141849 56471554
1790325198914 0 108730 2056 2596482201 2550570523 0 0 0 0 0 0 1046199244 19385126 4205883392 451768320 2101248 25757337 25473720 11576713 23327226 56835868
1790325199933 0 113813 0 2596544781 2550630077 0 0 0 0 0 0 1046252101 19385126 4204957696 456654848 0 25869495 25584848 11627594 23529653 57118392
1790325200969 0 103270 406 2596601437 2550696957 0 0 0 0 0 0 1046301126 19385126 4204888064 430690304 745472 25979506 25693310 11678070 23562279 57323057
1790325201996 0 114400 2293 2596655860 2550738289 0 0 0 0 0 0 1046358589 19385126 4205895680 483287040 5963776 26092686 25805461 11735576 23687335 57614312
1790325203026 0 75948 870 2596689726 2550812043 0 0 0 0 0 0 1046398123 19385126 4206153728 319242240 1437696 26166023 25878284 11775117 23752941 57896207
1790325204066 0 22417 923 2596714600 2550890415 0 0 0 0 0 0 1046417120 19385126 4206309376 106496000 7565312 26209552 25921813 11794573 23823733 58174868
1790325205116 0 1 0 2596714641 2550913795 0 0 0 0 0 0 1046502598 19385126 4205584384 0 0 26292324 26004583 11877166 23901841 58402279
1790325206137 0 1 0 2596714641 2550913795 0 0 0 0 0 0 1046640177 19385126 4213088256 0 0 26428816 26141070 12015485 23986979 58605097
1790325207156 0 1 0 2596714641 2550913795 0 0 0 0 0 0 1046810274 19385126 4213768192 0 0 26599124 26311323 12185904 24044229 58733126
1790325208175 0 1 0 2596714641 2550913795 0 0 0 0 0 0 1046992119 19385126 4213714944 0 0 26779826 26491947 12366515 24092384 58827243
1790325209194 0 2 0 2596714642 2550913795 0 0 0 0 0 0 1047058827 19385127 1296662528 4096 0 26850366 26562459 12436280 24106657 58870196
