1790334366377 0 0 0 3340101071 3294220296 0 0 0 0 0 0 1389828277 20512284 - - - - - - - -
1790334367803 0 184545 1006 3340431977 3294366089 0 0 0 0 0 0 1389828287 20512346 1265270784 711299072 27250688 0 0 10 0 213789
1790334368855 0 162693 889 3340571462 3294526988 0 0 0 0 0 0 1389828287 20512347 1914875904 672133120 520192 0 0 10 0 602646
1790334369893 0 162238 1014 3340745068 3294701108 0 0 0 0 0 0 1389828287 20512347 2619162624 659140608 6303744 0 0 10 0 881727
1790334370922 0 161233 1606 3340901230 3294857451 0 0 0 0 0 0 1389828287 20512347 3260039168 652812288 4202496 0 0 10 0 1402863
1790334371955 0 163360 1028 3341042909 3294997664 0 0 0 0 0 0 1389828287 20512349 3842367488 678121472 2101248 0 0 10 0 1812135
1790334372986 0 164253 1522 3341189388 3295142890 0 0 0 0 0 0 1389829821 20512349 4147949568 662962176 3866624 70656 70655 1704 26514 2301338
1790334374014 0 159687 451 3341323420 3295282418 0 0 0 0 0 0 1389836352 20512349 4146663424 638873600 12492800 214144 214134 8160 59682 2625954
1790334375052 0 158301 1790 3341459855 3295418898 0 0 0 0 0 0 1389848017 20512349 4145872896 648978432 6610944 359040 359030 18927 95191 3100705
1790334376090 0 171700 409 3341601358 3295548180 0 0 0 0 0 0 1389867065 20512349 4146126848 702558208 1392640 524000 523990 38454 139481 3555366
1790334377114 0 167899 2524 3341731196 3295679884 0 0 0 0 0 0 1389883238 20512349 4145954816 695238656 4202496 669088 669078 54558 173862 4018729
1790334378145 0 168242 505 3341862925 3295813265 0 0 0 0 0 0 1389904940 20512349 4146290688 687894528 2707456 823360 823350 76776 201700 4364255
1790334379166 0 164009 1571 3341994155 3295947659 0 0 0 0 0 0 1389924991 20512349 4146749440 669958144 2101248 972928 972910 96409 237598 4701188
1790334380187 0 157310 884 3342138527 3296099630 0 0 0 0 0 0 1389952449 20512349 4147331072 638570496 2269184 1144416 1144386 124128 271699 5035798
1790334381213 0 168192 3081 3342283952 3296231825 0 0 0 0 0 0 1389983681 20512349 4148137984 691937280 6303744 1320448 1320354 154582 312590 5444368
1790334382261 0 167080 535 3342414766 3296366248 0 0 0 0 0 0 1390016324 20512349 4148322304 691130368 2088960 1482144 1482050 186189 345679 5807988
1790334383310 0 153299 4152 3342540914 3296502694 0 0 0 0 0 0 1390046484 20512349 4148969472 642093056 15224832 1640800 1640770 216751 391679 6283524
1790334384345 0 168375 548 3342679761 3296629966 0 0 0 0 0 0 1390080617 20512349 4149628928 689635328 1650688 1813984 1813949 251424 439505 6811319
1790334385384 0 157924 582 3342809399 3296769895 0 0 0 0 0 0 1390114390 20512349 4149587968 641732608 6303744 1973632 1973557 285256 483260 7273304
1790334386418 0 165018 1635 3342958337 3296911099 0 0 0 0 0 0 1390151352 20512349 4149186560 679817216 729088 2162240 2162184 321309 523763 7762539
1790334387442 0 176577 919 3343095641 3297037383 0 0 0 0 0 0 1390194988 20512349 4149776384 722235392 2101248 2342112 2342056 364606 554138 8081946
1790334388468 0 178760 3175 3343236056 3297173334 0 0 0 0 0 0 1390237411 20512349 4150153216 745496576 8404992 2527168 2527108 408224 613270 8617416
1790334389519 0 184045 612 3343371283 3297305739 0 0 0 0 0 0 1390281603 20512349 4149895168 759869440 155648 2701344 2701239 450431 653638 9023329
1790334390572 0 190131 454 3343509073 3297437607 0 0 0 0 0 0 1390326761 20512349 4150235136 775630848 2101248 2884512 2884439 496565 709468 9551755
1790334391603 0 196730 989 3343640740 3297562313 0 0 0 0 0 0 1390363843 20512349 4149448704 802627584 3792896 3056800 3056705 535202 792890 9964540
1790334392625 0 185152 2116 3343769450 3297701382 0 0 0 0 0 0 1390410241 20512349 4148989952 763293696 4202496 3231200 3231105 580675 878068 10452910
1790334393650 0 177982 2767 3343897283 3297835771 0 0 0 0 0 0 1390464126 20512349 4149481472 731136000 4861952 3412512 3412380 634456 948916 10823582
1790334394678 0 181444 1733 3344041987 3297977772 0 0 0 0 0 0 1390516894 20512349 4148879360 758190080 3862528 3609568 3609464 687231 1030438 11271535
1790334395730 0 176890 841 3344175615 3298117085 0 0 0 0 0 0 1390573976 20512349 4149592064 724930560 2101248 3799712 3799602 744559 1085635 11733172
1790334396763 0 173562 1044 3344301094 3298245649 0 0 0 0 0 0 1390619161 20512349 4147752960 712376320 6303744 3972288 3972169 788867 1138114 12233217
1790334397784 0 154463 422 3344417061 3298381406 0 0 0 0 0 0 1390677705 20512349 4149673984 624717824 262144 4144608 4144481 848562 1203586 12581720
1790334398808 0 108006 513 3344513275 3298523967 0 0 0 0 0 0 1390722639 20512349 4151214080 439554048 4202496 4286752 4286616 893211 1250234 13169225
1790334399847 0 102288 0 3344666258 3298682999 0 0 0 0 0 0 1390792912 20512362 4153425920 423006208 11112448 4505920 4505773 960847 1299371 13565551
1790334400891 0 122917 932 3344831370 3298826577 0 0 0 0 0 0 1390857290 20512362 4153151488 496324608 7974912 4739040 4738881 1027981 1364342 14044982
1790334401915 0 127209 1460 3344964845 3298955389 0 0 0 0 0 0 1390919787 20512362 4155006976 524926976 7041024 4935072 4934906 1089538 1420542 14520507
1790334402946 0 139444 1555 3345117284 3299095361 0 0 0 0 0 0 1390979983 20512362 4155441152 571768832 4202496 5143392 5143193 1149584 1477118 14975609
1790334403974 0 152391 370 3345281369 3299247748 0 0 0 0 0 0 1391044940 20512362 4156104704 621867008 6750208 5375104 5374901 1215207 1550009 15326189
1790334404997 0 134889 0 3345428874 3299412980 0 0 0 0 0 0 1391100915 20512362 4155703296 510459904 0 5569664 5569411 1270272 1624840 15924441
1790334406034 0 98226 0 3345567145 3299587913 0 0 0 0 0 0 1391165237 20512362 4157542400 368816128 0 5771136 5770842 1331826 1680643 16247363
1790334407081 0 122869 1874 3345726594 3299720920 0 0 0 0 0 0 1391228576 20512362 4158054400 496316416 10317824 5997376 5997134 1398396 1761289 16753554
1790334408117 0 147731 2531 3345903263 3299872064 0 0 0 0 0 0 1391297795 20512362 4158623744 617897984 6172672 6251392 6251129 1468876 1826726 17083884
1790334409137 0 157788 1459 3346070844 3300030780 0 0 0 0 0 0 1391368347 20512362 4159586304 651476992 14618624 6490240 6489945 1540175 1899005 17522099
1790334410160 0 119555 406 3346256073 3300255356 0 0 0 0 0 0 1391439782 20512362 4160552960 487927808 20574208 6745856 6745540 1611325 1963008 17896960
1790334411180 0 134043 998 3346470406 3300454520 0 0 0 0 0 0 1391520674 20512362 4160901120 556449792 3796992 7032768 7032447 1691812 2051076 18286888
1790334412202 0 111980 34 3346629632 3300636629 0 0 0 0 0 0 1391584282 20512362 4160999424 426602496 0 7242624 7242275 1752566 2174309 18847051
1790334413234 0 171442 1477 3346836539 3300782782 0 0 0 0 0 0 1391642390 20512362 4160466944 700690432 3420160 7506656 7506300 1812344 2228330 19306771
1790334414258 0 128155 3042 3347028733 3301016829 0 0 0 0 0 0 1391706482 20512362 4160118784 521281536 31346688 7765152 7764796 1877784 2280542 19581404
1790334415278 0 140270 1456 3347226924 3301204107 0 0 0 0 0 0 1391776491 20512362 4162064384 570232832 1568768 8026368 8026011 1947546 2375101 19967970
1790334416316 0 140423 2317 3347448235 3301424662 0 0 0 0 0 0 1391860888 20512362 4163276800 609259520 147456 8320064 8319659 2029373 2503963 20341956
1790334417343 0 119073 8119 3347591170 3301583115 0 0 0 0 0 0 1391908730 20512362 4163743744 486289408 39534592 8512640 8512232 2080155 2602497 20762969
1790334418365 0 146109 1086 3347753636 3301725730 0 0 0 0 0 0 1391961102 20512362 4163289088 598855680 6561792 8717088 8716709 2131311 2670502 21084306
1790334419393 0 165701 361 3347929660 3301882646 0 0 0 0 0 0 1392022869 20512362 4163563520 689397760 3141632 8948192 8947766 2192905 2746692 21445090
1790334420415 0 149977 514 3348171243 3302139730 0 0 0 0 0 0 1392104459 20512362 4163018752 598446080 0 9254528 9254123 2272535 2809849 21670560
1790334421450 0 106233 6989 3348385772 3302391587 0 0 0 0 0 0 1392189275 20512362 4165337088 424841216 62550016 9554678 9554255 2361163 2872418 21913664
1790334422502 0 69156 1030 3348517302 3302566531 0 0 0 0 0 0 1392243281 20512362 4165279744 323112960 434176 9738230 9737798 2415054 2928822 22090212
1790334423538 0 116153 1244 3348710197 3302712057 0 0 0 0 0 0 1392312287 20512362 4165251072 476073984 3534848 9991824 9991319 2482690 2967240 22273545
1790334424562 0 101660 7 3348901246 3302918782 0 0 0 0 0 0 1392379534 20512362 4165353472 390483968 0 10238794 10238350 2548200 3054102 22706672
1790334425589 0 109987 850 3349045747 3303054065 0 0 0 0 0 0 1392445359 20512362 4165881856 446148608 3534848 10443946 10443491 2613991 3169442 23192236
1790334426614 0 161016 338 3349239224 3303196810 0 0 0 0 0 0 1392516558 20512362 4166696960 648916992 2101248 10700266 10699808 2685641 3314236 23723819
1790334427636 0 159355 2709 3349427805 3303384947 0 0 0 0 0 0 1392589188 20512362 4166619136 659144704 11763712 10962282 10961822 2760485 3381762 24048934
1790334428657 0 152137 608 3349628889 3303595339 0 0 0 0 0 0 1392666631 20512362 4166598656 619868160 2101248 11229802 11229337 2836950 3444983 24328375
1790334429678 0 143479 982 3349777734 3303752148 0 0 0 0 0 0 1392724101 20512362 4166668288 592437248 4063232 11433034 11432566 2894337 3531936 24753924
1790334430699 0 132324 484 3349982971 3303969262 0 0 0 0 0 0 1392807375 20512362 4167446528 528793600 1949696 11709307 11708797 2976800 3616051 25110486
1790334431726 0 114542 452 3350186511 3304190510 0 0 0 0 0 0 1392885188 20512362 4167962624 467894272 2785280 11989161 11988674 3054977 3694272 25509380
1790334432760 0 129505 674 3350372755 3304361773 0 0 0 0 0 0 1392969471 20512362 4169035776 532279296 7741440 12249856 12249357 3138807 3770910 25838276
1790334433808 0 169729 310 3350582143 3304531241 0 0 0 0 0 0 1393049415 20512362 4168564736 681623552 1282048 12530838 12530280 3219884 3843573 26155446
1790334434840 0 192454 2433 3350741473 3304665653 0 0 0 0 0 0 1393109048 20512362 4168318976 796688384 2101248 12746262 12745694 3280269 3924787 26642014
1790334435859 0 176351 103 3350909130 3304851946 0 0 0 0 0 0 1393175914 20512362 4168269824 725282816 1953792 12968886 12968308 3344604 4002187 27036646
1790334436900 0 156590 1906 3351070831 3305031513 0 0 0 0 0 0 1393242312 20512362 4169187328 647110656 5316608 13191724 13191132 3411635 4114017 27375123
1790334437942 0 158143 4565 3351262698 3305219305 0 0 0 0 0 0 1393320867 20512362 4169768960 666234880 3227648 13453676 13453031 3491000 4230952 27747598
1790334438969 0 145285 296 3351393472 3305367072 0 0 0 0 0 0 1393366363 20512362 4168835072 584196096 2101248 13626690 13626063 3536173 4367007 28380879
1790334439993 0 182125 524 3351564937 3305501472 0 0 0 0 0 0 1393423258 20512362 4168097792 741892096 14557184 13851916 13851248 3594578 4440035 28684504
1790334441018 0 165323 1454 3351683646 3305635960 0 0 0 0 0 0 1393471146 20512362 4168396800 678703104 2924544 14011468 14010764 3642065 4608013 29219472
1790334442042 0 183506 2556 3351849620 3305782498 0 0 0 0 0 0 1393537187 20512362 4169076736 765394944 9564160 14238402 14237719 3707487 4682617 29543697
1790334443073 0 142736 3094 3352022981 3305996352 0 0 0 0 0 0 1393586656 20512362 4167483392 578048000 29417472 14448802 14448114 3757630 4747449 29909455
1790334444096 0 115927 8733 3352221357 3306215958 0 0 0 0 0 0 1393668541 20512362 4168708096 472944640 51781632 14724407 14723713 3839510 4805768 30152557
1790334445119 0 107203 61 3352465270 3306477051 0 0 0 0 0 0 1393758571 20512362 4168986624 408739840 0 15041559 15040828 3926393 4881279 30453672
1790334446160 0 194837 1097 3352688821 3306612139 0 0 0 0 0 0 1393819953 20512362 4167610368 799440896 294912 15320535 15319815 3989881 4951522 30725184
1790334447191 0 169672 1327 3352846607 3306794692 0 0 0 0 0 0 1393872372 20512362 4167139328 694239232 4673536 15526871 15526149 4042369 5022040 31157521
1790334448212 0 153357 8217 3352980095 3306937783 0 0 0 0 0 0 1393921010 20512362 4167995392 623337472 48140288 15702635 15701902 4091973 5130989 31669934
1790334449234 0 174301 1198 3353148332 3307092031 0 0 0 0 0 0 1393981906 20512362 4168286208 712556544 9760768 15918187 15917446 4152095 5236954 32198047
1790334450258 0 162132 1656 3353344762 3307300312 0 0 0 0 0 0 1394055325 20512362 4168364032 660545536 3289088 16177259 16176514 4226298 5317304 32576102
1790334451280 0 153627 10067 3353495522 3307451342 0 0 0 0 0 0 1394113519 20512362 4168400896 629219328 51585024 16384331 16383581 4285022 5416291 33037440
1790334452308 0 189820 847 3353662254 3307590847 0 0 0 0 0 0 1394174772 20512362 4168466432 780488704 1454080 16600363 16599576 4344544 5487213 33412377
1790334453328 0 183989 3055 3353828133 3307760239 0 0 0 0 0 0 1394223838 20512362 4166385664 762384384 9547776 16805963 16805195 4394563 5566412 33825797
1790334454353 0 197549 671 3353989066 3307909966 0 0 0 0 0 0 1394267764 20512362 4164874240 796319744 5206016 17000962 17000180 4438405 5641413 34222194
1790334455372 0 187162 3136 3354136398 3308065338 0 0 0 0 0 0 1394321315 20512362 4166107136 778407936 7254016 17197794 17197009 4492151 5695538 34619047
1790334456392 0 195171 581 3354353623 3308277163 0 0 0 0 0 0 1394382652 20512362 4165251072 810520576 2101248 17464834 17464046 4553242 5778003 34987331
1790334457412 0 194332 454 3354527660 3308452159 0 0 0 0 0 0 1394430009 20512362 4164775936 774311936 3350528 17675993 17675199 4600261 5867839 35376114
1790334458434 0 177711 599 3354675511 3308616479 0 0 0 0 0 0 1394483786 20512362 4166193152 711122944 4202496 17872752 17871955 4654750 5956103 35864985
1790334459455 0 160499 832 3354838582 3308796291 0 0 0 0 0 0 1394554229 20512362 4167831552 647811072 7778304 18097680 18096880 4724898 6032115 36269065
1790334460476 0 188114 920 3355021877 3308951754 0 0 0 0 0 0 1394606774 20512362 4166262784 762929152 3305472 18323728 18322918 4777127 6121681 36679843
1790334461500 0 144930 988 3355130909 3309104102 0 0 0 0 0 0 1394644688 20512362 4166025216 614699008 4890624 18469223 18468407 4815075 6189262 37168212
1790334462527 0 180905 963 3355369371 3309306712 0 0 0 0 0 0 1394724986 20512362 4166311936 730157056 2588672 18767574 18766721 4895417 6262303 37450022
1790334463563 0 183238 582 3355563866 3309499226 0 0 0 0 0 0 1394788841 20512362 4166385664 754339840 585728 19020590 19019751 4958841 6330336 37800599
1790334464589 0 175452 1361 3355743804 3309686307 0 0 0 0 0 0 1394840596 20512362 4165328896 712425472 5849088 19247356 19246490 5011696 6430401 38157979
1790334465610 0 197854 974 3355932805 3309853355 0 0 0 0 0 0 1394896812 20512362 4165115904 808308736 5496832 19488380 19487512 5068288 6477974 38432501
1790334466636 0 194351 2838 3356079848 3310001725 0 0 0 0 0 0 1394938549 20512362 4164939776 791040000 6127616 19667772 19666884 5109488 6550343 38780169
1790334467668 0 197545 942 3356256981 3310177787 0 0 0 0 0 0 1395011779 20512362 4166574080 817254400 2859008 19912499 19911608 5181990 6638501 39137081
1790334468701 0 177844 774 3356445391 3310386035 0 0 0 0 0 0 1395063194 20512362 4165783552 714018816 3211264 20141779 20140845 5232558 6729936 39542237
1790334469723 0 189797 432 3356619644 3310548597 0 0 0 0 0 0 1395125827 20512362 4165562368 766705664 745472 20372138 20371222 5295841 6787718 39870848
1790334470744 0 195036 809 3356790257 3310713810 0 0 0 0 0 0 1395192076 20512362 4166668288 800374784 1888256 20605034 20604113 5361867 6847604 40230175
1790334471767 0 139861 303 3356907181 3310886218 0 0 0 0 0 0 1395237730 20512362 4167802880 573661184 13623296 20765162 20764237 5408649 6919607 40706053
1790334472813 0 176192 1954 3357118386 3311059661 0 0 0 0 0 0 1395314956 20512362 4167315456 772599808 1826816 21041185 21040254 5484314 6994669 41093955
1790334473849 0 193418 1652 3357322451 3311246547 0 0 0 0 0 0 1395382712 20512362 4166651904 796704768 4276224 21303321 21302378 5553617 7094155 41415642
1790334474879 0 184677 858 3357476818 3311410429 0 0 0 0 0 0 1395435829 20512362 4166152192 750743552 6078464 21503385 21502427 5606592 7176112 41857139
1790334475903 0 196572 1018 3357689080 3311610573 0 0 0 0 0 0 1395499969 20512362 4164816896 800489472 2101248 21772025 21770999 5671262 7269821 42186189
1790334476927 0 185295 834 3357818445 3311751580 0 0 0 0 0 0 1395547499 20512362 4165341184 741511168 3223552 21944377 21943380 5718803 7324523 42602081
1790334477948 0 188630 1279 3357988852 3311918319 0 0 0 0 0 0 1395610369 20512362 4166119424 766050304 4759552 22171801 22170835 5780617 7399399 42946775
1790334478971 0 199688 225 3358185255 3312104262 0 0 0 0 0 0 1395673267 20512362 4165652480 812544000 1966080 22422809 22421837 5842559 7502864 43427993
1790334479994 0 198066 335 3358345524 3312266470 0 0 0 0 0 0 1395727988 20512362 4165517312 797782016 15110144 22633808 22632830 5899341 7580246 43812847
1790334481020 0 179613 976 3358505813 3312444374 0 0 0 0 0 0 1395782360 20512362 4166000640 733655040 22794240 22845776 22844792 5953613 7686021 44362721
1790334482048 0 198039 503 3358699883 3312620456 0 0 0 0 0 0 1395850557 20512362 4166246400 802140160 2723840 23094064 23093075 6020093 7755565 44709013
1790334483074 0 189439 496 3358832295 3312761510 0 0 0 0 0 0 1395892352 20512362 4166086656 771432448 10145792 23264592 23263601 6062944 7854518 45150248
1790334484098 0 179045 677 3359031968 3312971473 0 0 0 0 0 0 1395963813 20512362 4166602752 750006272 4202496 23532592 23531585 6134308 7933784 45550536
1790334485130 0 177460 663 3359230379 3313171719 0 0 0 0 0 0 1396040593 20512362 4167163904 722817024 1171456 23793660 23792645 6210680 8033248 45926644
1790334486161 0 110094 782 3359355365 3313363582 0 0 0 0 0 0 1396090504 20512362 4167794688 462274560 3022848 23964001 23962948 6261073 8132232 46398974
1790334487188 0 141451 545 3359586457 3313563678 0 0 0 0 0 0 1396180479 20512362 4167888896 574660608 7385088 24279905 24278869 6350222 8221034 46740028
1790334488213 0 194970 572 3359793088 3313716577 0 0 0 0 0 0 1396253463 20512362 4168028160 778788864 7397376 24551168 24550119 6424396 8305469 47083740
1790334489241 0 197344 559 3359903034 3313824191 0 0 0 0 0 0 1396299434 20512362 4167606272 803012608 1802240 24701568 24700513 6470581 8393691 47699344
1790334490271 0 199992 895 3360031802 3313949981 0 0 0 0 0 0 1396344377 20512362 4167700480 824340480 1900544 24870624 24869553 6515236 8471546 48145053
1790334491292 0 194032 389 3360174270 3314098838 0 0 0 0 0 0 1396401478 20512362 4167385088 765841408 1683456 25054741 25053659 6572490 8578486 48718324
1790334492323 0 201801 413 3360291197 3314208111 0 0 0 0 0 0 1396442250 20512362 4167241728 808792064 1929216 25210122 25209026 6611699 8648713 49166925
1790334493353 0 192413 237 3360394639 3314320952 0 0 0 0 0 0 1396476338 20512362 4166664192 761507840 3149824 25342026 25340927 6646870 8736367 49648001
1790334494374 0 202602 426 3360516167 3314432195 0 0 0 0 0 0 1396511416 20512362 4165775360 814415872 3649536 25496736 25495629 6682779 8820137 50138912
1790334495395 0 198274 2922 3360613541 3314531612 0 0 0 0 0 0 1396551491 20512362 4166623232 813973504 6332416 25633056 25631940 6723091 8906677 50654950
1790334496421 0 199287 711 3360745346 3314664276 0 0 0 0 0 0 1396604221 20512362 4167323648 801734656 5292032 25809344 25808192 6774941 8968326 51048828
1790334497446 0 200577 351 3360852872 3314770986 0 0 0 0 0 0 1396639869 20512362 4168011776 805691392 11583488 25949696 25948576 6811359 9030885 51428770
1790334498490 0 191763 2616 3360989110 3314913915 0 0 0 0 0 0 1396691776 20512362 4167761920 790790144 2088960 26129568 26128445 6862046 9104762 51718219
1790334499524 0 201912 337 3361087216 3315004065 0 0 0 0 0 0 1396726493 20512362 4167565312 822640640 2101248 26262304 26261179 6897623 9187999 52165933
1790334500545 0 200016 769 3361197989 3315116536 0 0 0 0 0 0 1396771576 20512362 4168331264 814161920 3059712 26412564 26411434 6943012 9250649 52575266
1790334501565 0 179822 189 3361333781 3315273040 0 0 0 0 0 0 1396825813 20512362 4168495104 727371776 1982464 26592700 26591563 6996501 9317343 52931466
1790334502587 0 169732 432 3361461940 3315411202 0 0 0 0 0 0 1396888328 20512362 4169347072 691011584 3043328 26780636 26779490 7058615 9469078 53459831
1790334503614 0 200063 401 3361611757 3315530426 0 0 0 0 0 0 1396933274 20512362 4168347648 804208640 1568768 26963964 26962775 7103433 9535227 53780046
1790334504637 0 197127 1890 3361711155 3315631296 0 0 0 0 0 0 1396969038 20512362 4167507968 810565632 9580544 27101724 27100564 7140100 9595405 54099904
1790334505659 0 196755 393 3361822031 3315743798 0 0 0 0 0 0 1397007486 20512362 4166078464 792215552 1794048 27238096 27236931 7176626 9677645 54491867
1790334506683 0 201115 821 3361946485 3315863940 0 0 0 0 0 0 1397053699 20512362 4167516160 816226304 1363968 27404176 27403010 7223519 9745657 54890045
1790334507707 0 195789 913 3362077061 3315999595 0 0 0 0 0 0 1397086427 20512362 4166610944 802312192 7426048 27567588 27566418 7257837 9792237 55193420
1790334508733 0 189086 3495 3362157256 3316083852 0 0 0 0 0 0 1397112742 20512362 4166234112 768446464 19570688 27669732 27668560 7284447 9868971 55646002
1790334509761 0 201651 513 3362259609 3316176679 0 0 0 0 0 0 1397143060 20512362 4165726208 815013888 1097728 27794180 27792974 7312882 9922757 56041267
1790334510787 0 198111 570 3362364094 3316284655 0 0 0 0 0 0 1397178950 20512362 4166287360 818847744 1200128 27936580 27935403 7350633 10013744 56409773
1790334511822 0 200270 854 3362464090 3316382137 0 0 0 0 0 0 1397212980 20512362 4166508544 817496064 1818624 28059940 28058760 7383409 10066670 56932346
1790334512848 0 201576 513 3362566673 3316483776 0 0 0 0 0 0 1397253867 20512362 4167462912 823689216 4202496 28202340 28201160 7425242 10146017 57364169
1790334513878 0 201370 552 3362652429 3316569781 0 0 0 0 0 0 1397287249 20512362 4167725056 818692096 1961984 28309860 28308648 7455624 10218458 57898128
1790334514908 0 198940 683 3362745152 3316664543 0 0 0 0 0 0 1397319488 20512362 4167786496 806866944 2965504 28431492 28430310 7489649 10278147 58277077
1790334515929 0 201774 502 3362899643 3316816529 0 0 0 0 0 0 1397375626 20512362 4167274496 824266752 3346432 28638809 28637624 7547417 10348002 58589109
1790334516966 0 190711 3116 3363024910 3316950325 0 0 0 0 0 0 1397419558 20512362 4167675904 784855040 4509696 28800409 28799224 7590275 10411182 59005515
1790334517996 0 193675 732 3363148105 3317072953 0 0 0 0 0 0 1397463335 20512362 4167135232 796999680 3186688 28966265 28965079 7634494 10492232 59393114
1790334519026 0 181423 1099 3363247551 3317184184 0 0 0 0 0 0 1397488786 20512362 4167008256 720793600 4202496 29080153 29078962 7659780 10523496 59919447
1790334520052 0 195980 1553 3363355801 3317277567 0 0 0 0 0 0 1397527562 20512362 4167114752 796450816 11444224 29228121 29226923 7699190 10607251 60435338
1790334521072 0 182091 1982 3363449142 3317384224 0 0 0 0 0 0 1397557092 20512362 4166356992 748044288 7680000 29344089 29342890 7728657 10669715 60945813
1790334522099 0 187281 560 3363552332 3317483855 0 0 0 0 0 0 1397595869 20512362 4167016448 771170304 3338240 29483705 29482506 7767054 10731974 61509485
1790334523118 0 203058 174 3363678764 3317594523 0 0 0 0 0 0 1397635537 20512362 4166795264 832200704 1290240 29642905 29641705 7806417 10782554 61972414
1790334524144 0 201375 563 3363796429 3317713592 0 0 0 0 0 0 1397674040 20512362 4166602752 820244480 2867200 29792601 29791397 7845645 10838210 62446143
1790334525168 0 199148 1095 3363885661 3317804804 0 0 0 0 0 0 1397703432 20512362 4166434816 820482048 3203072 29909326 29908118 7875167 10884084 62918736
1790334526193 0 198816 1253 3363981419 3317900473 0 0 0 0 0 0 1397733077 20512362 4166176768 809443328 9822208 30031214 30030006 7903873 10935534 63292798
1790334527227 0 199941 989 3364068863 3317987229 0 0 0 0 0 0 1397757237 20512362 4165976064 817598464 3248128 30136590 30135381 7928121 10988115 63739029
1790334528277 0 187294 711 3364185892 3318117225 0 0 0 0 0 0 1397801108 20512362 4166422528 782618624 4022272 30291470 30290259 7970001 11044089 64055787
1790334529318 0 197999 505 3364283170 3318203787 0 0 0 0 0 0 1397836773 20512362 4166340608 814485504 2101248 30418734 30417522 8008189 11123628 64572666
1790334530340 0 189666 5069 3364409524 3318333844 0 0 0 0 0 0 1397868379 20512362 4165632000 793116672 7458816 30572355 30571129 8039621 11183327 64870406
1790334531367 0 198389 513 3364497272 3318417508 0 0 0 0 0 0 1397906658 20512362 4166299648 813088768 4194304 30694403 30693172 8076931 11284011 65471647
1790334532390 0 198264 1007 3364577069 3318497045 0 0 0 0 0 0 1397944471 20512362 4166885376 816414720 2023424 30809571 30808336 8115389 11348992 65899123
1790334533411 0 201730 465 3364717160 3318633948 0 0 0 0 0 0 1397984137 20512362 4167081984 825483264 2748416 30980611 30979368 8153827 11417275 66280733
1790334534431 0 194420 513 3364814915 3318739150 0 0 0 0 0 0 1398015132 20512362 4166377472 796254208 1568768 31106179 31104935 8185793 11505653 66803021
1790334535455 0 189164 836 3364910289 3318839429 0 0 0 0 0 0 1398050925 20512362 4165644288 782798848 2101248 31233752 31232494 8222669 11570782 67255574
1790334536475 0 198984 1473 3365017160 3318936257 0 0 0 0 0 0 1398082897 20512362 4165955584 813985792 10506240 31367064 31365802 8254386 11628928 67617637
1790334537498 0 189974 303 3365088038 3319016955 0 0 0 0 0 0 1398112721 20512362 4166582272 766263296 2793472 31458584 31457321 8282582 11693208 68271102
1790334538518 0 201287 821 3365228725 3319145607 0 0 0 0 0 0 1398158843 20512362 4165926912 826658816 1122304 31641453 31640185 8329353 11744331 68643499
1790334539539 0 183312 6919 3365327864 3319256888 0 0 0 0 0 0 1398191458 20512362 4166103040 746790912 36515840 31769794 31768519 8362991 11837201 69132856
1790334540567 0 197913 598 3365432093 3319352783 0 0 0 0 0 0 1398228561 20512362 4165648384 803414016 5279744 31901730 31900454 8399343 11880750 69537993
1790334541593 0 186977 284 3365552588 3319484684 0 0 0 0 0 0 1398269151 20512362 4166004736 742584320 2101248 32056994 32055715 8438516 11968804 70082501
1790334542614 0 202202 713 3365702170 3319618487 0 0 0 0 0 0 1398323655 20512362 4166197248 816283648 3203072 32258786 32257504 8494635 12043937 70668259
1790334543641 0 104834 1599 3365720965 3319733737 0 0 0 0 0 0 1398330122 20512362 4166189056 435290112 5906432 32288002 32286719 8501764 12055604 70936819
1790334544665 0 127 0 3365720958 3319840056 0 0 0 0 0 0 1398330124 20512362 4166189056 331776 2101248 32288002 32286719 8501764 12055604 71191153
1790334545685 0 1 0 3365721215 3319840439 0 0 0 0 0 0 1398465961 20512362 4171907072 0 0 32420578 32419293 8635734 12160063 71481075
1790334546704 0 1 0 3365721215 3319840439 0 0 0 0 0 0 1398609814 20512362 4183445504 0 0 32560706 32559421 8778679 12239311 71676483
1790334547723 0 1 0 3365721215 3319840439 0 0 0 0 0 0 1398762776 20512362 4194443264 0 0 32711223 32709918 8931861 12300532 71796927
1790334548742 0 2 0 3365721216 3319840439 0 0 0 0 0 0 1398813208 20512364 1463144448 4096 0 32765053 32763729 8984848 12312529 71833108
