1790332874260 0 13 0 3221733471 3175925308 0 0 0 0 0 0 1354283179 20357981 - - - - - - - -
1790332875821 0 153946 1016 3222083180 3176120020 0 0 0 0 0 0 1354283192 20358059 1356767232 612245504 9723904 0 0 13 0 110418
1790332876877 0 151376 363 3222273334 3176313348 0 0 0 0 0 0 1354283192 20358059 2195296256 622690304 2961408 0 0 13 0 358252
1790332877916 0 151944 94 3222437097 3176477019 0 0 0 0 0 0 1354283192 20358059 2865713152 615759872 2969600 0 0 13 0 773235
1790332878936 0 150359 1517 3222584898 3176624812 0 0 0 0 0 0 1354283192 20358059 3486195712 624553984 2101248 0 0 13 0 1178960
1790332879955 0 148233 2048 3222729484 3176771079 0 0 0 0 0 0 1354283192 20358059 4072796160 609333248 9113600 0 0 13 0 1430745
1790332880975 0 98384 2 3222823356 3176916815 0 0 0 0 0 0 1354285044 20358059 4160466944 386174976 10506240 71872 71872 1889 54361 1769069
1790332881999 0 112066 975 3222952368 3177031091 0 0 0 0 0 0 1354290291 20358059 4159225856 453881856 2088960 206464 206464 7115 152422 2106127
1790332883018 0 125938 1458 3223070354 3177134756 0 0 0 0 0 0 1354299519 20358059 4158513152 516907008 4202496 335392 335392 16331 205250 2338843
1790332884049 0 107236 7655 3223170704 3177247616 0 0 0 0 0 0 1354312327 20358059 4158394368 476700672 9863168 450656 450656 28924 286641 2725991
1790332885073 0 115937 6669 3223279405 3177348677 0 0 0 0 0 0 1354328262 20358059 4158562304 500097024 12607488 575584 575574 45110 341193 3039445
1790332886091 0 122647 1058 3223390645 3177458805 0 0 0 0 0 0 1354339924 20358059 4158201856 508502016 4202496 697152 697142 56277 399938 3297431
1790332887114 0 124212 1037 3223500399 3177567066 0 0 0 0 0 0 1354355456 20358059 4158451712 514895872 2351104 822016 822006 71766 471042 3581890
1790332888135 0 127359 4030 3223618902 3177679437 0 0 0 0 0 0 1354372923 20358059 4158660608 540692480 569344 956800 956788 89452 519412 3747725
1790332889161 0 107208 5075 3223709720 3177789301 0 0 0 0 0 0 1354391157 20358059 4159295488 467263488 3301376 1067040 1067019 107792 577842 4046920
1790332890186 0 111179 1049 3223811276 3177890914 0 0 0 0 0 0 1354414541 20358059 4159983616 459735040 1966080 1191040 1191019 131376 627759 4257319
1790332891207 0 122047 2060 3223938869 3178006695 0 0 0 0 0 0 1354433658 20358059 4159348736 506400768 9678848 1339424 1339403 150322 725518 4531265
1790332892231 0 106273 907 3224024612 3178109290 0 0 0 0 0 0 1354458138 20358059 4160262144 435396608 6303744 1447072 1447037 174953 763740 4672353
1790332893251 0 115691 0 3224127146 3178203169 0 0 0 0 0 0 1354480989 20358059 4160610304 460173312 0 1570848 1570813 197329 845633 5055990
1790332894270 0 114157 0 3224216297 3178293970 0 0 0 0 0 0 1354511022 20358059 4161470464 455016448 0 1690240 1690204 227375 929535 5404277
1790332895290 0 149795 0 3224324749 3178366816 0 0 0 0 0 0 1354543200 20358059 4162232320 616030208 1736704 1832416 1832380 259703 1004984 5749241
1790332896313 0 136084 1537 3224418857 3178473354 0 0 0 0 0 0 1354562806 20358059 4161650688 564510720 4202496 1946464 1946428 279178 1048648 5985091
1790332897339 0 141087 2465 3224511972 3178560189 0 0 0 0 0 0 1354600742 20358059 4162940928 580648960 6197248 2074816 2074780 317381 1074650 6087962
1790332898363 0 133696 1053 3224601575 3178658599 0 0 0 0 0 0 1354630264 20358059 4163293184 554950656 1880064 2195072 2195034 347087 1110416 6362132
1790332899388 0 87730 1631 3224675146 3178777730 0 0 0 0 0 0 1354651833 20358059 4163284992 359313408 18632704 2292288 2292249 368362 1175296 6812141
1790332900407 0 121171 65 3224793777 3178864396 0 0 0 0 0 0 1354682743 20358059 4162293760 483287040 0 2438624 2438583 399007 1227244 7028543
1790332901426 0 137045 0 3224892721 3178947536 0 0 0 0 0 0 1354717516 20358059 4162338816 545816576 0 2571776 2571732 434139 1268413 7168098
1790332902445 0 143488 2 3224989186 3179037502 0 0 0 0 0 0 1354745477 20358059 4161974272 575741952 0 2696992 2696946 462303 1318448 7339081
1790332903464 0 132349 3547 3225075459 3179131388 0 0 0 0 0 0 1354776702 20358059 4162015232 542121984 23113728 2817504 2817450 493554 1406640 7791343
1790332904485 0 118666 18776 3225154492 3179208987 0 0 0 0 0 0 1354813666 20358059 4162854912 486268928 87371776 2933312 2933257 530555 1464505 8160534
1790332905507 0 111001 1026 3225241997 3179321687 0 0 0 0 0 0 1354842887 20358059 4162695168 457129984 5677056 3047840 3047752 559219 1547694 8541883
1790332906532 0 108781 1079 3225339185 3179421181 0 0 0 0 0 0 1354874020 20358059 4162637824 453287936 2039808 3176384 3176313 590379 1608589 8791404
1790332907561 0 95650 4 3225421005 3179517153 0 0 0 0 0 0 1354902808 20358059 4162560000 381759488 7938048 3284800 3284729 618737 1662716 9104895
1790332908603 0 90370 0 3225516609 3179618030 0 0 0 0 0 0 1354925785 20358059 4161630208 356438016 0 3403136 3403065 642115 1720338 9437355
1790332909622 0 100984 36 3225611423 3179702178 0 0 0 0 0 0 1354966645 20358059 4161204224 404525056 0 3538976 3538905 681958 1787037 9707959
1790332910641 0 136962 0 3225714989 3179769878 0 0 0 0 0 0 1355016314 20358059 4161536000 556830720 0 3692512 3692433 730621 1859023 9983003
1790332911665 0 129091 1531 3225807801 3179868960 0 0 0 0 0 0 1355052437 20358059 4161994752 542679040 3645440 3824832 3824739 769157 1878914 10088870
1790332912685 0 122847 1080 3225905401 3179973405 0 0 0 0 0 0 1355081310 20358059 4161433600 509251584 5255168 3948640 3948547 797820 2010593 10346280
1790332913704 0 99980 0 3225983923 3180075739 0 0 0 0 0 0 1355113438 20358059 4162027520 397135872 0 4057472 4057379 829330 2052501 10625769
1790332914723 0 125741 0 3226083391 3180149641 0 0 0 0 0 0 1355151718 20358059 4162580480 503959552 0 4195520 4195404 867536 2176013 10962249
1790332915742 0 136429 1523 3226184019 3180237789 0 0 0 0 0 0 1355191594 20358059 4162744320 567336960 10506240 4339392 4339276 908249 2217107 11140770
1790332916765 0 127972 314 3226253250 3180316784 0 0 0 0 0 0 1355223838 20358059 4164071424 524173312 1138688 4440736 4440620 940659 2280805 11419356
1790332917800 0 105726 850 3226321782 3180407139 0 0 0 0 0 0 1355248873 20358059 4164919296 437067776 6303744 4531200 4531084 965665 2312722 11653474
1790332918824 0 91100 1775 3226401310 3180500358 0 0 0 0 0 0 1355279237 20358059 4165308416 389038080 1794048 4642560 4642444 995551 2474035 11980419
1790332919848 0 108658 0 3226496240 3180579353 0 0 0 0 0 0 1355312375 20358059 4165750784 434024448 0 4767200 4767080 1028182 2505904 12192243
1790332920869 0 144889 0 3226602699 3180649634 0 0 0 0 0 0 1355360013 20358059 4167184384 584146944 0 4920928 4920799 1075318 2551799 12304665
1790332921897 0 120951 500 3226688498 3180758890 0 0 0 0 0 0 1355401301 20358059 4167933952 491692032 37822464 5050624 5050484 1117976 2585425 12483525
1790332922945 0 92800 478 3226776119 3180874744 0 0 0 0 0 0 1355432606 20358059 4168527872 386617344 4202496 5168512 5168372 1149311 2644811 12805512
1790332923965 0 129910 0 3226881089 3180942934 0 0 0 0 0 0 1355486572 20358059 4170366976 523210752 0 5323968 5323821 1201583 2760704 13072982
1790332924989 0 118054 20990 3226983474 3181036293 0 0 0 0 0 0 1355526754 20358059 4170887168 483504128 101330944 5470496 5470338 1243575 2810390 13291066
1790332926011 0 114335 2494 3227068070 3181143022 0 0 0 0 0 0 1355553567 20358059 4170534912 468578304 26877952 5582112 5581940 1270445 2855236 13506075
1790332927031 0 105478 0 3227163417 3181249709 0 0 0 0 0 0 1355588937 20358059 4171051008 418123776 0 5706624 5706452 1305308 2907450 13694203
1790332928050 0 122953 0 3227264413 3181333328 0 0 0 0 0 0 1355626663 20358059 4170895360 493142016 0 5844448 5844265 1342173 2929710 13849427
1790332929069 0 143622 1095 3227368085 3181415269 0 0 0 0 0 0 1355673810 20358059 4172095488 592863232 6303744 5994048 5993864 1390147 2988061 14029077
1790332930106 0 92918 5 3227450661 3181549702 0 0 0 0 0 0 1355697530 20358059 4172464128 378404864 20848640 6098848 6098664 1414059 3057174 14328822
1790332931130 0 136397 0 3227571178 3181626620 0 0 0 0 0 0 1355735724 20358059 4172476416 546324480 0 6254400 6254216 1452078 3135344 14539808
1790332932154 0 117944 5581 3227673691 3181742057 0 0 0 0 0 0 1355767933 20358059 4172713984 512749568 1859584 6389344 6389160 1484480 3222362 14865787
1790332933179 0 86908 0 3227751949 3181856831 0 0 0 0 0 0 1355798195 20358059 4172713984 347467776 0 6495552 6495368 1514434 3312725 15208413
1790332934199 0 122576 26 3227866031 3181935285 0 0 0 0 0 0 1355843013 20358059 4174106624 489590784 0 6649216 6649031 1559676 3382030 15389644
1790332935219 0 139969 0 3227957910 3182009705 0 0 0 0 0 0 1355888976 20358059 4175257600 565235712 0 6784765 6784575 1604631 3468782 15643778
1790332936243 0 105383 124 3228039575 3182125874 0 0 0 0 0 0 1355924869 20358059 4176232448 433553408 1150976 6900797 6900602 1641251 3557023 15850144
1790332937261 0 44131 14895 3228139113 3182271777 0 0 0 0 0 0 1355961386 20358059 4176576512 178782208 82837504 7036189 7035993 1678267 3609791 16058475
1790332938285 0 106659 511 3228272418 3182357250 0 0 0 0 0 0 1356002450 20358059 4176261120 451092480 1900544 7205981 7205779 1718785 3664843 16200973
1790332939306 0 150402 42 3228394780 3182436000 0 0 0 0 0 0 1356044459 20358059 4176158720 603058176 0 7364797 7364587 1761287 3744031 16369590
1790332940326 0 104518 503 3228484681 3182571495 0 0 0 0 0 0 1356074022 20358059 4176146432 439160832 2101248 7481718 7481505 1790865 3796365 16560081
1790332941346 0 113767 0 3228588414 3182666404 0 0 0 0 0 0 1356111443 20358059 4176687104 453869568 0 7617398 7617141 1827973 3857639 16749050
1790332942366 0 127940 906 3228710125 3182773059 0 0 0 0 0 0 1356151772 20358059 4177248256 528052224 14221312 7778038 7777807 1868457 3933928 16883047
1790332943392 0 84914 3139 3228789444 3182893215 0 0 0 0 0 0 1356191864 20358059 4178796544 344604672 31457280 7894838 7894607 1908685 4007366 17138377
1790332944420 0 99064 0 3228883025 3182975913 0 0 0 0 0 0 1356230148 20358059 4179640320 397135872 0 8021846 8021615 1945025 4063204 17384668
1790332945441 0 107723 98 3228985117 3183069271 0 0 0 0 0 0 1356266144 20358059 4177817600 435089408 0 8157334 8157097 1981414 4134193 17633741
1790332946460 0 148691 3 3229106204 3183149261 0 0 0 0 0 0 1356319433 20358059 4180627456 597913600 0 8329782 8329502 2035760 4200175 17730806
1790332947492 0 94551 62 3229207061 3183304131 0 0 0 0 0 0 1356352008 20358059 4180480000 399503360 1032192 8457846 8457593 2068369 4303691 17956543
1790332948522 0 125114 10 3229316290 3183382962 0 0 0 0 0 0 1356385579 20358059 4179730432 502759424 0 8595158 8594896 2100974 4348283 18131286
1790332949541 0 116439 30784 3229423494 3183468068 0 0 0 0 0 0 1356428534 20358059 4180062208 572067840 43081728 8744694 8744415 2145459 4398217 18275255
1790332950559 0 113208 48 3229528530 3183607036 0 0 0 0 0 0 1356464020 20358059 4180402176 451768320 0 8879862 8879551 2180490 4503672 18462902
1790332951578 0 90781 25254 3229656873 3183733234 0 0 0 0 0 0 1356508419 20358059 4180701184 371920896 119771136 9052534 9052255 2225268 4548141 18555764
1790332952597 0 99860 8 3229744437 3183836376 0 0 0 0 0 0 1356541409 20358059 4180852736 396091392 0 9164246 9163965 2257254 4702793 18903321
1790332953616 0 122231 15 3229863685 3183933246 0 0 0 0 0 0 1356577937 20358059 4181172224 490680320 0 9317270 9316985 2293785 4740603 18982564
1790332954635 0 133820 6285 3229965557 3184017247 0 0 0 0 0 0 1356622240 20358059 4182200320 575930368 10317824 9462870 9462571 2338769 4823210 19237776
1790332955656 0 95466 0 3230052856 3184149198 0 0 0 0 0 0 1356652041 20358059 4181991424 380325888 0 9573590 9573284 2368140 4973144 19466700
1790332956676 0 113630 9431 3230151264 3184220511 0 0 0 0 0 0 1356686909 20358059 4182278144 516907008 0 9702326 9702015 2403730 5048113 19704196
1790332957695 0 38483 0 3230190941 3184344314 0 0 0 0 0 0 1356699041 20358059 4182319104 144986112 0 9748790 9748478 2415351 5056432 20054990
1790332958714 0 112057 0 3230324045 3184403856 0 0 0 0 0 0 1356747695 20358059 4182056960 447565824 0 9924310 9923996 2463935 5184391 20238893
1790332959733 0 148331 20 3230443075 3184486442 0 0 0 0 0 0 1356790108 20358059 4182642688 596799488 0 10079350 10079036 2505950 5278005 20416131
1790332960752 0 106038 62 3230546366 3184632122 0 0 0 0 0 0 1356821161 20358059 4182257664 425046016 0 10207670 10207349 2536390 5351306 20641035
1790332961774 0 102047 14286 3230666523 3184742030 0 0 0 0 0 0 1356866292 20358059 4183261184 418148352 73150464 10372502 10372168 2583027 5395184 20770632
1790332962796 0 89461 943 3230758001 3184859483 0 0 0 0 0 0 1356891237 20358059 4182102016 374370304 12607488 10485942 10485608 2607946 5426024 20921334
1790332963818 0 143426 0 3230883852 3184932246 0 0 0 0 0 0 1356925438 20358059 4181848064 575492096 0 10639926 10639586 2641786 5499910 21082905
1790332964837 0 108991 726 3230970423 3185052477 0 0 0 0 0 0 1356952030 20358059 4181770240 445464576 4202496 10750326 10749986 2668402 5641085 21409209
1790332965856 0 115912 0 3231061176 3185137122 0 0 0 0 0 0 1356986643 20358059 4182556672 460173312 0 10870998 10870645 2703491 5685902 21578850
1790332966875 0 147275 0 3231175654 3185220228 0 0 0 0 0 0 1357033430 20358059 4183756800 590946304 0 11026053 11025697 2749735 5747764 21732999
1790332967902 0 91632 14063 3231266492 3185352701 0 0 0 0 0 0 1357062081 20358059 4184190976 455847936 36864 11142309 11141941 2778391 5837086 21965044
1790332968924 0 132808 0 3231372194 3185431197 0 0 0 0 0 0 1357105341 20358059 4183498752 535818240 0 11280677 11280308 2820382 5894147 22167599
1790332969944 0 144117 0 3231476370 3185524050 0 0 0 0 0 0 1357140093 20358059 4183834624 577843200 0 11414181 11413812 2855931 5946967 22454673
1790332970970 0 111297 559 3231571214 3185651356 0 0 0 0 0 0 1357170075 20358059 4184080384 467238912 2097152 11539269 11538899 2886385 6073946 22695855
1790332971991 0 110132 0 3231681380 3185763109 0 0 0 0 0 0 1357207469 20358059 4183986176 439160832 0 11678693 11678322 2923279 6171118 22946801
1790332973011 0 148072 2840 3231819263 3185860386 0 0 0 0 0 0 1357249729 20358059 4183150592 623505408 0 11849093 11848719 2966324 6260511 23120378
1790332974030 0 111225 766 3231903474 3185983551 0 0 0 0 0 0 1357272787 20358059 4182937600 458072064 4202496 11953125 11952750 2989394 6317776 23456439
1790332975059 0 107167 929 3231999451 3186083319 0 0 0 0 0 0 1357305489 20358059 4183298048 449667072 1454080 12076404 12076020 3021608 6392799 23746154
1790332976081 0 118491 0 3232081990 3186155377 0 0 0 0 0 0 1357348399 20358059 4184043520 477892608 0 12194196 12193778 3063200 6454775 23984959
1790332977100 0 140536 2090 3232195944 3186245107 0 0 0 0 0 0 1357386518 20358059 4184199168 579944448 21012480 12343924 12343536 3103319 6511436 24129709
1790332978118 0 124856 0 3232302879 3186369812 0 0 0 0 0 0 1357419931 20358059 4183965696 498446336 0 12474068 12473642 3135859 6615752 24336808
1790332979143 0 119978 7300 3232410655 3186475178 0 0 0 0 0 0 1357462376 20358059 4183461888 525312000 10506240 12620660 12620256 3178922 6709654 24598666
1790332980164 0 144654 399 3232512674 3186559470 0 0 0 0 0 0 1357489577 20358059 4183445504 594558976 2097152 12744212 12743808 3205496 6736638 24745646
1790332981183 0 117521 43 3232574957 3186649145 0 0 0 0 0 0 1357513052 20358059 4183715840 476983296 0 12826868 12826462 3228229 6832476 25051212
1790332982205 0 110877 929 3232649201 3186729219 0 0 0 0 0 0 1357538738 20358059 4183760896 456327168 3846144 12921588 12921176 3255146 6880361 25242112
1790332983236 0 117860 1526 3232733507 3186806105 0 0 0 0 0 0 1357564745 20358059 4183379968 493162496 4087808 13028340 13027892 3281558 6925408 25448916
1790332984272 0 115400 3117 3232821867 3186895188 0 0 0 0 0 0 1357598790 20358059 4184416256 486289408 7503872 13148813 13148390 3315110 7009855 25680136
1790332985292 0 139957 549 3232909499 3186960916 0 0 0 0 0 0 1357632580 20358059 4184473600 575655936 4022272 13266957 13266534 3349085 7045668 25863037
1790332986311 0 109721 0 3232963890 3187046055 0 0 0 0 0 0 1357653500 20358059 4184866816 443965440 0 13337517 13337091 3368290 7115357 26158262
1790332987334 0 108243 993 3233046471 3187129161 0 0 0 0 0 0 1357680833 20358059 4184694784 451768320 2101248 13443053 13442623 3397254 7212252 26468980
1790332988355 0 99821 79 3233134553 3187226603 0 0 0 0 0 0 1357711416 20358059 4185210880 393859072 0 13555867 13555402 3427834 7299422 26674872
1790332989375 0 108298 23 3233223394 3187306897 0 0 0 0 0 0 1357736512 20358059 4184350720 434020352 0 13666779 13666344 3452275 7389626 27004286
1790332990395 0 148827 1022 3233342362 3187384342 0 0 0 0 0 0 1357779852 20358059 4184571904 626171904 0 13821769 13821299 3496131 7454750 27165150
1790332991418 0 111862 2101 3233430204 3187508028 0 0 0 0 0 0 1357805176 20358072 4183703552 466440192 8437760 13929929 13929491 3521441 7523437 27401354
1790332992448 0 105161 352 3233501301 3187587696 0 0 0 0 0 0 1357832518 20358072 4184686592 433106944 3153920 14025353 14024914 3549286 7584875 27801533
1790332993474 0 115736 1000 3233587271 3187662440 0 0 0 0 0 0 1357860103 20358072 4184408064 469045248 4202496 14132553 14132113 3576844 7654749 28079112
1790332994498 0 142057 458 3233676564 3187725838 0 0 0 0 0 0 1357889899 20358072 4185133056 576307200 1536000 14249142 14248698 3606396 7705670 28290285
1790332995519 0 140551 44 3233753016 3187804266 0 0 0 0 0 0 1357927746 20358072 4184567808 574218240 0 14359574 14359124 3641502 7777472 28483399
1790332996544 0 100510 51 3233819208 3187910527 0 0 0 0 0 0 1357946152 20358072 4185649152 401338368 4202496 14443190 14442737 3661908 7829023 28723399
1790332997571 0 121944 636 3233904573 3187973807 0 0 0 0 0 0 1357975691 20358072 4186013696 504299520 2101248 14555318 14554860 3692448 7903036 29015079
1790332998594 0 127466 1207 3233982555 3188045927 0 0 0 0 0 0 1358002342 20358072 4185968640 523759616 5488640 14655670 14655207 3718799 7968702 29241129
1790332999613 0 143580 0 3234069745 3188118013 0 0 0 0 0 0 1358031119 20358072 4185722880 579944448 0 14765014 14764545 3746855 8025192 29411593
1790333000632 0 138243 775 3234156430 3188209269 0 0 0 0 0 0 1358068054 20358072 4185952256 558731264 17842176 14884502 14884000 3784531 8105017 29714844
1790333001657 0 116022 788 3234238512 3188313691 0 0 0 0 0 0 1358104228 20358072 4187312128 478863360 2101248 15000033 14999557 3820166 8181238 29914824
1790333002681 0 123001 1024 3234320841 3188388769 0 0 0 0 0 0 1358133579 20358072 4187357184 509837312 3371008 15108673 15108193 3849646 8277330 30192856
1790333003703 0 107443 1063 3234410635 3188493992 0 0 0 0 0 0 1358162759 20358072 4186882048 443867136 5988352 15221921 15221440 3879213 8373367 30392321
1790333004722 0 123679 1026 3234503520 3188570642 0 0 0 0 0 0 1358188989 20358072 4185915392 505880576 3645440 15334935 15334449 3905503 8471478 30623839
1790333005746 0 110819 1006 3234583495 3188663588 0 0 0 0 0 0 1358220941 20358072 4185907200 462274560 4149248 15444023 15443533 3937712 8528792 30760845
1790333006767 0 91341 1469 3234652243 3188751263 0 0 0 0 0 0 1358251492 20358072 4186480640 374202368 13676544 15539298 15538806 3967974 8614350 31032538
1790333007786 0 116924 0 3234756425 3188831307 0 0 0 0 0 0 1358285158 20358072 4186484736 462852096 0 15667234 15666741 4001423 8656971 31135909
1790333008804 0 143616 2637 3234868452 3188914104 0 0 0 0 0 0 1358326469 20358072 4186284032 599433216 6225920 15815970 15815472 4042805 8727198 31297868
1790333009828 0 127714 758 3234952086 3189015390 0 0 0 0 0 0 1358348179 20358072 4185149440 534654976 2752512 15915426 15914921 4064422 8809943 31557846
1790333010860 0 140041 2057 3235033621 3189083414 0 0 0 0 0 0 1358380033 20358072 4185772032 577216512 11132928 16026818 16026313 4096814 8868188 31762342
1790333011880 0 135416 0 3235110652 3189167046 0 0 0 0 0 0 1358402961 20358072 4185587712 544223232 0 16119874 16119362 4119024 8924313 32009656
1790333012899 0 136174 0 3235204727 3189260412 0 0 0 0 0 0 1358430872 20358072 4185653248 542654464 0 16234626 16234112 4147032 9002185 32195289
1790333013918 0 146268 0 3235304143 3189349675 0 0 0 0 0 0 1358456525 20358072 4184645632 584708096 0 16353634 16353118 4172776 9119267 32514859
1790333014943 0 103248 1612 3235368453 3189455620 0 0 0 0 0 0 1358475846 20358072 4184444928 424316928 3661824 16434222 16433704 4192311 9278226 32875970
1790333015966 0 131834 510 3235462788 3189522362 0 0 0 0 0 0 1358505050 20358072 4184031232 542023680 2068480 16551822 16551303 4221832 9335202 33135047
1790333016986 0 148748 1622 3235542802 3189584329 0 0 0 0 0 0 1358537855 20358072 4185116672 624074752 0 16659950 16659429 4254661 9396326 33322191
1790333018009 0 146148 565 3235624844 3189670023 0 0 0 0 0 0 1358563599 20358072 4184965120 603176960 2019328 16761710 16761188 4279938 9477355 33554014
1790333019028 0 124792 0 3235700559 3189767459 0 0 0 0 0 0 1358586990 20358072 4184596480 507265024 0 16855310 16854784 4301861 9531576 33843281
1790333020049 0 115351 0 3235762841 3189839281 0 0 0 0 0 0 1358612824 20358072 4185554944 466477056 0 16941518 16940992 4328368 9561473 34064089
1790333021072 0 111240 484 3235832058 3189912211 0 0 0 0 0 0 1358629639 20358072 4184817664 460386304 3039232 17026350 17025819 4345905 9620445 34378664
1790333022094 0 144514 1488 3235931086 3189977001 0 0 0 0 0 0 1358655672 20358072 4184301568 592924672 8093696 17144238 17143705 4372463 9683799 34577572
1790333023117 0 126002 575 3236000165 3190065367 0 0 0 0 0 0 1358681818 20358072 4184608768 514138112 9306112 17235342 17234808 4398319 9728967 34813870
1790333024139 0 143767 357 3236087347 3190135092 0 0 0 0 0 0 1358714743 20358072 4185223168 593358848 5496832 17349582 17349010 4431170 9764673 34933806
1790333025165 0 137514 859 3236179719 3190233150 0 0 0 0 0 0 1358748417 20358072 4185718784 569438208 4202496 17467310 17466767 4464745 9863529 35257883
1790333026185 0 105131 513 3236240249 3190326422 0 0 0 0 0 0 1358766790 20358072 4185587712 437276672 1884160 17544622 17544076 4483026 9955504 35643574
1790333027210 0 118577 939 3236310442 3190382838 0 0 0 0 0 0 1358790110 20358072 4185509888 489820160 1753088 17633710 17633163 4506469 10034000 36099374
1790333028229 0 121793 0 3236394894 3190464932 0 0 0 0 0 0 1358816597 20358072 4185190400 486330368 0 17736974 17736420 4532096 10093356 36439564
1790333029248 0 109294 69 3236488376 3190570845 0 0 0 0 0 0 1358845487 20358072 4185436160 437059584 0 17856814 17856257 4561281 10197941 36664532
1790333030267 0 140846 60 3236585047 3190635940 0 0 0 0 0 0 1358884265 20358072 4185989120 569815040 0 17986062 17985480 4599492 10277493 36823505
1790333031286 0 116446 1015 3236645790 3190720139 0 0 0 0 0 0 1358905298 20358072 4186079232 481796096 3592192 18066446 18065864 4621929 10364620 37295443
1790333032307 0 110269 137 3236730941 3190812400 0 0 0 0 0 0 1358938293 20358072 4186591232 437059584 0 18177102 18176518 4655152 10421686 37450471
1790333033330 0 93923 1367 3236807710 3190904307 0 0 0 0 0 0 1358961892 20358072 4186103808 379887616 15872000 18275342 18274757 4678369 10527214 37667012
1790333034362 0 122541 2492 3236902613 3190969324 0 0 0 0 0 0 1358995760 20358072 4185739264 515727360 2187264 18397166 18396577 4712285 10611612 37889692
1790333035385 0 126405 479 3236987720 3191052617 0 0 0 0 0 0 1359019667 20358072 4185047040 526045184 1368064 18502542 18501951 4735807 10670425 38161506
1790333036411 0 117011 941 3237077499 3191151401 0 0 0 0 0 0 1359047550 20358072 4185202688 480215040 1736704 18614446 18613853 4764387 10726977 38287411
1790333037439 0 135221 467 3237167997 3191224164 0 0 0 0 0 0 1359083144 20358072 4185407488 552890368 3940352 18736430 18735836 4799804 10792853 38443093
1790333038458 0 111972 44 3237235185 3191314997 0 0 0 0 0 0 1359101686 20358072 4185501696 443662336 0 18815182 18814555 4818000 10884381 38955184
1790333039480 0 103372 728 3237308183 3191396042 0 0 0 0 0 0 1359127733 20358072 4185698304 434958336 4620288 18911118 18910519 4844527 11073033 39358733
1790333040512 0 118636 520 3237387222 3191460013 0 0 0 0 0 0 1359157579 20358072 4185903104 487870464 2420736 19011950 19011349 4874034 11160586 39569237
1790333041531 0 125216 440 3237478493 3191544722 0 0 0 0 0 0 1359190040 20358072 4185653248 514805760 6303744 19131470 19130865 4906336 11233563 39746490
1790333042553 0 98530 472 3237539503 3191632410 0 0 0 0 0 0 1359210715 20358072 4185604096 401563648 4718592 19208750 19208145 4927086 11303308 39997046
1790333043579 0 117820 543 3237625541 3191699065 0 0 0 0 0 0 1359238156 20358072 4184489984 484499456 1376256 19313870 19313259 4954458 11384676 40289379
1790333044602 0 130330 996 3237712695 3191773260 0 0 0 0 0 0 1359265858 20358072 4184186880 540430336 3792896 19423771 19423159 4982146 11453818 40534718
1790333045626 0 127187 0 3237782569 3191847145 0 0 0 0 0 0 1359296431 20358072 4184907776 512704512 0 19519963 19519349 5011764 11500112 40681169
1790333046651 0 115513 1464 3237856848 3191931730 0 0 0 0 0 0 1359320753 20358072 4184629248 475279360 10108928 19617339 19616724 5037251 11533551 40857493
1790333047670 0 123944 702 3237936139 3192003407 0 0 0 0 0 0 1359347083 20358072 4184739840 511528960 3653632 19716155 19715538 5063701 11575874 41012394
1790333048690 0 150665 1454 3238022466 3192062594 0 0 0 0 0 0 1359377772 20358072 4184723456 619114496 3538944 19827483 19826863 5094350 11654378 41272895
1790333049714 0 98382 52 3238055284 3192148625 0 0 0 0 0 0 1359391197 20358072 4184272896 392622080 0 19867963 19867338 5106985 11708397 41595750
1790333050742 0 136940 1199 3238157833 3192211512 0 0 0 0 0 0 1359421465 20358072 4183773184 560201728 2097152 19997083 19996444 5137950 11767029 41772968
1790333051762 0 111451 0 3238211945 3192292259 0 0 0 0 0 0 1359439537 20358072 4184072192 447352832 0 20068475 20067835 5155833 11824135 42055372
1790333052782 0 146372 13 3238323841 3192369238 0 0 0 0 0 0 1359478112 20358072 4183273472 586805248 0 20209275 20208627 5194660 11897402 42238380
1790333053801 0 128313 1387 3238429954 3192492119 0 0 0 0 0 0 1359507800 20358072 4183109632 519708672 5353472 20337915 20337265 5224605 11965091 42412814
1790333054838 0 133402 281 3238510836 3192569029 0 0 0 0 0 0 1359532644 20358072 4183228416 552681472 2048000 20441627 20440975 5248895 12017810 42662601
1790333055861 0 126303 0 3238579936 3192645460 0 0 0 0 0 0 1359562217 20358072 4183846912 507047936 0 20534843 20534189 5277986 12093061 42900616
1790333056883 0 101570 991 3238654200 3192743511 0 0 0 0 0 0 1359582057 20358072 4182962176 420450304 1691648 20625499 20624845 5298344 12142075 43086808
1790333057905 0 111320 1386 3238728431 3192807575 0 0 0 0 0 0 1359608940 20358072 4183527424 456589312 10506240 20721595 20720938 5325741 12188425 43285974
1790333058929 0 134726 499 3238814129 3192870687 0 0 0 0 0 0 1359638533 20358072 4183863296 547319808 3674112 20831355 20830659 5355052 12265856 43495001
1790333059959 0 119757 4423 3238919754 3192987471 0 0 0 0 0 0 1359663717 20358072 4183113728 511090688 16322560 20957499 20956825 5380212 12337597 43678693
1790333060981 0 128870 1445 3238998237 3193059808 0 0 0 0 0 0 1359694834 20358072 4183142400 531615744 8404992 21061019 21060343 5411288 12421730 43960722
1790333062005 0 102612 2444 3239081907 3193168688 0 0 0 0 0 0 1359720598 20358072 4182695936 431546368 5193728 21166939 21166263 5436998 12490138 44108050
1790333063024 0 114218 656 3239179338 3193256316 0 0 0 0 0 0 1359753355 20358072 4183179264 466923520 815104 21287675 21286998 5469617 12551533 44264112
1790333064046 0 135042 904 3239259353 3193315414 0 0 0 0 0 0 1359777077 20358072 4182482944 554848256 2826240 21385979 21385299 5493387 12588857 44362097
1790333065075 0 105714 607 3239313743 3193399390 0 0 0 0 0 0 1359793440 20358072 4182503424 437022720 1806336 21451227 21450546 5509927 12728409 44702924
1790333066102 0 119131 2446 3239400407 3193470885 0 0 0 0 0 0 1359822899 20358072 4182233088 486907904 17391616 21560554 21559871 5539402 12768289 44845686
1790333067125 0 128851 883 3239482058 3193544094 0 0 0 0 0 0 1359850722 20358072 4182310912 525828096 3686400 21666009 21665325 5567354 12843259 45123829
1790333068154 0 143921 779 3239564881 3193612005 0 0 0 0 0 0 1359878753 20358072 4182675456 586915840 8228864 21768584 21767898 5595549 12880745 45215723
1790333069177 0 150675 0 3239654344 3193695430 0 0 0 0 0 0 1359906721 20358072 4182302720 603357184 0 21880872 21880184 5623532 12939696 45400145
1790333070201 0 110646 483 3239708543 3193789309 0 0 0 0 0 0 1359922704 20358072 4181962752 457334784 4194304 21950024 21949333 5638699 12987537 45665837
1790333071224 0 135472 391 3239789601 3193845699 0 0 0 0 0 0 1359954020 20358072 4182544384 558931968 2101248 22059176 22058482 5670312 13050631 45862876
1790333072242 0 118785 648 3239876280 3193948644 0 0 0 0 0 0 1359984795 20358072 4182851584 489881600 3911680 22170952 22170250 5701101 13116579 46066010
1790333073261 0 122916 0 3239957844 3194026635 0 0 0 0 0 0 1360014094 20358072 4183351296 488144896 0 22273000 22272295 5730423 13210494 46447315
1790333074280 0 121775 64 3240034871 3194104839 0 0 0 0 0 0 1360037761 20358072 4182827008 487321600 0 22370199 22369454 5753639 13260976 46671314
1790333075309 0 103188 367 3240111556 3194199826 0 0 0 0 0 0 1360060185 20358072 4182245376 426614784 2039808 22464198 22463483 5776501 13419072 47039181
1790333076340 0 108577 486 3240208507 3194291253 0 0 0 0 0 0 1360090669 20358072 4182278144 447074304 1564672 22587590 22586872 5806991 13459436 47152209
1790333077368 0 128725 614 3240290569 3194353118 0 0 0 0 0 0 1360121502 20358072 4182147072 534106112 1712128 22697926 22697207 5837778 13591394 47432541
1790333078392 0 422 4629 3240299231 3194486016 0 0 0 0 0 0 1360123584 20358072 4182138880 1040384 27316224 22708198 22707479 5840353 13593832 47644360
1790333079411 0 1 0 3240299400 3194491249 0 0 0 0 0 0 1360229749 20358072 4185624576 0 0 22811590 22810871 5944596 13628233 47766823
1790333080430 0 1 0 3240299400 3194491249 0 0 0 0 0 0 1360367759 20358072 4198244352 0 0 22947078 22946355 6083161 13704302 47924395
1790333081453 0 1 0 3240299400 3194491249 0 0 0 0 0 0 1360502164 20358072 4207620096 0 0 23077610 23076870 6215965 13749952 48012564
1790333082474 0 2 0 3240299401 3194491249 0 0 0 0 0 0 1360562212 20358074 1668386816 4096 0 23141420 23140657 6278984 13755896 48035250
