1790319389447 0 13 0 2147591962 2101836423 0 0 0 0 0 0 827310425 18724091 - - - - - - - -
1790319390961 0 154654 1535 2147881201 2101969435 0 0 0 0 0 0 827310425 18724178 1138819072 630882304 4177920 0 0 0 0 146215
1790319392026 0 151308 2052 2148037913 2102128962 0 0 0 0 0 0 827310425 18724181 1808367616 617558016 8404992 0 0 0 0 384092
1790319393049 0 152934 1002 2148218974 2102309538 0 0 0 0 0 0 827310425 18724181 2550472704 619868160 4202496 0 0 0 0 572447
1790319394073 0 153133 252 2148364714 2102456057 0 0 0 0 0 0 827310425 18724181 3151376384 620367872 1474560 0 0 0 0 994274
1790319395092 0 150978 847 2148491223 2102583871 0 0 0 0 0 0 827310425 18724181 3676372992 623714304 110592 0 0 0 0 1272931
1790319396116 0 135273 1020 2148619920 2102728051 0 0 0 0 0 0 827311138 18724181 4160950272 549187584 3440640 8768 8762 717 12168 1746416
1790319397135 0 147231 2054 2148727209 2102822508 0 0 0 0 0 0 827317815 18724181 4160380928 610922496 10506240 126816 126810 7411 98432 2078536
1790319398160 0 135409 1054 2148835422 2102943454 0 0 0 0 0 0 827327353 18724181 4159885312 543924224 19619840 242240 242234 16945 184260 2419048
1790319399187 0 127222 2044 2148927330 2103042591 0 0 0 0 0 0 827337148 18724181 4159631360 530251776 2097152 345280 345242 26720 237882 2763927
1790319400208 0 118538 492 2149012809 2103138334 0 0 0 0 0 0 827348153 18724181 4159651840 476483584 6303744 439552 439514 37728 288743 3114382
1790319401231 0 113867 1916 2149102129 2103231158 0 0 0 0 0 0 827361074 18724181 4159692800 472780800 4202496 543392 543386 50649 362864 3431458
1790319402259 0 99042 2523 2149185274 2103328045 0 0 0 0 0 0 827378102 18724181 4160360448 420249600 8404992 644224 644204 67484 400795 3731946
1790319403285 0 101049 1093 2149285788 2103428119 0 0 0 0 0 0 827396698 18724181 4160897024 417402880 2101248 762208 762188 86244 478578 4076376
1790319404309 0 108910 803 2149382240 2103516958 0 0 0 0 0 0 827423722 18724181 4162437120 444170240 1044480 882944 882916 113019 539792 4332348
1790319405333 0 99469 0 2149464177 2103609136 0 0 0 0 0 0 827445454 18724181 4163629056 400773120 0 987424 987396 134015 584007 4541656
1790319406358 0 91153 0 2149545168 2103698398 0 0 0 0 0 0 827470664 18724181 4164907008 360443904 0 1092256 1092219 159730 635740 4788257
1790319407382 0 107694 1522 2149647739 2103783075 0 0 0 0 0 0 827506577 18724181 4166893568 447565824 4202496 1232608 1232567 195664 735810 5128133
1790319408405 0 119585 1008 2149728835 2103852737 0 0 0 0 0 0 827545402 18724181 4169330688 500043776 4198400 1352992 1352945 234543 796001 5309609
1790319409429 0 98931 1535 2149804305 2103948331 0 0 0 0 0 0 827572169 18724181 4170096640 411844608 2101248 1453408 1453348 261754 852239 5571371
1790319410451 0 105178 58 2149887734 2104027129 0 0 0 0 0 0 827603597 18724181 4171091968 422350848 0 1566752 1566692 292223 909985 5825695
1790319411471 0 126467 0 2149979990 2104097943 0 0 0 0 0 0 827642516 18724181 4172390400 508784640 0 1697216 1697156 331092 943939 6070709
1790319412490 0 130744 0 2150066841 2104180536 0 0 0 0 0 0 827677512 18724181 4172640256 525336576 0 1818336 1818244 365591 1042869 6441366
1790319413510 0 144095 0 2150149416 2104249791 0 0 0 0 0 0 827722067 18724181 4174032896 579944448 0 1945664 1945601 410685 1145443 6797156
1790319414528 0 128093 59 2150217114 2104333385 0 0 0 0 0 0 827753549 18724181 4174553088 516907008 0 2044512 2044445 441419 1177876 6950799
1790319415548 0 138005 55 2150295629 2104402142 0 0 0 0 0 0 827786026 18724181 4175060992 558321664 0 2156320 2156248 474843 1208923 7096535
1790319416567 0 145875 0 2150388244 2104486791 0 0 0 0 0 0 827816211 18724181 4174987264 584146944 0 2277824 2277752 505498 1255505 7294956
1790319417586 0 142341 687 2150466468 2104567889 0 0 0 0 0 0 827864070 18724181 4176232448 590069760 380928 2406080 2406006 552998 1319779 7514488
1790319418609 0 123658 477 2150536241 2104656594 0 0 0 0 0 0 827907597 18724181 4177186816 506277888 1228800 2518240 2518126 596884 1366892 7755581
1790319419628 0 105729 1991 2150606624 2104743348 0 0 0 0 0 0 827938223 18724181 4177166336 444915712 3694592 2620544 2620461 627610 1397295 7900319
1790319420657 0 117458 1535 2150690709 2104816139 0 0 0 0 0 0 827982977 18724181 4178141184 484839424 27316224 2749472 2749388 672629 1447962 8039867
1790319421703 0 99809 1066 2150756321 2104899859 0 0 0 0 0 0 828019679 18724181 4179329024 413945856 8404992 2851040 2850939 709309 1589961 8452784
1790319422731 0 98098 76 2150827403 2104973626 0 0 0 0 0 0 828065488 18724181 4180312064 392933376 385024 2965376 2965274 754593 1644488 8711292
1790319423750 0 127217 32 2150918038 2105035214 0 0 0 0 0 0 828122117 18724181 4180025344 512704512 0 3111808 3111704 810147 1722979 8872167
1790319424769 0 109274 97 2150983727 2105118772 0 0 0 0 0 0 828157176 18724181 4180660224 435941376 0 3212160 3212056 846172 1815855 9118783
1790319425788 0 97912 0 2151047297 2105193785 0 0 0 0 0 0 828206601 18724181 4181725184 390361088 0 3324416 3324297 894901 1888009 9400071
1790319426813 0 101342 0 2151109300 2105252302 0 0 0 0 0 0 828268424 18724181 4183908352 410873856 0 3447808 3447681 955431 1959910 9789872
1790319427835 0 102115 0 2151180659 2105323096 0 0 0 0 0 0 828319373 18724181 4184268800 413945856 0 3571136 3571008 1007289 2023194 9984541
1790319428863 0 94483 2436 2151245285 2105392851 0 0 0 0 0 0 828378756 18724181 4186136576 405540864 4132864 3696896 3696764 1067821 2102380 10302556
1790319429886 0 98985 2044 2151319700 2105463145 0 0 0 0 0 0 828418044 18724181 4185022464 413659136 8404992 3810336 3810200 1107108 2197424 10602963
1790319430907 0 104542 872 2151391007 2105530389 0 0 0 0 0 0 828478699 18724181 4185178112 438874112 2101248 3942304 3942163 1167789 2289057 10933370
1790319431937 0 103118 1604 2151460217 2105600017 0 0 0 0 0 0 828531727 18724181 4185464832 432857088 4202496 4063995 4063839 1220780 2359289 11162858
1790319432956 0 115110 271 2151532652 2105661587 0 0 0 0 0 0 828590871 18724181 4185530368 474263552 4022272 4195355 4195192 1280316 2401221 11251868
1790319433983 0 109921 1541 2151605544 2105738600 0 0 0 0 0 0 828646205 18724181 4186148864 465862656 5509120 4323412 4323243 1334786 2497604 11524120
1790319435021 0 112904 596 2151667663 2105798643 0 0 0 0 0 0 828708096 18724181 4186624000 468738048 1822720 4446475 4446262 1396649 2558725 11795357
1790319436046 0 121763 375 2151736886 2105859288 0 0 0 0 0 0 828768824 18724181 4186222592 506388480 1982464 4577227 4577036 1457594 2616971 12077950
1790319437066 0 146120 0 2151812256 2105910565 0 0 0 0 0 0 828846440 18724181 4187848704 592551936 0 4727667 4727463 1534479 2674841 12258875
1790319438085 0 142657 0 2151872456 2105974177 0 0 0 0 0 0 828913676 18724181 4189384704 575741952 0 4854067 4853862 1601742 2746751 12541617
1790319439104 0 147743 0 2151938502 2106035225 0 0 0 0 0 0 828966666 18724181 4189810688 600956928 0 4973075 4972870 1653649 2800737 12857036
1790319440123 0 125392 0 2151995116 2106114227 0 0 0 0 0 0 829012475 18724181 4189970432 506548224 0 5075283 5075075 1700487 2844459 13031931
1790319441142 0 117360 0 2152059011 2106186047 0 0 0 0 0 0 829068097 18724181 4189696000 475029504 0 5195027 5194816 1756035 2939697 13383742
1790319442161 0 111175 0 2152115119 2106248395 0 0 0 0 0 0 829116864 18724181 4190425088 445464576 0 5299615 5299399 1805905 3031939 13793862
1790319443180 0 108705 18 2152183436 2106319168 0 0 0 0 0 0 829178983 18724181 4191350784 443363328 0 5429023 5428796 1865246 3072341 13923040
1790319444199 0 111270 0 2152248561 2106381775 0 0 0 0 0 0 829242406 18724181 4192653312 447565824 0 5557471 5557244 1930400 3180002 14264052
1790319445218 0 97284 0 2152305422 2106452570 0 0 0 0 0 0 829290798 18724181 4193652736 386756608 0 5661991 5661759 1979755 3226358 14450704
1790319446242 0 99290 511 2152368978 2106513617 0 0 0 0 0 0 829360549 18724181 4194619392 407769088 8404992 5798119 5797882 2049935 3336386 14877330
1790319447266 0 100515 960 2152428941 2106571881 0 0 0 0 0 0 829420447 18724181 4195487744 417144832 4317184 5918202 5916929 2109684 3423357 15162026
1790319448285 0 143300 1315 2152507930 2106607777 0 0 0 0 0 0 829496841 18724181 4196237312 586248192 0 6071098 6069820 2184782 3469246 15283576
1790319449309 0 110424 2920 2152555641 2106686758 0 0 0 0 0 0 829553819 18724181 4197392384 450498560 20488192 6178963 6176653 2243087 3508495 15457462
1790319450328 0 118734 55 2152626744 2106752402 0 0 0 0 0 0 829614032 18724181 4197265408 483422208 0 6307504 6304160 2300357 3585326 15657420
1790319451352 0 107181 1882 2152683703 2106819114 0 0 0 0 0 0 829675052 18724181 4197687296 439013376 17866752 6431186 6425784 2364627 3655005 15907814
1790319452383 0 94854 73 2152742660 2106892167 0 0 0 0 0 0 829734091 18724181 4199026688 395063296 5410816 6548977 6543053 2423227 3860276 16225909
1790319453406 0 102009 0 2152811895 2106954342 0 0 0 0 0 0 829794546 18724181 4199272448 414228480 0 6677221 6669750 2481683 3913810 16434050
1790319454427 0 116969 0 2152879601 2107007182 0 0 0 0 0 0 829863711 18724181 4199710720 476983296 0 6815729 6807196 2551076 3985912 16624184
1790319455451 0 108689 3476 2152948711 2107081055 0 0 0 0 0 0 829917043 18724181 4199800832 443703296 34430976 6942454 6931312 2606472 4024056 16779421
1790319456498 0 115366 1063 2153015485 2107143485 0 0 0 0 0 0 829979601 18724181 4199759872 489857024 1835008 7071392 7059709 2668168 4074026 17095668
1790319457522 0 107731 2607 2153077017 2107211197 0 0 0 0 0 0 830043313 18724181 4200558592 441262080 25214976 7199027 7185797 2732888 4165097 17314447
1790319458550 0 104075 0 2153144586 2107285069 0 0 0 0 0 0 830102310 18724181 4200775680 416075776 0 7322243 7308487 2790472 4187885 17468822
1790319459577 0 96903 0 2153208339 2107355864 0 0 0 0 0 0 830156927 18724181 4200386560 388075520 0 7442371 7427060 2844993 4307094 17697243
1790319460602 0 106038 629 2153284143 2107422022 0 0 0 0 0 0 830215966 18724181 4200767488 434974720 6303744 7580896 7562990 2904959 4418348 17899279
1790319461625 0 112365 0 2153342180 2107474221 0 0 0 0 0 0 830283326 18724181 4201906176 449667072 0 7704614 7686179 2971969 4487377 18089525
1790319462647 0 119979 0 2153414424 2107538860 0 0 0 0 0 0 830342455 18724181 4201959424 487489536 0 7838570 7818031 3029962 4549350 18216537
1790319463665 0 108727 6598 2153478022 2107607141 0 0 0 0 0 0 830407850 18724181 4201955328 466477056 16662528 7972267 7950166 3097458 4659505 18453512
1790319464694 0 91704 0 2153537958 2107690710 0 0 0 0 0 0 830463016 18724181 4202733568 367796224 0 8084407 8061262 3151288 4735077 18608260
1790319465736 0 103340 0 2153608039 2107749177 0 0 0 0 0 0 830538943 18724181 4202717184 414023680 0 8233283 8206523 3226777 4873446 18882677
1790319466755 0 111826 33 2153673955 2107806528 0 0 0 0 0 0 830592991 18724181 4202811392 449667072 0 8356344 8326463 3281076 4960281 19179936
1790319467774 0 101530 0 2153740055 2107883014 0 0 0 0 0 0 830636106 18724181 4201283584 404135936 0 8468201 8436254 3325173 5015520 19400199
1790319468793 0 85029 0 2153801189 2107960478 0 0 0 0 0 0 830697622 18724181 4201369600 342503424 0 8592753 8559239 3385762 5093157 19597245
1790319469813 0 107116 0 2153878544 2108015883 0 0 0 0 0 0 830777559 18724181 4202954752 428879872 0 8751483 8714993 3465977 5161069 19764596
1790319470832 0 118182 0 2153952742 2108078983 0 0 0 0 0 0 830852653 18724181 4203081728 475025408 0 8902631 8864062 3540711 5193229 19861055
1790319471851 0 117372 0 2154015511 2108142541 0 0 0 0 0 0 830920118 18724181 4203393024 476983296 0 9034918 8994267 3607361 5245159 20072229
1790319472891 0 99001 8 2154069942 2108215378 0 0 0 0 0 0 830967829 18724181 4203413504 397135872 7995392 9138836 9096124 3655871 5285551 20244358
1790319473937 0 65318 888 2154122795 2108301000 0 0 0 0 0 0 831019660 18724181 4203323392 275320832 6246400 9250075 9204271 3709105 5371605 20538578
1790319474956 0 115335 0 2154212557 2108341588 0 0 0 0 0 0 831097068 18724181 4202819584 462454784 0 9415810 9367913 3785927 5520082 20806879
1790319475975 0 108685 0 2154285287 2108421104 0 0 0 0 0 0 831170935 18724181 4202995712 440315904 0 9564472 9514002 3857962 5641438 21097931
1790319477000 0 91300 0 2154343817 2108496971 0 0 0 0 0 0 831217556 18724181 4203184128 363941888 0 9670621 9618637 3905819 5727175 21358251
1790319478021 0 88814 10195 2154408963 2108554387 0 0 0 0 0 0 831277288 18724181 4202901504 363782144 53633024 9801166 9747361 3966863 5942715 21600300
1790319479052 0 103891 717 2154476199 2108616150 0 0 0 0 0 0 831341440 18724181 4203245568 425758720 16109568 9934497 9878637 4031020 6010312 21755465
1790319480074 0 105235 0 2154540329 2108679603 0 0 0 0 0 0 831407754 18724181 4203573248 422748160 0 10060713 10003812 4094714 6080786 21992907
1790319481096 0 116517 0 2154614266 2108742190 0 0 0 0 0 0 831480239 18724181 4204167168 464773120 0 10210393 10150923 4169123 6169551 22143174
1790319482121 0 96442 11 2154665589 2108813623 0 0 0 0 0 0 831538934 18724181 4204290048 392933376 0 10322335 10260802 4225680 6301475 22521238
1790319483143 0 92315 12834 2154733721 2108873085 0 0 0 0 0 0 831612691 18724181 4204957696 408084480 33177600 10469059 10405983 4302281 6416440 22817037
1790319484163 0 109259 0 2154795311 2108930526 0 0 0 0 0 0 831672551 18724181 4204531712 441262080 0 10590328 10524682 4360855 6484188 23044810
1790319485182 0 105327 0 2154860129 2108999298 0 0 0 0 0 0 831738606 18724181 4204380160 420343808 0 10719572 10653408 4426563 6528589 23211101
1790319486206 0 73912 10232 2154932043 2109092359 0 0 0 0 0 0 831807995 18724181 4204650496 302751744 56561664 10866937 10798175 4497406 6620688 23448804
1790319487225 0 118548 523 2155018721 2109144109 0 0 0 0 0 0 831885310 18724181 4203823104 487780352 12316672 11033109 10962279 4574610 6717383 23609694
1790319488243 0 101408 7 2155070920 2109213892 0 0 0 0 0 0 831945753 18724181 4204777472 409743360 0 11143977 11071568 4633355 6823453 23880268
1790319489267 0 102598 55 2155130577 2109272396 0 0 0 0 0 0 832010327 18724181 4205436928 418148352 6303744 11273153 11197694 4699098 6912635 24022408
1790319490287 0 113845 0 2155201870 2109332441 0 0 0 0 0 0 832071911 18724181 4204777472 454307840 0 11405000 11327979 4760993 6976709 24302332
1790319491308 0 85254 16869 2155264086 2109406433 0 0 0 0 0 0 832140079 18724181 4204466176 349061120 81694720 11543372 11461207 4829507 7061597 24544120
1790319492342 0 97469 5670 2155339524 2109480874 0 0 0 0 0 0 832196460 18724181 4204253184 422907904 16252928 11676079 11592880 4885717 7146699 24764370
1790319493362 0 117989 0 2155417923 2109544472 0 0 0 0 0 0 832257689 18724181 4202930176 475308032 0 11812977 11729238 4945211 7311091 25066241
1790319494382 0 117422 589 2155493847 2109620371 0 0 0 0 0 0 832325557 18724181 4203823104 489959424 10137600 11962967 11876646 5014964 7407034 25287907
1790319495416 0 105501 1066 2155556201 2109694090 0 0 0 0 0 0 832396573 18724181 4205457408 435703808 14532608 12096152 12008284 5085954 7475290 25518268
1790319496445 0 101310 3870 2155620358 2109759756 0 0 0 0 0 0 832460603 18724181 4205314048 414957568 28405760 12227204 12136729 5150239 7569763 25882400
1790319497470 0 93909 443 2155693116 2109843286 0 0 0 0 0 0 832508824 18724181 4203692032 384528384 13758464 12349362 12256301 5198108 7643062 26077026
1790319498491 0 112389 0 2155767679 2109899674 0 0 0 0 0 0 832587662 18724181 4203614208 455684096 0 12502440 12407820 5274779 7736210 26274505
1790319499515 0 91888 0 2155829082 2109981768 0 0 0 0 0 0 832654824 18724181 4205715456 377815040 409600 12633890 12537198 5342528 7786595 26396769
1790319500534 0 91484 0 2155895996 2110048972 0 0 0 0 0 0 832714468 18724181 4205371392 361959424 0 12759208 12661990 5403622 7921760 26695913
1790319501553 0 119000 0 2155976525 2110102007 0 0 0 0 0 0 832787591 18724181 4204847104 479084544 0 12913995 12815712 5476163 7996613 26859073
1790319502576 0 56395 3838 2156015384 2110199567 0 0 0 0 0 0 832821287 18724181 4204572672 252071936 7413760 12989823 12890493 5510861 8033699 27013456
1790319503597 0 69229 0 2156084688 2110259941 0 0 0 0 0 0 832882641 18724181 4204789760 275263488 0 13116985 13017647 5570865 8074409 27058637
1790319504618 0 109382 3066 2156173513 2110305503 0 0 0 0 0 0 832958003 18724181 4204457984 445562880 35622912 13286880 13184455 5647304 8189924 27207198
1790319505646 0 101528 0 2156243787 2110386654 0 0 0 0 0 0 833019783 18724181 4204101632 409202688 0 13416716 13313740 5707379 8255506 27374230
1790319506665 0 116184 0 2156326709 2110454885 0 0 0 0 0 0 833098404 18724181 4204953600 468578304 0 13581385 13475349 5786471 8366133 27611680
1790319507686 0 104632 53 2156389442 2110529260 0 0 0 0 0 0 833155401 18724181 4205117440 420249600 0 13703779 13595654 5844259 8431541 27819028
1790319508711 0 97704 3230 2156448640 2110592357 0 0 0 0 0 0 833214676 18724181 4205404160 415649792 2891776 13826611 13715432 5904057 8494365 28030182
1790319509730 0 110981 0 2156509713 2110643159 0 0 0 0 0 0 833278980 18724181 4205948928 445112320 0 13949845 13837640 5967073 8588223 28367708
1790319510754 0 93981 903 2156568190 2110717655 0 0 0 0 0 0 833335919 18724181 4205694976 395345920 3891200 14071625 13955822 6024988 8665013 28582647
1790319511775 0 112894 891 2156634877 2110765546 0 0 0 0 0 0 833412366 18724181 4205953024 470679552 0 14213242 14096405 6099457 8754589 28692127
1790319512800 0 105579 0 2156699481 2110838297 0 0 0 0 0 0 833464957 18724181 4205375488 422678528 0 14333174 14213269 6153514 8804572 28804520
1790319513825 0 102329 3623 2156776647 2110915275 0 0 0 0 0 0 833531071 18724181 4204290048 429637632 8007680 14479605 14357638 6220234 8889780 29047524
1790319514850 0 95866 12833 2156844377 2110980228 0 0 0 0 0 0 833593022 18724181 4204605440 452169728 8003584 14613788 14488155 6282085 8962203 29245543
1790319515877 0 92386 497 2156899782 2111051338 0 0 0 0 0 0 833650084 18724181 4205395968 378413056 11919360 14727603 14600939 6339658 9025813 29641660
1790319516898 0 104299 969 2156968993 2111108237 0 0 0 0 0 0 833708814 18724181 4205514752 441262080 4202496 14854956 14727254 6397741 9100835 29854156
1790319517932 0 112325 1753 2157043962 2111174414 0 0 0 0 0 0 833773656 18724181 4204789760 464375808 15994880 14998801 14868529 6462947 9185646 30039868
1790319518950 0 119161 0 2157115900 2111241216 0 0 0 0 0 0 833851612 18724181 4206051328 477470720 0 15144665 15013360 6539342 9265823 30208180
1790319519974 0 101691 618 2157189338 2111331633 0 0 0 0 0 0 833917666 18724181 4205785088 420413440 7098368 15288614 15155738 6606757 9383267 30489400
1790319520998 0 77170 1390 2157247250 2111413160 0 0 0 0 0 0 833975854 18724181 4205465600 327794688 4202496 15407438 15273009 6665468 9429381 30707952
1790319522016 0 113908 1825 2157328784 2111457558 0 0 0 0 0 0 834057157 18724181 4205744128 479084544 4202496 15571830 15435332 6746292 9513487 30816606
1790319523039 0 111567 0 2157395786 2111528688 0 0 0 0 0 0 834113063 18724181 4205871104 444399616 0 15694506 15552986 6800818 9611261 31037400
1790319524058 0 109661 0 2157462920 2111597716 0 0 0 0 0 0 834174903 18724181 4205084672 443363328 0 15826120 15683048 6862519 9690350 31191644
1790319525077 0 115416 0 2157527616 2111656712 0 0 0 0 0 0 834248201 18724181 4206018560 468578304 0 15967768 15820581 6935129 9741484 31394673
1790319526108 0 99196 2242 2157587172 2111730232 0 0 0 0 0 0 834303218 18724181 4205817856 422752256 5902336 16088236 15937951 6991916 9841289 31692010
1790319527127 0 73842 0 2157634289 2111804970 0 0 0 0 0 0 834358407 18724181 4206276608 296075264 0 16188025 16037734 7046203 9982821 32097091
1790319528146 0 112289 77 2157719526 2111851561 0 0 0 0 0 0 834428426 18724181 4205576192 452481024 0 16342667 16191336 7115453 10055074 32292038
1790319529165 0 103586 0 2157780914 2111921776 0 0 0 0 0 0 834490055 18724181 4205535232 418148352 0 16467637 16314734 7177793 10186363 32499553
1790319530186 0 112932 512 2157854819 2111985779 0 0 0 0 0 0 834553717 18724181 4205314048 475090944 1892352 16610771 16455285 7242878 10265097 32674225
1790319531208 0 99804 4 2157915668 2112060277 0 0 0 0 0 0 834618337 18724181 4205817856 399237120 0 16734109 16577075 7306309 10371668 32965310
1790319532228 0 60464 0 2157970662 2112154681 0 0 0 0 0 0 834663686 18724181 4205780992 236511232 0 16836359 16677747 7352317 10427479 33352222
1790319533247 0 117762 61 2158064516 2112191078 0 0 0 0 0 0 834742709 18724181 4204912640 471388160 0 17010051 16849926 7431195 10468305 33421499
1790319534267 0 116291 62 2158133251 2112261394 0 0 0 0 0 0 834805401 18724181 4204994560 467185664 0 17142300 16980614 7492648 10574239 33752282
1790319535288 0 109795 359 2158203344 2112337652 0 0 0 0 0 0 834857646 18724181 4204658688 454463488 11472896 17270687 17105871 7547029 10628238 33977743
1790319536316 0 118824 402 2158273101 2112398347 0 0 0 0 0 0 834923844 18724181 4205060096 489934848 2101248 17406368 17240009 7612970 10756850 34299289
1790319537340 0 56530 3205 2158317738 2112502505 0 0 0 0 0 0 834972207 18724181 4205932544 248156160 3399680 17500239 17333365 7661461 10814542 34471979
1790319538359 0 95942 31 2158395208 2112543760 0 0 0 0 0 0 835057693 18724181 4206772224 386629632 0 17662780 17494361 7745709 10892774 34611318
1790319539383 0 93922 6094 2158463958 2112608424 0 0 0 0 0 0 835114834 18724181 4206051328 416530432 1617920 17795392 17623377 7804268 11023421 34865564
1790319540401 0 126709 1342 2158544816 2112661172 0 0 0 0 0 0 835175557 18724181 4204490752 523927552 8228864 17936909 17763864 7864859 11126608 35180196
1790319541425 0 89707 3531 2158596653 2112747903 0 0 0 0 0 0 835223684 18724181 4204642304 364658688 22687744 18037601 17864040 7913258 11182421 35383995
1790319542446 0 119469 34 2158670518 2112795402 0 0 0 0 0 0 835294464 18724181 4205613056 483287040 0 18183348 18006192 7983314 11268177 35616693
1790319543466 0 105650 0 2158736257 2112874987 0 0 0 0 0 0 835346789 18724181 4205076480 426553344 0 18301614 18123060 8034387 11396749 35845444
1790319544485 0 107798 4092 2158807019 2112939655 0 0 0 0 0 0 835421136 18724181 4206043136 464719872 1757184 18452301 18270661 8110404 11495825 36145853
1790319545504 0 115027 72 2158871858 2113001107 0 0 0 0 0 0 835481106 18724181 4206280704 460845056 0 18577593 18391845 8169573 11571415 36390903
1790319546523 0 109565 0 2158942704 2113077625 0 0 0 0 0 0 835530672 18724181 4204949504 433528832 0 18698968 18512186 8219821 11644584 36685159
1790319547554 0 97045 491 2159007807 2113154850 0 0 0 0 0 0 835592328 18724181 4204826624 397758464 18288640 18829388 18641555 8281444 11684558 36792622
1790319548577 0 63052 60 2159067797 2113249318 0 0 0 0 0 0 835651438 18724181 4205764608 254164992 0 18945755 18757399 8338009 11820813 37116328
1790319549596 0 120994 34 2159171996 2113295383 0 0 0 0 0 0 835728211 18724181 4205166592 487489536 0 19127819 18938940 8416291 11880886 37243789
1790319550619 0 105572 1042 2159238660 2113376498 0 0 0 0 0 0 835783614 18724181 4204589056 435617792 2101248 19252769 19062341 8472861 11953787 37556259
1790319551639 0 124007 6065 2159314504 2113428848 0 0 0 0 0 0 835852284 18724181 4204802048 536477696 0 19396768 19205823 8540471 12102346 37819341
1790319552662 0 94341 0 2159355517 2113505648 0 0 0 0 0 0 835881342 18724181 4205228032 384626688 5373952 19471428 19277204 8570916 12201186 38191324
1790319553686 0 93744 123 2159408385 2113559010 0 0 0 0 0 0 835921573 18724181 4204830720 384499712 7643136 19566687 19370919 8611182 12250064 38428594
1790319554707 0 111294 0 2159462763 2113595965 0 0 0 0 0 0 835979871 18724181 4205322240 447565824 0 19676113 19480335 8668392 12315160 38658502
1790319555728 0 93610 564 2159521162 2113671539 0 0 0 0 0 0 836027346 18724210 4205780992 389206016 3891200 19787829 19587428 8716602 12426808 38868647
1790319556752 0 104284 651 2159592365 2113731993 0 0 0 0 0 0 836091907 18724210 4205051904 436031488 1028096 19923073 19721629 8780344 12490176 39072706
1790319557775 0 107163 0 2159651972 2113789294 0 0 0 0 0 0 836148197 18724210 4205547520 432857088 0 20037760 19835796 8835637 12542849 39240254
1790319558800 0 100618 9 2159699234 2113843147 0 0 0 0 0 0 836198370 18724210 4205891584 418091008 1540096 20139468 19934927 8886268 12619099 39617252
1790319559826 0 114526 435 2159758748 2113888277 0 0 0 0 0 0 836254492 18724210 4206227456 466477056 0 20256970 20050365 8943668 12677495 39814146
1790319560849 0 92097 7080 2159818901 2113964189 0 0 0 0 0 0 836313753 18724210 4205969408 375164928 38604800 20378849 20170188 9002894 12735178 39955989
1790319561869 0 103598 0 2159879432 2114020284 0 0 0 0 0 0 836373284 18724210 4206108672 420249600 0 20497053 20287351 9060583 12837810 40175123
1790319562889 0 109800 2605 2159933294 2114065373 0 0 0 0 0 0 836424318 18724210 4206120960 460173312 6017024 20607241 20394940 9113284 12876245 40336167
1790319563910 0 114635 718 2159981479 2114110575 0 0 0 0 0 0 836475290 18724210 4206374912 474972160 3584000 20708468 20494096 9164280 12945693 40588091
1790319564929 0 98710 0 2160029443 2114175213 0 0 0 0 0 0 836533727 18724212 4206718976 397328384 0 20809890 20595510 9220222 13068486 40882362
1790319565952 0 91480 0 2160092568 2114245535 0 0 0 0 0 0 836587356 18724212 4206592000 364122112 0 20932084 20713082 9275589 13130847 41209167
1790319566975 0 98492 0 2160160170 2114306244 0 0 0 0 0 0 836665178 18724212 4206415872 399237120 0 21078970 20858408 9352130 13209584 41383993
1790319567995 0 119964 0 2160227410 2114351902 0 0 0 0 0 0 836720771 18724212 4206215168 483287040 0 21204530 20981901 9409397 13276382 41751861
1790319569018 0 96935 26 2160265458 2114412922 0 0 0 0 0 0 836758960 18724212 4205395968 397385728 8155136 21286387 21061174 9448456 13338259 41929292
1790319570041 0 59675 0 2160324716 2114509395 0 0 0 0 0 0 836819111 18724212 4206424064 233852928 0 21403215 21174907 9506522 13434059 42351527
1790319571063 0 114600 270 2160422687 2114552202 0 0 0 0 0 0 836903078 18724212 4205850624 471146496 8769536 21589441 21360105 9592058 13495440 42448444
1790319572088 0 92325 2582 2160470815 2114620477 0 0 0 0 0 0 836964572 18724212 4207087616 374996992 18911232 21700587 21469690 9653997 13544955 42700602
1790319573106 0 110763 54 2160534498 2114668121 0 0 0 0 0 0 837030586 18724212 4207308800 447565824 0 21830421 21596761 9718262 13657388 42894727
1790319574125 0 110040 198 2160580477 2114714554 0 0 0 0 0 0 837082748 18724212 4206985216 453136384 2834432 21934786 21697531 9771757 13753503 43195118
1790319575150 0 105952 31 2160640983 2114779521 0 0 0 0 0 0 837131212 18724212 4206264320 420892672 0 22042120 21802776 9819883 14010940 43631064
1790319576177 0 100003 0 2160692735 2114837207 0 0 0 0 0 0 837181916 18724212 4206309376 403439616 0 22149489 21906030 9870309 14107636 43998059
1790319577209 0 100194 188 2160766267 2114910544 0 0 0 0 0 0 837234094 18724212 4205330432 400818176 1576960 22276226 22030703 9922023 14173707 44158024
1790319578246 0 103145 15254 2160826812 2114952919 0 0 0 0 0 0 837294823 18724212 4205391872 438497280 52355072 22402191 22155633 9984256 14248345 44370130
1790319579264 0 110819 146 2160876045 2115009761 0 0 0 0 0 0 837338303 18724212 4205674496 449667072 0 22491926 22244852 10025322 14346056 44752072
1790319580289 0 93620 80 2160939817 2115090592 0 0 0 0 0 0 837392222 18724212 4205645824 378372096 1765376 22610875 22362253 10080643 14469493 45001589
1790319581312 0 100203 14104 2161007687 2115137816 0 0 0 0 0 0 837457089 18724212 4205948928 410525696 62255104 22747516 22497350 10146559 14549267 45180503
1790319582330 0 116421 57 2161063061 2115191049 0 0 0 0 0 0 837503191 18724212 4205613056 476983296 0 22846577 22595892 10189615 14611545 45383161
1790319583354 0 107915 341 2161112802 2115249118 0 0 0 0 0 0 837552176 18724212 4206252032 439160832 3624960 22948591 22695536 10241193 14700371 45599084
1790319584373 0 110047 365 2161176981 2115311053 0 0 0 0 0 0 837620105 18724212 4206964736 462204928 2080768 23082710 22828108 10308743 14779178 45760040
1790319585401 0 88526 10 2161235223 2115391120 0 0 0 0 0 0 837676211 18724212 4206940160 355741696 6303744 23196487 22940337 10364581 14851536 46029433
1790319586429 0 90008 774 2161304970 2115458697 0 0 0 0 0 0 837735083 18724212 4206010368 375885824 1945600 23328639 23069920 10423751 14919809 46287521
1790319587454 0 116844 34 2161372680 2115500205 0 0 0 0 0 0 837805624 18724212 4206190592 474882048 0 23465619 23206343 10492929 15007904 46478436
1790319588475 0 117274 73 2161432642 2115559752 0 0 0 0 0 0 837865242 18724212 4206510080 472780800 0 23586151 23325354 10553014 15104375 46851396
1790319589499 0 98456 0 2161477911 2115623907 0 0 0 0 0 0 837897652 18724212 4205764608 401338368 0 23666124 23404297 10585092 15208800 47142535
1790319590520 0 94349 4043 2161541818 2115687938 0 0 0 0 0 0 837952366 18724212 4205527040 400297984 10010624 23787436 23524161 10641799 15288414 47404454
1790319591540 0 106437 0 2161609037 2115747028 0 0 0 0 0 0 838013526 18724212 4205723648 427118592 0 23913071 23649794 10701816 15380445 47612201
1790319592567 0 125663 55 2161671621 2115790326 0 0 0 0 0 0 838060142 18724212 4205170688 509612032 0 24023075 23758722 10747776 15489972 47850984
1790319593588 0 100482 0 2161724928 2115868888 0 0 0 0 0 0 838111458 18724212 4205187072 403439616 0 24129015 23863150 10799616 15542304 47983423
1790319594607 0 123084 803 2161792630 2115913578 0 0 0 0 0 0 838171256 18724212 4205969408 502583296 3272704 24258927 23991515 10860456 15769024 48359827
1790319595638 0 105107 5477 2161851883 2115985802 0 0 0 0 0 0 838226911 18724212 4206153728 474333184 7540736 24375906 24106952 10915917 15816420 48480395
1790319596682 0 118543 429 2161923791 2116049308 0 0 0 0 0 0 838290634 18724212 4205977600 492371968 3522560 24513528 24242496 10979598 15926480 48823441
1790319597702 0 103103 0 2161964256 2116105675 0 0 0 0 0 0 838331789 18724212 4206252032 416047104 0 24593601 24322050 11020231 16004349 49357409
1790319598721 0 105160 342 2162014574 2116153575 0 0 0 0 0 0 838383166 18724212 4206706688 430788608 7344128 24699774 24426151 11072629 16117619 49677474
1790319599741 0 113826 0 2162081819 2116212381 0 0 0 0 0 0 838454704 18724212 4206821376 458072064 0 24840263 24561570 11142925 16187850 49847398
1790319600762 0 110957 579 2162139518 2116272504 0 0 0 0 0 0 838505879 18724212 4206235648 462962688 1409024 24954041 24671749 11194479 16319858 50097987
1790319601787 0 67683 0 2162177490 2116354248 0 0 0 0 0 0 838549017 18724212 4206559232 270901248 0 25031924 24749591 11236030 16403331 50405860
1790319602808 0 112941 0 2162252627 2116384003 0 0 0 0 0 0 838611474 18724212 4205993984 455970816 0 25171307 24888108 11299458 16475571 50606983
1790319603830 0 103459 144 2162306793 2116447616 0 0 0 0 0 0 838655145 18724212 4205166592 426971136 1196032 25273594 24987820 11344077 16534074 50843051
1790319604851 0 120768 1308 2162371881 2116494300 0 0 0 0 0 0 838722351 18724212 4205481984 504299520 0 25404358 25118025 11408724 16628259 51056363
1790319605875 0 101459 905 2162426517 2116568689 0 0 0 0 0 0 838768251 18724212 4206055424 413233152 9768960 25511164 25220739 11457684 16677832 51306881
1790319606895 0 113695 0 2162477028 2116607675 0 0 0 0 0 0 838825974 18724212 4206592000 454520832 0 25616492 25325547 11514401 16750431 51541673
1790319607914 0 113613 0 2162530432 2116661246 0 0 0 0 0 0 838875243 18724212 4206284800 458354688 0 25719851 25428307 11563150 16787697 51647558
1790319608938 0 119273 988 2162594816 2116718986 0 0 0 0 0 0 838931710 18724212 4205502464 495321088 2015232 25847076 25551895 11620633 16884533 51808634
1790319609963 0 101562 0 2162638877 2116781803 0 0 0 0 0 0 838973548 18724212 4205834240 407642112 0 25931621 25634921 11661481 16927826 51979086
1790319610997 0 103521 873 2162700217 2116840229 0 0 0 0 0 0 839024278 18724212 4205301760 427565056 3878912 26044821 25747089 11712985 16977672 52152155
1790319612018 0 48981 341 2162742630 2116937752 0 0 0 0 0 0 839065566 18724212 4206047232 199618560 2748416 26129776 25831522 11755021 17048391 52441055
1790319613041 0 110242 511 2162822245 2116956028 0 0 0 0 0 0 839146279 18724212 4206546944 458645504 3522560 26291252 25992483 11835050 17119727 52580140
1790319614070 0 100028 40 2162863777 2117008237 0 0 0 0 0 0 839186869 18724212 4206829568 399486976 0 26372490 26072177 11875764 17172319 52876402
1790319615092 0 99206 4 2162916931 2117062108 0 0 0 0 0 0 839241401 18724212 4206559232 398823424 0 26479686 26178341 11928841 17297253 53220114
1790319616114 0 101457 865 2162984673 2117126778 0 0 0 0 0 0 839313168 18724212 4206780416 413356032 15822848 26625526 26321101 12002643 17350171 53374793
1790319617136 0 124160 1529 2163062075 2117180928 0 0 0 0 0 0 839375586 18724212 4205404160 514805760 10506240 26769420 26461143 12064886 17404296 53493240
1790319618155 0 114365 0 2163108816 2117238892 0 0 0 0 0 0 839437002 18724212 4206284800 467230720 0 26874707 26565905 12123509 17581358 53956786
1790319619174 0 95678 44 2163152718 2117301460 0 0 0 0 0 0 839469316 18724212 4206575616 386629632 0 26954731 26641821 12156588 17708378 54477730
1790319620194 0 94823 933 2163219333 2117368167 0 0 0 0 0 0 839523943 18724212 4205735936 399310848 122880 27078967 26764509 12212381 17763314 54750424
1790319621214 0 133296 1241 2163309631 2117419722 0 0 0 0 0 0 839590243 18724212 4204752896 544911360 0 27233756 26918265 12277148 17851531 54895829
1790319622238 0 116590 471 2163364092 2117491423 0 0 0 0 0 0 839646488 18724212 4205359104 479289344 3997696 27350345 27031768 12335395 17930858 55094118
1790319623267 0 43897 6035 2163386263 2117580863 0 0 0 0 0 0 839662348 18724212 4205617152 177451008 37236736 27388214 27069637 12351781 17978387 55411302
1790319624298 0 1 0 2163386337 2117630810 0 0 0 0 0 0 839715481 18724212 4202602496 0 0 27438811 27120201 12401637 18013686 55497737
1790319625323 0 1 0 2163386337 2117630810 0 0 0 0 0 0 839856889 18724212 4211335168 0 0 27579893 27261298 12544838 18130559 55775461
1790319626342 0 1 0 2163386337 2117630810 0 0 0 0 0 0 840024000 18724212 4214013952 0 0 27744828 27426171 12710365 18211247 55938687
1790319627361 0 1 0 2163386337 2117630810 0 0 0 0 0 0 840204329 18724212 4214009856 0 0 27926216 27607475 12891668 18296107 56113551
1790319628380 0 1 0 2163386338 2117630811 0 0 0 0 0 0 840339711 18724213 3468804096 4096 0 28064464 27745627 13029144 18337510 56200738
