1790327593269 0 1 0 2789327901 2743527088 0 0 0 0 0 0 1146675945 19707144 - - - - - - - -
1790327594388 0 153963 584 2789573718 2743618401 0 0 0 0 0 0 1146675945 19707235 987488256 638144512 897024 0 0 8 0 110057
1790327595416 0 153145 512 2789733489 2743778952 0 0 0 0 0 0 1146675953 19707235 1657278464 630374400 6193152 0 0 8 0 266225
1790327596435 0 152409 979 2789890801 2743936611 0 0 0 0 0 0 1146675953 19707235 2300043264 629841920 2084864 0 0 8 0 688282
1790327597454 0 151125 1537 2790040973 2744087357 0 0 0 0 0 0 1146675953 19707235 2909822976 619851776 3309568 0 0 8 0 858224
1790327598473 0 151539 1104 2790195137 2744241655 0 0 0 0 0 0 1146675953 19707235 3538268160 615677952 6303744 0 0 8 0 1115622
1790327599491 0 146705 4132 2790345797 2744394330 0 0 0 0 0 0 1146675953 19707235 4161146880 624275456 1130496 1792 1792 8 1357 1535193
1790327600515 0 132878 4619 2790455080 2744516711 0 0 0 0 0 0 1146679262 19707235 4160110592 561033216 12607488 114688 114688 3306 69492 1793252
1790327601539 0 135419 10208 2790582233 2744635766 0 0 0 0 0 0 1146685642 19707235 4158857216 598855680 4202496 247392 247392 9468 129799 2048369
1790327602569 0 126068 369 2790679646 2744752512 0 0 0 0 0 0 1146693262 19707235 4158447616 521109504 4202496 351872 351872 17398 199469 2426602
1790327603604 0 102806 13995 2790781687 2744864051 0 0 0 0 0 0 1146707456 19707235 4158398464 479191040 2760704 466432 466432 31359 254608 2723450
1790327604632 0 123505 1026 2790896142 2744970743 0 0 0 0 0 0 1146722961 19707235 4158312448 506400768 8404992 598592 598592 47029 284206 2877859
1790327605656 0 129221 2565 2791013189 2745080526 0 0 0 0 0 0 1146734843 19707235 4157894656 531664896 2052096 725024 725024 58939 339607 3181501
1790327606677 0 128797 1961 2791119485 2745187851 0 0 0 0 0 0 1146751351 19707235 4158246912 525369344 4071424 847296 847296 75454 409049 3468352
1790327607702 0 125110 424 2791217288 2745290945 0 0 0 0 0 0 1146767383 19707235 4158730240 522756096 2072576 964160 964155 90977 473702 3754701
1790327608721 0 127103 580 2791325968 2745397482 0 0 0 0 0 0 1146788991 19707235 4159426560 531615744 2101248 1094208 1094203 112429 500161 3873989
1790327609741 0 131056 1016 2791436581 2745503675 0 0 0 0 0 0 1146811477 19707235 4159868928 539668480 4202496 1226432 1226420 135021 606197 4206996
1790327610768 0 123630 1539 2791536832 2745610892 0 0 0 0 0 0 1146827542 19707235 4159332352 525312000 3518464 1342240 1342228 150575 648313 4401759
1790327611803 0 111152 4620 2791628171 2745711537 0 0 0 0 0 0 1146852227 19707235 4160253952 469958656 2822144 1457280 1457263 176046 733398 4701465
1790327612831 0 103621 1036 2791712311 2745806801 0 0 0 0 0 0 1146872549 19707235 4160495616 430428160 2613248 1562048 1562031 196212 818028 5165211
1790327613854 0 112369 478 2791808693 2745895014 0 0 0 0 0 0 1146903845 19707235 4161515520 468385792 4194304 1690976 1690944 227388 871281 5382218
1790327614878 0 99833 96 2791895582 2745994828 0 0 0 0 0 0 1146925610 19707235 4162027520 415916032 24576 1797376 1797312 249204 901913 5536478
1790327615897 0 150760 420 2792013840 2746061813 0 0 0 0 0 0 1146955550 19707235 4161699840 618721280 0 1944608 1944576 278638 1011945 5833750
1790327616919 0 142636 967 2792100554 2746156258 0 0 0 0 0 0 1146992190 19707235 4163108864 593002496 2699264 2070336 2070304 315677 1048641 5975953
1790327617944 0 126711 8208 2792186781 2746251050 0 0 0 0 0 0 1147018708 19707235 4163338240 519008256 42024960 2183872 2183840 342570 1126833 6425704
1790327618976 0 112546 11823 2792272145 2746347433 0 0 0 0 0 0 1147045775 19707235 4163604480 520441856 2846720 2294112 2294078 369061 1204031 6753014
1790327620007 0 107530 1553 2792362912 2746452906 0 0 0 0 0 0 1147070334 19707235 4162969600 453283840 4788224 2409568 2409532 393720 1283435 7193790
1790327621037 0 106199 0 2792453290 2746546211 0 0 0 0 0 0 1147099393 19707235 4162379776 425979904 0 2527072 2527035 421941 1355590 7420480
1790327622056 0 126675 0 2792551105 2746623674 0 0 0 0 0 0 1147130884 19707235 4162134016 502198272 0 2656352 2656313 455050 1419032 7653523
1790327623075 0 116405 0 2792638366 2746721144 0 0 0 0 0 0 1147158822 19707235 4161875968 463454208 0 2771296 2771253 481914 1451826 7821681
1790327624095 0 145908 0 2792741219 2746794505 0 0 0 0 0 0 1147202875 19707235 4162969600 583647232 0 2917920 2917871 526483 1515074 8058170
1790327625130 0 132818 552 2792824178 2746890008 0 0 0 0 0 0 1147231575 19707235 4162752512 552628224 6303744 3031872 3031822 555208 1549064 8220642
1790327626154 0 126700 1578 2792920160 2746991133 0 0 0 0 0 0 1147260190 19707235 4162707456 521109504 4202496 3155360 3155308 584272 1643387 8637319
1790327627177 0 106299 1606 2792999431 2747091056 0 0 0 0 0 0 1147290304 19707235 4162465792 437059584 6303744 3264544 3264480 614368 1699757 8810423
1790327628202 0 110321 0 2793091136 2747179914 0 0 0 0 0 0 1147313242 19707235 4161585152 438853632 0 3378496 3378432 636853 1746548 9017191
1790327629221 0 125466 0 2793183197 2747256864 0 0 0 0 0 0 1147349885 19707235 4161544192 499699712 0 3507040 3506976 673980 1797072 9276866
1790327630240 0 148191 0 2793284345 2747335347 0 0 0 0 0 0 1147393363 19707235 4161437696 598855680 0 3651392 3651324 715677 1896196 9660832
1790327631264 0 127758 1028 2793362881 2747433476 0 0 0 0 0 0 1147434604 19707235 4162465792 534245376 3674112 3774048 3773978 758008 1965108 9927882
1790327632290 0 120964 636 2793452125 2747529760 0 0 0 0 0 0 1147463027 19707235 4161847296 504299520 8081408 3892064 3891981 786592 1999454 10113430
1790327633317 0 130815 4635 2793559864 2747623609 0 0 0 0 0 0 1147501931 19707235 4162375680 570118144 94208 4038464 4038381 825801 2065144 10331561
1790327634342 0 113671 1060 2793637762 2747722148 0 0 0 0 0 0 1147530359 19707235 4162613248 464265216 12607488 4144544 4144461 854474 2104956 10584410
1790327635365 0 96543 73 2793712071 2747814769 0 0 0 0 0 0 1147559861 19707235 4162801664 388730880 0 4245280 4245169 882382 2149945 10752417
1790327636384 0 92846 0 2793791578 2747897941 0 0 0 0 0 0 1147591700 19707235 4163149824 373039104 0 4356256 4356145 914165 2235735 11131616
1790327637404 0 118009 73 2793890529 2747971734 0 0 0 0 0 0 1147635648 19707235 4164587520 472342528 0 4498528 4498417 958668 2269483 11231609
1790327638423 0 148117 2478 2793998602 2748047230 0 0 0 0 0 0 1147674784 19707235 4165513216 620474368 1519616 4645664 4645553 998191 2335222 11475888
1790327639450 0 110216 4455 2794075611 2748160081 0 0 0 0 0 0 1147699549 19707235 4165648384 458096640 27316224 4750048 4749936 1023604 2380791 11737609
1790327640472 0 105017 65 2794156492 2748250711 0 0 0 0 0 0 1147733928 19707235 4166782976 416047104 0 4861152 4861034 1057516 2469204 12011803
1790327641492 0 133852 0 2794255117 2748320455 0 0 0 0 0 0 1147780829 19707235 4167782400 537272320 0 5006560 5006433 1103793 2534174 12242402
1790327642515 0 117990 1542 2794348527 2748428165 0 0 0 0 0 0 1147818930 19707235 4168523776 483287040 18911232 5141664 5141532 1142985 2605729 12534980
1790327643537 0 94980 985 2794439744 2748543097 0 0 0 0 0 0 1147855203 19707235 4169424896 401326080 4202496 5267552 5267414 1178798 2673588 12701028
1790327644559 0 99404 50 2794524954 2748624623 0 0 0 0 0 0 1147901370 19707235 4171292672 395022336 0 5395360 5395215 1224462 2764941 13014971
1790327645581 0 132858 0 2794643399 2748709685 0 0 0 0 0 0 1147941016 19707235 4170850304 529514496 0 5553536 5553382 1265050 2822875 13175754
1790327646609 0 143064 528 2794740370 2748795858 0 0 0 0 0 0 1147977383 19707235 4171259904 596230144 344064 5687232 5687060 1300975 2877019 13386640
1790327647635 0 91313 14 2794822972 2748930905 0 0 0 0 0 0 1148005522 19707235 4171345920 362471424 0 5795584 5795412 1328505 2927098 13681763
1790327648654 0 143051 413 2794943947 2748999606 0 0 0 0 0 0 1148057149 19707235 4172120064 595005440 1757184 5965632 5965459 1380951 2988617 13811674
1790327649681 0 119109 440 2795043990 2749123646 0 0 0 0 0 0 1148090081 19707235 4172750848 499683328 1581056 6096288 6096115 1413820 3088432 14169344
1790327650705 0 98461 0 2795149146 2749249806 0 0 0 0 0 0 1148125077 19707235 4172730368 394416128 0 6235200 6235021 1448118 3159698 14387679
1790327651724 0 148762 73 2795280379 2749330902 0 0 0 0 0 0 1148166936 19707235 4172795904 597385216 0 6407168 6406989 1490406 3229045 14545302
1790327652748 0 100468 1613 2795373271 2749470351 0 0 0 0 0 0 1148205453 19707235 4173209600 418148352 8404992 6536672 6536493 1529256 3296440 14759887
1790327653767 0 113229 70 2795476844 2749562768 0 0 0 0 0 0 1148244769 19707235 4174016512 458199040 0 6674368 6674189 1566451 3359817 14958851
1790327654786 0 144586 0 2795576431 2749630967 0 0 0 0 0 0 1148292720 19707235 4175720448 580587520 0 6818976 6818791 1615855 3418832 15172686
1790327655808 0 132844 1026 2795654844 2749720190 0 0 0 0 0 0 1148329021 19707235 4176879616 548425728 4202496 6933344 6933154 1652592 3492635 15620231
1790327656829 0 101545 0 2795733320 2749830998 0 0 0 0 0 0 1148354722 19707235 4176510976 409329664 2101248 7034464 7034274 1677252 3525211 15811039
1790327657848 0 135299 0 2795856469 2749920260 0 0 0 0 0 0 1148390964 19707235 4176289792 540119040 0 7189632 7189397 1714621 3597684 15977707
1790327658886 0 92848 58 2795967281 2750073658 0 0 0 0 0 0 1148426309 19707235 4175863808 367857664 15376384 7332288 7332082 1749855 3652096 16155541
1790327659927 0 135421 0 2796090420 2750154235 0 0 0 0 0 0 1148473683 19707235 4176310272 547119104 0 7496384 7496174 1795686 3780509 16398758
1790327660945 0 143585 0 2796193105 2750248628 0 0 0 0 0 0 1148510259 19707235 4177072128 579944448 0 7632832 7632607 1832613 3820236 16505613
1790327661967 0 129823 941 2796296710 2750365105 0 0 0 0 0 0 1148543136 19707235 4177649664 536657920 720896 7767008 7766782 1867227 3853335 16636692
1790327662987 0 108594 0 2796385858 2750476400 0 0 0 0 0 0 1148587286 19707235 4178997248 434958336 0 7897792 7897565 1910103 3879048 16745475
1790327664007 0 129319 1606 2796506644 2750574912 0 0 0 0 0 0 1148632190 19707235 4179537920 532959232 11624448 8060000 8059773 1955758 3928904 16841033
1790327665027 0 85736 8 2796592956 2750706345 0 0 0 0 0 0 1148665918 19707235 4180516864 344604672 688128 8177888 8177656 1989279 3984311 17025975
1790327666046 0 109473 0 2796694080 2750783790 0 0 0 0 0 0 1148710906 19707235 4180766720 437059584 0 8321589 8321347 2034022 4048886 17257528
1790327667065 0 146669 0 2796802065 2750854584 0 0 0 0 0 0 1148745735 19707235 4180463616 592551936 0 8460789 8460541 2069224 4117837 17455864
1790327668084 0 120249 0 2796913209 2750992068 0 0 0 0 0 0 1148778376 19707235 4179787776 479084544 0 8599593 8599341 2102469 4177398 17626456
1790327669104 0 144843 803 2797032658 2751086350 0 0 0 0 0 0 1148826430 19707235 4180516864 616136704 6303744 8763241 8762985 2150149 4292476 17808532
1790327670124 0 147251 3536 2797149536 2751197934 0 0 0 0 0 0 1148863797 19707235 4180230144 617123840 6303744 8913225 8912947 2187607 4348183 17974887
1790327671151 0 112333 544 2797226045 2751312307 0 0 0 0 0 0 1148893466 19707235 4181155840 469778432 5447680 9017097 9016819 2216501 4424028 18400572
1790327672173 0 102077 0 2797332267 2751429331 0 0 0 0 0 0 1148932618 19707235 4181262336 403439616 0 9157289 9157011 2256676 4505375 18688466
1790327673203 0 132650 2885 2797462988 2751526611 0 0 0 0 0 0 1148973139 19707235 4181233664 568463360 5681152 9327017 9326736 2296753 4562030 18828629
1790327674225 0 113351 0 2797558786 2751644589 0 0 0 0 0 0 1149014548 19707235 4182392832 451190784 0 9458089 9457805 2338606 4642267 19240760
1790327675244 0 140044 1549 2797690114 2751747644 0 0 0 0 0 0 1149055077 19707235 4181524480 587849728 4202496 9624987 9624690 2378626 4707746 19374232
1790327676267 0 907 13851 2797746928 2751931358 0 0 0 0 0 0 1149080027 19707235 4182368256 2097152 69341184 9702875 9702573 2404082 4752926 19515258
1790327677285 0 144570 7008 2797901674 2751949224 0 0 0 0 0 0 1149135988 19707235 4182323200 621187072 0 9903501 9903194 2459582 4788613 19548701
1790327678305 0 102220 357 2797989586 2752086254 0 0 0 0 0 0 1149160714 19707235 4182671360 427188224 3567616 10014317 10014003 2484429 4864635 19857181
1790327679330 0 79971 72 2798086539 2752205676 0 0 0 0 0 0 1149194677 19707235 4182753280 314855424 0 10138125 10137802 2518403 4903611 19972323
1790327680350 0 126663 0 2798198882 2752271415 0 0 0 0 0 0 1149238519 19707235 4182929408 506400768 0 10288222 10287895 2561645 4954675 20175786
1790327681368 0 141457 5582 2798311230 2752363392 0 0 0 0 0 0 1149273319 19707235 4182712320 596299776 12263424 10434959 10434616 2597438 5048364 20417590
1790327682396 0 114956 542 2798402717 2752486400 0 0 0 0 0 0 1149299886 19707235 4182859776 468930560 4476928 10547343 10547000 2624061 5107345 20713280
1790327683418 0 113714 0 2798502067 2752587536 0 0 0 0 0 0 1149331114 19707235 4182233088 453869568 0 10675055 10674704 2654084 5167704 20916876
1790327684437 0 145647 1612 2798621169 2752673508 0 0 0 0 0 0 1149367516 19707235 4182376448 605331456 4202496 10827663 10827253 2691171 5267851 21087210
1790327685460 0 112857 545 2798710468 2752796294 0 0 0 0 0 0 1149402640 19707235 4183027712 472780800 1568768 10949711 10949328 2726526 5351393 21305576
1790327686479 0 127270 146 2798829636 2752901463 0 0 0 0 0 0 1149444795 19707235 4183875584 509161472 0 11099791 11099402 2767836 5446610 21475125
1790327687504 0 109259 488 2798928612 2753018082 0 0 0 0 0 0 1149482086 19707235 4183920640 449912832 2297856 11230095 11229692 2805632 5530701 21831233
1790327688522 0 112814 42 2799024087 2753110467 0 0 0 0 0 0 1149519994 19707235 4182552576 447913984 0 11358831 11358423 2844089 5603012 22043789
1790327689541 0 145096 0 2799139555 2753193522 0 0 0 0 0 0 1149558465 19707235 4184174592 582262784 0 11507791 11507350 2882100 5675429 22191426
1790327690560 0 121059 3123 2799245191 2753320175 0 0 0 0 0 0 1149588631 19707235 4183646208 516907008 6303744 11640687 11640277 2912642 5782858 22376502
1790327691583 0 150785 53 2799369861 2753418161 0 0 0 0 0 0 1149630066 19707235 4183552000 605138944 0 11795631 11795219 2953185 5864646 22520987
1790327692604 0 118225 7729 2799460277 2753533628 0 0 0 0 0 0 1149654662 19707235 4183277568 481677312 37822464 11909694 11909276 2978755 6021376 22879631
1790327693623 0 125517 558 2799564372 2753637541 0 0 0 0 0 0 1149688748 19707235 4181192704 518508544 3608576 12039710 12039287 3012373 6088937 22977138
1790327694649 0 103363 369 2799653764 2753749177 0 0 0 0 0 0 1149727274 19707235 4183801856 432857088 2531328 12160702 12160276 3050092 6164883 23179039
1790327695673 0 101064 365 2799734266 2753832082 0 0 0 0 0 0 1149764032 19707235 4185251840 409743360 10264576 12273598 12273170 3087797 6223273 23351002
1790327696702 0 105305 1356 2799822193 2753914953 0 0 0 0 0 0 1149790124 19707235 4184510464 439631872 4202496 12382046 12381618 3113376 6321554 23577481
1790327697724 0 102499 0 2799915935 2754012638 0 0 0 0 0 0 1149822412 19707235 4184289280 419852288 2084864 12503390 12502956 3146330 6417816 23858936
1790327698755 0 105822 883 2799985305 2754077788 0 0 0 0 0 0 1149845653 19707235 4183347200 439160832 2101248 12592254 12591816 3169693 6482518 24245382
1790327699774 0 148320 538 2800072481 2754122853 0 0 0 0 0 0 1149876362 19707235 4184035328 608432128 4177920 12707006 12706558 3200453 6557945 24600232
1790327700793 0 129240 0 2800168032 2754237889 0 0 0 0 0 0 1149905743 19707235 4183834624 519008256 0 12825150 12824700 3229324 6627854 24769739
1790327701812 0 113586 0 2800231777 2754317404 0 0 0 0 0 0 1149930722 19707235 4183310336 451567616 0 12908158 12907706 3254318 6698867 25002820
1790327702831 0 138089 0 2800335317 2754396406 0 0 0 0 0 0 1149962574 19707235 4183781376 551825408 0 13038782 13038326 3286180 6727209 25105977
1790327703851 0 141591 2521 2800432803 2754487813 0 0 0 0 0 0 1150000562 19707235 4184772608 598855680 8404992 13172973 13172510 3324138 6813191 25419851
1790327704875 0 111931 1466 2800521509 2754607323 0 0 0 0 0 0 1150033734 19707235 4184993792 470622208 1658880 13292749 13292283 3357282 6844830 25534807
1790327705898 0 119677 277 2800605121 2754684337 0 0 0 0 0 0 1150063581 19707235 4185346048 488042496 3497984 13400653 13400187 3387706 6908342 25719236
1790327706939 0 96562 2511 2800685347 2754785706 0 0 0 0 0 0 1150089925 19707235 4184866816 416911360 5996544 13502125 13501626 3413457 6968990 25934769
1790327707964 0 100937 15 2800772001 2754870174 0 0 0 0 0 0 1150119786 19707235 4184784896 401338368 0 13613645 13613171 3443867 7048672 26144573
1790327708991 0 118216 798 2800854642 2754934805 0 0 0 0 0 0 1150142557 19707235 4184199168 492744704 2072576 13717133 13716656 3466155 7155354 26306085
1790327710019 0 128738 80 2800933054 2755003517 0 0 0 0 0 0 1150174791 19707235 4184657920 527413248 3076096 13822509 13822029 3498148 7210917 26506972
1790327711044 0 130479 4955 2801015705 2755079459 0 0 0 0 0 0 1150198266 19707235 4183814144 556830720 6303744 13923757 13923275 3522128 7440358 26907945
1790327712069 0 101634 1533 2801113253 2755209794 0 0 0 0 0 0 1150234289 19707235 4184784896 431140864 2920448 14049677 14049194 3557386 7519337 27185894
1790327713094 0 139969 0 2801235250 2755294492 0 0 0 0 0 0 1150273370 19707235 4184891392 563101696 0 14206253 14205767 3597030 7589993 27404217
1790327714133 0 107441 3462 2801327718 2755416119 0 0 0 0 0 0 1150310704 19707235 4185444352 470679552 6303744 14333709 14333208 3634276 7638509 27606557
1790327715163 0 120025 227 2801423566 2755502652 0 0 0 0 0 0 1150345041 19707235 4185665536 498184192 3862528 14461677 14461172 3668812 7746445 27941421
1790327716190 0 99527 2026 2801498537 2755596670 0 0 0 0 0 0 1150372378 19707235 4186263552 417640448 3723264 14560333 14559827 3695952 7875015 28340156
1790327717214 0 100486 114 2801580080 2755678640 0 0 0 0 0 0 1150397854 19707235 4186017792 397721600 0 14659597 14659087 3721452 7906519 28564303
1790327718235 0 139922 1 2801698160 2755757406 0 0 0 0 0 0 1150441909 19707235 4185944064 560799744 0 14816153 14815634 3765999 7986535 28798157
1790327719265 0 127160 438 2801783937 2755855701 0 0 0 0 0 0 1150481964 19707235 4186738688 523210752 1925120 14938809 14938290 3805628 8065415 28974899
1790327720292 0 148954 886 2801874765 2755924117 0 0 0 0 0 0 1150515197 19707235 4187521024 613564416 1490944 15059513 15058993 3838813 8175511 29177142
1790327721316 0 139404 0 2801947482 2756007238 0 0 0 0 0 0 1150541807 19707235 4187308032 561033216 0 15154713 15154192 3865697 8238653 29444696
1790327722335 0 117592 47 2802026727 2756108314 0 0 0 0 0 0 1150564543 19707235 4186398720 470093824 0 15250905 15250381 3887593 8347025 29677192
1790327723354 0 115381 1018 2802114988 2756197656 0 0 0 0 0 0 1150591783 19707235 4185628672 479252480 1933312 15362713 15362183 3915623 8445451 29918806
1790327724385 0 126230 613 2802189311 2756261740 0 0 0 0 0 0 1150625662 19707235 4186230784 526909440 1380352 15468089 15467558 3949257 8497563 30081066
1790327725406 0 131100 0 2802273875 2756341854 0 0 0 0 0 0 1150658904 19707235 4186583040 527413248 0 15577220 15576685 3982033 8551955 30214807
1790327726426 0 153413 32 2802373569 2756419342 0 0 0 0 0 0 1150693598 19707235 4186984448 614068224 0 15705828 15705293 4017148 8638723 30393478
1790327727453 0 110529 542 2802482298 2756570566 0 0 0 0 0 0 1150729513 19707235 4186091520 478466048 1757184 15843364 15842822 4052355 8680280 30533919
1790327728488 0 105654 68 2802582325 2756675837 0 0 0 0 0 0 1150755560 19707235 4184993792 422068224 0 15963087 15962542 4078818 8833993 30810081
1790327729507 0 127751 32 2802677775 2756749219 0 0 0 0 0 0 1150792027 19707235 4186116096 510603264 0 16091023 16090477 4116092 8903592 31084775
1790327730526 0 129287 19 2802778828 2756848777 0 0 0 0 0 0 1150822234 19707235 4185636864 516960256 0 16216111 16215563 4145572 8987361 31263710
1790327731545 0 141607 2561 2802896509 2756951516 0 0 0 0 0 0 1150852858 19707235 4184563712 580116480 18608128 16359695 16359143 4176911 9078042 31492866
1790327732565 0 108508 0 2802946610 2757037229 0 0 0 0 0 0 1150869243 19707235 4184391680 433946624 0 16419567 16419015 4192290 9140045 31703353
1790327733584 0 111368 101 2803033975 2757121843 0 0 0 0 0 0 1150897784 19707235 4184494080 439160832 0 16527983 16527430 4221857 9254792 31979323
1790327734603 0 137465 0 2803129984 2757191644 0 0 0 0 0 0 1150933130 19707235 4185165824 554729472 0 16655535 16654980 4256562 9327088 32158660
1790327735627 0 98497 592 2803206279 2757306524 0 0 0 0 0 0 1150957739 19707235 4185255936 422350848 3031040 16752623 16752064 4280788 9391624 32374692
1790327736650 0 98741 26 2803302078 2757402519 0 0 0 0 0 0 1150988507 19707235 4185100288 392884224 0 16871503 16870943 4311079 9439719 32490279
1790327737678 0 98127 78 2803406304 2757507399 0 0 0 0 0 0 1151020975 19707235 4184780800 388730880 0 17004175 17003614 4344376 9493878 32657790
1790327738702 0 109055 785 2803505658 2757595055 0 0 0 0 0 0 1151049436 19707235 4184625152 444059648 1187840 17126287 17125723 4373555 9533112 32810018
1790327739724 0 110353 426 2803595923 2757684367 0 0 0 0 0 0 1151082919 19707235 4185055232 449667072 4202496 17245999 17245431 4406684 9595371 32976178
1790327740750 0 131514 835 2803673964 2757740810 0 0 0 0 0 0 1151112454 19707235 4185505792 540020736 2101248 17348239 17347666 4436217 9658902 33195644
1790327741770 0 116318 19 2803754917 2757837676 0 0 0 0 0 0 1151142249 19707235 4185604096 466808832 0 17450159 17449584 4464786 9733393 33407523
1790327742789 0 113364 0 2803845421 2757931293 0 0 0 0 0 0 1151172397 19707235 4185661440 454365184 0 17565199 17564615 4495475 9768050 33525010
1790327743812 0 105452 2079 2803923204 2758014853 0 0 0 0 0 0 1151196723 19707235 4185649152 438624256 5824512 17667323 17666738 4520803 9847727 33955921
1790327744834 0 106728 494 2803991159 2758083084 0 0 0 0 0 0 1151218942 19707235 4185550848 441962496 3502080 17754491 17753904 4542804 9890681 34184081
1790327745854 0 131538 511 2804080914 2758148039 0 0 0 0 0 0 1151245155 19707235 4185747456 534155264 3764224 17865499 17864911 4569214 9998795 34517094
1790327746874 0 153416 0 2804165128 2758210879 0 0 0 0 0 0 1151277402 19707235 4185829376 616267776 0 17974043 17973432 4600612 10071879 34804796
1790327747897 0 123436 3091 2804239901 2758312485 0 0 0 0 0 0 1151304349 19707235 4186095616 527491072 8327168 18073767 18073152 4628444 10131759 35016155
1790327748930 0 106143 291 2804328861 2758421628 0 0 0 0 0 0 1151337706 19707235 4186587136 435802112 3145728 18189959 18189338 4661494 10199359 35215922
1790327749949 0 115413 0 2804429412 2758513154 0 0 0 0 0 0 1151374272 19707235 4186054656 465186816 0 18320583 18319961 4696818 10255878 35422502
1790327750968 0 109429 1360 2804517627 2758606013 0 0 0 0 0 0 1151397800 19707235 4185538560 460824576 4042752 18428327 18427703 4721368 10350031 35629452
1790327751987 0 147489 0 2804653388 2758705016 0 0 0 0 0 0 1151441980 19707235 4185366528 593199104 0 18600263 18599634 4765057 10438631 35765846
1790327753006 0 146917 2455 2804736821 2758786667 0 0 0 0 0 0 1151471147 19707235 4184772608 600809472 18292736 18710183 18709554 4794926 10493751 35899082
1790327754025 0 135704 3309 2804822007 2758882122 0 0 0 0 0 0 1151498264 19707235 4185366528 570105856 7737344 18817863 18817230 4822236 10645929 36312929
1790327755044 0 91478 701 2804924608 2759031657 0 0 0 0 0 0 1151539781 19707235 4185899008 374771712 22364160 18953459 18952823 4863906 10697589 36443253
1790327756076 0 108731 528 2805009663 2759099694 0 0 0 0 0 0 1151567540 19707235 4185714688 444686336 1441792 19058355 19057716 4891304 10756268 36839158
1790327757100 0 127550 919 2805093060 2759163758 0 0 0 0 0 0 1151594765 19707235 4185718784 521674752 1863680 19162783 19162140 4918296 10818923 37008141
1790327758121 0 135673 1411 2805180495 2759242494 0 0 0 0 0 0 1151619461 19707235 4184469504 561274880 6062080 19268799 19268152 4943365 10872708 37225601
1790327759143 0 123086 5 2805247971 2759324063 0 0 0 0 0 0 1151645523 19707235 4184567808 494993408 0 19355199 19354518 4968416 10976305 37664295
1790327760163 0 108788 0 2805312247 2759402551 0 0 0 0 0 0 1151668227 19707235 4184395776 437305344 0 19439487 19438836 4991305 11115802 38160655
1790327761185 0 103043 66 2805386517 2759482573 0 0 0 0 0 0 1151703327 19707235 4185411584 412368896 0 19546303 19545650 5025909 11166825 38358623
1790327762207 0 148878 2573 2805509290 2759556983 0 0 0 0 0 0 1151738534 19707235 4184625152 607895552 16809984 19696575 19695920 5062610 11226452 38506029
1790327763227 0 116480 1535 2805559997 2759641243 0 0 0 0 0 0 1151757114 19707235 4184670208 480329728 4198400 19760895 19760238 5080986 11263368 38653380
1790327764248 0 139262 506 2805638978 2759698453 0 0 0 0 0 0 1151787989 19707235 4184674304 569823232 3514368 19866367 19865704 5111564 11342830 38914899
1790327765268 0 145718 2040 2805742122 2759793600 0 0 0 0 0 0 1151818035 19707235 4183695360 615665664 1200128 19995519 19994852 5141931 11411637 39129742
1790327766288 0 97401 657 2805841192 2759942271 0 0 0 0 0 0 1151847265 19707235 4183568384 412934144 868352 20118815 20118145 5170352 11467599 39303974
1790327767307 0 99561 699 2805930630 2760029572 0 0 0 0 0 0 1151881863 19707235 4183420928 411234304 5578752 20236589 20235914 5205641 11559933 39512529
1790327768331 0 111464 1896 2806012635 2760098443 0 0 0 0 0 0 1151906916 19707235 4183539712 456159232 2961408 20336653 20335940 5230971 11641131 39736536
1790327769350 0 143732 1337 2806107541 2760161606 0 0 0 0 0 0 1151932737 19707235 4183437312 588664832 3887104 20453613 20452929 5256903 11718606 39989213
1790327770370 0 112809 0 2806161466 2760247772 0 0 0 0 0 0 1151955953 19707235 4183588864 455970816 0 20528205 20527516 5279223 11825022 40458157
1790327771390 0 102596 949 2806238901 2760334427 0 0 0 0 0 0 1151978050 19707235 4182884352 426647552 2838528 20621709 20621020 5301087 11885165 40713551
1790327772409 0 78255 0 2806316174 2760437070 0 0 0 0 0 0 1152007735 19707235 4183621632 312188928 0 20720973 20720283 5330261 11966567 41124748
1790327773447 0 101498 130 2806425125 2760522682 0 0 0 0 0 0 1152042173 19707236 4183928832 407113728 26292224 20859917 20859222 5366214 12012043 41272073
1790327774499 0 113414 1022 2806513368 2760598046 0 0 0 0 0 0 1152061191 19707236 4183072768 448745472 13955072 20961389 20960694 5385272 12051500 41452675
1790327775524 0 118514 15311 2806582608 2760648015 0 0 0 0 0 0 1152088894 19707276 4183298048 485322752 70131712 21052973 21052278 5412749 12076053 41681246
1790327776545 0 145258 0 2806652327 2760706192 0 0 0 0 0 0 1152110606 19707329 4182671360 579436544 0 21135149 21134454 5434051 12104325 41929107
1790327777565 0 89855 146 2806686153 2760795504 0 0 0 0 0 0 1152122660 19707346 4183072768 365027328 2056192 21182285 21181590 5445888 12220367 42215333
1790327778585 0 77223 2201 2806741466 2760861307 0 0 0 0 0 0 1152141526 19707350 4183691264 314753024 13033472 21252237 21251542 5465542 12437808 42686120
1790327779611 0 24532 0 2806782830 2760957365 0 0 0 0 0 0 1152153086 19707350 4183404544 88776704 0 21296237 21295542 5476524 12484335 43093988
1790327780636 0 121589 17268 2806917998 2760978389 0 0 0 0 0 0 1152191816 19707371 4182691840 485441536 79601664 21459213 21458486 5515830 12520919 43158984
1790327781656 0 139275 8486 2806986574 2761037263 0 0 0 0 0 0 1152217546 19707399 4182540288 569364480 44101632 21549069 21548374 5541506 12585885 43288291
1790327782680 0 94310 0 2807023891 2761127974 0 0 0 0 0 0 1152230158 19707425 4182339584 377880576 0 21592813 21592118 5553499 12652407 43758993
1790327783705 0 103818 1462 2807109147 2761202359 0 0 0 0 0 0 1152258270 19707439 4182519808 432943104 5451776 21703885 21703190 5582248 12773228 44163767
1790327784729 0 111427 403 2807187040 2761273649 0 0 0 0 0 0 1152287156 19707439 4183035904 470679552 2031616 21803885 21803190 5610588 12826557 44361469
1790327785759 0 101073 1533 2807298871 2761395023 0 0 0 0 0 0 1152317642 19707439 4182159360 422350848 4202496 21940205 21939510 5641252 12877684 44512412
1790327786808 0 110423 885 2807376917 2761464121 0 0 0 0 0 0 1152348815 19707439 4182511616 459845632 1683456 22046189 22045491 5671850 12959665 44728878
1790327787837 0 122337 1559 2807455465 2761530614 0 0 0 0 0 0 1152378604 19707439 4182757376 498651136 10506240 22151405 22150707 5702228 13009585 44939075
1790327788872 0 130025 691 2807538616 2761606472 0 0 0 0 0 0 1152406320 19707439 4183179264 539185152 1490944 22255789 22255091 5729765 13083131 45116151
1790327789895 0 133991 8662 2807616624 2761672533 0 0 0 0 0 0 1152434861 19707439 4183576576 575782912 6012928 22356237 22355532 5758483 13229833 45481478
1790327790918 0 100690 1909 2807667335 2761763343 0 0 0 0 0 0 1152448411 19707439 4182708224 411021312 13430784 22418637 22417932 5772333 13277051 45778640
1790327791948 0 132340 168 2807757611 2761823665 0 0 0 0 0 0 1152473865 19707439 4182257664 539934720 3997696 22528557 22527851 5797491 13391007 46074211
1790327792969 0 126905 0 2807835855 2761907477 0 0 0 0 0 0 1152501293 19707439 4181966848 504938496 0 22626925 22626218 5824742 13497711 46397380
1790327793990 0 126167 0 2807917427 2761989807 0 0 0 0 0 0 1152531518 19707439 4182257664 508157952 0 22734189 22733450 5853616 13625609 46738924
1790327795009 0 117776 0 2807999999 2762080610 0 0 0 0 0 0 1152562013 19707439 4182507520 473858048 0 22841261 22840554 5884959 13706233 46921062
1790327796030 0 102659 850 2808067803 2762162766 0 0 0 0 0 0 1152583974 19707439 4182822912 418291712 1597440 22928988 22928280 5907391 13870145 47284153
1790327797054 0 1227 59508 2808110565 2762248362 0 0 0 0 0 0 1152596009 19707439 4182671360 2682880 250048512 22982172 22981463 5919923 13923075 47374133
1790327798074 0 1 0 2808110617 2762309148 0 0 0 0 0 0 1152640694 19707439 4180316160 0 0 23024572 23023863 5961748 13945611 47954484
1790327799093 0 1 0 2808110617 2762309148 0 0 0 0 0 0 1152782211 19707439 4192710656 0 0 23163977 23163253 6104164 14015417 48107534
1790327800112 0 1 0 2808110617 2762309148 0 0 0 0 0 0 1152914560 19707439 4204412928 0 0 23293865 23293138 6236906 14055882 48187141
1790327801131 0 2 0 2808110618 2762309148 0 0 0 0 0 0 1153030216 19707440 3623874560 4096 0 23411005 23410246 6354136 14104924 48299276
