1790322332691 0 49 0 2367336866 2321555999 0 0 0 0 0 0 945215102 19082411 - - - - - - - -
1790322333998 0 154763 471 2367630216 2321694153 0 0 0 0 0 0 945215102 19082486 1047076864 637595648 389120 0 0 0 0 209431
1790322335161 0 150826 4104 2367796013 2321860328 0 0 0 0 0 0 945215102 19082486 1867902976 622444544 8069120 0 0 0 0 509427
1790322336180 0 152967 956 2367961818 2322027085 0 0 0 0 0 0 945215102 19082486 2543144960 618840064 4202496 0 0 0 0 774190
1790322337199 0 151439 2064 2368120481 2322186057 0 0 0 0 0 0 945215102 19082486 3193270272 602705920 18911232 0 0 0 0 1094560
1790322338219 0 151343 644 2368266930 2322334071 0 0 0 0 0 0 945215102 19082486 3798818816 619868160 2101248 0 0 0 0 1420899
1790322339238 0 116937 3026 2368382876 2322482024 0 0 0 0 0 0 945215520 19082486 4160630784 502202368 3297280 29568 29568 408 16661 1695964
1790322340257 0 122006 601 2368499845 2322596358 0 0 0 0 0 0 945219752 19082486 4159602688 497995776 4202496 150048 150048 4676 75028 1924928
1790322341278 0 119437 1013 2368604528 2322703242 0 0 0 0 0 0 945228356 19082486 4159045632 495079424 7118848 264480 264480 12742 128760 2168777
1790322342298 0 120033 12312 2368725517 2322812402 0 0 0 0 0 0 945236389 19082486 4158218240 521994240 23420928 393568 393568 21287 190724 2426527
1790322343324 0 113879 997 2368810133 2322914451 0 0 0 0 0 0 945250591 19082486 4158337024 475648000 4202496 491040 491040 34724 224903 2708178
1790322344353 0 115921 1324 2368924532 2323026775 0 0 0 0 0 0 945263076 19082486 4158349312 475680768 4202496 616896 616864 47682 308150 3074558
1790322345379 0 101149 587 2369039610 2323157138 0 0 0 0 0 0 945276220 19082486 4158152704 404930560 5230592 744576 744576 61187 381721 3438760
1790322346399 0 113544 1177 2369159154 2323263796 0 0 0 0 0 0 945294848 19082486 4158406656 464375808 6303744 884320 884320 79822 448956 3677933
1790322347426 0 124086 1075 2369275434 2323369401 0 0 0 0 0 0 945314973 19082486 4158599168 510603264 10371072 1020864 1020857 99415 491772 3839539
1790322348448 0 125709 0 2369374795 2323468287 0 0 0 0 0 0 945335396 19082486 4159385600 513904640 6303744 1141600 1141592 120002 568849 4119904
1790322349470 0 125165 5645 2369487211 2323575605 0 0 0 0 0 0 945359008 19082486 4159922176 512704512 33619968 1277696 1277682 143623 662697 4550154
1790322350493 0 115888 1015 2369580091 2323682330 0 0 0 0 0 0 945377670 19082486 4160020480 483217408 2097152 1388160 1388146 162282 749222 5014341
1790322351519 0 92882 1626 2369658549 2323783322 0 0 0 0 0 0 945397447 19082486 4160409600 395034624 4202496 1487680 1487666 182367 825730 5421183
1790322352538 0 106439 0 2369755883 2323868497 0 0 0 0 0 0 945423453 19082486 4160983040 426553344 0 1607424 1607410 207331 867029 5599999
1790322353558 0 122087 0 2369854872 2323952079 0 0 0 0 0 0 945451931 19082486 4161843200 485081088 0 1734240 1734173 236913 915556 5788456
1790322354576 0 131708 12945 2369954949 2324029458 0 0 0 0 0 0 945482589 19082486 4162101248 539635712 62525440 1868320 1868285 267352 964184 5991162
1790322355595 0 104667 851 2370033903 2324147718 0 0 0 0 0 0 945500366 19082486 4161712128 434692096 6504448 1964512 1964477 284945 1005337 6342480
1790322356614 0 87597 127 2370110394 2324241865 0 0 0 0 0 0 945531624 19082486 4163063808 349298688 0 2068928 2068893 315155 1058657 6671606
1790322357634 0 108332 0 2370224549 2324335226 0 0 0 0 0 0 945567476 19082486 4163272704 433197056 0 2218976 2218909 351392 1155998 6952952
1790322358653 0 144315 6608 2370345912 2324414301 0 0 0 0 0 0 945602814 19082486 4163227648 617156608 0 2376064 2376028 387469 1198198 7149661
1790322359676 0 126180 1563 2370441448 2324532846 0 0 0 0 0 0 945628913 19082499 4162043904 510603264 14708736 2498720 2498682 413375 1229859 7278156
1790322360695 0 118086 540 2370531757 2324632349 0 0 0 0 0 0 945661623 19082499 4162007040 486674432 1077248 2622848 2622807 446162 1271319 7420424
1790322361718 0 92385 501 2370616914 2324743183 0 0 0 0 0 0 945683437 19082499 4161892352 384720896 4202496 2729664 2729621 467709 1313988 7635604
1790322362740 0 102554 0 2370708711 2324825308 0 0 0 0 0 0 945724907 19082499 4162666496 416047104 0 2861568 2861515 508523 1360399 7818746
1790322363761 0 118258 0 2370805957 2324906877 0 0 0 0 0 0 945762142 19082499 4163063808 470245376 0 2993344 2993291 545996 1411429 8035210
1790322364781 0 141619 2565 2370911480 2324986559 0 0 0 0 0 0 945794978 19082499 4162600960 592551936 4124672 3134400 3134345 579699 1503523 8430834
1790322365805 0 126645 1028 2370998668 2325090131 0 0 0 0 0 0 945825853 19082499 4162433024 523210752 4202496 3252448 3252380 610464 1549205 8665403
1790322366829 0 109288 3658 2371091476 2325197771 0 0 0 0 0 0 945849210 19082499 4161695744 456355840 6303744 3367808 3367740 633712 1631585 9067432
1790322367848 0 131091 0 2371189937 2325277883 0 0 0 0 0 0 945888619 19082499 4161458176 528289792 0 3504096 3504028 671721 1696003 9339732
1790322368879 0 133438 533 2371285465 2325370730 0 0 0 0 0 0 945927146 19082499 4161286144 545923072 21012480 3642016 3641947 711905 1748437 9607369
1790322369906 0 120496 4172 2371371161 2325465672 0 0 0 0 0 0 945971170 19082499 4162293760 516993024 2015232 3769312 3769238 755272 1790462 9735251
1790322370933 0 82865 13274 2371457667 2325580616 0 0 0 0 0 0 945999095 19082499 4161753088 403439616 12607488 3885088 3885011 783697 1894822 10037425
1790322371972 0 98558 0 2371546712 2325667314 0 0 0 0 0 0 946035259 19082499 4162301952 393424896 0 4007776 4007689 819552 2013833 10472185
1790322372992 0 135589 0 2371656204 2325739647 0 0 0 0 0 0 946074664 19082499 4162809856 543989760 0 4155648 4155561 858452 2091272 10600133
1790322374011 0 113615 1314 2371740160 2325844296 0 0 0 0 0 0 946104964 19082499 4163072000 465215488 17928192 4273536 4273449 889721 2138699 10787288
1790322375037 0 90792 0 2371818079 2325946517 0 0 0 0 0 0 946134833 19082499 4163190784 361750528 0 4378400 4378290 919093 2233681 11138142
1790322376058 0 130719 0 2371935609 2326023980 0 0 0 0 0 0 946183056 19082499 4164952064 523210752 0 4543584 4543474 967823 2306581 11252423
1790322377082 0 85585 21315 2372031750 2326144031 0 0 0 0 0 0 946218381 19082499 4165648384 445456384 16670720 4677216 4677106 1003127 2331881 11424598
1790322378103 0 110058 0 2372136451 2326245596 0 0 0 0 0 0 946260199 19082499 4166287360 437145600 0 4820512 4820402 1045004 2392737 11581235
1790322379123 0 121544 0 2372231387 2326328985 0 0 0 0 0 0 946305415 19082499 4167819264 489590784 0 4959648 4959495 1088554 2459505 11992299
1790322380142 0 146217 2117 2372337585 2326408384 0 0 0 0 0 0 946351726 19082499 4168708096 616345600 5062656 5114784 5114654 1136019 2506975 12117335
1790322381165 0 100082 10390 2372419643 2326528402 0 0 0 0 0 0 946384348 19082499 4169302016 413945856 54632448 5230176 5230045 1169127 2561021 12385148
1790322382185 0 137384 0 2372519111 2326600875 0 0 0 0 0 0 946434245 19082499 4171354112 549171200 0 5375136 5374994 1218994 2620583 12546405
1790322383209 0 116982 613 2372622718 2326724331 0 0 0 0 0 0 946469571 19082499 4170616832 499380224 1720320 5516000 5515854 1253308 2690053 12814564
1790322384238 0 86162 140 2372709947 2326842862 0 0 0 0 0 0 946499668 19082499 4170186752 342503424 14708736 5631584 5631436 1284479 2741610 12949414
1790322385259 0 151063 0 2372841025 2326909097 0 0 0 0 0 0 946547485 19082499 4171145216 609361920 0 5807904 5807749 1331237 2832396 13166063
1790322386280 0 114971 509 2372926358 2327030145 0 0 0 0 0 0 946586567 19082499 4171771904 485388288 4202496 5933184 5933027 1370996 2891966 13486160
1790322387300 0 128814 0 2373034898 2327125070 0 0 0 0 0 0 946623544 19082499 4172398592 515137536 0 6072160 6072003 1407333 2965629 13640879
1790322388319 0 132422 1363 2373149328 2327234754 0 0 0 0 0 0 946661656 19082499 4172689408 554323968 6279168 6226688 6226498 1446045 3052443 13920378
1790322389339 0 93874 41 2373238710 2327363962 0 0 0 0 0 0 946686657 19082499 4172656640 375930880 0 6337728 6337565 1470380 3099864 14133795
1790322390358 0 147449 1307 2373364819 2327435301 0 0 0 0 0 0 946736616 19082499 4173287424 623009792 0 6512352 6512188 1520033 3218144 14366094
1790322391377 0 108752 43 2373460737 2327571240 0 0 0 0 0 0 946770430 19082499 4173770752 431140864 0 6636672 6636476 1555201 3294476 14666670
1790322392397 0 152214 0 2373570502 2327637385 0 0 0 0 0 0 946823837 19082499 4175224832 611545088 0 6795456 6795290 1607162 3341530 14787225
1790322393416 0 149774 1529 2373666464 2327734310 0 0 0 0 0 0 946868958 19082499 4176797696 621969408 0 6935292 6935120 1652925 3434531 15009120
1790322394439 0 70229 11668 2373738840 2327876041 0 0 0 0 0 0 946890825 19082499 4176384000 287870976 61902848 7030972 7030798 1675622 3490217 15216153
1790322395460 0 112404 42 2373856421 2327963035 0 0 0 0 0 0 946927182 19082499 4176416768 447352832 0 7177692 7177510 1711493 3553498 15392254
1790322396481 0 130291 2146 2373980366 2328067323 0 0 0 0 0 0 946967165 19082499 4175704064 560590848 442368 7340918 7340722 1751713 3593877 15466269
1790322397505 0 102703 57 2374081520 2328198013 0 0 0 0 0 0 947004346 19082499 4176011264 409899008 0 7471798 7471599 1788146 3654064 15729464
1790322398525 0 118999 101 2374180988 2328281251 0 0 0 0 0 0 947041428 19082499 4176855040 477040640 0 7604704 7604497 1825110 3743537 16037408
1790322399544 0 142580 495 2374298531 2328374628 0 0 0 0 0 0 947080068 19082499 4177502208 584499200 14295040 7760800 7760577 1864727 3813026 16186632
1790322400562 0 104591 12 2374390856 2328505457 0 0 0 0 0 0 947122584 19082499 4178653184 420249600 0 7890176 7889952 1906147 3874037 16424303
1790322401582 0 152875 73 2374510900 2328577267 0 0 0 0 0 0 947168920 19082499 4179742720 613564416 0 8052512 8052288 1953146 3961597 16622969
1790322402604 0 93997 15852 2374601678 2328711174 0 0 0 0 0 0 947204906 19082499 4180426752 464699392 1966080 8178656 8178428 1989165 4006575 16780138
1790322403625 0 122864 72 2374696631 2328792817 0 0 0 0 0 0 947246555 19082499 4180529152 491692032 0 8312000 8311763 2031211 4033977 16890353
1790322404644 0 124063 0 2374797836 2328892855 0 0 0 0 0 0 947281198 19082499 4180361216 502198272 0 8443776 8443532 2064195 4098069 17037212
1790322405664 0 151097 1590 2374923610 2328990325 0 0 0 0 0 0 947318004 19082499 4179554304 619544576 0 8600800 8600517 2101745 4164424 17189364
1790322406688 0 105232 448 2375011760 2329125198 0 0 0 0 0 0 947351431 19082499 4179873792 436953088 3137536 8720756 8720502 2135973 4219714 17492766
1790322407707 0 126007 0 2375126026 2329219123 0 0 0 0 0 0 947394793 19082499 4180430848 502034432 0 8872488 8872212 2179030 4292630 17690722
1790322408726 0 122587 28 2375231367 2329327932 0 0 0 0 0 0 947430490 19082499 4181106688 491716608 0 9010908 9010626 2214647 4396225 17905277
1790322409745 0 149401 59 2375337780 2329407583 0 0 0 0 0 0 947470681 19082499 4181291008 598855680 0 9152348 9152066 2254973 4517733 18179545
1790322410768 0 97041 2870 2375436617 2329555898 0 0 0 0 0 0 947502414 19082499 4181164032 420249600 8101888 9283868 9283583 2287042 4620246 18359167
1790322411787 0 144666 6135 2375560263 2329628597 0 0 0 0 0 0 947551710 19082499 4182036480 624070656 0 9450140 9449852 2334962 4714514 18529703
1790322412812 0 93107 11821 2375653315 2329767676 0 0 0 0 0 0 947583189 19082499 4182073344 423768064 6303744 9569998 9569703 2367636 4763594 18715875
1790322413837 0 100592 10248 2375754448 2329862789 0 0 0 0 0 0 947618783 19082499 4182007808 460173312 4202496 9701998 9701688 2403540 4808409 18927586
1790322414869 0 89251 0 2375844604 2329974501 0 0 0 0 0 0 947650596 19082499 4181569536 358699008 0 9817454 9817134 2433868 4842684 18948748
1790322415888 0 126331 0 2375979646 2330072485 0 0 0 0 0 0 947695328 19082499 4182228992 504299520 0 9989599 9989270 2479580 4916504 19044651
1790322416910 0 122535 793 2376091233 2330187102 0 0 0 0 0 0 947732951 19082499 4182503424 512704512 6303744 10134623 10134284 2516722 4953497 19145688
1790322417932 0 111295 0 2376202594 2330310517 0 0 0 0 0 0 947775297 19082499 4182257664 447557632 0 10280799 10280457 2558074 5022820 19327543
1790322418951 0 149285 2555 2376318105 2330385434 0 0 0 0 0 0 947811941 19082499 4182667264 615665664 4202496 10430448 10430100 2596420 5110675 19569939
1790322419976 0 144433 0 2376404067 2330478781 0 0 0 0 0 0 947835656 19082499 4182667264 575401984 0 10536944 10536549 2620425 5146514 19711938
1790322421001 0 102554 0 2376462479 2330579054 0 0 0 0 0 0 947854070 19082499 4182048768 413945856 0 10613296 10612933 2637330 5242326 20012219
1790322422025 0 97452 2111 2376541507 2330661072 0 0 0 0 0 0 947876637 19082499 4181893120 407642112 6303744 10713872 10713507 2660916 5324708 20257693
1790322423044 0 116437 0 2376629704 2330732443 0 0 0 0 0 0 947907102 19082499 4182462464 466477056 0 10825360 10824988 2690911 5398638 20499512
1790322424063 0 145165 3577 2376730283 2330800588 0 0 0 0 0 0 947946720 19082499 4183150592 590450688 22532096 10964208 10963813 2731211 5429232 20596924
1790322425082 0 146415 0 2376800363 2330873005 0 0 0 0 0 0 947973157 19082499 4183908352 588541952 0 11053456 11053061 2756939 5512877 21012528
1790322426101 0 122508 0 2376874386 2330970995 0 0 0 0 0 0 948000327 19082499 4184420352 491692032 0 11150847 11150451 2784115 5659071 21326181
1790322427122 0 135385 0 2376958045 2331041789 0 0 0 0 0 0 948031144 19082499 4183986176 544043008 0 11259359 11258952 2815386 5700317 21551344
1790322428142 0 113492 0 2377030043 2331135669 0 0 0 0 0 0 948058506 19082499 4184014848 455045120 0 11355935 11355528 2842815 5796088 21867582
1790322429169 0 103384 72 2377104085 2331219759 0 0 0 0 0 0 948079308 19082499 4184264704 408854528 0 11446399 11445992 2864043 5921613 22233852
1790322430191 0 111294 0 2377201269 2331309130 0 0 0 0 0 0 948111925 19082499 4184141824 448192512 0 11570527 11570118 2895219 5988276 22386354
1790322431219 0 89447 242 2377269505 2331399014 0 0 0 0 0 0 948134322 19082499 4183089152 367214592 4124672 11659711 11659302 2918282 6190026 22795024
1790322432244 0 108222 1553 2377361755 2331471244 0 0 0 0 0 0 948162445 19082499 4183404544 460173312 6303744 11776927 11776517 2946577 6240974 22902901
1790322433284 0 111954 1013 2377441354 2331547742 0 0 0 0 0 0 948188065 19082499 4181426176 468758528 2101248 11875647 11875234 2972332 6304487 23086727
1790322434306 0 143584 1436 2377543384 2331617527 0 0 0 0 0 0 948224505 19082499 4183728128 592683008 10108928 12010239 12009819 3009339 6369104 23232240
1790322435326 0 139075 0 2377629208 2331709271 0 0 0 0 0 0 948252871 19082499 4183695360 563355648 0 12115071 12114650 3035929 6463688 23429559
1790322436344 0 144473 0 2377710770 2331785342 0 0 0 0 0 0 948295080 19082499 4184940544 582045696 0 12232383 12231960 3078880 6562928 23618185
1790322437365 0 132541 4940 2377805687 2331887429 0 0 0 0 0 0 948322751 19082499 4184469504 544223232 29417472 12353407 12352980 3107317 6648336 23857290
1790322438386 0 138555 2517 2377893358 2331971686 0 0 0 0 0 0 948350352 19082499 4184256512 559632384 20152320 12462495 12462065 3135139 6715452 23988006
1790322439410 0 111857 7212 2377972412 2332072584 0 0 0 0 0 0 948377368 19082499 4183478272 483287040 6303744 12564287 12563854 3161833 6929009 24394946
1790322440435 0 93958 2977 2378050176 2332172386 0 0 0 0 0 0 948409782 19082499 4184117248 403853312 1687552 12669023 12668588 3193815 6982148 24605033
1790322441463 0 94758 9062 2378140739 2332255987 0 0 0 0 0 0 948431101 19082499 4182241280 393871360 27316224 12775839 12775402 3215890 7072696 24957732
1790322442484 0 127548 924 2378224574 2332315470 0 0 0 0 0 0 948462960 19082499 4183740416 527413248 6303744 12889151 12888708 3247561 7158783 25224047
1790322443504 0 139640 305 2378309449 2332388541 0 0 0 0 0 0 948489850 19082499 4183740416 563302400 1691648 12992223 12991776 3274654 7196446 25408714
1790322444523 0 141746 0 2378375615 2332452979 0 0 0 0 0 0 948518345 19082499 4184285184 566444032 0 13083999 13083548 3302306 7264532 25644174
1790322445542 0 104390 501 2378431280 2332545543 0 0 0 0 0 0 948533545 19082499 4184461312 427036672 5820416 13155935 13155483 3318354 7336965 25920050
1790322446562 0 119541 1805 2378510538 2332608316 0 0 0 0 0 0 948565467 19082499 4184592384 499781632 4026368 13265183 13264728 3350133 7400882 26124119
1790322447587 0 136749 491 2378594172 2332676014 0 0 0 0 0 0 948595783 19082499 4185358336 561582080 5754880 13374029 13373567 3380544 7485130 26318660
1790322448622 0 122580 0 2378654724 2332751300 0 0 0 0 0 0 948617259 19082499 4184571904 493793280 0 13450701 13450237 3401002 7569999 26534836
1790322449641 0 142051 65 2378741396 2332818503 0 0 0 0 0 0 948647240 19082499 4185083904 569778176 0 13562125 13561659 3430842 7668914 26762548
1790322450661 0 133291 0 2378820626 2332906418 0 0 0 0 0 0 948669349 19082499 4184653824 537919488 0 13660685 13660219 3452928 7820788 27099774
1790322451682 0 102531 33 2378873372 2332989988 0 0 0 0 0 0 948688132 19082499 4184260608 413650944 0 13729005 13728539 3471405 7882792 27389372
1790322452706 0 113432 1942 2378959076 2333062872 0 0 0 0 0 0 948719284 19082499 4184494080 477618176 3567616 13844077 13843610 3503863 7916896 27496537
1790322453742 0 144287 352 2379049387 2333123932 0 0 0 0 0 0 948745620 19082499 4183834624 588746752 3805184 13953453 13952986 3530357 7992531 27680841
1790322454762 0 107447 99 2379104025 2333215776 0 0 0 0 0 0 948767031 19082499 4184555520 429015040 0 14023501 14023033 3550205 8072211 28098471
1790322455781 0 122798 0 2379190736 2333287008 0 0 0 0 0 0 948795622 19082499 4184403968 489115648 0 14135213 14134741 3579933 8174969 28442723
1790322456801 0 105130 0 2379260022 2333374007 0 0 0 0 0 0 948820049 19082499 4184997888 420999168 0 14226669 14226193 3603426 8222089 28663571
1790322457826 0 104747 4002 2379332266 2333442781 0 0 0 0 0 0 948847678 19082499 4185305088 440164352 16523264 14326637 14326157 3632143 8272541 28857649
1790322458858 0 132979 243 2379422111 2333508053 0 0 0 0 0 0 948881250 19082499 4185747456 546361344 1978368 14445498 14445002 3664992 8316030 28996375
1790322459882 0 142442 3534 2379518302 2333591461 0 0 0 0 0 0 948915928 19082499 4186152960 598458368 1585152 14570886 14570384 3700398 8419199 29237991
1790322460901 0 132335 1026 2379601852 2333687660 0 0 0 0 0 0 948940645 19082499 4185280512 544223232 6303744 14676582 14676079 3724891 8483226 29509570
1790322461920 0 143838 998 2379688227 2333762596 0 0 0 0 0 0 948974348 19082499 4185935872 594997248 3858432 14792338 14791830 3759070 8557678 29773878
1790322462942 0 119654 884 2379765576 2333864132 0 0 0 0 0 0 949006614 19082499 4185894912 495894528 6303744 14897138 14896618 3790902 8598935 29929427
1790322463970 0 98935 0 2379849126 2333969342 0 0 0 0 0 0 949042572 19082499 4187594752 393682944 0 15012338 15011817 3826876 8675695 30180821
1790322464992 0 101716 0 2379931404 2334048858 0 0 0 0 0 0 949072479 19082499 4187357184 412327936 4964352 15121042 15120520 3856085 8803951 30532742
1790322466013 0 113817 828 2380014197 2334118622 0 0 0 0 0 0 949099477 19082499 4186656768 467546112 5439488 15227122 15226598 3884065 8850131 30692115
1790322467042 0 136672 803 2380113542 2334195190 0 0 0 0 0 0 949128109 19082499 4185796608 565129216 4177920 15347826 15347296 3912618 8913614 30920705
1790322468065 0 123610 0 2380181738 2334277337 0 0 0 0 0 0 949154842 19082499 4185894912 495894528 0 15438098 15437567 3939126 8984137 31142688
1790322469084 0 124616 0 2380257720 2334352235 0 0 0 0 0 0 949188297 19082499 4186210304 500781056 0 15542514 15541982 3972144 9043331 31442726
1790322470103 0 114479 0 2380339934 2334444575 0 0 0 0 0 0 949217744 19082499 4186828800 454328320 0 15649618 15649085 4002511 9106927 31661219
1790322471122 0 103653 510 2380422882 2334537973 0 0 0 0 0 0 949246474 19082499 4186648576 430510080 2248704 15758674 15758136 4029941 9190813 31998780
1790322472145 0 117434 531 2380504443 2334605637 0 0 0 0 0 0 949273997 19082499 4186005504 476409856 3289088 15858578 15858003 4058758 9302607 32250501
1790322473169 0 122595 1562 2380583452 2334678517 0 0 0 0 0 0 949292654 19082499 4185174016 509870080 3510272 15953906 15953328 4077106 9406079 32495059
1790322474188 0 107982 56 2380671012 2334782168 0 0 0 0 0 0 949328495 19082499 4186091520 429961216 0 16070738 16070190 4112841 9469995 32653121
1790322475215 0 141762 6699 2380803280 2334873927 0 0 0 0 0 0 949366851 19082499 4185452544 578420736 37822464 16236658 16236109 4151641 9530360 32769595
1790322476240 0 97922 644 2380855776 2334976249 0 0 0 0 0 0 949380655 19082499 4185260032 405540864 1163264 16298162 16297613 4165286 9663130 33107449
1790322477264 0 119957 431 2380945914 2335044624 0 0 0 0 0 0 949404254 19082499 4184145920 495894528 1384448 16407250 16406700 4188314 9791812 33527784
1790322478284 0 145967 543 2381044652 2335117384 0 0 0 0 0 0 949437483 19082499 4184363008 600379392 4780032 16531550 16530999 4222240 9880857 33714550
1790322479305 0 134121 0 2381118520 2335203562 0 0 0 0 0 0 949461839 19082499 4184580096 537919488 0 16623710 16623156 4246129 9981164 34144754
1790322480337 0 133104 459 2381211375 2335296980 0 0 0 0 0 0 949495015 19082499 4185219072 556699648 4182016 16745630 16745075 4278817 10021870 34350810
1790322481359 0 139610 722 2381302210 2335381308 0 0 0 0 0 0 949522548 19082499 4184920064 571539456 10432512 16858635 16858072 4307047 10096325 34621855
1790322482380 0 119988 0 2381365805 2335464967 0 0 0 0 0 0 949550481 19082499 4185583616 485388288 0 16945771 16945208 4333690 10139891 34837508
1790322483400 0 101549 0 2381448976 2335566542 0 0 0 0 0 0 949569102 19082499 4184752128 403439616 0 17043563 17042999 4353875 10249213 35264253
1790322484419 0 119799 8 2381547674 2335647076 0 0 0 0 0 0 949601727 19082499 4184588288 481886208 0 17167627 17167062 4384997 10316700 35444180
1790322485438 0 145267 26 2381652835 2335726614 0 0 0 0 0 0 949638241 19082499 4184735744 582746112 0 17303403 17302836 4422368 10378156 35612050
1790322486459 0 136428 0 2381731944 2335814638 0 0 0 0 0 0 949666625 19082499 4185432064 544223232 0 17403275 17402699 4451491 10457384 35837753
1790322487481 0 108726 580 2381790357 2335900262 0 0 0 0 0 0 949688805 19082499 4185636864 437379072 1781760 17479915 17479339 4473290 10530481 36279942
1790322488507 0 125272 375 2381877033 2335970590 0 0 0 0 0 0 949716719 19082499 4185546752 506097664 2215936 17590219 17589641 4501563 10579993 36451640
1790322489526 0 146009 1434 2381967058 2336038807 0 0 0 0 0 0 949744338 19082499 4184911872 595755008 14254080 17705867 17705284 4529232 10643835 36627275
1790322490544 0 144935 1547 2382062064 2336134770 0 0 0 0 0 0 949776831 19082499 4185354240 602419200 3387392 17831275 17830691 4561439 10718316 36793066
1790322491563 0 145057 48 2382147264 2336221262 0 0 0 0 0 0 949805269 19082499 4185714688 582045696 0 17935862 17935277 4589546 10786523 36982324
1790322492584 0 98477 0 2382198035 2336318727 0 0 0 0 0 0 949826609 19082499 4186021888 397135872 0 18005398 18004811 4609755 10912464 37415796
1790322493608 0 98514 10 2382268342 2336388906 0 0 0 0 0 0 949852606 19082499 4186185728 397135872 2101248 18097558 18096952 4637174 11077949 37819701
1790322494637 0 109822 878 2382347457 2336455836 0 0 0 0 0 0 949879781 19082499 4186435584 454406144 5980160 18199190 18198584 4664347 11151910 38028403
1790322495656 0 101969 500 2382432717 2336549597 0 0 0 0 0 0 949908963 19082499 4186128384 420786176 6303744 18310134 18309526 4693585 11310880 38340518
1790322496674 0 113827 1120 2382521948 2336626297 0 0 0 0 0 0 949935232 19082499 4185391104 473092096 5988352 18420374 18419766 4719514 11418133 38546071
1790322497701 0 124147 2551 2382623003 2336715564 0 0 0 0 0 0 949964925 19082499 4184829952 525307904 2101248 18545526 18544915 4748980 11521449 38835517
1790322498723 0 115281 27 2382681869 2336785746 0 0 0 0 0 0 949984812 19082499 4184965120 458584064 0 18620150 18619538 4769064 11574901 38999805
1790322499761 0 115362 1404 2382748532 2336851018 0 0 0 0 0 0 950009077 19082499 4185153536 473473024 5775360 18705910 18705266 4793544 11696252 39390028
1790322500788 0 129396 1422 2382824014 2336912303 0 0 0 0 0 0 950032928 19082499 4185284608 538365952 3756032 18802966 18802353 4817397 11787475 39726716
1790322501815 0 135062 5439 2382911211 2336989854 0 0 0 0 0 0 950062761 19082499 4185513984 570855424 6131712 18911350 18910735 4847226 11850371 40049903
1790322502836 0 143267 3451 2382979968 2337052398 0 0 0 0 0 0 950091570 19082499 4186046464 584720384 20439040 19005238 19004623 4876035 11916478 40262001
1790322503876 0 125851 12087 2383053239 2337134478 0 0 0 0 0 0 950116915 19082499 4185763840 515727360 78925824 19100598 19099980 4901497 12005942 40621035
1790322504924 0 149326 0 2383137525 2337207324 0 0 0 0 0 0 950143679 19082499 4185489408 594509824 0 19200246 19199625 4928481 12045360 40805664
1790322505962 0 98491 0 2383197657 2337318321 0 0 0 0 0 0 950163171 19082499 4184690688 395034624 2101248 19273718 19273095 4945593 12097112 41154021
1790322507009 0 129867 149 2383287956 2337377183 0 0 0 0 0 0 950193778 19082499 4184518656 523210752 2101248 19390358 19389733 4978570 12141971 41286683
1790322508028 0 145291 4966 2383372028 2337440931 0 0 0 0 0 0 950223803 19082499 4184776704 603463680 10506240 19502275 19501647 5008310 12253644 41577400
1790322509047 0 104006 698 2383418002 2337532409 0 0 0 0 0 0 950244296 19082499 4185300992 430755840 3260416 19569379 19568751 5028900 12302141 41925037
1790322510067 0 100408 724 2383499012 2337617403 0 0 0 0 0 0 950268756 19082499 4184735744 410480640 1937408 19665315 19664686 5053325 12345805 42073401
1790322511101 0 114386 4625 2383578470 2337678680 0 0 0 0 0 0 950297617 19082499 4184858624 489816064 6078464 19768835 19768204 5081916 12427318 42270114
1790322512125 0 132321 2928 2383652463 2337736367 0 0 0 0 0 0 950324866 19082499 4184518656 552628224 5238784 19866435 19865800 5109475 12479188 42510478
1790322513144 0 128712 0 2383730305 2337820807 0 0 0 0 0 0 950347660 19082499 4184244224 514805760 0 19960291 19959656 5131923 12551293 42765659
1790322514163 0 148941 0 2383837808 2337908018 0 0 0 0 0 0 950379929 19082499 4183633920 603058176 0 20095619 20094979 5163171 12608095 42917237
1790322515182 0 149908 1460 2383930042 2337997863 0 0 0 0 0 0 950414474 19082499 4183633920 617496576 6184960 20216387 20215741 5198956 12722136 43286529
1790322516202 0 139481 2 2384001953 2338081610 0 0 0 0 0 0 950435837 19082499 4183453696 559550464 0 20304227 20303576 5220137 12760177 43586208
1790322517221 0 121157 862 2384071149 2338168273 0 0 0 0 0 0 950455667 19082499 4183175168 501415936 1728512 20391747 20391095 5240180 12804893 43759982
1790322518240 0 113193 61 2384148579 2338254460 0 0 0 0 0 0 950482660 19082499 4183441408 451768320 0 20489987 20489332 5266956 12894813 44101090
1790322519266 0 115385 511 2384240404 2338343745 0 0 0 0 0 0 950511192 19082499 4182892544 474738688 2084864 20604547 20603890 5295149 12940266 44282158
1790322520292 0 121996 657 2384318943 2338415374 0 0 0 0 0 0 950540069 19082499 4183257088 499466240 2686976 20706531 20705873 5324317 12977053 44392341
1790322521311 0 147370 354 2384412692 2338484037 0 0 0 0 0 0 950572915 19082499 4183629824 603668480 3887104 20828209 20827544 5357179 13086273 44770384
1790322522329 0 112873 404 2384488475 2338594341 0 0 0 0 0 0 950589516 19082499 4183027712 464011264 364544 20917489 20916823 5373466 13124368 44920697
1790322523352 0 129797 1513 2384582407 2338670226 0 0 0 0 0 0 950622066 19082499 4183162880 537673728 3448832 21037905 21037233 5406574 13181537 45094649
1790322524374 0 128898 1404 2384661815 2338750809 0 0 0 0 0 0 950651240 19082499 4182720512 531615744 1884160 21141649 21140976 5435535 13284689 45467339
1790322525400 0 137294 387 2384755132 2338836599 0 0 0 0 0 0 950683050 19082499 4183851008 558403584 3395584 21257521 21256848 5467302 13364336 45691461
1790322526421 0 150961 1305 2384853962 2338920871 0 0 0 0 0 0 950708523 19082499 4182900736 618295296 0 21373311 21372631 5492784 13420467 45853310
1790322527442 0 118844 5 2384906795 2339007138 0 0 0 0 0 0 950724002 19082499 4182274048 489668608 2023424 21440063 21439383 5508095 13499243 46135887
1790322528467 0 128845 5128 2384992591 2339077866 0 0 0 0 0 0 950754690 19082499 4182306816 542396416 7389184 21549279 21548598 5539154 13557831 46343136
1790322529495 0 131215 7435 2385077520 2339158035 0 0 0 0 0 0 950781725 19082499 4182208512 583811072 38907904 21657087 21656404 5566337 13690447 46542348
1790322530530 0 126623 650 2385164687 2339256541 0 0 0 0 0 0 950812175 19082499 4182466560 531222528 3522560 21766911 21766227 5595938 13794873 46787495
1790322531556 0 129249 572 2385256569 2339346027 0 0 0 0 0 0 950841224 19082499 4182216704 526557184 430080 21881182 21880495 5625982 13952737 47063319
1790322532576 0 147204 1048 2385346838 2339417782 0 0 0 0 0 0 950869421 19082499 4181741568 611741696 2174976 21997790 21997098 5654070 13990872 47187301
1790322533595 0 124077 5 2385399203 2339494155 0 0 0 0 0 0 950892445 19082499 4182528000 498864128 0 22068126 22067401 5676155 14096326 47660312
1790322534619 0 59077 1026 2385443655 2339602830 0 0 0 0 0 0 950909434 19082499 4182466560 252149760 4202496 22129566 22128868 5694190 14137074 47865912
1790322535641 0 0 0 2385443983 2339663185 0 0 0 0 0 0 950969303 19082499 4182188032 0 0 22187486 22186787 5752041 14168953 47948304
1790322536666 0 1 0 2385444004 2339663185 0 0 0 0 0 0 951091403 19082499 4193103872 0 0 22305630 22304924 5872843 14212008 48054005
1790322537687 0 1 0 2385444004 2339663185 0 0 0 0 0 0 951205053 19082499 4203016192 0 0 22417630 22416923 5987262 14272267 48203139
1790322538706 0 1 0 2385444004 2339663185 0 0 0 0 0 0 951316622 19082499 4208050176 0 0 22527174 22526438 6098006 14340900 48397125
1790322539724 0 2 0 2385444005 2339663185 0 0 0 0 0 0 951354569 19082501 257024000 4096 0 22569313 22568573 6139325 14354345 48431757
