1790329001091 0 0 0 2909197586 2863389334 0 0 0 0 0 0 1183073605 19854016 - - - - - - - -
1790329002457 0 164212 542 2909590292 2863617207 0 0 0 0 0 0 1183073605 19854093 1566408704 674635776 3563520 0 0 15 0 347783
1790329003523 0 162027 989 2909774958 2863803524 0 0 0 0 0 0 1183073620 19854094 2340159488 662376448 1425408 0 0 15 0 717028
1790329004557 0 164609 1083 2909931156 2863957211 0 0 0 0 0 0 1183073620 19854096 2991734784 674652160 3883008 0 0 15 0 1062577
1790329005595 0 163119 301 2910084819 2864113081 0 0 0 0 0 0 1183073620 19854096 3604291584 666988544 2101248 0 0 15 0 1484893
1790329006645 0 158518 1040 2910240756 2864272977 0 0 0 0 0 0 1183073866 19854096 4148416512 651628544 1712128 26752 26719 253 9111 1887300
1790329007668 0 162383 1292 2910396869 2864424823 0 0 0 0 0 0 1183081300 19854096 4147023872 665276416 1085440 190016 190015 7447 45460 2425622
1790329008697 0 159124 3051 2910546218 2864575584 0 0 0 0 0 0 1183091804 19854096 4145991680 653938688 8404992 348416 348415 17466 79520 2800649
1790329009730 0 158986 1020 2910698563 2864730118 0 0 0 0 0 0 1183112962 19854096 4145999872 660979712 1470464 526656 526655 39012 138957 3362469
1790329010754 0 160363 1541 2910853677 2864883551 0 0 0 0 0 0 1183133120 19854096 4146118656 664821760 2101248 700224 700223 59288 176750 3762908
1790329011779 0 163403 393 2910996512 2865024205 0 0 0 0 0 0 1183157930 19854096 4146728960 663367680 626688 865344 865343 83659 221976 4305830
1790329012802 0 161976 581 2911138494 2865167569 0 0 0 0 0 0 1183178351 19854096 4147027968 660168704 4182016 1028128 1028115 104261 252858 4626226
1790329013835 0 149165 10666 2911279462 2865311358 0 0 0 0 0 0 1183208696 19854096 4147892224 628273152 16564224 1198080 1198067 134470 293161 5085500
1790329014875 0 148687 3607 2911414037 2865453344 0 0 0 0 0 0 1183240331 19854096 4148367360 613564416 21012480 1366208 1366181 166213 335605 5627366
1790329015906 0 165767 1602 2911566963 2865591418 0 0 0 0 0 0 1183272871 19854096 4148867072 670789632 8404992 1551168 1551141 199303 370971 6013564
1790329016929 0 164162 1038 2911690953 2865717535 0 0 0 0 0 0 1183307256 19854096 4149424128 676823040 8404992 1712448 1712420 233026 412942 6528987
1790329017950 0 166759 1040 2911823967 2865847812 0 0 0 0 0 0 1183343041 19854096 4149846016 685129728 688128 1878656 1878592 268929 460914 7174126
1790329018975 0 157388 812 2911948001 2865981398 0 0 0 0 0 0 1183367536 19854096 4149370880 620462080 3608576 2021248 2021213 292990 512549 7780830
1790329020006 0 160614 1456 2912087701 2866117708 0 0 0 0 0 0 1183410289 19854096 4149452800 649486336 1093632 2204320 2204264 335112 559628 8280091
1790329021035 0 154220 298 2912229185 2866266207 0 0 0 0 0 0 1183454621 19854096 4150128640 617766912 1294336 2390720 2390664 379936 596754 8701498
1790329022062 0 167775 444 2912379076 2866402266 0 0 0 0 0 0 1183497725 19854096 4150104064 674660352 4202496 2583328 2583272 423679 635825 9133307
1790329023095 0 174676 1577 2912513776 2866529435 0 0 0 0 0 0 1183549864 19854096 4150423552 722964480 7802880 2774944 2774887 474746 671226 9514532
1790329024129 0 130223 559 2912657046 2866718197 0 0 0 0 0 0 1183590726 19854096 4150185984 521109504 6303744 2956288 2956217 516570 714145 9949797
1790329025149 0 113117 1097 2912788012 2866865436 0 0 0 0 0 0 1183625426 19854096 4148502528 461459456 2912256 3123872 3123800 550851 807083 10570562
1790329026170 0 120045 3072 2912924960 2866993686 0 0 0 0 0 0 1183679333 19854096 4149215232 483840000 10506240 3315168 3315096 604671 899277 11071215
1790329027190 0 136203 736 2913069534 2867124146 0 0 0 0 0 0 1183739533 19854096 4149473280 555032576 1900544 3519040 3518900 665162 976750 11432796
1790329028210 0 142352 843 2913211565 2867260032 0 0 0 0 0 0 1183796848 19854096 4149334016 567414784 5287936 3715168 3715058 722558 1034823 11793248
1790329029233 0 154898 47 2913385982 2867422840 0 0 0 0 0 0 1183860836 19854096 4148183040 617017344 45056 3951584 3951462 785194 1088949 12135104
1790329030258 0 106662 4647 2913496044 2867576678 0 0 0 0 0 0 1183921312 19854096 4149895168 431403008 33619968 4129600 4129436 847522 1146368 12553338
1790329031280 0 110752 2503 2913629068 2867707462 0 0 0 0 0 0 1183982280 19854096 4151746560 466968576 4005888 4322560 4322416 908209 1198570 13040139
1790329032315 0 129368 1411 2913781928 2867842570 0 0 0 0 0 0 1184046934 19854096 4153540608 539156480 10215424 4536736 4536580 972501 1255404 13452350
1790329033376 0 130617 1036 2913930028 2867990033 0 0 0 0 0 0 1184102904 19854096 4153286656 533069824 1314816 4736608 4736434 1027460 1322093 13907472
1790329034423 0 107983 807 2914067046 2868150164 0 0 0 0 0 0 1184165812 19854096 4154834944 459452416 2150400 4936608 4936429 1089483 1380916 14353805
1790329035460 0 132242 8173 2914232263 2868283451 0 0 0 0 0 0 1184231740 19854096 4155400192 542146560 41689088 5175648 5175461 1158335 1467587 14786216
1790329036479 0 157081 345 2914396446 2868430782 0 0 0 0 0 0 1184299458 19854096 4156493824 639004672 1306624 5401824 5401618 1224303 1525130 15194575
1790329037512 0 120403 1147 2914520063 2868590336 0 0 0 0 0 0 1184345883 19854096 4155994112 488165376 4202496 5567520 5567301 1270566 1605550 15771062
1790329038557 0 113166 603 2914678529 2868756477 0 0 0 0 0 0 1184418300 19854096 4157657088 462274560 7958528 5798944 5798678 1342975 1680714 16110156
1790329039588 0 102016 4715 2914854529 2868939627 0 0 0 0 0 0 1184485129 19854096 4158070784 434860032 14204928 6048608 6048360 1411608 1762430 16541957
1790329040611 0 140491 1503 2915054588 2869104354 0 0 0 0 0 0 1184574245 19854096 4159623168 567394304 10092544 6332128 6331844 1499573 1815686 16848746
1790329041652 0 169624 403 2915223737 2869245460 0 0 0 0 0 0 1184637599 19854096 4160319488 691306496 1687552 6560864 6560573 1561366 1874771 17309891
1790329042701 0 151755 2045 2915374845 2869412697 0 0 0 0 0 0 1184702149 19854096 4161105920 642961408 565248 6778016 6777708 1625628 1941446 17679793
1790329043728 0 157744 247 2915552226 2869585767 0 0 0 0 0 0 1184765174 19854096 4161253376 649285632 2027520 7019168 7018847 1689744 2007025 18016088
1790329044748 0 136375 994 2915731795 2869786184 0 0 0 0 0 0 1184838522 19854096 4161912832 558010368 5124096 7266080 7265754 1764196 2084119 18403162
1790329045783 0 105098 0 2915917675 2870004210 0 0 0 0 0 0 1184894267 19854096 4161368064 397365248 2101248 7495648 7495275 1818161 2149287 18758447
1790329046808 0 153871 343 2916116791 2870154196 0 0 0 0 0 0 1184959064 19854096 4160937984 630681600 5738496 7766496 7766152 1885260 2211926 19140273
1790329047834 0 170018 1135 2916284231 2870304750 0 0 0 0 0 0 1185017943 19854096 4161024000 682319872 851968 7982880 7982523 1943087 2287017 19514934
1790329048861 0 123087 947 2916438389 2870506113 0 0 0 0 0 0 1185074298 19854096 4163198976 492687360 3956736 8188768 8188410 1999348 2381519 19874429
1790329049887 0 130819 0 2916626647 2870687203 0 0 0 0 0 0 1185145631 19854096 4163289088 500154368 0 8436960 8436585 2068272 2491893 20161383
1790329050909 0 98393 3407 2916847153 2870937034 0 0 0 0 0 0 1185214822 19854096 4163661824 413450240 9170944 8725632 8725242 2140283 2573635 20496202
1790329051929 0 134344 1555 2917058251 2871114095 0 0 0 0 0 0 1185287057 19854096 4163870720 556892160 6242304 9002080 9001685 2213073 2641046 20789601
1790329052954 0 154359 2495 2917211504 2871246411 0 0 0 0 0 0 1185335578 19854096 4163792896 626872320 20013056 9198080 9197680 2261166 2728478 21245349
1790329053982 0 189812 2021 2917377871 2871377854 0 0 0 0 0 0 1185401363 19854096 4164050944 784805888 10010624 9420337 9419922 2326719 2811674 21621595
1790329055016 0 101388 502 2917522948 2871612835 0 0 0 0 0 0 1185465795 19854096 4165754880 414142464 2101248 9621228 9620779 2389405 2896911 22223101
1790329056041 0 129128 0 2917743831 2871806217 0 0 0 0 0 0 1185544821 19854096 4165566464 498049024 0 9910854 9910408 2467552 2951619 22330632
1790329057063 0 122253 963 2917911597 2871980079 0 0 0 0 0 0 1185609443 19854096 4165816320 506675200 8130560 10148564 10148101 2534898 3017461 22641531
1790329058083 0 143568 1985 2918113988 2872160149 0 0 0 0 0 0 1185689864 19854096 4166328320 597786624 2101248 10423572 10423102 2615572 3106120 23097084
1790329059102 0 135578 895 2918267017 2872322315 0 0 0 0 0 0 1185742391 19854096 4166066176 547143680 1282048 10619816 10619339 2667445 3183103 23473851
1790329060126 0 146060 1068 2918442436 2872486943 0 0 0 0 0 0 1185823774 19854096 4166889472 601362432 6303744 10872828 10872282 2748505 3277524 23794650
1790329061152 0 82791 17265 2918614815 2872706423 0 0 0 0 0 0 1185888651 19854096 4167970816 408662016 2097152 11103414 11102926 2813917 3361108 24147032
1790329062173 0 120436 507 2918808153 2872878746 0 0 0 0 0 0 1185961733 19854096 4166733824 488636416 1884160 11357910 11357419 2887142 3433555 24519250
1790329063193 0 171751 557 2919025549 2873044991 0 0 0 0 0 0 1186051458 19854096 4166848512 706715648 7708672 11666480 11665964 2976787 3512788 24787587
1790329064221 0 190457 529 2919223875 2873224772 0 0 0 0 0 0 1186133622 19854096 4167864320 785559552 7946240 11937840 11937282 3057584 3596232 25119908
1790329065250 0 88568 9779 2919374321 2873467663 0 0 0 0 0 0 1186198343 19854096 4168257536 380805120 27316224 12146249 12145652 3123630 3718666 25671464
1790329066272 0 133075 582 2919558963 2873617068 0 0 0 0 0 0 1186278311 19854096 4168892416 530935808 5517312 12399937 12399369 3202810 3831762 26021576
1790329067297 0 137975 3137 2919702784 2873753467 0 0 0 0 0 0 1186337812 19854096 4169170944 561037312 23068672 12604705 12604166 3263787 3929577 26478869
1790329068316 0 163566 589 2919903210 2873930875 0 0 0 0 0 0 1186413524 19854096 4168552448 660570112 3424256 12868504 12867956 3338734 4029582 26787770
1790329069336 0 192248 971 2920107377 2874105868 0 0 0 0 0 0 1186493459 19854096 4168843264 793083904 2220032 13147032 13146476 3417152 4105016 27045984
1790329070359 0 144608 8682 2920286143 2874324458 0 0 0 0 0 0 1186562655 19854096 4169658368 612823040 4063232 13382424 13381864 3487646 4205287 27416981
1790329071383 0 145810 296 2920474096 2874519464 0 0 0 0 0 0 1186632639 19854096 4169023488 583921664 3248128 13636184 13635578 3558081 4295800 27739878
1790329072408 0 189148 488 2920669396 2874671372 0 0 0 0 0 0 1186701200 19854096 4167553024 776593408 9621504 13894360 13893779 3626728 4399499 28115075
1790329073429 0 197923 791 2920825614 2874818572 0 0 0 0 0 0 1186763736 19854096 4168482816 806600704 3280896 14103928 14103345 3689358 4460758 28412390
1790329074451 0 184047 729 2920992948 2874999680 0 0 0 0 0 0 1186822689 19854096 4168687616 734797824 1298432 14317240 14316653 3748032 4512256 28693080
1790329075476 0 180721 923 2921213880 2875223885 0 0 0 0 0 0 1186903571 19854096 4168208384 740167680 1675264 14614648 14614057 3828233 4596331 29030517
1790329076498 0 155008 460 2921409077 2875445455 0 0 0 0 0 0 1186975151 19854096 4169273344 619769856 2101248 14869848 14869254 3899027 4704984 29413357
1790329077518 0 139252 3227 2921592733 2875641918 0 0 0 0 0 0 1187042744 19854096 4168642560 590569472 1982464 15121400 15120803 3968266 4804901 29808474
1790329078540 0 177807 564 2921766593 2875780042 0 0 0 0 0 0 1187092349 19854096 4167528448 720236544 12124160 15338392 15337788 4018828 4928485 30190451
1790329079560 0 185143 433 2921928903 2875934962 0 0 0 0 0 0 1187150105 19854096 4167536640 760795136 1134592 15550990 15550380 4075235 5005610 30558251
1790329080582 0 164516 34 2922100605 2876127736 0 0 0 0 0 0 1187206263 19854096 4168024064 644341760 49152 15763568 15762918 4131866 5076600 30898961
1790329081605 0 174407 522 2922248925 2876265659 0 0 0 0 0 0 1187261551 19854096 4167970816 685658112 2101248 15957424 15956798 4186615 5167371 31245652
1790329082627 0 199502 918 2922438657 2876429902 0 0 0 0 0 0 1187336473 19854096 4168216576 819179520 1925120 16217350 16216714 4263064 5251961 31562343
1790329083650 0 173766 1029 2922597703 2876614560 0 0 0 0 0 0 1187397612 19854096 4168409088 713166848 1912832 16428934 16428294 4323193 5329886 31918652
1790329084675 0 168082 1130 2922756741 2876779328 0 0 0 0 0 0 1187458966 19854096 4168167424 690221056 3518464 16644486 16643776 4383551 5401742 32233912
1790329085697 0 198565 822 2922933776 2876926105 0 0 0 0 0 0 1187518138 19854096 4167319552 821342208 4169728 16871228 16870577 4442623 5533428 32762115
1790329086727 0 141125 676 2923070784 2877120453 0 0 0 0 0 0 1187555637 19854096 4166139904 570040320 14397440 17033820 17033168 4480664 5627134 33263313
1790329087769 0 183489 582 2923266080 2877273837 0 0 0 0 0 0 1187623725 19854096 4165935104 759234560 2531328 17285843 17285173 4547508 5730368 33694514
1790329088794 0 199937 1001 2923442297 2877432850 0 0 0 0 0 0 1187665987 19854096 4165492736 817184768 6295552 17500065 17499358 4591817 5808505 34087356
1790329089814 0 193463 1402 2923610280 2877607268 0 0 0 0 0 0 1187716093 19854096 4164673536 790151168 12804096 17713505 17712824 4642068 5888970 34472532
1790329090835 0 146984 973 2923742167 2877786075 0 0 0 0 0 0 1187766311 19854096 4166524928 601186304 5230592 17888983 17888295 4691471 5969721 34828988
1790329091864 0 189528 786 2923931960 2877933200 0 0 0 0 0 0 1187830610 19854096 4167131136 750243840 23080960 18130135 18129442 4756871 6044885 35261885
1790329092894 0 185179 569 2924098131 2878104254 0 0 0 0 0 0 1187887244 19854096 4166037504 738709504 2101248 18340910 18340210 4812639 6112864 35750275
1790329093930 0 190079 497 2924240670 2878241714 0 0 0 0 0 0 1187931668 19854096 4165599232 769196032 8138752 18521710 18521006 4857353 6195156 36162932
1790329094956 0 195437 361 2924414025 2878409994 0 0 0 0 0 0 1187998183 19854096 4166086656 796762112 6635520 18754133 18753422 4922692 6264398 36500981
1790329095976 0 153908 767 2924586196 2878623387 0 0 0 0 0 0 1188056896 19854096 4166615040 616054784 1712128 18972005 18971273 4982035 6357337 36920323
1790329096999 0 196474 556 2924802148 2878796752 0 0 0 0 0 0 1188120152 19854096 4165447680 800428032 4202496 19246589 19245842 5045255 6458855 37201805
1790329098021 0 196889 487 2924966117 2878960393 0 0 0 0 0 0 1188175140 19854096 4165324800 816455680 1335296 19463605 19462853 5101481 6561746 37765056
1790329099047 0 186738 1171 2925126111 2879129583 0 0 0 0 0 0 1188214786 19854096 4164907008 764858368 4202496 19655149 19654394 5140046 6621762 38194253
1790329100071 0 163084 428 2925287153 2879315393 0 0 0 0 0 0 1188276872 19854096 4165611520 660635648 1908736 19865773 19865013 5200829 6689811 38668609
1790329101094 0 162758 1028 2925489328 2879517386 0 0 0 0 0 0 1188351535 19854096 4166569984 652443648 4112384 20133925 20133159 5275997 6819661 38992872
1790329102117 0 170804 349 2925697958 2879718596 0 0 0 0 0 0 1188415751 19854096 4166291456 683282432 1777664 20397989 20397187 5340970 6915306 39385410
1790329103158 0 119337 840 2925861400 2879932913 0 0 0 0 0 0 1188476914 19854096 4166328320 498008064 1581056 20617861 20617085 5399599 6967558 39679200
1790329104190 0 201805 954 2926096590 2880085450 0 0 0 0 0 0 1188557393 19854096 4165955584 828276736 4386816 20929157 20928342 5482676 7074566 40084200
1790329105213 0 183032 814 2926236478 2880244825 0 0 0 0 0 0 1188613849 19854096 4166397952 746385408 12607488 21119013 21118226 5539840 7126875 40485839
1790329106255 0 192500 1844 2926410150 2880407720 0 0 0 0 0 0 1188668561 19854096 4165156864 817889280 2666496 21337725 21336930 5595010 7201283 40866938
1790329107303 0 186910 213 2926544977 2880549585 0 0 0 0 0 0 1188723871 19854096 4165844992 772587520 1105920 21522710 21521909 5649739 7284291 41226392
1790329108329 0 196916 1793 2926710122 2880702875 0 0 0 0 0 0 1188776903 19854096 4165861376 818139136 2101248 21735054 21734244 5702983 7358254 41664838
1790329109348 0 180575 5096 2926857043 2880863067 0 0 0 0 0 0 1188830680 19854096 4165738496 759586816 11223040 21932238 21931426 5757152 7423577 42075296
1790329110369 0 178685 3013 2927049971 2881059979 0 0 0 0 0 0 1188895822 19854096 4165455872 746848256 5394432 22181830 22181014 5820753 7513645 42476119
1790329111389 0 182000 407 2927197021 2881206309 0 0 0 0 0 0 1188956855 19854096 4166311936 738553856 1986560 22380038 22379221 5880827 7578931 42814430
1790329112415 0 157015 10067 2927345965 2881370499 0 0 0 0 0 0 1189005865 19854096 4166684672 686276608 1998848 22576446 22575620 5930950 7641262 43209487
1790329113435 0 191173 1357 2927516937 2881516116 0 0 0 0 0 0 1189063699 19854096 4165480448 777502720 6258688 22797046 22796215 5989441 7692376 43624799
1790329114455 0 196319 511 2927649797 2881644911 0 0 0 0 0 0 1189108932 19854096 4165996544 808525824 4706304 22973453 22972615 6035509 7756112 44127806
1790329115478 0 159745 737 2927806048 2881837343 0 0 0 0 0 0 1189163739 19854096 4165828608 641200128 10412032 23175597 23174747 6089638 7853138 44566160
1790329116499 0 204000 394 2927947024 2881934258 0 0 0 0 0 0 1189212711 19854096 4166008832 833388544 1028096 23359684 23358828 6138735 7944000 45093160
1790329117524 0 197297 731 2928034627 2882028506 0 0 0 0 0 0 1189242047 19854096 4165873664 789954560 2101248 23470116 23469258 6167075 8002755 45612014
1790329118549 0 201425 308 2928163705 2882153718 0 0 0 0 0 0 1189284888 19854096 4166029312 818827264 4202496 23639620 23638751 6210343 8040389 46108092
1790329119576 0 179419 694 2928269826 2882281475 0 0 0 0 0 0 1189324169 19854096 4165742592 742658048 2822144 23781530 23780647 6248687 8092951 46584118
1790329120597 0 178371 578 2928444674 2882457473 0 0 0 0 0 0 1189388146 19854096 4166062080 725823488 2101248 24013650 24012758 6312416 8152465 46927532
1790329121627 0 201533 833 2928583491 2882572855 0 0 0 0 0 0 1189438224 19854096 4166643712 825257984 3719168 24196146 24195250 6363494 8221049 47435229
1790329122662 0 202425 214 2928676172 2882665219 0 0 0 0 0 0 1189478200 19854096 4167020544 827219968 4202496 24328050 24327150 6404192 8293269 47998662
1790329123699 0 194124 785 2928761758 2882758684 0 0 0 0 0 0 1189505463 19854096 4166959104 812556288 3178496 24439592 24438690 6431909 8346320 48738453
1790329124750 0 201167 1667 2928884684 2882873524 0 0 0 0 0 0 1189555449 19854096 4167991296 813645824 9613312 24604776 24603825 6481346 8420418 49192130
1790329125768 0 184544 196 2928994592 2883001560 0 0 0 0 0 0 1189596389 19854096 4167094272 756580352 12476416 24753693 24752763 6522691 8537596 49681481
1790329126787 0 139538 738 2929128347 2883179834 0 0 0 0 0 0 1189635522 19854096 4166598656 567762944 6303744 24916477 24915539 6560524 8622479 50102436
1790329127807 0 193435 457 2929318721 2883316529 0 0 0 0 0 0 1189703627 19854096 4166270976 786731008 3203072 25166685 25165743 6629065 8721661 50476866
1790329128838 0 201807 509 2929428815 2883418328 0 0 0 0 0 0 1189744042 19854096 4166799360 816230400 2101248 25307965 25307019 6670078 8779630 51026254
1790329129881 0 200439 513 2929538634 2883529457 0 0 0 0 0 0 1189777943 19854096 4166086656 816168960 2609152 25445235 25444285 6702895 8839212 51542300
1790329130917 0 200341 627 2929657771 2883648520 0 0 0 0 0 0 1189822461 19854096 4166565888 822059008 5365760 25611624 25610669 6748510 8888772 52004643
1790329131936 0 189322 2579 2929790423 2883790106 0 0 0 0 0 0 1189871733 19854096 4167258112 780849152 815104 25785245 25784288 6798056 8984815 52561723
1790329132955 0 194009 616 2929889075 2883885930 0 0 0 0 0 0 1189907716 19854096 4166934528 792240128 3227648 25913085 25912126 6832490 9044631 53053120
1790329133975 0 201064 939 2930010288 2883999916 0 0 0 0 0 0 1189941444 19854096 4166410240 820465664 1212416 26066429 26065467 6866960 9112701 53574897
1790329135000 0 189544 286 2930093092 2884094963 0 0 0 0 0 0 1189972014 19854096 4166774784 778117120 2797568 26176573 26175609 6898258 9158329 54058039
1790329136030 0 200048 1947 2930219861 2884209786 0 0 0 0 0 0 1190016767 19854096 4166881280 832598016 2818048 26344125 26343160 6943271 9239680 54651971
1790329137051 0 199367 1994 2930303146 2884293351 0 0 0 0 0 0 1190050494 19854096 4167684096 817385472 4128768 26454973 26454005 6976033 9284807 55214229
1790329138090 0 190090 1499 2930380823 2884381050 0 0 0 0 0 0 1190084528 19854096 4168105984 791781376 4202496 26558385 26557415 7009186 9343364 55817553
1790329139135 0 201592 995 2930491220 2884480150 0 0 0 0 0 0 1190130901 19854096 4168556544 817094656 1544192 26707897 26706924 7055615 9391936 56283673
1790329140162 0 200531 964 2930591407 2884581621 0 0 0 0 0 0 1190175300 19854096 4169256960 815116288 1064960 26850169 26849188 7101277 9462528 56764271
1790329141189 0 202045 296 2930701131 2884690304 0 0 0 0 0 0 1190210584 19854096 4167974912 813424640 3358720 26987501 26986517 7135720 9532309 57251826
1790329142215 0 185702 490 2930837182 2884842987 0 0 0 0 0 0 1190255280 19854096 4166627328 764219392 2101248 27165409 27164423 7180752 9603351 57750522
1790329143250 0 202710 463 2930966423 2884954994 0 0 0 0 0 0 1190295069 19854096 4166533120 823074816 1110016 27324961 27323936 7219436 9670298 58254466
1790329144280 0 200246 1026 2931067600 2885058019 0 0 0 0 0 0 1190322151 19854096 4165627904 825389056 3194880 27453889 27452894 7248736 9714635 58614179
1790329145304 0 183503 426 2931172165 2885179645 0 0 0 0 0 0 1190353856 19854096 4165537792 737181696 2101248 27580001 27579004 7279364 9770928 59093540
1790329146342 0 203183 504 2931303578 2885291485 0 0 0 0 0 0 1190394614 19854096 4165484544 814776320 3493888 27743329 27742331 7319104 9827769 59542054
1790329147371 0 198706 728 2931401320 2885393611 0 0 0 0 0 0 1190427902 19854096 4165607424 817893376 8404992 27879329 27878330 7353845 9879573 59867901
1790329148402 0 200608 592 2931509138 2885499969 0 0 0 0 0 0 1190458212 19854096 4165345280 825954304 3014656 28010550 28009545 7383982 9927966 60308719
1790329149425 0 199225 402 2931611122 2885603228 0 0 0 0 0 0 1190489578 19854096 4165386240 825602048 1118208 28142358 28141351 7416237 9968706 60692860
1790329150463 0 189174 620 2931754770 2885756776 0 0 0 0 0 0 1190552933 19854096 4167000064 768114688 831488 28333430 28332386 7477397 10028564 61037305
1790329151496 0 202719 604 2931859859 2885848097 0 0 0 0 0 0 1190587109 19854096 4167086080 825614336 6799360 28472214 28471200 7512708 10096928 61587119
1790329152531 0 201024 939 2931942379 2885932139 0 0 0 0 0 0 1190618302 19854096 4167372800 827023360 892928 28582091 28581042 7544273 10143373 62031841
1790329153568 0 190646 6278 2932021660 2886016421 0 0 0 0 0 0 1190646300 19854096 4167151616 794046464 2326528 28683371 28682341 7571611 10184921 62502488
1790329154591 0 199993 939 2932125564 2886116542 0 0 0 0 0 0 1190676604 19854096 4166467584 814092288 6303744 28815531 28814499 7603184 10254204 63049470
1790329155616 0 200697 585 2932245069 2886235450 0 0 0 0 0 0 1190726549 19854096 4167155712 823402496 3342336 28980523 28979489 7652215 10320884 63492732
1790329156655 0 196914 2078 2932376127 2886368856 0 0 0 0 0 0 1190779275 19854096 4167995392 809693184 6369280 29154667 29153631 7705214 10366301 63905255
1790329157701 0 202528 458 2932479148 2886468035 0 0 0 0 0 0 1190813684 19854096 4167479296 827392000 2101248 29287019 29285982 7738638 10422682 64539410
1790329158737 0 183430 2298 2932575918 2886581851 0 0 0 0 0 0 1190851694 19854096 4167507968 755294208 11644928 29422379 29421338 7778098 10463174 64864115
1790329159760 0 202300 342 2932678195 2886667482 0 0 0 0 0 0 1190885796 19854096 4167286784 814710784 5394432 29550731 29549686 7811924 10530926 65252566
1790329160791 0 201634 204 2932787583 2886777288 0 0 0 0 0 0 1190916167 19854096 4166787072 822517760 1101824 29688907 29687860 7841596 10586428 65640913
1790329161829 0 173647 9493 2932882896 2886891627 0 0 0 0 0 0 1190941781 19854096 4166053888 709468160 43032576 29808479 29807429 7868258 10649087 66225381
1790329162856 0 200178 783 2932984467 2886975281 0 0 0 0 0 0 1190973773 19854096 4164435968 811073536 2072576 29936255 29935205 7900192 10709190 66751032
1790329163880 0 192066 1976 2933071920 2887069606 0 0 0 0 0 0 1191002910 19854096 4166066176 794464256 4448256 30051027 30049976 7929283 10796833 67296980
1790329164904 0 186370 726 2933222013 2887226604 0 0 0 0 0 0 1191048776 19854096 4165500928 766955520 4202496 30238579 30237524 7974106 10855855 67646048
1790329165924 0 200488 438 2933328803 2887319412 0 0 0 0 0 0 1191088528 19854096 4166295552 812077056 3207168 30375027 30373970 8014599 10910601 68297721
1790329166963 0 200314 780 2933414475 2887405057 0 0 0 0 0 0 1191124030 19854096 4166705152 830488576 1089536 30492232 30491173 8050579 10963133 68871702
1790329168014 0 196056 953 2933508779 2887503521 0 0 0 0 0 0 1191153597 19854096 4166672384 799879168 4202496 30609032 30607972 8078758 11016169 69420354
1790329169043 0 197798 711 2933605965 2887599017 0 0 0 0 0 0 1191187095 19854096 4166529024 805675008 1114112 30734888 30733822 8113555 11078016 69861747
1790329170066 0 192746 731 2933675833 2887673952 0 0 0 0 0 0 1191209595 19854096 4165902336 797872128 2396160 30826984 30825901 8135545 11112723 70564993
1790329171113 0 196708 821 2933779390 2887773772 0 0 0 0 0 0 1191247895 19854096 4166275072 810344448 3186688 30961800 30960716 8172491 11160305 70912147
1790329172152 0 173779 486 2933908557 2887925847 0 0 0 0 0 0 1191285422 19854096 4165251072 705212416 3530752 31120872 31119784 8210490 11314366 71427553
1790329173175 0 187838 768 2934041093 2888044267 0 0 0 0 0 0 1191327787 19854096 4165107712 767565824 4251648 31293096 31292005 8254253 11392355 71789291
1790329174201 0 201644 406 2934154996 2888144615 0 0 0 0 0 0 1191363893 19854096 4164882432 828792832 2101248 31435464 31434372 8290090 11473511 72330448
1790329175225 0 193012 1747 2934252168 2888249089 0 0 0 0 0 0 1191401110 19854096 4165234688 787628032 4968448 31562472 31561380 8326654 11529902 72731018
1790329176250 0 103611 39462 2934305836 2888354436 0 0 0 0 0 0 1191417998 19854096 4165124096 476139520 117075968 31635400 31634307 8344393 11573747 73122100
1790329177274 0 29786 4062 2934305831 2888463758 0 0 0 0 0 0 1191417998 19854096 4165124096 118853632 22908928 31635400 31634307 8344393 11573747 73122100
1790329178293 0 1 0 2934305895 2888497642 0 0 0 0 0 0 1191494498 19854096 4165824512 0 0 31709576 31708483 8418740 11593621 73334428
1790329179312 0 1 0 2934305895 2888497642 0 0 0 0 0 0 1191650546 19854096 4179660800 0 0 31861946 31860852 8574487 11663184 73469824
1790329180331 0 1 0 2934305895 2888497642 0 0 0 0 0 0 1191796486 19854096 4192448512 0 0 32005178 32004083 8720840 11717841 73575989
1790329181350 0 2 0 2934305896 2888497642 0 0 0 0 0 0 1191873070 19854098 2305052672 4096 0 32084279 32083153 8799465 11745716 73646964
