1790322094612 0 1 0 2349238377 2303457559 0 0 0 0 0 0 937474180 19045186 - - - - - - - -
1790322095909 0 115328 0 2349554531 2303658345 0 0 0 0 0 0 937474180 19045268 1277603840 454713344 0 0 0 0 0 20109
1790322096930 0 128993 2047 2349742255 2303830379 0 0 0 0 0 0 937474180 19045269 2047127552 511238144 25161728 0 0 0 0 32993
1790322097950 0 144903 2040 2349991595 2304063792 0 0 0 0 0 0 937474180 19045271 3069173760 587264000 14917632 0 0 0 0 32993
1790322098969 0 129271 0 2350231079 2304320886 0 0 0 0 0 0 937474180 19045271 4048879616 512360448 0 0 0 0 0 32993
1790322099988 0 151348 0 2350417137 2304484871 0 0 0 0 0 0 937477354 19045277 4158353408 606814208 0 261013 163359 3192 128949 130896
1790322101008 0 117067 0 2350575336 2304677384 0 0 0 0 0 0 937485608 19045292 4157313024 466178048 0 486505 330016 11428 252308 304497
1790322102027 0 105238 0 2350697624 2304811530 0 0 0 0 0 0 937495665 19045310 4156833792 421052416 0 647922 462477 20649 308245 381474
1790322103046 0 74486 0 2350805166 2304949771 0 0 0 0 0 0 937505353 19045328 4156616704 294445056 0 791122 579885 30676 384314 679538
1790322104066 0 147793 0 2350949089 2305020427 0 0 0 0 0 0 937519138 19045351 4156350464 594235392 0 982506 737004 43886 477171 811674
1790322105088 0 88681 11266 2351030214 2305149450 0 0 0 0 0 0 937528834 19045369 4156452864 362995712 54534144 1130866 831577 54654 549025 1082834
1790322106116 0 68584 1625 2351109946 2305259200 0 0 0 0 0 0 937540960 19045389 4156944384 284000256 4145152 1257119 920503 66748 603955 1374312
1790322107139 0 87680 0 2351221750 2305353229 0 0 0 0 0 0 937559197 19045420 4157550592 347836416 0 1429521 1049897 84441 729711 1681066
1790322108158 0 145640 0 2351347305 2305420814 0 0 0 0 0 0 937582694 19045461 4158488576 585805824 0 1621683 1198339 107431 798527 1880652
1790322109182 0 114650 2044 2351427971 2305530319 0 0 0 0 0 0 937598550 19045489 4159332352 463953920 49209344 1742219 1294886 124370 889588 2248709
1790322110201 0 126933 0 2351522206 2305614410 0 0 0 0 0 0 937626267 19045535 4160958464 508727296 0 1896211 1416578 151562 981090 2396481
1790322111224 0 91561 20433 2351611663 2305718879 0 0 0 0 0 0 937646955 19045571 4162142208 388911104 76533760 2029809 1529327 172775 1070978 2777368
1790322112245 0 59781 0 2351680273 2305839604 0 0 0 0 0 0 937667186 19045604 4163170304 235171840 0 2138406 1614726 191918 1174682 3136596
1790322113269 0 52985 24378 2351788100 2305929896 0 0 0 0 0 0 937695450 19045650 4164599808 314028032 25165824 2309746 1751199 221270 1277705 3537813
1790322114293 0 113405 1606 2351901428 2306005633 0 0 0 0 0 0 937732742 19045715 4166242304 475242496 16777216 2503624 1901166 258557 1345279 3688693
1790322115325 0 123899 18396 2352000553 2306077441 0 0 0 0 0 0 937765553 19045770 4167528448 507338752 75497472 2673514 2035708 291373 1455454 4094948
1790322116353 0 65113 4161 2352062636 2306212637 0 0 0 0 0 0 937782638 19045798 4168126464 282214400 8388608 2786635 2114309 308362 1530007 4514839
1790322117377 0 90403 12288 2352163702 2306280194 0 0 0 0 0 0 937817899 19045852 4169322496 370286592 50331648 2964105 2250758 343719 1646426 4919824
1790322118396 0 63665 0 2352235117 2306390581 0 0 0 0 0 0 937838345 19045888 4169523200 254615552 0 3083125 2339266 362505 1751982 5365347
1790322119420 0 76443 4056 2352332083 2306470767 0 0 0 0 0 0 937866217 19045937 4169547776 321327104 8388608 3258877 2467290 392037 1845801 5783017
1790322120444 0 100680 2048 2352434206 2306550642 0 0 0 0 0 0 937899651 19045988 4170088448 409374720 14069760 3434408 2601291 425490 1911624 5958149
1790322121468 0 104042 20431 2352531708 2306626418 0 0 0 0 0 0 937928890 19046040 4169732096 425766912 83886080 3606301 2729484 454710 2026999 6391266
1790322122491 0 134899 6086 2352628113 2306706291 0 0 0 0 0 0 937972114 19046110 4170047488 552394752 25165824 3797383 2869114 497971 2090124 6550998
1790322123510 0 21106 0 2352657934 2306856021 0 0 0 0 0 0 937989773 19046141 4170301440 84258816 0 3853904 2912901 512576 2144971 7195978
1790322124534 0 96339 14317 2352792453 2306900980 0 0 0 0 0 0 938030553 19046213 4169506816 434491392 23093248 4085326 3091751 556309 2237272 7326991
1790322125557 0 125696 2002 2352891525 2306982915 0 0 0 0 0 0 938064032 19046270 4169035776 521916416 5791744 4260838 3223508 589861 2310345 7528045
1790322126580 0 126883 4096 2352986937 2307075141 0 0 0 0 0 0 938091804 19046319 4168519680 536489984 8388608 4427609 3347578 617460 2426192 7944300
1790322127602 0 137313 6144 2353079288 2307155014 0 0 0 0 0 0 938130393 19046385 4168511488 579207168 8388608 4609965 3478613 656149 2569986 8308723
1790322128623 0 38534 0 2353125990 2307306680 0 0 0 0 0 0 938151085 19046421 4168945664 151576576 0 4699664 3542404 674900 2636572 8873122
1790322129647 0 98256 14329 2353243080 2307349736 0 0 0 0 0 0 938209591 19046522 4169793536 402255872 58720256 4933281 3721215 735411 2724835 9051080
1790322130669 0 84162 20428 2353337527 2307452120 0 0 0 0 0 0 938241513 19046573 4169760768 344354816 83886080 5096756 3847534 767325 2799917 9228213
1790322131697 0 94027 6144 2353429365 2307548377 0 0 0 0 0 0 938276029 19046632 4168904704 384974848 25165824 5258853 3974161 801913 2926941 9575723
1790322132723 0 65719 42 2353523939 2307677326 0 0 0 0 0 0 938313665 19046834 4168605696 294805504 6307840 5436237 4102001 839138 2998767 9795790
1790322133756 0 47842 0 2353607298 2307778599 0 0 0 0 0 0 938350778 19047039 4169109504 185597952 0 5595382 4215138 875731 3064447 10031009
1790322134795 0 73073 1027 2353714061 2307859171 0 0 0 0 0 0 938398854 19047310 4169822208 315420672 27844608 5798661 4365671 924409 3134550 10384456
1790322135847 0 103454 1905 2353815170 2307929096 0 0 0 0 0 0 938453981 19047577 4170838016 433623040 4206592 6003747 4516420 979696 3291760 10789688
1790322136866 0 125303 0 2353912040 2308005968 0 0 0 0 0 0 938499558 19047831 4171182080 502460416 0 6192239 4651930 1024356 3384243 11011932
1790322137896 0 78053 37 2353987781 2308128876 0 0 0 0 0 0 938532340 19048015 4170190848 307765248 0 6327736 4756596 1057406 3459816 11433539
1790322138916 0 19576 0 2354056395 2308255980 0 0 0 0 0 0 938568097 19048195 4170518528 71127040 0 6464905 4857421 1092787 3534376 11710095
1790322139940 0 72120 40 2354170319 2308317454 0 0 0 0 0 0 938634961 19048513 4171911168 291217408 0 6712308 5032695 1159501 3775911 11989227
1790322140971 0 71824 20 2354272466 2308419756 0 0 0 0 0 0 938680123 19048773 4171784192 292089856 7036928 6905749 5174461 1204185 3888172 12377875
1790322141995 0 102885 0 2354374217 2308490484 0 0 0 0 0 0 938737914 19049055 4172652544 415137792 0 7109375 5327402 1262069 4054058 12744045
1790322143015 0 122362 0 2354477660 2308574455 0 0 0 0 0 0 938792751 19049334 4172640256 492175360 0 7318173 5479725 1317460 4205177 13156715
1790322144034 0 53122 0 2354552377 2308718394 0 0 0 0 0 0 938825819 19049523 4172263424 203898880 0 7457578 5583161 1351558 4347418 13704347
1790322145072 0 87061 0 2354671261 2308803390 0 0 0 0 0 0 938881307 19049821 4172255232 341917696 0 7687450 5750078 1406204 4447957 14039448
1790322146099 0 130606 0 2354778420 2308866880 0 0 0 0 0 0 938939066 19050105 4171902976 523137024 0 7908344 5909780 1464244 4535068 14254484
1790322147123 0 44378 49 2354834415 2309009158 0 0 0 0 0 0 938966937 19050254 4171194368 181772288 12161024 8020871 5993853 1492474 4656131 14797597
1790322148151 0 94955 45 2354950533 2309074723 0 0 0 0 0 0 939016232 19050554 4170600448 384753664 9687040 8236903 6151696 1541546 4744659 14931285
1790322149175 0 2305 298 2355013662 2309230248 0 0 0 0 0 0 939040087 19050702 4169625600 9437184 15822848 8351868 6236730 1565907 4817089 15421151
1790322150198 0 132627 3139 2355167739 2309251799 0 0 0 0 0 0 939106737 19051086 4169134080 542973952 25858048 8634909 6449118 1632557 5006923 15652712
1790322151217 0 77840 22433 2355261627 2309380565 0 0 0 0 0 0 939155211 19051340 4169646080 318824448 108343296 8813600 6586150 1681031 5120321 16009625
1790322152244 0 52542 2495 2355333465 2309497558 0 0 0 0 0 0 939193921 19051538 4169863168 242847744 0 8954407 6690492 1719284 5187391 16275042
1790322153271 0 122066 0 2355453118 2309550283 0 0 0 0 0 0 939260267 19051872 4170588160 487383040 0 9191408 6867871 1785526 5329193 16480484
1790322154290 0 121728 0 2355549056 2309646540 0 0 0 0 0 0 939310087 19052132 4170870784 488194048 0 9388463 7008132 1834824 5468038 16932844
1790322155320 0 4949 0 2355596230 2309810395 0 0 0 0 0 0 939341023 19052271 4171759616 6418432 0 9492223 7082344 1866075 5625410 17526121
1790322156343 0 106966 0 2355747368 2309859552 0 0 0 0 0 0 939400085 19052650 4170579968 427769856 0 9763699 7283627 1924709 5755808 17684990
1790322157363 0 118468 0 2355853107 2309953761 0 0 0 0 0 0 939443364 19052913 4169240576 470573056 0 9963439 7426695 1969047 5920147 18052744
1790322158382 0 120115 0 2355948977 2310047970 0 0 0 0 0 0 939484207 19053161 4168429568 479739904 0 10129699 7557975 2009061 5961373 18196330
1790322159402 0 39044 11 2356016349 2310196390 0 0 0 0 0 0 939513034 19053330 4168028160 148885504 0 10252034 7649524 2038133 6075506 18742172
1790322160426 0 29571 15914 2356131314 2310305025 0 0 0 0 0 0 939568101 19053633 4167540736 196882432 7749632 10472058 7816015 2093857 6152401 18910151
1790322161444 0 128409 0 2356261804 2310352579 0 0 0 0 0 0 939633213 19053975 4167835648 510955520 0 10705079 7999872 2158900 6322522 19200902
1790322162468 0 122381 577 2356351639 2310447894 0 0 0 0 0 0 939685189 19054223 4168192000 509943808 1703936 10886393 8139613 2210819 6388708 19406016
1790322163487 0 144572 0 2356441934 2310516422 0 0 0 0 0 0 939729879 19054467 4168458240 586346496 0 11052106 8264549 2253511 6477070 19717077
1790322164509 0 74070 0 2356501394 2310646423 0 0 0 0 0 0 939765815 19054639 4169371648 297418752 0 11175888 8356167 2289490 6510938 19913347
1790322165529 0 16207 0 2356573229 2310776061 0 0 0 0 0 0 939800639 19054832 4169502720 54939648 0 11323134 8458892 2325814 6647976 20427976
1790322166548 0 95254 0 2356716658 2310840589 0 0 0 0 0 0 939864113 19055202 4169207808 377511936 0 11586126 8655743 2389291 6817774 20689870
1790322167572 0 111844 5143 2356833146 2310935328 0 0 0 0 0 0 939914090 19055471 4167847936 490168320 5771264 11802051 8817790 2439914 6983747 21052748
1790322168595 0 67683 29 2356919570 2311070923 0 0 0 0 0 0 939960887 19055695 4168318976 266051584 0 11960417 8940151 2485478 7080819 21311847
1790322169623 0 93701 0 2357039734 2311165146 0 0 0 0 0 0 940015883 19055993 4168568832 371236864 0 12180873 9107645 2541484 7245598 21617468
1790322170650 0 19389 813 2357113158 2311312098 0 0 0 0 0 0 940052655 19056182 4168933376 95813632 3727360 12319849 9215015 2578347 7458734 22142427
1790322171672 0 84349 0 2357228683 2311363545 0 0 0 0 0 0 940112269 19056469 4169314304 334168064 0 12539830 9378408 2637290 7581298 22390818
1790322172691 0 74590 0 2357327545 2311472097 0 0 0 0 0 0 940152272 19056697 4169461760 297762816 0 12712228 9509424 2676872 7630015 22611004
1790322173711 0 46580 35 2357412193 2311584721 0 0 0 0 0 0 940191074 19056907 4170137600 182632448 0 12877513 9626244 2715758 7711966 22870137
1790322174735 0 72851 1684 2357523916 2311668527 0 0 0 0 0 0 940244960 19057194 4170162176 308998144 2560000 13087864 9786556 2770658 7796181 23059601
1790322175758 0 31780 1325 2357597760 2311783911 0 0 0 0 0 0 940268876 19057345 4169297920 132100096 9502720 13207080 9876551 2794655 7933213 23520802
1790322176777 0 45964 3 2357698406 2311871556 0 0 0 0 0 0 940319220 19057595 4169666560 173793280 0 13392839 10015531 2844882 8077632 23769914
1790322177807 0 85349 1491 2357810109 2311942418 0 0 0 0 0 0 940371824 19057862 4169449472 361185280 7323648 13595778 10172398 2897619 8196021 24042158
1790322178842 0 96896 9530 2357901402 2312014189 0 0 0 0 0 0 940410482 19058077 4169875456 396886016 58241024 13760223 10297565 2936302 8259514 24277534
1790322179866 0 49652 0 2357973314 2312142893 0 0 0 0 0 0 940446362 19058245 4169773056 192909312 0 13888769 10396133 2971334 8403826 24783918
1790322180893 0 59772 1404 2358079168 2312237204 0 0 0 0 0 0 940496302 19058511 4170256384 256143360 3715072 14085510 10545369 3022162 8681545 25108925
1790322181912 0 116708 0 2358198480 2312300851 0 0 0 0 0 0 940551987 19058811 4170682368 469340160 0 14298919 10708647 3076387 8771836 25310205
1790322182936 0 117547 4593 2358297845 2312394879 0 0 0 0 0 0 940591986 19059042 4170301440 497729536 17338368 14474494 10844576 3117797 8844283 25530339
1790322183955 0 51468 0 2358352316 2312519996 0 0 0 0 0 0 940615486 19059173 4170358784 196083712 0 14572317 10915711 3141172 9125457 26099032
1790322184975 0 109199 15622 2358481709 2312576111 0 0 0 0 0 0 940663410 19059462 4169564160 447160320 85274624 14791919 11084225 3189230 9286771 26412733
1790322186004 0 54790 7682 2358557637 2312714506 0 0 0 0 0 0 940705483 19059663 4170399744 274055168 29347840 14935072 11195819 3231157 9465725 26967682
1790322187052 0 98670 0 2358660941 2312781482 0 0 0 0 0 0 940763022 19059938 4170756096 393707520 0 15130726 11346233 3287664 9568447 27151095
1790322188082 0 82835 2089 2358752322 2312886597 0 0 0 0 0 0 940798446 19060145 4171272192 371560448 5705728 15290411 11468411 3324073 9736354 27645227
1790322189106 0 67568 0 2358828622 2312980148 0 0 0 0 0 0 940836550 19060337 4171165696 267747328 0 15425442 11571068 3360720 9865444 28076049
1790322190126 0 140852 0 2358951018 2313029303 0 0 0 0 0 0 940890597 19060633 4171743232 560361472 0 15648630 11738066 3416347 9951920 28177153
1790322191150 0 82131 1681 2359017787 2313153082 0 0 0 0 0 0 940924828 19060799 4172144640 343359488 9351168 15775589 11836800 3450632 10054399 28690319
1790322192169 0 81291 0 2359103783 2313241557 0 0 0 0 0 0 940963568 19061001 4171358208 327139328 0 15928945 11952952 3487741 10124248 28969759
1790322193188 0 72221 0 2359198008 2313344985 0 0 0 0 0 0 941007989 19061239 4172013568 283230208 0 16101818 12081927 3533111 10260754 29391686
1790322194210 0 61316 2512 2359281426 2313436730 0 0 0 0 0 0 941045330 19061433 4172247040 286072832 4059136 16254317 12197021 3571120 10331774 29698167
1790322195229 0 124473 0 2359411042 2313505761 0 0 0 0 0 0 941095148 19061736 4171505664 503832576 0 16470912 12362325 3618670 10471960 29975833
1790322196248 0 124197 0 2359502982 2313597922 0 0 0 0 0 0 941143895 19061974 4172488704 500416512 0 16641705 12496855 3668140 10534522 30191362
1790322197267 0 11336 0 2359553276 2313761171 0 0 0 0 0 0 941173558 19062111 4172386304 38076416 0 16740410 12572047 3697920 10664778 30777127
1790322198287 0 149499 0 2359701777 2313771414 0 0 0 0 0 0 941254055 19062500 4173791232 597733376 0 17013203 12787087 3779613 10800793 30901274
1790322199310 0 134074 1548 2359799750 2313883252 0 0 0 0 0 0 941289165 19062727 4172533760 561549312 4034560 17184859 12913534 3815021 10957012 31287856
1790322200341 0 110547 986 2359874646 2313982290 0 0 0 0 0 0 941328626 19062923 4172877824 471162880 7905280 17334253 13021398 3854252 11030146 31600486
1790322201364 0 82615 3755 2359958472 2314091523 0 0 0 0 0 0 941364826 19063126 4172394496 343838720 28786688 17480437 13134348 3890646 11160703 32092274
1790322202384 0 25239 2 2360030933 2314224875 0 0 0 0 0 0 941389364 19063275 4171575296 88842240 0 17593920 13222766 3915108 11313304 32536072
1790322203404 0 126972 0 2360164439 2314256630 0 0 0 0 0 0 941446274 19063594 4170756096 507527168 0 17826644 13400727 3971151 11479531 32742987
1790322204430 0 86440 3066 2360251139 2314380815 0 0 0 0 0 0 941492146 19063821 4172107776 387469312 10543104 17992255 13530229 4017772 11529928 32911719
1790322205467 0 113712 1401 2360363675 2314467792 0 0 0 0 0 0 941545878 19064099 4173516800 471445504 23080960 18201123 13688017 4071634 11632658 33114928
1790322206489 0 93524 3577 2360444714 2314566714 0 0 0 0 0 0 941584495 19064311 4173901824 395255808 0 18341838 13799188 4109638 11851352 33515835
1790322207520 0 3114 0 2360502236 2314718312 0 0 0 0 0 0 941615974 19064458 4174614528 4362240 0 18456840 13883199 4140075 11919263 33831606
1790322208543 0 115485 2521 2360652236 2314753324 0 0 0 0 0 0 941685091 19064829 4174897152 481730560 18722816 18729737 14095034 4210911 12175807 34050626
1790322209562 0 81724 0 2360739521 2314877035 0 0 0 0 0 0 941713656 19065023 4173389824 328364032 0 18869265 14201323 4237671 12306601 34515084
1790322210581 0 53686 3416 2360809901 2314971915 0 0 0 0 0 0 941747872 19065200 4173778944 234393600 14712832 19003552 14302928 4273730 12437687 34947318
1790322211600 0 102431 0 2360932359 2315049076 0 0 0 0 0 0 941799022 19065481 4173111296 410312704 0 19209993 14461720 4323175 12575663 35219861
1790322212623 0 29945 1095 2360990136 2315178350 0 0 0 0 0 0 941827474 19065625 4173393920 133091328 4206592 19316907 14546402 4353166 12633810 35488383
1790322213642 0 132496 0 2361122633 2315209326 0 0 0 0 0 0 941881922 19065953 4172767232 534503424 0 19545464 14721270 4406339 12730783 35645265
1790322214665 0 71730 0 2361156002 2315303502 0 0 0 0 0 0 941901868 19066047 4173406208 283754496 0 19611218 14772205 4426529 12824067 36323966
1790322215690 0 81675 1495 2361233551 2315369377 0 0 0 0 0 0 941941787 19066243 4174065664 347660288 1990656 19763460 14887765 4467534 12970401 36801235
1790322216708 0 55584 0 2361293640 2315457148 0 0 0 0 0 0 941969565 19066398 4173598720 219836416 0 19868263 14968928 4494207 13037485 36970623
1790322217728 0 10790 0 2361345604 2315553950 0 0 0 0 0 0 941991584 19066525 4174241792 32993280 0 19961834 15038636 4516789 13187406 37565199
1790322218747 0 143829 0 2361487786 2315563168 0 0 0 0 0 0 942056457 19066888 4174823424 576622592 0 20218403 15234342 4581586 13291439 37708824
1790322219769 0 94524 9023 2361553000 2315668669 0 0 0 0 0 0 942082768 19067035 4175052800 421830656 16060416 20333661 15325376 4608588 13390441 38289156
1790322220793 0 55139 0 2361611059 2315775144 0 0 0 0 0 0 942118678 19067198 4175949824 211144704 0 20454355 15412099 4644153 13449126 38517705
1790322221819 0 108963 12202 2361715773 2315813808 0 0 0 0 0 0 942176790 19067482 4176973824 444338176 54464512 20661827 15570765 4702609 13548135 38762444
1790322222837 0 80964 735 2361781967 2315919596 0 0 0 0 0 0 942205657 19067646 4176797696 342827008 2613248 20779153 15662335 4731338 13740617 39255945
1790322223856 0 97263 881 2361889924 2316011025 0 0 0 0 0 0 942256572 19067927 4176351232 406302720 0 20976267 15809050 4781481 13841736 39490351
1790322224879 0 91580 1039 2361972081 2316098672 0 0 0 0 0 0 942291252 19068120 4176150528 383782912 5918720 21127547 15920099 4817077 13943237 39819094
1790322225901 0 81774 1524 2362040832 2316176697 0 0 0 0 0 0 942320782 19068290 4175523840 342097920 0 21239512 16010694 4846334 14010727 40098950
1790322226923 0 108541 0 2362124085 2316234741 0 0 0 0 0 0 942365047 19068506 4175572992 441470976 0 21399706 16129568 4888618 14173566 40507209
1790322227942 0 150600 0 2362219426 2316287993 0 0 0 0 0 0 942414305 19068755 4175622144 606957568 0 21569606 16265112 4938917 14267529 40693289
1790322228965 0 3068 4 2362248323 2316464407 0 0 0 0 0 0 942422864 19068819 4175306752 4096 0 21616225 16299602 4947919 14359452 41325213
1790322229987 0 136729 2044 2362399884 2316480476 0 0 0 0 0 0 942493357 19069186 4175093760 571117568 7544832 21891824 16511344 5019113 14459396 41438288
1790322231008 0 82336 0 2362442341 2316579145 0 0 0 0 0 0 942506951 19069284 4174204928 329547776 0 21952042 16561591 5031104 14531663 41779638
1790322232042 0 66273 589 2362501001 2316653270 0 0 0 0 0 0 942534598 19069430 4174409728 281841664 1875968 22057927 16645855 5060104 14591143 42169459
1790322233060 0 76303 0 2362578621 2316721473 0 0 0 0 0 0 942570880 19069625 4174528512 305119232 0 22200051 16750550 5095020 14783693 42582494
1790322234086 0 64542 1431 2362660193 2316813468 0 0 0 0 0 0 942607770 19069829 4175032320 283209728 5632000 22352428 16865976 5133462 14884766 42812335
1790322235108 0 100711 0 2362766622 2316885047 0 0 0 0 0 0 942648850 19070093 4174671872 404205568 0 22528899 17001914 5173485 14974648 42997393
1790322236128 0 147137 0 2362865325 2316937273 0 0 0 0 0 0 942688987 19070328 4174360576 596119552 0 22697585 17132828 5213700 15064615 43324072
1790322237152 0 110704 3334 2362927706 2317032844 0 0 0 0 0 0 942715617 19070477 4174061568 451342336 22749184 22810364 17217900 5241405 15153691 43639971
1790322238170 0 82886 0 2362986353 2317122623 0 0 0 0 0 0 942744468 19070621 4174077952 330207232 0 22906301 17297525 5269088 15351414 44220133
1790322239194 0 49249 1244 2363041775 2317210443 0 0 0 0 0 0 942773598 19070767 4174278656 212930560 2207744 23010237 17381237 5299290 15477522 44775253
1790322240214 0 60236 0 2363115399 2317274331 0 0 0 0 0 0 942804496 19070939 4174262272 236060672 0 23129488 17473713 5329683 15587845 45197893
1790322241234 0 106030 0 2363214606 2317327581 0 0 0 0 0 0 942846930 19071173 4174458880 427266048 0 23300098 17609658 5371578 15764827 45657829
1790322242253 0 119026 0 2363286845 2317386975 0 0 0 0 0 0 942882901 19071343 4175110144 479363072 0 23441922 17712932 5407254 15892270 46204307
1790322243278 0 66388 58 2363330513 2317483200 0 0 0 0 0 0 942898178 19071440 4174938112 265945088 1667072 23514537 17769675 5423788 16090165 46862230
1790322244301 0 1046 17 2363379806 2317597926 0 0 0 0 0 0 942918292 19071567 4174901248 4349952 6340608 23602048 17834788 5444103 16155056 47215196
1790322245321 0 141372 3504 2363532392 2317606716 0 0 0 0 0 0 942993248 19071945 4174864384 591269888 10493952 23879095 18050338 5519023 16286674 47357535
1790322246345 0 120555 7472 2363608319 2317699562 0 0 0 0 0 0 943033611 19072137 4175093760 511094784 25530368 24009294 18158242 5559427 16352418 47517590
1790322247368 0 44683 3723 2363639662 2317810405 0 0 0 0 0 0 943049383 19072216 4175351808 207278080 0 24069035 18200888 5574656 16428723 47721155
1790322248387 0 141427 0 2363766039 2317843768 0 0 0 0 0 0 943106392 19072524 4174774272 570912768 0 24292871 18370958 5630653 16581757 47935977
1790322249410 0 68125 1460 2363814770 2317964454 0 0 0 0 0 0 943126828 19072639 4174905344 293179392 1818624 24385330 18440270 5652515 16687480 48543980
1790322250428 0 74497 0 2363897008 2318041648 0 0 0 0 0 0 943166015 19072845 4175339520 299077632 0 24535794 18554359 5690668 16813286 48935468
1790322251452 0 115143 1111 2363991072 2318094058 0 0 0 0 0 0 943198701 19073048 4174196736 478371840 5550080 24689796 18674859 5724393 16952715 49399308
1790322252491 0 86312 1208 2364040360 2318172023 0 0 0 0 0 0 943225425 19073179 4174237696 368906240 3022848 24782850 18746328 5750989 17127995 49967954
1790322253526 0 56712 60 2364092132 2318254662 0 0 0 0 0 0 943254818 19073320 4174770176 221827072 0 24873898 18821190 5780326 17221776 50344501
1790322254550 0 99179 865 2364192776 2318311916 0 0 0 0 0 0 943303401 19073570 4174786560 416088064 2105344 25055757 18963471 5828911 17370699 50800066
1790322255573 0 0 583 2364208227 2318426978 0 0 0 0 0 0 943310512 19073611 4174757888 4521984 4206592 25080604 18984429 5836169 17448070 51187672
1790322256592 0 140243 0 2364353549 2318432517 0 0 0 0 0 0 943371933 19073954 4175183872 560975872 0 25335256 19176954 5897408 17632186 51371461
1790322257622 0 104903 932 2364443856 2318557188 0 0 0 0 0 0 943406255 19074150 4174745600 450940928 3776512 25495416 19296980 5931676 17735268 51716792
1790322258649 0 76044 0 2364511643 2318654732 0 0 0 0 0 0 943429694 19074308 4174131200 300445696 0 25604482 19379726 5954947 17833238 51967883
1790322259675 0 92146 1005 2364609288 2318735419 0 0 0 0 0 0 943476105 19074561 4174196736 390512640 5148672 25789412 19520540 6001881 17965368 52338135
1790322260693 0 79472 0 2364696057 2318835692 0 0 0 0 0 0 943512376 19074778 4174135296 309592064 0 25930428 19633352 6038056 18100229 52806845
1790322261712 0 125479 0 2364793161 2318886923 0 0 0 0 0 0 943560867 19075028 4174512128 506789888 0 26110094 19770881 6085469 18224671 53037247
1790322262731 0 99736 730 2364857353 2318975950 0 0 0 0 0 0 943595922 19075191 4175052800 410103808 0 26230174 19862904 6121138 18459150 53536176
1790322263750 0 82754 902 2364925579 2319061112 0 0 0 0 0 0 943625424 19075351 4175568896 338960384 11993088 26360174 19958410 6151244 18627758 53991718
1790322264773 0 73208 3139 2365000130 2319142996 0 0 0 0 0 0 943656452 19075527 4175360000 306401280 15798272 26488261 20057079 6182272 18748559 54535839
1790322265800 0 35385 23 2365046377 2319230015 0 0 0 0 0 0 943675637 19075633 4175159296 135069696 0 26570389 20115440 6200339 18849717 55120239
1790322266827 0 108697 7996 2365161422 2319263905 0 0 0 0 0 0 943727961 19075912 4174737408 445222912 41095168 26775558 20273176 6253749 19009354 55481344
1790322267850 0 119293 741 2365228631 2319328106 0 0 0 0 0 0 943757623 19076083 4174696448 495267840 3579904 26895943 20365436 6283379 19134199 56032272
1790322268871 0 38222 0 2365271321 2319452296 0 0 0 0 0 0 943785733 19076207 4175241216 148209664 0 26982515 20429608 6309438 19258558 56634568
1790322269896 0 101452 2385 2365383770 2319499111 0 0 0 0 0 0 943831744 19076482 4174446592 415547392 18149376 27180667 20582380 6357564 19363538 56839733
1790322270915 0 54497 0 2365455297 2319619936 0 0 0 0 0 0 943863331 19076666 4174487552 209760256 0 27305942 20675589 6388850 19498354 57294630
1790322271938 0 119071 507 2365557457 2319657024 0 0 0 0 0 0 943913694 19076920 4174209024 487710720 3571712 27500427 20823907 6439514 19659350 57713355
1790322272968 0 82615 792 2365608356 2319744162 0 0 0 0 0 0 943931813 19077036 4173963264 349446144 1769472 27581171 20889022 6457441 19765315 58345600
1790322273991 0 66933 0 2365664262 2319816553 0 0 0 0 0 0 943952472 19077165 4173996032 270606336 0 27672222 20959479 6477261 19919962 58892131
1790322275016 0 108019 23476 2365778420 2319866086 0 0 0 0 0 0 943997731 19077432 4173090816 442535936 106631168 27871613 21110186 6523576 19959533 58991464
1790322276039 0 52319 354 2365816369 2319982943 0 0 0 0 0 0 944017994 19077536 4174077952 219680768 3842048 27943577 21165372 6543677 20072973 59607152
1790322277057 0 72612 0 2365893639 2320040114 0 0 0 0 0 0 944050984 19077732 4174471168 284704768 0 28067689 21267411 6576135 20224887 60083621
1790322278076 0 101065 0 2365997780 2320115891 0 0 0 0 0 0 944089991 19077976 4174094336 401403904 0 28244960 21402488 6615116 20386438 60457359
1790322279103 0 86137 0 2366058655 2320191668 0 0 0 0 0 0 944122084 19078132 4174663680 345612288 0 28364537 21492058 6646847 20456425 60753292
1790322280130 0 88434 12946 2366132304 2320250072 0 0 0 0 0 0 944146684 19078301 4174237696 362225664 58421248 28490104 21587407 6672504 20529591 61033750
1790322281153 0 7025 2422 2366161149 2320370947 0 0 0 0 0 0 944158843 19078372 4174028800 39837696 8425472 28537208 21625605 6684663 20737843 61719172
1790322282176 0 114396 803 2366290132 2320394171 0 0 0 0 0 0 944218713 19078691 4174409728 474148864 2248704 28768664 21803527 6744517 20905503 61924908
1790322283199 0 81125 0 2366343540 2320481628 0 0 0 0 0 0 944235309 19078800 4173979648 338595840 4063232 28852463 21869206 6761001 21020867 62494025
1790322284222 0 60381 46 2366416998 2320575768 0 0 0 0 0 0 944261848 19078965 4173889536 245219328 12873728 28974702 21964017 6787646 21091657 62781844
1790322285248 0 113590 26480 2366532515 2320611662 0 0 0 0 0 0 944318621 19079259 4174032896 503185408 77029376 29189761 22126305 6844441 21271956 63097141
1790322286271 0 90967 584 2366570549 2320698321 0 0 0 0 0 0 944335865 19079355 4174295040 379228160 1646592 29251158 22179621 6861513 21339185 63434777
1790322287289 0 13927 0 2366598895 2320804158 0 0 0 0 0 0 944346104 19079416 4174348288 48648192 0 29289462 22213279 6871004 21409465 63956699
1790322288313 0 81410 0 2366714426 2320852228 0 0 0 0 0 0 944398534 19079692 4174135296 336695296 1806336 29486462 22372283 6923999 21530801 64129617
1790322289331 0 110298 0 2366802804 2320911684 0 0 0 0 0 0 944437087 19079908 4173950976 443654144 0 29638138 22487660 6961091 21662400 64512462
1790322290351 0 78116 0 2366872028 2321013065 0 0 0 0 0 0 944469535 19080075 4175052800 312180736 0 29767128 22583218 6993773 21822487 64978942
1790322291370 0 108676 29 2366963024 2321073490 0 0 0 0 0 0 944510536 19080292 4175175680 434823168 0 29929797 22706615 7035276 22025350 65315251
1790322292394 0 6097 939 2366985094 2321197170 0 0 0 0 0 0 944519908 19080343 4175171584 26238976 7385088 29969852 22738237 7045664 22087903 65687269
1790322293413 0 132021 0 2367117155 2321204338 0 0 0 0 0 0 944582504 19080679 4174827520 532418560 0 30205760 22919363 7106780 22248079 65910747
1790322294432 0 124544 0 2367194729 2321289334 0 0 0 0 0 0 944610410 19080859 4173803520 501735424 0 30327695 23018252 7134705 22388100 66380693
1790322295456 0 55014 1129 2367239858 2321402945 0 0 0 0 0 0 944632284 19080973 4174008320 225337344 12775424 30420123 23086555 7158104 22641563 66992772
1790322296474 0 89290 28761 2367336337 2321437520 0 0 0 0 0 0 944679561 19081296 4174176256 397709312 93978624 30599405 23222925 7205331 22729658 67184199
1790322297497 0 6260 1961 2367336425 2321547373 0 0 0 0 0 0 944679591 19081296 4174176256 25636864 16388096 30599405 23222925 7205331 22729658 67184199
1790322298515 0 1 0 2367336434 2321555616 0 0 0 0 0 0 944795351 19081547 4205326336 4096 0 30708481 23328700 7318711 22782774 67328495
1790322299535 0 2 0 2367336435 2321555616 0 0 0 0 0 0 944936139 19081840 4211625984 4096 0 30865735 23467886 7459435 22861793 67555086
1790322300554 0 2 0 2367336435 2321555616 0 0 0 0 0 0 945084281 19082139 4218716160 4096 0 31131764 23615177 7608457 22932168 67656467
1790322301574 0 2 0 2367336435 2321555616 0 0 0 0 0 0 945214879 19082393 4219973632 4096 0 31521396 23747185 7740772 23131286 67800091
