1790336660633 0 0 0 3498533412 3452634234 0 0 0 0 0 0 1462615972 20725851 - - - - - - - -
1790336661858 0 151379 1029 3498833462 3452781814 0 0 0 0 0 0 1462615981 20725943 1173524480 621314048 6307840 0 0 9 0 54139
1790336662902 0 152564 2045 3499015774 3452962043 0 0 0 0 0 0 1462615981 20725943 1959182336 616411136 16764928 0 0 9 0 244944
1790336663922 0 148344 2048 3499183691 3453134078 0 0 0 0 0 0 1462615981 20725943 2657726464 610332672 16764928 0 0 9 0 541126
1790336664941 0 142459 10216 3499347698 3453295831 0 0 0 0 0 0 1462615981 20725943 3329241088 610775040 16777216 0 0 9 0 737089
1790336665960 0 147941 1986 3499529438 3453480223 0 0 0 0 0 0 1462615981 20725943 4066795520 610148352 8388608 0 0 9 0 899285
1790336666980 0 142314 0 3499684682 3453643135 0 0 0 0 0 0 1462621397 20725953 4158136320 571604992 0 253850 138169 5039 125037 1038188
1790336668000 0 22211 0 3499757037 3453835648 0 0 0 0 0 0 1462627368 20725964 4157849600 79724544 0 378730 216525 10899 175946 1253612
1790336669019 0 107227 0 3499904517 3453898112 0 0 0 0 0 0 1462636654 20725980 4157054976 426622976 0 590571 373669 20696 292223 1428891
1790336670043 0 117191 2049 3500016877 3453998486 0 0 0 0 0 0 1462648247 20726002 4156854272 476053504 24907776 766472 499667 32243 350115 1526044
1790336671062 0 151256 0 3500135993 3454085506 0 0 0 0 0 0 1462665338 20726031 4157038592 610975744 0 936302 633735 48389 452915 1850735
1790336672082 0 112561 0 3500221084 3454209411 0 0 0 0 0 0 1462676850 20726052 4157235200 447262720 0 1077758 730202 60944 523977 2129283
1790336673103 0 3672 4033 3500276029 3454369091 0 0 0 0 0 0 1462693081 20726079 4158287872 31703040 16322560 1206634 804177 77004 605682 2512716
1790336674124 0 151985 0 3500429489 3454378320 0 0 0 0 0 0 1462739640 20726157 4161036288 613273600 0 1508594 1000263 122565 702071 2577129
1790336675144 0 102562 11 3500499969 3454498067 0 0 0 0 0 0 1462766640 20726202 4163010560 412921856 0 1640457 1097672 149573 813194 3060667
1790336676163 0 128140 22508 3500607572 3454557749 0 0 0 0 0 0 1462810633 20726280 4166303744 524722176 92274688 1853067 1251339 194711 960643 3253538
1790336677181 0 125810 0 3500691072 3454666167 0 0 0 0 0 0 1462844585 20726335 4168437760 508383232 0 2006920 1365048 227038 1054108 3610753
1790336678200 0 28437 31 3500754599 3454826843 0 0 0 0 0 0 1462871657 20726375 4170481664 105091072 0 2126934 1454906 255173 1130583 3977290
1790336679234 0 102234 2013 3500884692 3454881411 0 0 0 0 0 0 1462925765 20726468 4173316096 445931520 12443648 2386632 1639687 309793 1201124 4041024
1790336680255 0 113028 8166 3500985752 3454965380 0 0 0 0 0 0 1462961115 20726524 4174925824 478216192 26570752 2595626 1777697 345079 1328663 4404522
1790336681274 0 63719 0 3501050986 3455088022 0 0 0 0 0 0 1463000876 20726592 4176838656 248340480 0 2741773 1878866 384640 1392191 4624678
1790336682300 0 58365 0 3501147864 3455190374 0 0 0 0 0 0 1463041321 20726659 4177186816 228175872 0 2949096 2016116 424502 1498361 4903389
1790336683324 0 47014 18432 3501247449 3455282825 0 0 0 0 0 0 1463084872 20726733 4177743872 192372736 75497472 3158023 2162468 468900 1637071 5196749
1790336684351 0 120209 0 3501369669 3455350275 0 0 0 0 0 0 1463139663 20726824 4177567744 485810176 0 3407593 2336231 522058 1770474 5370402
1790336685370 0 103426 0 3501455346 3455452676 0 0 0 0 0 0 1463197609 20726925 4178726912 415252480 0 3624776 2478982 579931 1902785 5641392
1790336686389 0 94870 0 3501549244 3455555186 0 0 0 0 0 0 1463240691 20726997 4179009536 380383232 0 3823825 2616544 623682 1982566 5922386
1790336687408 0 78182 73 3501632857 3455655436 0 0 0 0 0 0 1463288866 20727081 4179566592 311861248 0 4006692 2747804 671456 2074831 6115703
1790336688432 0 53052 4311 3501712400 3455755886 0 0 0 0 0 0 1463330435 20727153 4179886080 234938368 15814656 4195224 2872176 714335 2208577 6500868
1790336689450 0 71881 0 3501786401 3455815276 0 0 0 0 0 0 1463388461 20727249 4181610496 288239616 0 4392472 3000564 770810 2350882 6868984
1790336690474 0 91682 3066 3501868948 3455875008 0 0 0 0 0 0 1463437249 20727329 4182298624 375689216 12632064 4593992 3135067 821345 2395495 7002039
1790336691493 0 150122 0 3501965030 3455915629 0 0 0 0 0 0 1463505034 20727451 4182765568 612823040 0 4822844 3295669 886636 2626214 7277572
1790336692513 0 111139 0 3502022185 3456011888 0 0 0 0 0 0 1463558021 20727545 4183732224 443416576 0 4984637 3405239 941549 2695230 7626902
1790336693532 0 73622 0 3502076807 3456103993 0 0 0 0 0 0 1463610933 20727635 4185202688 294998016 0 5146204 3512695 993443 2785641 7972279
1790336694558 0 100590 12256 3502157368 3456145344 0 0 0 0 0 0 1463692337 20727777 4187762688 411750400 50331648 5386236 3677043 1076333 2947069 8319973
1790336695580 0 39595 0 3502198955 3456260209 0 0 0 0 0 0 1463729014 20727840 4188332032 155762688 0 5500351 3752594 1112008 3003985 8732691
1790336696607 0 141259 10220 3502312956 3456262171 0 0 0 0 0 0 1463818224 20727993 4188082176 578633728 41943040 5809486 3958441 1202363 3103839 8798943
1790336697630 0 112637 0 3502360103 3456348330 0 0 0 0 0 0 1463863764 20728070 4188176384 454148096 0 5947355 4048309 1246841 3183684 9137879
1790336698649 0 84598 0 3502416117 3456432244 0 0 0 0 0 0 1463917180 20728164 4187803648 340316160 0 6110751 4157222 1299505 3246664 9279098
1790336699673 0 89854 1606 3502486348 3456495748 0 0 0 0 0 0 1463980004 20728277 4188168192 376705024 14704640 6308865 4293320 1363864 3362015 9492093
1790336700698 0 127736 1775 3502565398 3456536709 0 0 0 0 0 0 1464054623 20728409 4187496448 528465920 10395648 6542680 4447212 1438587 3465254 9628870
1790336701727 0 3623 0 3502574145 3456671351 0 0 0 0 0 0 1464061477 20728419 4187385856 4337664 0 6560388 4459304 1444482 3530124 10421266
1790336702748 0 104796 0 3502675343 3456671351 0 0 0 0 0 0 1464170200 20728613 4188401664 424288256 0 6883488 4669764 1552770 3602388 10477686
1790336703772 0 88725 5846 3502727138 3456733483 0 0 0 0 0 0 1464223273 20728699 4188557312 363384832 32055296 7046037 4777198 1607234 3650161 10719135
1790336704793 0 138165 0 3502796849 3456759439 0 0 0 0 0 0 1464325018 20728975 4189515776 558739456 0 7312365 4943028 1707862 3755141 10890568
1790336705812 0 132944 0 3502861233 3456829072 0 0 0 0 0 0 1464387438 20729195 4190085120 532086784 0 7495988 5066031 1770632 3864197 11094064
1790336706836 0 32513 2573 3502886442 3456952131 0 0 0 0 0 0 1464412085 20729275 4189929472 133062656 20107264 7574434 5118295 1796113 3941314 11510052
1790336707854 0 67881 0 3502957390 3456990325 0 0 0 0 0 0 1464492201 20729538 4189495296 269602816 0 7801430 5262967 1875006 4049905 11677368
1790336708878 0 95608 2053 3503033878 3457037025 0 0 0 0 0 0 1464563866 20729778 4188569600 404168704 4206592 8030003 5410940 1947794 4235554 12066948
1790336709896 0 115440 0 3503098314 3457083549 0 0 0 0 0 0 1464633763 20730004 4188340224 470093824 0 8224213 5538650 2014914 4398332 12490623
1790336710915 0 88231 0 3503145739 3457158303 0 0 0 0 0 0 1464684402 20730174 4188000256 355721216 0 8365095 5634612 2066300 4599107 13047514
1790336711939 0 16103 1033 3503174450 3457258108 0 0 0 0 0 0 1464721906 20730295 4188450816 65884160 11825152 8470759 5702928 2105934 4759296 13723501
1790336712957 0 86839 0 3503261321 3457275271 0 0 0 0 0 0 1464824528 20730638 4188692480 348549120 0 8738222 5884973 2207342 4906581 13875157
1790336713977 0 108818 0 3503331444 3457323413 0 0 0 0 0 0 1464900442 20730879 4188409856 439726080 0 8960694 6027472 2282755 4965988 14016965
1790336714997 0 79925 0 3503371128 3457392025 0 0 0 0 0 0 1464959034 20731047 4189548544 327372800 0 9115777 6124735 2341201 5109456 14556576
1790336716023 0 77478 5309 3503428078 3457446113 0 0 0 0 0 0 1465029185 20731265 4189425664 344608768 0 9314741 6250196 2412779 5218241 14832250
1790336717042 0 27733 0 3503462090 3457535067 0 0 0 0 0 0 1465076805 20731406 4190113792 105508864 0 9436085 6327162 2459115 5630185 15355453
1790336718061 0 111062 0 3503557599 3457547359 0 0 0 0 0 0 1465181857 20731750 4189016064 448606208 0 9741924 6524005 2564727 5849938 15588777
1790336719085 0 82921 5 3503607303 3457625120 0 0 0 0 0 0 1465241867 20731941 4188934144 341139456 5677056 9908111 6633514 2625732 5934092 16010960
1790336720109 0 60057 50 3503646892 3457687627 0 0 0 0 0 0 1465308155 20732126 4189327360 245993472 2711552 10072701 6736990 2691171 6007114 16205175
1790336721128 0 29487 41 3503694147 3457765435 0 0 0 0 0 0 1465356251 20732289 4189257728 120827904 7626752 10218855 6830710 2739933 6181503 16571705
1790336722147 0 70921 0 3503772365 3457802192 0 0 0 0 0 0 1465441141 20732566 4189011968 280137728 0 10458944 6987372 2824845 6307474 16825601
1790336723166 0 106938 0 3503847265 3457841109 0 0 0 0 0 0 1465530251 20732855 4188766208 431833088 0 10707816 7147515 2912686 6446838 17058444
1790336724185 0 71135 19 3503889358 3457918960 0 0 0 0 0 0 1465579753 20733018 4188508160 289574912 0 10856505 7236423 2960633 6628203 17583678
1790336725204 0 111757 0 3503964779 3457953757 0 0 0 0 0 0 1465664300 20733297 4187639808 453758976 0 11090100 7392855 3045694 6826463 17927975
1790336726223 0 59143 1436 3504001171 3458041474 0 0 0 0 0 0 1465713776 20733448 4187533312 242249728 17244160 11226500 7480495 3097772 6904115 18199110
1790336727241 0 57823 0 3504060613 3458103552 0 0 0 0 0 0 1465786235 20733682 4188221440 227573760 0 11420340 7605505 3168835 7019886 18643406
1790336728265 0 100748 0 3504147614 3458147588 0 0 0 0 0 0 1465875623 20733987 4187537408 404561920 0 11683307 7778348 3258640 7153724 18873517
1790336729284 0 130970 57 3504222824 3458192618 0 0 0 0 0 0 1465953887 20734243 4186759168 528932864 0 11916147 7927769 3336363 7340657 19107708
1790336730304 0 79048 0 3504259983 3458281740 0 0 0 0 0 0 1466000725 20734386 4187103232 319528960 0 12037451 8010861 3383598 7446372 19633985
1790336731333 0 62223 4 3504308699 3458347234 0 0 0 0 0 0 1466060349 20734581 4187271168 248623104 0 12207147 8115345 3442404 7579303 19892882
1790336732355 0 57036 0 3504370908 3458414681 0 0 0 0 0 0 1466132876 20734816 4187119616 225611776 0 12407524 8246971 3515315 7657938 20130472
1790336733378 0 122242 1083 3504466412 3458443969 0 0 0 0 0 0 1466235275 20735163 4186234880 515383296 6307840 12706415 8443575 3619151 7809243 20328690
1790336734401 0 86217 1960 3504513820 3458526288 0 0 0 0 0 0 1466296337 20735350 4186976256 359063552 8949760 12870354 8549069 3680389 7887578 20615923
1790336735425 0 112728 1241 3504585479 3458572356 0 0 0 0 0 0 1466378225 20735616 4186931200 461729792 16023552 13101095 8699723 3762253 8023393 20874121
1790336736463 0 42658 2706 3504618831 3458674340 0 0 0 0 0 0 1466416437 20735744 4187287552 210907136 3133440 13210995 8769142 3800145 8132579 21533777
1790336737506 0 84004 0 3504705016 3458721740 0 0 0 0 0 0 1466495361 20736045 4186013696 336924672 0 13455827 8927187 3877752 8311119 21840928
1790336738528 0 91890 1022 3504772960 3458780818 0 0 0 0 0 0 1466591186 20736340 4186693632 386863104 4743168 13698732 9090806 3975077 8542139 22206480
1790336739548 0 35449 0 3504805904 3458871255 0 0 0 0 0 0 1466626062 20736460 4186914816 142090240 0 13797881 9154724 4008475 8761433 22696497
1790336740573 0 65855 0 3504876207 3458911195 0 0 0 0 0 0 1466701635 20736732 4186480640 259325952 0 14002500 9296344 4084991 8919452 23010028
1790336741593 0 125989 5621 3504958865 3458928151 0 0 0 0 0 0 1466815502 20737079 4186877952 515940352 35553280 14303998 9491688 4199498 9134592 23226067
1790336742612 0 8276 0 3504971353 3459063823 0 0 0 0 0 0 1466827062 20737120 4186963968 31387648 0 14339497 9512646 4209366 9247368 24024379
1790336743631 0 114018 0 3505077093 3459063823 0 0 0 0 0 0 1466939728 20737510 4185653248 461430784 0 14660201 9725213 4321705 9480632 24209369
1790336744651 0 102899 0 3505141663 3459139601 0 0 0 0 0 0 1467009182 20737748 4185022464 415342592 0 14860955 9856442 4391536 9804122 24632861
1790336745675 0 84096 2013 3505192514 3459207452 0 0 0 0 0 0 1467060217 20737927 4184584192 344457216 15646720 15013850 9959043 4444245 10024429 25107493
1790336746693 0 51963 0 3505228967 3459277862 0 0 0 0 0 0 1467106567 20738085 4184965120 206692352 0 15133984 10037241 4489198 10120093 25389971
1790336747712 0 59624 1 3505298931 3459340139 0 0 0 0 0 0 1467187612 20738355 4185018368 238727168 0 15352953 10183889 4569117 10292159 25790885
1790336748743 0 77155 803 3505377988 3459400939 0 0 0 0 0 0 1467279210 20738656 4185747456 351682560 4206592 15614019 10353796 4662597 10366757 25918255
1790336749788 0 85592 5259 3505441628 3459451630 0 0 0 0 0 0 1467354586 20738906 4186501120 388333568 0 15825709 10490473 4738209 10570746 26302626
1790336750806 0 46866 0 3505486842 3459540833 0 0 0 0 0 0 1467408580 20739077 4186984448 187908096 0 15973100 10585004 4790605 10796455 26787305
1790336751825 0 97753 0 3505567448 3459570532 0 0 0 0 0 0 1467506916 20739396 4187099136 394285056 0 16244956 10759904 4888981 11013609 27052915
1790336752844 0 11292 0 3505599396 3459688901 0 0 0 0 0 0 1467547466 20739517 4187054080 43188224 0 16353346 10831314 4929261 11173394 27654236
1790336753863 0 86877 4599 3505688730 3459698036 0 0 0 0 0 0 1467670738 20739879 4187410432 379015168 0 16677620 11040171 5053168 11277846 27758409
1790336754886 0 50131 0 3505733486 3459784143 0 0 0 0 0 0 1467722703 20740047 4188065792 203243520 0 16825638 11134269 5104242 11658622 28311075
1790336755913 0 40959 2425 3505786816 3459844147 0 0 0 0 0 0 1467796198 20740261 4188098560 182759424 0 17032122 11258741 5178638 11754128 28468312
1790336756932 0 105339 0 3505868527 3459864024 0 0 0 0 0 0 1467900971 20740593 4188602368 424976384 0 17309705 11441040 5283291 11990804 28722070
1790336757951 0 4601 0 3505888647 3459984780 0 0 0 0 0 0 1467924957 20740667 4188147712 12767232 0 17371911 11484077 5307126 12022048 29055634
1790336758971 0 74146 0 3505977598 3460004240 0 0 0 0 0 0 1468020565 20740990 4186689536 301608960 0 17651479 11666315 5402800 12146880 29194712
1790336760001 0 91777 0 3506045400 3460054418 0 0 0 0 0 0 1468095567 20741237 4186423296 369647616 0 17868832 11804906 5477358 12365787 29598929
1790336761026 0 78058 0 3506094142 3460116886 0 0 0 0 0 0 1468160506 20741437 4187754496 311377920 0 18038783 11916873 5543376 12459867 29898390
1790336762046 0 61058 0 3506151981 3460191645 0 0 0 0 0 0 1468218710 20741641 4187357184 237899776 0 18220253 12029955 5602065 12676099 30359573
1790336763066 0 34457 0 3506208867 3460275151 0 0 0 0 0 0 1468293386 20741872 4187697152 132853760 0 18419909 12159619 5676691 12845792 30801267
1790336764085 0 120258 0 3506310967 3460291538 0 0 0 0 0 0 1468390321 20742225 4186877952 486297600 0 18703958 12353957 5772668 12968634 30918387
1790336765114 0 52231 52 3506355601 3460404194 0 0 0 0 0 0 1468429576 20742371 4185735168 205647872 0 18840439 12436310 5812496 13068708 31387151
1790336766137 0 66873 0 3506420377 3460454367 0 0 0 0 0 0 1468502877 20742608 4185931776 267636736 0 19034530 12571103 5885145 13189190 31564849
1790336767156 0 125009 22922 3506514855 3460467727 0 0 0 0 0 0 1468613050 20742985 4185776128 618766336 0 19321097 12773960 5996934 13328720 31702798
1790336768175 0 6175 0 3506525723 3460620316 0 0 0 0 0 0 1468624376 20743023 4185989120 14880768 0 19351393 12793005 6007169 13434635 32229181
1790336769195 0 98163 0 3506627886 3460630560 0 0 0 0 0 0 1468729045 20743385 4185767936 398057472 0 19668875 12996318 6111047 13633760 32427236
1790336770219 0 86547 57 3506680801 3460695013 0 0 0 0 0 0 1468794445 20743594 4186923008 354496512 0 19844706 13113023 6176601 13737554 32683363
1790336771249 0 38514 1010 3506717781 3460779100 0 0 0 0 0 0 1468841852 20743754 4187086848 174669824 0 19981760 13196697 6225857 13827453 32862077
1790336772267 0 92052 0 3506796879 3460805717 0 0 0 0 0 0 1468947521 20744077 4188266496 367972352 0 20242325 13375948 6331028 13934714 33009196
1790336773291 0 2110 3129 3506829799 3460925400 0 0 0 0 0 0 1468982838 20744193 4187869184 21200896 13352960 20346831 13445348 6366802 14035697 33440494
1790336774310 0 73032 0 3506919230 3460947007 0 0 0 0 0 0 1469070370 20744506 4186861568 291463168 0 20617011 13615428 6453206 14136574 33562145
1790336775329 0 5109 0 3506950026 3461045726 0 0 0 0 0 0 1469105361 20744617 4186533888 16986112 0 20723750 13680234 6487678 14187926 33885390
1790336776348 0 107882 0 3507052751 3461045726 0 0 0 0 0 0 1469219775 20745011 4186841088 434536448 0 21040317 13892472 6602594 14417707 34065894
1790336777373 0 80420 498 3507108364 3461128289 0 0 0 0 0 0 1469274485 20745202 4186288128 339275776 3776512 21207335 14003264 6658340 14629038 34570130
1790336778391 0 8103 0 3507141705 3461234352 0 0 0 0 0 0 1469314021 20745331 4186357760 23957504 0 21310165 14071358 6696819 14696319 35013373
1790336779410 0 111504 0 3507245068 3461234352 0 0 0 0 0 0 1469430092 20745714 4187123712 448942080 0 21636257 14286304 6812899 14900287 35190947
1790336780435 0 70248 0 3507291859 3461322402 0 0 0 0 0 0 1469481319 20745897 4187185152 285560832 0 21788832 14384543 6864968 15042055 35743756
1790336781456 0 52466 0 3507337598 3461385920 0 0 0 0 0 0 1469532686 20746068 4186800128 210702336 0 21932378 14477796 6914694 15169231 36125846
1790336782480 0 67439 39 3507398664 3461431976 0 0 0 0 0 0 1469618381 20746336 4188397568 272089088 1871872 22161397 14622582 7001271 15262809 36337478
1790336783499 0 15323 3 3507436096 3461521583 0 0 0 0 0 0 1469663815 20746482 4188696576 54927360 0 22279220 14703241 7047058 15411804 36888844
1790336784519 0 114671 0 3507535502 3461521576 0 0 0 0 0 0 1469786194 20746875 4188102656 463036416 0 22615337 14920230 7168553 15546966 36996287
1790336785543 0 56809 4476 3507576856 3461616427 0 0 0 0 0 0 1469837425 20747043 4188184576 255832064 3399680 22765031 15014455 7221453 15717245 37458992
1790336786561 0 81967 0 3507646155 3461664948 0 0 0 0 0 0 1469909316 20747295 4187881472 326168576 0 22969812 15149236 7292276 15798898 37586758
1790336787581 0 82347 0 3507708968 3461727405 0 0 0 0 0 0 1469974770 20747523 4187639808 326782976 0 23165363 15274592 7357616 15933820 37860378
1790336788605 0 20113 940 3507745873 3461825703 0 0 0 0 0 0 1470014510 20747661 4186886144 92807168 3964928 23283917 15353243 7398383 16224294 38216561
1790336789623 0 85368 0 3507831369 3461846732 0 0 0 0 0 0 1470116817 20747980 4187394048 342654976 0 23553958 15534964 7500151 16429396 38498102
1790336790654 0 101342 1443 3507903087 3461901117 0 0 0 0 0 0 1470200543 20748260 4187500544 433901568 4984832 23784064 15689751 7584398 16541583 38762322
1790336791681 0 77409 23 3507952420 3461975741 0 0 0 0 0 0 1470253375 20748442 4187271168 312881152 5193728 23940640 15788957 7637403 16753026 39265098
1790336792701 0 124832 5694 3508033359 3462003765 0 0 0 0 0 0 1470346857 20748752 4187340800 540041216 0 24208433 15958543 7729249 16953134 39587653
1790336793725 0 16118 1460 3508051981 3462135326 0 0 0 0 0 0 1470375468 20748838 4187975680 76009472 4091904 24283587 16006939 7759496 16999698 40119780
1790336794744 0 92992 0 3508145481 3462153285 0 0 0 0 0 0 1470468992 20749162 4187234304 381075456 0 24546811 16187855 7850091 17164612 40319567
1790336795763 0 106020 0 3508211782 3462206537 0 0 0 0 0 0 1470542283 20749414 4186943488 428093440 0 24771939 16324521 7924711 17304636 40645347
1790336796782 0 34962 0 3508243119 3462308946 0 0 0 0 0 0 1470586884 20749546 4188213248 137072640 0 24889153 16398784 7969375 17379843 40914640
1790336797804 0 93714 0 3508328424 3462335573 0 0 0 0 0 0 1470685136 20749863 4188057600 379600896 0 25151842 16578383 8066650 17578757 41210003
1790336798835 0 49552 1425 3508373635 3462423480 0 0 0 0 0 0 1470739807 20750034 4187574272 221786112 1724416 25299943 16679728 8123643 17741146 41751756
1790336799857 0 58625 0 3508435324 3462477569 0 0 0 0 0 0 1470814559 20750278 4188200960 240181248 0 25509138 16810226 8195352 17881819 42076253
1790336800887 0 115143 573 3508518009 3462503221 0 0 0 0 0 0 1470917448 20750602 4189257728 482394112 3747840 25804160 16995306 8301395 18052794 42233844
1790336801910 0 26604 50 3508534467 3462608586 0 0 0 0 0 0 1470944364 20750683 4189433856 106876928 0 25875940 17036085 8326888 18111636 42589686
1790336802929 0 84305 4891 3508622839 3462634845 0 0 0 0 0 0 1471036464 20750995 4188483584 361009152 13070336 26150231 17214576 8420460 18328105 42863506
1790336803947 0 80735 1387 3508680823 3462699489 0 0 0 0 0 0 1471102162 20751214 4187889664 338993152 0 26323188 17333823 8484649 18555174 43326767
1790336804966 0 38042 0 3508722987 3462785788 0 0 0 0 0 0 1471150136 20751370 4187525120 153923584 0 26460602 17421721 8531428 18704107 43799156
1790336805986 0 123287 0 3508817559 3462795007 0 0 0 0 0 0 1471256384 20751726 4188200960 498155520 0 26755128 17618934 8639281 18825077 43927591
1790336807009 0 46601 2352 3508842193 3462893993 0 0 0 0 0 0 1471292800 20751834 4188053504 216002560 0 26855430 17681662 8676623 18950631 44575180
1790336808028 0 73819 0 3508912414 3462939405 0 0 0 0 0 0 1471360636 20752071 4188061696 292069376 0 27053696 17814251 8744097 19139637 44884702
1790336809047 0 136808 0 3509001069 3462965007 0 0 0 0 0 0 1471451536 20752386 4186742784 553533440 0 27326147 17989993 8833749 19241559 44991421
1790336810070 0 3015 0 3509009553 3463107335 0 0 0 0 0 0 1471463184 20752421 4186767360 6447104 0 27355611 18009734 8845097 19329672 45769298
1790336811092 0 94553 0 3509111300 3463117577 0 0 0 0 0 0 1471563996 20752785 4186812416 379047936 0 27647908 18208120 8946373 19434126 45864211
1790336812115 0 94654 949 3509172525 3463177811 0 0 0 0 0 0 1471640648 20753038 4186783744 397750272 4059136 27850065 18346847 9024576 19527379 46102484
1790336813136 0 73460 0 3509216168 3463243537 0 0 0 0 0 0 1471691893 20753217 4187066368 295202816 0 27986746 18436976 9074274 19609373 46432103
1790336814156 0 49835 25131 3509273665 3463299551 0 0 0 0 0 0 1471762142 20753448 4188352512 241831936 75132928 28179623 18565102 9146170 19722723 46684438
1790336815175 0 40086 0 3509314231 3463375008 0 0 0 0 0 0 1471827177 20753637 4189052928 160231424 0 28334579 18666524 9209667 19802004 47086791
1790336816194 0 128974 0 3509414411 3463386274 0 0 0 0 0 0 1471930092 20753991 4188602368 522141696 0 28640735 18865014 9312498 19929795 47205211
1790336817219 0 46561 11 3509443763 3463497878 0 0 0 0 0 0 1471956691 20754096 4187766784 180006912 0 28725239 18919408 9339593 20020933 47745922
1790336818244 0 63800 23 3509508994 3463546025 0 0 0 0 0 0 1472037425 20754376 4187545600 257183744 0 28949235 19063641 9419599 20249197 48062596
1790336819271 0 99202 584 3509584999 3463586034 0 0 0 0 0 0 1472124515 20754676 4187680768 412827648 1884160 29182602 19225654 9508447 20353741 48367923
1790336820290 0 27254 0 3509617442 3463690963 0 0 0 0 0 0 1472155671 20754787 4187115520 102854656 0 29272289 19285189 9538485 20461014 48895427
1790336821309 0 99747 0 3509705272 3463706327 0 0 0 0 0 0 1472259619 20755135 4186910720 404422656 0 29567989 19473818 9641699 20602322 49060683
1790336822332 0 82973 0 3509758059 3463775963 0 0 0 0 0 0 1472324973 20755341 4188397568 331522048 0 29759059 19589412 9707708 20687350 49295191
1790336823356 0 52871 54 3509803754 3463851710 0 0 0 0 0 0 1472380685 20755521 4188659712 212373504 0 29920348 19690095 9763618 20872774 49784553
1790336824377 0 102873 0 3509889668 3463887590 0 0 0 0 0 0 1472462110 20755814 4187721728 412999680 0 30176159 19852363 9844315 20954466 49903283
1790336825400 0 24666 0 3509924594 3464000739 0 0 0 0 0 0 1472495746 20755939 4187197440 92880896 0 30277022 19920555 9878858 21002507 50186220
1790336826420 0 93571 0 3510012887 3464020200 0 0 0 0 0 0 1472590916 20756270 4186648576 378118144 0 30550832 20099892 9972816 21199316 50392248
1790336827443 0 79376 876 3510075683 3464096325 0 0 0 0 0 0 1472646740 20756486 4185800704 332201984 3428352 30730508 20218608 10030653 21339540 50789404
1790336828462 0 64290 0 3510129113 3464165618 0 0 0 0 0 0 1472704083 20756682 4186345472 252547072 0 30886392 20324619 10087552 21501022 51088494
1790336829482 0 134593 0 3510218886 3464185076 0 0 0 0 0 0 1472805025 20757026 4187209728 542208000 0 31177317 20511588 10188015 21730194 51362279
1790336830505 0 3578 0 3510230744 3464327968 0 0 0 0 0 0 1472819198 20757073 4186992640 8552448 0 31214943 20537253 10201588 21771377 51740855
1790336831528 0 88395 0 3510330869 3464343337 0 0 0 0 0 0 1472913688 20757426 4186091520 355987456 618496 31497821 20729033 10296947 21928124 51881257
1790336832549 0 94381 1407 3510392542 3464397629 0 0 0 0 0 0 1472992865 20757680 4186693632 400396288 1761280 31711960 20869096 10376573 22047178 52245102
1790336833568 0 93805 0 3510445894 3464452907 0 0 0 0 0 0 1473052556 20757881 4187131904 382173184 0 31874245 20977154 10433882 22242953 52648270
1790336834587 0 33986 21954 3510490121 3464534874 0 0 0 0 0 0 1473110206 20758061 4187967488 139563008 102490112 32034361 21080375 10494323 22318289 52850037
1790336835608 0 66091 0 3510557257 3464591974 0 0 0 0 0 0 1473180991 20758308 4187549696 261206016 0 32239135 21212197 10563896 22433083 53232230
1790336836628 0 138788 442 3510641261 3464602850 0 0 0 0 0 0 1473297882 20758672 4188381184 582389760 0 32539252 21411375 10681336 22669176 53456732
1790336837652 0 66240 64 3510674173 3464708747 0 0 0 0 0 0 1473338579 20758799 4188540928 269774848 0 32647979 21483333 10721500 22773381 53925490
1790336838673 0 63319 48 3510728507 3464766077 0 0 0 0 0 0 1473398215 20758997 4187856896 249880576 0 32826411 21593646 10781129 22884620 54137889
1790336839699 0 79971 0 3510796449 3464817273 0 0 0 0 0 0 1473470156 20759247 4187348992 321290240 0 33040826 21730621 10852179 23007172 54469615
1790336840718 0 23131 0 3510830352 3464908042 0 0 0 0 0 0 1473520048 20759402 4188348416 90734592 0 33180047 21813797 10902570 23093123 54731008
1790336841743 0 90267 4547 3510919063 3464925115 0 0 0 0 0 0 1473633452 20759763 4188327936 393846784 20226048 33476091 22014217 11017320 23243675 54893524
1790336842796 0 53825 0 3510959384 3465006354 0 0 0 0 0 0 1473690304 20759933 4188499968 214200320 0 33623736 22106905 11072612 23320318 55114175
1790336843815 0 52021 1 3511019000 3465067762 0 0 0 0 0 0 1473751321 20760154 4187615232 213078016 5701632 33813285 22227978 11134838 23527056 55475742
1790336844834 0 72498 0 3511081600 3465109787 0 0 0 0 0 0 1473830121 20760411 4188803072 291581952 0 34040047 22363574 11211970 23664338 55865981
1790336845858 0 8980 1366 3511117630 3465208131 0 0 0 0 0 0 1473866126 20760526 4188119040 48738304 1699840 34154487 22437654 11249944 23724203 56132259
1790336846876 0 61922 1606 3511195303 3465232720 0 0 0 0 0 0 1473956556 20760816 4188577792 253485056 14032896 34412760 22602643 11340584 23873812 56295912
1790336847899 0 91626 506 3511264593 3465273307 0 0 0 0 0 0 1474033494 20761074 4187688960 379486208 5832704 34631495 22746164 11417425 23981027 56488483
1790336848919 0 55359 0 3511308183 3465353667 0 0 0 0 0 0 1474074955 20761223 4187054080 226779136 0 34750411 22826541 11455789 24037845 56642185
1790336849938 0 83280 0 3511369865 3465387488 0 0 0 0 0 0 1474165729 20761495 4188520448 336867328 0 34987795 22976454 11547763 24238450 56931720
1790336850962 0 42931 3005 3511413052 3465467977 0 0 0 0 0 0 1474216670 20761656 4188921856 177291264 18874368 35128635 23071594 11600666 24323374 57394257
1790336851980 0 49380 0 3511468553 3465520023 0 0 0 0 0 0 1474292797 20761892 4190023680 196067328 0 35326930 23197207 11674877 24387173 57633779
1790336853005 0 82874 4028 3511540989 3465554861 0 0 0 0 0 0 1474383672 20762176 4189999104 339451904 26963968 35581960 23361191 11767700 24489793 57884616
1790336854025 0 36912 3810 3511575923 3465636135 0 0 0 0 0 0 1474418195 20762291 4189040640 151240704 27598848 35699804 23429541 11802273 24671352 58373596
1790336855044 0 93120 0 3511653716 3465661347 0 0 0 0 0 0 1474504920 20762584 4188295168 376770560 0 35939069 23588524 11887693 24785627 58534135
1790336856068 0 45971 7266 3511703829 3465751463 0 0 0 0 0 0 1474551078 20762753 4188131328 223830016 6017024 36091090 23685394 11935042 24849400 58896575
1790336857087 0 51457 0 3511756878 3465806215 0 0 0 0 0 0 1474630194 20762990 4188508160 205733888 0 36278249 23812014 12011985 25024491 59328867
1790336858111 0 120869 2977 3511852810 3465829793 0 0 0 0 0 0 1474723718 20763332 4187983872 496508928 19046400 36563596 24001247 12107720 25107949 59416699
1790336859129 0 45116 3723 3511882544 3465934902 0 0 0 0 0 0 1474759409 20763451 4187992064 201535488 0 36664324 24062405 12142250 25248018 60056794
1790336860148 0 90462 0 3511964840 3465975164 0 0 0 0 0 0 1474841563 20763739 4187791360 366436352 0 36906921 24223574 12223512 25496398 60367838
1790336861179 0 74203 1405 3512022363 3466047577 0 0 0 0 0 0 1474909510 20763958 4187365376 324620288 1880064 37096405 24349831 12293410 25662814 60831499
1790336862202 0 36471 0 3512062463 3466126793 0 0 0 0 0 0 1474963762 20764120 4188377088 143413248 0 37229420 24438728 12345747 25732712 61070482
1790336863221 0 90046 5548 3512142627 3466147911 0 0 0 0 0 0 1475067445 20764450 4189028352 406503424 0 37508267 24622302 12451102 25859948 61224956
1790336864244 0 61467 0 3512179649 3466218901 0 0 0 0 0 0 1475113974 20764598 4189315072 243359744 0 37634532 24701729 12497082 26023139 61740180
1790336865271 0 61674 57 3512240269 3466279324 0 0 0 0 0 0 1475174052 20764827 4188377088 242294784 0 37817225 24819505 12557000 26141140 61965994
1790336866299 0 93342 17739 3512316243 3466305996 0 0 0 0 0 0 1475267706 20765139 4188565504 382304256 82911232 38073387 24989809 12651734 26369983 62268251
1790336867317 0 19024 0 3512340519 3466422243 0 0 0 0 0 0 1475296401 20765228 4188663808 71794688 0 38147240 25038572 12678822 26471808 62720406
1790336868336 0 114990 0 3512441618 3466427365 0 0 0 0 0 0 1475406075 20765599 4188016640 467304448 0 38467141 25245245 12787596 26615290 62849883
1790336869359 0 62891 37 3512484865 3466522585 0 0 0 0 0 0 1475453322 20765757 4188041216 251764736 0 38606330 25334518 12835847 26739086 63294071
1790336870379 0 59693 3066 3512548046 3466586075 0 0 0 0 0 0 1475519801 20765986 4187705344 265478144 0 38796720 25462313 12902664 26891952 63639479
1790336871402 0 83417 876 3512622489 3466638931 0 0 0 0 0 0 1475594703 20766249 4187656192 350539776 3289088 39016031 25610524 12978472 27064693 63944671
1790336872421 0 30767 0 3512664703 3466734715 0 0 0 0 0 0 1475642888 20766410 4187815936 119767040 0 39146153 25696376 13025391 27115684 64135357
1790336873440 0 132426 0 3512766339 3466734715 0 0 0 0 0 0 1475762392 20766798 4188639232 538271744 0 39480839 25913217 13144305 27279360 64263698
1790336874460 0 72019 0 3512802267 3466830975 0 0 0 0 0 0 1475794109 20766919 4188016640 293060608 0 39588823 25979674 13175473 27414396 64555791
1790336875479 0 60496 0 3512849989 3466890361 0 0 0 0 0 0 1475857127 20767124 4188721152 242823168 0 39744745 26088118 13238888 27602417 64965925
1790336876501 0 101739 803 3512925047 3466923460 0 0 0 0 0 0 1475947281 20767425 4188516352 416563200 17018880 39992731 26253776 13331309 27722489 65131506
1790336877520 0 15370 0 3512954882 3467040241 0 0 0 0 0 0 1475978552 20767532 4188684288 54935552 0 40070129 26310200 13361103 27874952 65705006
1790336878539 0 102747 0 3513048303 3467046345 0 0 0 0 0 0 1476093523 20767897 4189073408 421060608 0 40398603 26515301 13474672 28052202 65871979
1790336879566 0 39721 2399 3513084322 3467143058 0 0 0 0 0 0 1476139603 20768044 4189990912 178311168 0 40528509 26595898 13521888 28168558 66389269
1790336880592 0 57092 12 3513148086 3467191782 0 0 0 0 0 0 1476211263 20768279 4189237248 227512320 0 40744162 26728431 13593694 28288502 66566115
1790336881615 0 99822 14727 3513235936 3467222228 0 0 0 0 0 0 1476295088 20768581 4187918336 408875008 72777728 40997576 26900160 13679084 28434083 66752288
1790336882648 0 3184 0 3513250809 3467348474 0 0 0 0 0 0 1476306893 20768628 4187901952 2252800 0 41033024 26923748 13690863 28470728 66986999
1790336883672 0 90000 0 3513343870 3467354635 0 0 0 0 0 0 1476418444 20769007 4187877376 362504192 0 41334603 27123880 13800658 28591220 67096106
1790336884699 0 78215 365 3513396665 3467418878 0 0 0 0 0 0 1476495550 20769239 4189253632 334745600 1818624 41529403 27254355 13879332 28775958 67497717
1790336885721 0 52597 0 3513440659 3467488831 0 0 0 0 0 0 1476544574 20769402 4189237248 206602240 0 41679114 27342666 13927772 28893762 67878777
1790336886742 0 98826 55 3513521650 3467523673 0 0 0 0 0 0 1476621604 20769684 4188549120 402546688 1687552 41913958 27499213 14004756 29083944 68196907
1790336887771 0 18209 415 3513547791 3467630047 0 0 0 0 0 0 1476657009 20769789 4188774400 82825216 1228800 42017757 27560760 14040781 29179121 68637628
1790336888789 0 80724 0 3513629559 3467649673 0 0 0 0 0 0 1476747106 20770107 4188028928 320122880 0 42257543 27726165 14129914 29309917 68771317
1790336889814 0 107035 3678 3513698323 3467688463 0 0 0 0 0 0 1476843721 20770406 4188864512 438415360 26681344 42516638 27892395 14227749 29489794 68977739
1790336890833 0 28702 2771 3513721959 3467791333 0 0 0 0 0 0 1476877086 20770512 4189384704 129478656 0 42603532 27945537 14260452 29593353 69299614
1790336891852 0 98080 0 3513806765 3467809438 0 0 0 0 0 0 1476975157 20770831 4188962816 393605120 0 42868245 28124652 14357783 29800670 69561732
1790336892876 0 66360 1041 3513849882 3467883341 0 0 0 0 0 0 1477039620 20771027 4189458432 271810560 14262272 43038567 28233823 14423699 29890009 69802481
1790336893894 0 55422 0 3513907928 3467953288 0 0 0 0 0 0 1477094877 20771224 4189216768 216657920 0 43209178 28340820 14477706 30010195 70189414
1790336894913 0 109475 0 3513980404 3467971722 0 0 0 0 0 0 1477176555 20771497 4188385280 445272064 0 43435279 28492943 14558334 30174834 70449460
1790336895932 0 0 0 3513984506 3468085346 0 0 0 0 0 0 1477182957 20771516 4187893760 4096 0 43461170 28506332 14566985 30192724 70711850
1790336896951 0 2 0 3513984508 3468085346 0 0 0 0 0 0 1477342158 20771830 4216983552 4096 0 43616075 28655377 14723132 30243686 70867812
1790336897969 0 2 0 3513984508 3468085346 0 0 0 0 0 0 1477504530 20772126 4220895232 4096 0 43798854 28817649 14886359 30317279 71086748
1790336898988 0 2 0 3513984508 3468085346 0 0 0 0 0 0 1477653726 20772394 4222967808 4096 0 44177785 28967144 15036360 30387988 71217824
1790336900007 0 2 0 3513984508 3468085346 0 0 0 0 0 0 1477826099 20772705 4221444096 4096 0 44542444 29138122 15206966 30555633 71361460
1790336901026 0 6 0 3513984514 3468085348 0 0 0 0 0 0 1477945493 20772920 4132921344 8192 0 44719572 29260974 15329521 30640201 71445943
