1790336403377 0 0 0 3476629151 3430729974 0 0 0 0 0 0 1452709236 20676073 - - - - - - - -
1790336404853 0 112174 0 3476878672 3430867294 0 0 0 0 0 0 1452709236 20676145 996339712 433643520 0 0 0 0 0 7051
1790336405914 0 111178 0 3477001687 3430991202 0 0 0 0 0 0 1452709236 20676146 1502101504 431915008 0 0 0 0 0 7460
1790336406946 0 165482 1974 3477194058 3431127395 0 0 0 0 0 0 1452709236 20676146 2288459776 680923136 13094912 0 0 0 0 15231
1790336408001 0 154853 6079 3477330974 3431270757 0 0 0 0 0 0 1452709236 20676146 2850140160 643620864 16502784 0 0 0 0 28290
1790336409045 0 104463 4093 3477424125 3431416319 0 0 0 0 0 0 1452709236 20676146 3233423360 422674432 8876032 0 0 0 0 40574
1790336410076 0 147068 3362 3477625783 3431576042 0 0 0 0 0 0 1452709236 20676146 4057063424 600428544 8388608 0 0 0 0 51681
1790336411123 0 114823 2110 3477739630 3431723460 0 0 0 0 0 0 1452710420 20676149 4139896832 477089792 8388608 167737 96222 1152 54324 84829
1790336412165 0 150168 0 3477833215 3431783919 0 0 0 0 0 0 1452713074 20676153 4139053056 596516864 0 303120 192773 3838 114270 108707
1790336413198 0 72183 3938 3477920146 3431944645 0 0 0 0 0 0 1452717367 20676161 4138610688 311132160 8953856 420313 286316 8131 137067 232218
1790336414233 0 108000 5976 3478078657 3432065537 0 0 0 0 0 0 1452728927 20676186 4137713664 455634944 16777216 636671 455447 19116 171945 511801
1790336415258 0 134765 6136 3478210004 3432169967 0 0 0 0 0 0 1452743117 20676211 4137689088 555810816 20439040 815276 603995 33765 202151 790670
1790336416285 0 123232 0 3478275351 3432252914 0 0 0 0 0 0 1452750686 20676223 4137668608 485441536 0 891598 671341 40330 241262 910503
1790336417320 0 121373 0 3478386173 3432365555 0 0 0 0 0 0 1452766099 20676250 4138037248 481800192 0 1050275 798737 56065 269687 1182983
1790336418345 0 72081 10262 3478479180 3432497635 0 0 0 0 0 0 1452779996 20676274 4138606592 295284736 41943040 1217413 910217 70885 319542 1662008
1790336419372 0 101765 20443 3478615377 3432593999 0 0 0 0 0 0 1452806284 20676317 4139470848 416694272 83890176 1433026 1072260 97002 360270 1959052
1790336420416 0 133287 0 3478702292 3432669778 0 0 0 0 0 0 1452824588 20676346 4140564480 529014784 0 1562470 1172071 114368 420044 2119621
1790336421438 0 114495 1 3478796156 3432782419 0 0 0 0 0 0 1452843286 20676378 4141346816 451366912 0 1705803 1285091 133893 448875 2422506
1790336422464 0 106810 56 3478900040 3432894032 0 0 0 0 0 0 1452868791 20676422 4142874624 419889152 0 1879873 1414395 159635 483714 2670636
1790336423490 0 69243 4135 3478980243 3433007648 0 0 0 0 0 0 1452887053 20676455 4143652864 299204608 8388608 2002592 1514314 177593 531646 2977659
1790336424519 0 94516 0 3479079394 3433085525 0 0 0 0 0 0 1452910005 20676495 4144766976 369238016 0 2155302 1633483 200063 579097 3227489
1790336425542 0 115356 0 3479208694 3433194070 0 0 0 0 0 0 1452947189 20676559 4146286592 454639616 0 2369691 1800277 237855 636403 3569107
1790336426564 0 124648 16 3479326425 3433302599 0 0 0 0 0 0 1452973804 20676604 4146421760 493617152 0 2555447 1944819 264354 669932 3834704
1790336427590 0 98422 0 3479407760 3433410137 0 0 0 0 0 0 1452992529 20676636 4146925568 386220032 0 2685959 2043955 282307 716790 4190184
1790336428611 0 67487 2058 3479498699 3433529960 0 0 0 0 0 0 1453017912 20676682 4147265536 268267520 7909376 2840729 2161067 308611 749657 4508199
1790336429636 0 135603 10218 3479654979 3433609859 0 0 0 0 0 0 1453059909 20676754 4147130368 592527360 25165824 3108264 2362203 350559 789141 4708022
1790336430656 0 138907 12262 3479760590 3433710252 0 0 0 0 0 0 1453094629 20676808 4147748864 617177088 0 3297895 2501213 385397 829404 5069705
1790336431684 0 120974 0 3479834940 3433814704 0 0 0 0 0 0 1453114222 20676843 4147613696 477827072 0 3410261 2592184 403859 875329 5310033
1790336432726 0 115241 0 3479935682 3433921201 0 0 0 0 0 0 1453156262 20676918 4148584448 454721536 0 3599423 2734947 446004 944290 5623754
1790336433754 0 7778 1 3480002920 3434095771 0 0 0 0 0 0 1453177421 20676952 4148953088 15167488 0 3718337 2824361 468249 991190 5915624
1790336434785 0 66953 18432 3480159909 3434175347 0 0 0 0 0 0 1453223866 20677030 4148535296 274022400 75497472 3994125 3031889 514630 1041983 5988702
1790336435816 0 87452 3323 3480284136 3434294130 0 0 0 0 0 0 1453265203 20677102 4148682752 367984640 5537792 4203422 3193236 555507 1106543 6294397
1790336436845 0 87888 0 3480402381 3434415289 0 0 0 0 0 0 1453314294 20677186 4149174272 342863872 0 4432903 3357440 602043 1179352 6610713
1790336437875 0 87416 0 3480508490 3434521786 0 0 0 0 0 0 1453364351 20677272 4149846016 341749760 0 4633477 3514384 652959 1236337 6796751
1790336438896 0 20444 0 3480612055 3434692373 0 0 0 0 0 0 1453412165 20677355 4150497280 65536000 0 4829819 3665222 700946 1341142 7134759
1790336439919 0 83874 0 3480782049 3434798870 0 0 0 0 0 0 1453480614 20677472 4150595584 326746112 0 5153599 3905237 770867 1385823 7306602
1790336440944 0 76589 2855 3480913601 3434935293 0 0 0 0 0 0 1453553540 20677730 4151308288 335572992 27328512 5444386 4109455 844337 1445530 7542286
1790336441972 0 120220 2847 3481073927 3435051573 0 0 0 0 0 0 1453645220 20678151 4153540608 529272832 5943296 5768591 4350954 935680 1512812 7725571
1790336442996 0 106435 4081 3481198638 3435188867 0 0 0 0 0 0 1453703292 20678459 4153581568 456224768 12623872 6016111 4528366 993891 1580607 8013290
1790336444021 0 55566 826 3481311199 3435355617 0 0 0 0 0 0 1453748559 20678742 4152975360 231473152 5296128 6236555 4678453 1038878 1618568 8398607
1790336445046 0 126246 14381 3481478820 3435439029 0 0 0 0 0 0 1453837443 20679180 4153307136 581963776 4734976 6590646 4926667 1127970 1707492 8631127
1790336446076 0 61499 23 3481566766 3435606048 0 0 0 0 0 0 1453885623 20679413 4153012224 233652224 0 6763298 5052028 1173710 1771513 9161339
1790336447108 0 78971 0 3481705065 3435726942 0 0 0 0 0 0 1453947209 20679750 4151820288 303136768 0 7014953 5244905 1236060 1842172 9406801
1790336448130 0 74730 1974 3481838107 3435862179 0 0 0 0 0 0 1454011598 20680098 4151406592 306339840 23412736 7291699 5441904 1302437 1914195 9734079
1790336449158 0 23841 0 3481927380 3436004190 0 0 0 0 0 0 1454057796 20680327 4150976512 79233024 0 7465857 5563185 1343898 1984559 9996518
1790336450182 0 146390 0 3482113267 3436067678 0 0 0 0 0 0 1454150977 20680816 4151545856 581570560 0 7820558 5832059 1437614 2074021 10242965
1790336451208 0 127616 0 3482220499 3436193632 0 0 0 0 0 0 1454211238 20681115 4151005184 506023936 0 8044288 5994751 1498622 2145964 10484029
1790336452238 0 108651 0 3482326460 3436318553 0 0 0 0 0 0 1454259079 20681393 4150403072 425099264 0 8249635 6143739 1548007 2211867 10791628
1790336453276 0 32141 945 3482419563 3436487221 0 0 0 0 0 0 1454308822 20681650 4150169600 151859200 0 8451725 6285159 1598613 2265259 11085584
1790336454299 0 76984 0 3482560483 3436584344 0 0 0 0 0 0 1454374400 20682012 4149780480 295071744 0 8732278 6480995 1664621 2347831 11315002
1790336455336 0 96056 1093 3482711072 3436715224 0 0 0 0 0 0 1454444954 20682400 4148633600 422944768 3715072 9022019 6694990 1734522 2395294 11523992
1790336456386 0 87627 69 3482833475 3436846365 0 0 0 0 0 0 1454507384 20682724 4147818496 373526528 5881856 9272319 6875442 1797953 2465888 11845910
1790336457419 0 92680 54 3482948900 3436957040 0 0 0 0 0 0 1454552896 20683008 4146667520 360230912 0 9476510 7026425 1842381 2519571 11983366
1790336458448 0 78768 0 3483055864 3437077925 0 0 0 0 0 0 1454613371 20683310 4147212288 304635904 0 9699604 7185871 1900713 2616485 12214608
1790336459479 0 80760 1606 3483149063 3437167799 0 0 0 0 0 0 1454648867 20683553 4146245632 343814144 3715072 9879445 7315670 1939615 2690298 12385264
1790336460498 0 144348 0 3483309781 3437266238 0 0 0 0 0 0 1454715574 20683962 4145266688 573394944 0 10168881 7531480 2006206 2762448 12618109
1790336461522 0 134178 0 3483420441 3437387041 0 0 0 0 0 0 1454763449 20684243 4144226304 531886080 0 10382072 7682672 2052551 2821745 12862413
1790336462547 0 34011 14 3483521091 3437587739 0 0 0 0 0 0 1454811709 20684507 4144193536 130310144 10985472 10575318 7828067 2100836 2882109 13152466
1790336463578 0 100251 15 3483680522 3437680958 0 0 0 0 0 0 1454889459 20684940 4144041984 396709888 0 10869645 8052436 2175755 2926148 13291132
1790336464601 0 104301 544 3483809671 3437805781 0 0 0 0 0 0 1454950459 20685287 4143874048 431955968 3317760 11120802 8240802 2240565 2997526 13536316
1790336465624 0 83583 0 3483915705 3437932874 0 0 0 0 0 0 1455000002 20685576 4142964736 324038656 0 11315167 8386857 2288944 3059731 13835797
1790336466661 0 106821 1528 3484050517 3438042948 0 0 0 0 0 0 1455067194 20685946 4143280128 452227072 4218880 11582142 8585708 2357438 3111435 14013356
1790336467687 0 136267 1241 3484154139 3438117340 0 0 0 0 0 0 1455105532 20686198 4142874624 547479552 0 11761210 8718864 2395192 3186443 14261506
1790336468718 0 72367 0 3484249509 3438277972 0 0 0 0 0 0 1455150353 20686455 4143017984 277504000 0 11947116 8854224 2439420 3271891 14460006
1790336469749 0 69166 28324 3484408106 3438411341 0 0 0 0 0 0 1455225659 20686860 4143939584 416346112 12599296 12267303 9086009 2516474 3332286 14607253
1790336470771 0 144368 949 3484579802 3438535198 0 0 0 0 0 0 1455299407 20687304 4143882240 604499968 8167424 12585425 9322648 2590070 3390019 14748243
1790336471794 0 139498 2555 3484704081 3438662789 0 0 0 0 0 0 1455358521 20687630 4143771648 587997184 1576960 12825220 9500079 2649276 3458723 15060019
1790336472822 0 67787 0 3484783626 3438816681 0 0 0 0 0 0 1455394743 20687835 4143857664 258338816 0 12968283 9605504 2683139 3540152 15325217
1790336473856 0 72866 2507 3484906529 3438932026 0 0 0 0 0 0 1455470783 20688191 4145049600 324849664 9830400 13226619 9802524 2760360 3628389 15551070
1790336474903 0 80040 2545 3485029857 3439048092 0 0 0 0 0 0 1455537336 20688532 4146573312 375291904 7794688 13474167 9985791 2827494 3714353 15816093
1790336475926 0 126021 8030 3485195132 3439161962 0 0 0 0 0 0 1455614277 20688963 4146233344 513855488 59699200 13807791 10221007 2904977 3807761 15938675
1790336476947 0 107983 0 3485272280 3439265114 0 0 0 0 0 0 1455652718 20689175 4146364416 423497728 0 13962262 10328158 2942986 3929688 16227706
1790336477979 0 62368 36 3485372020 3439410558 0 0 0 0 0 0 1455699371 20689431 4146323456 236724224 0 14156512 10467044 2986982 4039411 16508060
1790336479010 0 109723 6449 3485500847 3439485491 0 0 0 0 0 0 1455773683 20689795 4146487296 449581056 55742464 14428067 10671127 3064420 4125721 16643366
1790336480045 0 109356 1972 3485602827 3439592205 0 0 0 0 0 0 1455816632 20690055 4145426432 474320896 6975488 14613762 10809033 3106445 4223199 16814253
1790336481098 0 76305 1005 3485701208 3439724992 0 0 0 0 0 0 1455853413 20690304 4144943104 331730944 1495040 14792409 10938357 3143400 4295856 17152711
1790336482137 0 147596 584 3485864549 3439817268 0 0 0 0 0 0 1455951101 20690767 4146610176 609656832 0 15134797 11189126 3240745 4381652 17368322
1790336483163 0 106302 0 3485952379 3439946837 0 0 0 0 0 0 1455994807 20691004 4147048448 416641024 0 15300305 11315345 3284394 4464987 17605209
1790336484184 0 66855 0 3486065554 3440099416 0 0 0 0 0 0 1456055101 20691310 4146831360 256466944 0 15533944 11483201 3344621 4562032 17917927
1790336485221 0 119520 4862 3486231600 3440208066 0 0 0 0 0 0 1456127365 20691743 4146577408 534470656 6053888 15859894 11716080 3417702 4626840 18064738
1790336486264 0 129447 3139 3486342886 3440311031 0 0 0 0 0 0 1456184950 20692045 4146524160 529059840 24805376 16087638 11881320 3475698 4704875 18407170
1790336487286 0 70004 0 3486445906 3440476780 0 0 0 0 0 0 1456237837 20692328 4145958912 270307328 0 16274295 12026074 3526162 4835777 18821534
1790336488311 0 117087 645 3486590823 3440573966 0 0 0 0 0 0 1456314582 20692727 4147159040 488103936 1634304 16576876 12244781 3604536 4910529 19010522
1790336489332 0 69919 12863 3486696481 3440714477 0 0 0 0 0 0 1456374571 20693029 4147777536 339050496 21643264 16800386 12406130 3665335 4994864 19378957
1790336490355 0 126185 8906 3486827690 3440793249 0 0 0 0 0 0 1456445823 20693402 4148748288 562200576 0 17059716 12598777 3735123 5076980 19546513
1790336491378 0 113996 0 3486939392 3440926338 0 0 0 0 0 0 1456502856 20693703 4148953088 450166784 0 17288057 12759904 3791734 5144733 19798338
1790336492407 0 2139 470 3487008858 3441107167 0 0 0 0 0 0 1456542292 20693903 4148789248 28938240 1646592 17451856 12868263 3831712 5222223 20190350
1790336493440 0 83031 663 3487186214 3441203594 0 0 0 0 0 0 1456633645 20694386 4148830208 348934144 9498624 17800922 13128571 3924044 5288587 20354561
1790336494465 0 92842 11972 3487323213 3441319143 0 0 0 0 0 0 1456701132 20694746 4147466240 376188928 66355200 18068716 13327212 3991807 5360197 20657714
1790336495489 0 93983 0 3487424368 3441431285 0 0 0 0 0 0 1456757312 20695030 4147773440 366596096 0 18276810 13473159 4044724 5443546 20927704
1790336496521 0 124661 23360 3487542608 3441495364 0 0 0 0 0 0 1456820238 20695355 4147769344 619147264 0 18527020 13655294 4110734 5530562 21073945
1790336497548 0 94417 520 3487626882 3441632921 0 0 0 0 0 0 1456852473 20695567 4147437568 402010112 1482752 18677174 13768638 4143129 5595814 21455642
1790336498571 0 151606 0 3487786679 3441735902 0 0 0 0 0 0 1456940720 20695998 4147322880 605388800 0 19000257 14003049 4227915 5684210 21802669
1790336499594 0 132282 6627 3487905470 3441867445 0 0 0 0 0 0 1456999219 20696315 4147724288 580710400 2936832 19231790 14181290 4289993 5754779 22100710
1790336500625 0 83959 0 3487997647 3442014402 0 0 0 0 0 0 1457035224 20696544 4147081216 323334144 0 19405579 14299763 4324550 5867795 22458013
1790336501663 0 95942 15416 3488128432 3442117937 0 0 0 0 0 0 1457098176 20696898 4146958336 392978432 77307904 19674377 14493499 4388940 5952951 22752999
1790336502692 0 89082 1583 3488229002 3442239278 0 0 0 0 0 0 1457149472 20697175 4147564544 393773056 3616768 19875330 14638776 4438657 6037503 23126523
1790336503724 0 125160 0 3488365485 3442341122 0 0 0 0 0 0 1457217599 20697544 4147580928 493924352 0 20124088 14833710 4507307 6130238 23352791
1790336504750 0 110713 1437 3488469904 3442458709 0 0 0 0 0 0 1457267265 20697810 4147351552 460763136 6889472 20330388 14987486 4558066 6220848 23645689
1790336505776 0 75653 1904 3488577214 3442600614 0 0 0 0 0 0 1457325289 20698107 4147257344 339460096 6307840 20550315 15145570 4614397 6300588 23907693
1790336506815 0 77937 2457 3488676075 3442696522 0 0 0 0 0 0 1457368197 20698360 4148088832 320241664 15192064 20738461 15285013 4658904 6396083 24232878
1790336507841 0 75931 410 3488791168 3442815536 0 0 0 0 0 0 1457431039 20698674 4148391936 337592320 2666496 20963064 15453653 4719917 6463500 24558862
1790336508877 0 147483 0 3488959248 3442912521 0 0 0 0 0 0 1457504561 20699100 4147982336 586289152 0 21268093 15686850 4794029 6552037 24750508
1790336509901 0 123047 0 3489049452 3443027210 0 0 0 0 0 0 1457547315 20699338 4147777536 485449728 0 21448607 15816602 4838006 6641723 25093745
1790336510926 0 76470 1 3489117528 3443141848 0 0 0 0 0 0 1457569012 20699504 4146622464 294715392 0 21572033 15902935 4859075 6716555 25484446
1790336511948 0 92530 28 3489247272 3443255500 0 0 0 0 0 0 1457624809 20699835 4146388992 360402944 0 21812148 16081274 4913909 6779599 25850026
1790336512973 0 103027 631 3489395145 3443392553 0 0 0 0 0 0 1457691269 20700228 4145790976 441032704 9871360 22093264 16294462 4981942 6837194 26110659
1790336514012 0 55916 0 3489476996 3443521808 0 0 0 0 0 0 1457727997 20700450 4145733632 209084416 0 22233112 16403110 5016920 6943934 26439792
1790336515049 0 119889 656 3489644995 3443625186 0 0 0 0 0 0 1457814633 20700923 4146593792 519487488 1540096 22566475 16653010 5104309 7036473 26612376
1790336516092 0 110780 644 3489756322 3443745728 0 0 0 0 0 0 1457864069 20701213 4146806784 457650176 2277376 22778338 16809713 5154085 7103358 26996799
1790336517116 0 128230 357 3489879028 3443851218 0 0 0 0 0 0 1457932048 20701567 4147961856 528777216 2056192 23027464 16994002 5222523 7165910 27214793
1790336518138 0 67807 7227 3489981720 3444007517 0 0 0 0 0 0 1457976816 20701829 4148248576 330780672 16306176 23224110 17137855 5267389 7233597 27631407
1790336519158 0 139453 1387 3490152342 3444112305 0 0 0 0 0 0 1458068182 20702304 4148764672 577658880 8507392 23576015 17392023 5358627 7306714 27851278
1790336520196 0 111796 12118 3490268511 3444245501 0 0 0 0 0 0 1458121264 20702598 4148154368 552681472 3182592 23792782 17555349 5411677 7380728 28263882
1790336521239 0 75861 11115 3490377370 3444391103 0 0 0 0 0 0 1458163608 20702873 4147064832 354250752 27172864 23998391 17702103 5454361 7457204 28504079
1790336522289 0 113602 1074 3490479503 3444465508 0 0 0 0 0 0 1458205689 20703135 4146405376 475529216 3866624 24184679 17841307 5495930 7539536 28655559
1790336523327 0 115279 1641 3490587798 3444571790 0 0 0 0 0 0 1458252286 20703411 4146057216 497463296 4464640 24388542 17992043 5542522 7596937 28816777
1790336524351 0 47358 0 3490660684 3444714033 0 0 0 0 0 0 1458288612 20703602 4146200576 171106304 0 24517579 18091050 5576690 7686365 29307786
1790336525388 0 77488 0 3490807349 3444830772 0 0 0 0 0 0 1458351414 20703978 4145836032 298577920 0 24781644 18297407 5641053 7753770 29530914
1790336526409 0 103611 0 3490950316 3444947508 0 0 0 0 0 0 1458403045 20704333 4144795648 407625728 0 25032039 18486286 5692578 7815943 29786417
1790336527430 0 117741 0 3491081087 3445064245 0 0 0 0 0 0 1458466741 20704689 4145278976 467632128 0 25277818 18671237 5751710 7870358 30054634
1790336528462 0 25985 1974 3491151594 3445224558 0 0 0 0 0 0 1458501421 20704882 4146003968 131772416 3493888 25421112 18780904 5791922 7942618 30462148
1790336529495 0 82036 5160 3491300320 3445313903 0 0 0 0 0 0 1458587729 20705306 4147425280 363270144 3682304 25716979 19009518 5878436 8025812 30727748
1790336530521 0 59525 713 3491408696 3445449636 0 0 0 0 0 0 1458641142 20705595 4147834880 259727360 2928640 25920813 19163346 5931146 8082078 31032477
1790336531549 0 102091 0 3491543658 3445542404 0 0 0 0 0 0 1458695454 20705926 4146884608 397873152 0 26169643 19344270 5985491 8186269 31319711
1790336532577 0 135205 1033 3491671106 3445635596 0 0 0 0 0 0 1458750740 20706262 4146302976 560836608 4878336 26427391 19526210 6041435 8262748 31610964
1790336533603 0 122809 0 3491753995 3445731847 0 0 0 0 0 0 1458795373 20706493 4147204096 481533952 0 26584017 19644266 6084885 8372688 31897348
1790336534642 0 44114 1898 3491819191 3445873983 0 0 0 0 0 0 1458827669 20706677 4146855936 187621376 6705152 26715929 19744874 6118359 8463289 32267946
1790336535671 0 128225 5240 3491977859 3445945250 0 0 0 0 0 0 1458904477 20707102 4146315264 567115776 5177344 27014892 19972097 6194729 8539967 32449692
1790336536698 0 63365 0 3492068249 3446105611 0 0 0 0 0 0 1458942461 20707335 4145356800 241029120 0 27178918 20093198 6232348 8590257 32773552
1790336537730 0 63421 584 3492203782 3446240553 0 0 0 0 0 0 1459000540 20707683 4145389568 267022336 1560576 27435897 20283989 6290600 8651546 33034528
1790336538754 0 104679 1314 3492330598 3446325659 0 0 0 0 0 0 1459056573 20707998 4145885184 444297216 1978368 27677491 20461782 6347243 8719633 33203969
1790336539785 0 94557 516 3492452793 3446458618 0 0 0 0 0 0 1459106898 20708302 4145356800 408223744 5472256 27890250 20627626 6397234 8791011 33532877
1790336540829 0 62124 0 3492530836 3446569489 0 0 0 0 0 0 1459141282 20708502 4145397760 236269568 0 28028002 20733798 6430723 8872037 33904761
1790336541869 0 56604 596 3492640023 3446683710 0 0 0 0 0 0 1459197150 20708812 4144566272 264097792 2338816 28248360 20896763 6486300 8997393 34251161
1790336542907 0 129196 1088 3492817050 3446787554 0 0 0 0 0 0 1459282838 20709286 4146343936 551665664 2732032 28586638 21152598 6572947 9042921 34379023
1790336543938 0 143400 0 3492925368 3446882839 0 0 0 0 0 0 1459331826 20709573 4146896896 569982976 0 28785913 21300881 6620882 9113704 34622765
1790336544964 0 110026 0 3493008859 3446999576 0 0 0 0 0 0 1459372631 20709801 4147236864 432562176 0 28944136 21420143 6660493 9177303 34885626
1790336545990 0 21759 673 3493087374 3447165806 0 0 0 0 0 0 1459416461 20710029 4147662848 91648000 2502656 29118333 21544032 6706608 9259296 35420459
1790336547017 0 107506 676 3493256324 3447248843 0 0 0 0 0 0 1459500633 20710474 4148477952 456495104 2469888 29441903 21787712 6790925 9317953 35610291
1790336548050 0 123774 0 3493386134 3447363098 0 0 0 0 0 0 1459572769 20710846 4148408320 489648128 0 29708331 21981545 6861526 9433256 35919437
1790336549078 0 112981 2204 3493501872 3447487513 0 0 0 0 0 0 1459625732 20711157 4149026816 493867008 2957312 29935273 22149695 6916157 9492878 36141111
1790336550122 0 112500 5549 3493612457 3447595264 0 0 0 0 0 0 1459686566 20711467 4148776960 497954816 8208384 30174717 22317647 6976882 9586314 36434828
1790336551149 0 110758 12951 3493723346 3447700446 0 0 0 0 0 0 1459739587 20711766 4148412416 507633664 7933952 30393528 22476106 7030282 9639015 36682556
1790336552169 0 40179 0 3493799186 3447859745 0 0 0 0 0 0 1459779786 20711978 4149297152 146825216 0 30535512 22584479 7069821 9720718 37163022
1790336553198 0 83045 0 3493956712 3447974434 0 0 0 0 0 0 1459852824 20712398 4147982336 321228800 0 30832957 22808877 7142936 9800735 37369650
1790336554232 0 141295 2386 3494100324 3448057490 0 0 0 0 0 0 1459920258 20712781 4147945472 591491072 5881856 31117012 23018315 7210850 9875417 37542037
1790336555250 0 107500 11291 3494215585 3448197508 0 0 0 0 0 0 1459977254 20713093 4147965952 499167232 4702208 31339006 23185806 7267950 9928786 37813577
1790336556274 0 121077 10585 3494329219 3448298387 0 0 0 0 0 0 1460028133 20713390 4147499008 538279936 13017088 31556382 23345633 7318879 9995855 37973939
1790336557297 0 25843 8 3494393134 3448467997 0 0 0 0 0 0 1460066657 20713578 4147576832 86896640 0 31678251 23438152 7354455 10078802 38388226
1790336558326 0 82586 12475 3494528197 3448533938 0 0 0 0 0 0 1460125694 20713929 4147466240 338092032 64737280 31944301 23633881 7416458 10168915 38568645
1790336559358 0 122231 15403 3494649876 3448613425 0 0 0 0 0 0 1460176382 20714234 4146892800 527175680 63852544 32175344 23800554 7467117 10243435 38672985
1790336560398 0 116792 970 3494763676 3448746583 0 0 0 0 0 0 1460229286 20714542 4146847744 510529536 2056192 32393666 23961249 7519585 10307655 39006089
1790336561439 0 92757 7519 3494845112 3448845705 0 0 0 0 0 0 1460274324 20714773 4147064832 380293120 47513600 32556706 24085647 7565033 10389500 39244031
1790336562468 0 95602 368 3494963005 3448967893 0 0 0 0 0 0 1460332117 20715081 4147777536 406622208 2867200 32775611 24251471 7621254 10453961 39492443
1790336563509 0 68274 0 3495058067 3449090647 0 0 0 0 0 0 1460374460 20715342 4147732480 261361664 0 32955156 24381064 7661517 10551822 39845965
1790336564538 0 85593 0 3495185994 3449201240 0 0 0 0 0 0 1460439661 20715695 4148088832 335024128 0 33215531 24569684 7727187 10624352 40075309
1790336565570 0 81494 1 3495292486 3449311834 0 0 0 0 0 0 1460484447 20715974 4147851264 317825024 0 33414948 24716402 7771942 10739760 40488841
1790336566599 0 77900 0 3495399538 3449422428 0 0 0 0 0 0 1460538346 20716274 4148228096 300306432 0 33622847 24872232 7825973 10815212 40744102
1790336567627 0 90460 0 3495522647 3449532954 0 0 0 0 0 0 1460586874 20716596 4147171328 351518720 0 33853886 25041674 7877004 10902374 41030300
1790336568655 0 45887 516 3495614696 3449669199 0 0 0 0 0 0 1460631575 20716844 4147359744 193744896 1118208 34029447 25176695 7921713 10968788 41412314
1790336569679 0 123744 0 3495747498 3449724509 0 0 0 0 0 0 1460695145 20717198 4147277824 487964672 0 34277043 25364572 7984631 11064805 41568757
1790336570722 0 123621 10220 3495888907 3449855745 0 0 0 0 0 0 1460778842 20717611 4149223424 571658240 6148096 34571017 25587722 8069709 11148424 41832543
1790336571747 0 143678 1606 3495998087 3449953653 0 0 0 0 0 0 1460827099 20717904 4148641792 586330112 18919424 34779809 25741341 8117997 11212688 42059467
1790336572769 0 132664 0 3496088113 3450056289 0 0 0 0 0 0 1460860517 20718129 4148043776 525090816 0 34939058 25855413 8149721 11280614 42267762
1790336573800 0 11395 1833 3496145132 3450232624 0 0 0 0 0 0 1460895091 20718298 4148457472 100704256 2383872 35069642 25948269 8185325 11386062 42677424
1790336574826 0 145731 511 3496303608 3450258189 0 0 0 0 0 0 1460973368 20718725 4148690944 602148864 2105344 35383439 26176473 8263552 11483337 42741272
1790336575864 0 135964 448 3496424670 3450389151 0 0 0 0 0 0 1461031960 20719042 4148756480 567308288 13520896 35619951 26353425 8322658 11560460 43110367
1790336576898 0 142564 0 3496522878 3450481092 0 0 0 0 0 0 1461080265 20719308 4148875264 565678080 0 35806580 26490399 8369215 11628213 43416850
1790336577919 0 146019 1022 3496643078 3450596831 0 0 0 0 0 0 1461132907 20719615 4148690944 606662656 3604480 36050933 26663236 8423491 11694962 43636148
1790336578943 0 65121 2362 3496712509 3450745984 0 0 0 0 0 0 1461171112 20719814 4149338112 264642560 21037056 36197222 26768317 8461876 11731713 43999379
1790336579963 0 149370 0 3496879401 3450830817 0 0 0 0 0 0 1461248043 20720250 4148727808 593768448 0 36502746 26999740 8537109 11803575 44210273
1790336580984 0 143656 945 3496991429 3450947736 0 0 0 0 0 0 1461301903 20720554 4147761152 588386304 16846848 36724794 27166947 8592635 11860591 44522096
1790336582010 0 114887 0 3497073379 3451059179 0 0 0 0 0 0 1461336562 20720762 4147720192 450924544 0 36875571 27272883 8624895 11971731 44831130
1790336583044 0 138142 0 3497205166 3451167724 0 0 0 0 0 0 1461400699 20721111 4148412416 547307520 0 37126941 27465460 8690834 12024183 45027037
1790336584069 0 122124 0 3497297627 3451276269 0 0 0 0 0 0 1461450895 20721374 4148613120 481947648 0 37315609 27603344 8739881 12124759 45447302
1790336585102 0 30639 1505 3497368660 3451437373 0 0 0 0 0 0 1461489675 20721573 4148948992 142258176 2093056 37460442 27714698 8780350 12186251 45829886
1790336586130 0 107255 0 3497529517 3451523021 0 0 0 0 0 0 1461568641 20722015 4149051392 422969344 0 37773418 27944988 8858899 12273637 46104416
1790336587161 0 102057 0 3497634793 3451633648 0 0 0 0 0 0 1461614961 20722295 4148531200 399253504 0 37981152 28091697 8905042 12367737 46347323
1790336588190 0 99977 0 3497754750 3451755508 0 0 0 0 0 0 1461675776 20722622 4149170176 393764864 0 38216389 28264475 8962634 12438449 46598742
1790336589213 0 102161 0 3497867530 3451866101 0 0 0 0 0 0 1461731280 20722921 4148690944 400199680 0 38431346 28429865 9020422 12502237 46878718
1790336590242 0 21936 69 3497963173 3452041986 0 0 0 0 0 0 1461785125 20723192 4149092352 71634944 0 38631097 28574195 9073381 12611795 47265826
1790336591269 0 130092 0 3498126660 3452097256 0 0 0 0 0 0 1461865857 20723632 4149686272 515555328 0 38953726 28812395 9154995 12664105 47392595
1790336592300 0 99927 0 3498207096 3452207849 0 0 0 0 0 0 1461898033 20723844 4149047296 390725632 0 39104343 28921173 9186815 12748101 47658770
1790336593347 0 91119 0 3498321189 3452330732 0 0 0 0 0 0 1461951634 20724157 4148322304 354611200 0 39323592 29083521 9239295 12806496 47850778
1790336594378 0 87082 0 3498440836 3452454638 0 0 0 0 0 0 1462009823 20724481 4149067776 338014208 0 39566732 29259163 9300303 12888270 48204342
1790336595402 0 50509 667 3498533022 3452582675 0 0 0 0 0 0 1462057309 20724739 4148723712 217960448 2228224 39746218 29399882 9348091 12980368 48525779
1790336596421 0 1 0 3498533039 3452633861 0 0 0 0 0 0 1462156072 20724950 4178616320 4096 0 39838090 29489034 9444541 13049565 48728970
1790336597440 0 2 0 3498533040 3452633861 0 0 0 0 0 0 1462326230 20725293 4185018368 4096 0 40021168 29657331 9614401 13174466 48989175
1790336598459 0 6 0 3498533046 3452633863 0 0 0 0 0 0 1462491765 20725609 4193538048 4096 0 40227742 29820962 9780112 13267369 49166410
1790336599478 0 6 0 3498533046 3452633863 0 0 0 0 0 0 1462615741 20725830 4198821888 4096 0 40653628 29946133 9906573 13366096 49251539
