1790327352322 0 1 0 2771167229 2725366417 0 0 0 0 0 0 1138930903 19669904 - - - - - - - -
1790327353491 0 151726 1540 2771459923 2725505780 0 0 0 0 0 0 1138930912 19669992 1151283200 627359744 9035776 0 0 9 0 18839
1790327354537 0 151673 3057 2771642568 2725687531 0 0 0 0 0 0 1138930912 19669992 1935421440 617648128 16748544 0 0 9 0 285098
1790327355556 0 149613 2031 2771841285 2725888760 0 0 0 0 0 0 1138930912 19669992 2743398400 611954688 8368128 0 0 9 0 338565
1790327356576 0 149688 2040 2772050302 2726097659 0 0 0 0 0 0 1138930912 19669992 3600642048 613568512 8388608 0 0 9 0 514514
1790327357600 0 112437 7001 2772242474 2726322647 0 0 0 0 0 0 1138931488 19669993 4159213568 491270144 8388608 106108 57573 585 50893 647827
1790327358620 0 41871 16384 2772370611 2726511511 0 0 0 0 0 0 1138935172 19670001 4157849600 171507712 67108864 300179 192444 4301 126927 797052
1790327359639 0 133735 20075 2772525938 2726571308 0 0 0 0 0 0 1138942290 19670013 4156993536 563011584 65662976 519146 354726 11405 186516 914930
1790327360662 0 99800 1956 2772612782 2726710242 0 0 0 0 0 0 1138949690 19670027 4156645376 417148928 8212480 632127 449238 18659 244431 1110601
1790327361686 0 136439 10240 2772731438 2726783948 0 0 0 0 0 0 1138961568 19670048 4156542976 558850048 41943040 791209 579922 30665 322542 1365836
1790327362706 0 116123 0 2772823201 2726906159 0 0 0 0 0 0 1138969278 19670062 4156260352 465260544 0 907675 676342 37897 392128 1566533
1790327363725 0 114190 26568 2772928356 2726986683 0 0 0 0 0 0 1138979830 19670079 4156329984 520220672 60076032 1075208 793933 48953 438831 1627164
1790327364758 0 3793 0 2772954135 2727149548 0 0 0 0 0 0 1138984928 19670088 4156567552 2285568 0 1118988 822213 53499 493074 2008872
1790327365792 0 107904 2076 2773108456 2727197664 0 0 0 0 0 0 1139008252 19670128 4157280256 456572928 9121792 1367916 1001656 77195 601050 2074237
1790327366816 0 149648 0 2773222922 2727272430 0 0 0 0 0 0 1139031119 19670168 4158226432 598118400 0 1540973 1136847 100265 682496 2303816
1790327367838 0 103861 0 2773295080 2727390288 0 0 0 0 0 0 1139043466 19670189 4158599168 416677888 0 1648436 1220813 110860 745133 2497087
1790327368859 0 87590 0 2773393441 2727504977 0 0 0 0 0 0 1139063734 19670225 4159676416 349749248 0 1796620 1340351 132320 828920 2790889
1790327369883 0 42567 8192 2773473327 2727621757 0 0 0 0 0 0 1139087008 19670263 4161273856 191127552 19644416 1929724 1445887 156105 933271 3174731
1790327370901 0 123725 0 2773596995 2727672514 0 0 0 0 0 0 1139121721 19670323 4163031040 499970048 0 2118560 1600517 189190 1055000 3513109
1790327371920 0 78151 0 2773664149 2727785156 0 0 0 0 0 0 1139143219 19670356 4164489216 305995776 0 2231873 1688604 212356 1144031 3908847
1790327372943 0 55478 7666 2773749990 2727885980 0 0 0 0 0 0 1139165971 19670394 4165345280 227041280 48144384 2373585 1800372 235068 1220376 4322797
1790327373969 0 83571 1785 2773852083 2727965916 0 0 0 0 0 0 1139192720 19670441 4166311936 357810176 8388608 2538226 1928750 261593 1333619 4631267
1790327374993 0 105059 18392 2773955715 2728031453 0 0 0 0 0 0 1139230932 19670505 4167815168 498851840 59961344 2723750 2068628 300029 1410063 4818004
1790327376012 0 40208 0 2774007153 2728166143 0 0 0 0 0 0 1139249816 19670534 4168601600 157863936 0 2818533 2137399 317405 1507328 5235935
1790327377036 0 93091 2032 2774128196 2728232262 0 0 0 0 0 0 1139286762 19670593 4169404416 389427200 8388608 3029825 2298193 355786 1636472 5550873
1790327378075 0 76900 20428 2774226742 2728328603 0 0 0 0 0 0 1139310845 19670637 4169506816 423821312 67108864 3188494 2420537 379654 1691527 5764551
1790327379120 0 116031 4088 2774325281 2728404383 0 0 0 0 0 0 1139347061 19670696 4170280960 489652224 16777216 3373298 2554839 416158 1771981 6093849
1790327380143 0 137448 14336 2774426662 2728474013 0 0 0 0 0 0 1139373343 19670738 4169191424 563167232 58720256 3548111 2683340 442479 1801641 6173544
1790327381161 0 13946 0 2774452486 2728637723 0 0 0 0 0 0 1139382232 19670754 4169424896 50962432 0 3586187 2714516 449423 1848725 6565809
1790327382195 0 109853 20440 2774591602 2728660504 0 0 0 0 0 0 1139446898 19670863 4170313728 472825856 69328896 3863037 2921435 515992 1901275 6639931
1790327383235 0 125383 17983 2774690692 2728746542 0 0 0 0 0 0 1139473782 19670909 4169342976 513196032 90624000 4027057 3047506 542815 1983500 6868550
1790327384257 0 147885 0 2774780944 2728832287 0 0 0 0 0 0 1139509104 19670970 4169654272 601403392 0 4191096 3170166 576286 2055523 7081397
1790327385276 0 143424 0 2774870739 2728926496 0 0 0 0 0 0 1139535358 19671016 4168835072 573034496 0 4339423 3285871 604512 2145414 7434774
1790327386300 0 1433 2044 2774892855 2729088540 0 0 0 0 0 0 1139542916 19671030 4168888320 12361728 16777216 4383327 3318298 611795 2213905 8062979
1790327387319 0 146544 3652 2775049917 2729098918 0 0 0 0 0 0 1139602259 19671133 4168876032 617226240 8388608 4688556 3533701 671319 2320144 8149045
1790327388338 0 143444 0 2775130492 2729186265 0 0 0 0 0 0 1139642360 19671201 4169486336 579543040 0 4849228 3652714 710374 2388028 8411596
1790327389357 0 137986 0 2775217215 2729278426 0 0 0 0 0 0 1139681858 19671267 4169560064 552689664 0 5008622 3778749 750830 2517383 8800235
1790327390376 0 147884 0 2775319361 2729370588 0 0 0 0 0 0 1139712470 19671318 4168859648 593571840 0 5178663 3911210 780983 2580418 9026553
1790327391395 0 29232 0 2775365539 2729535470 0 0 0 0 0 0 1139735379 19671354 4168966144 106196992 0 5267186 3980521 804522 2643957 9458144
1790327392417 0 88754 73 2775486511 2729596837 0 0 0 0 0 0 1139789917 19671644 4169302016 348446720 0 5500969 4149689 858772 2730396 9677851
1790327393437 0 140840 7738 2775613266 2729663893 0 0 0 0 0 0 1139841605 19671952 4169306112 624709632 0 5741864 4323962 909757 2797488 9846553
1790327394460 0 73600 18671 2775673804 2729780730 0 0 0 0 0 0 1139877161 19672123 4170842112 301465600 90357760 5866798 4417803 946258 2897365 10449911
1790327395483 0 65694 21243 2775756400 2729869338 0 0 0 0 0 0 1139915983 19672330 4170833920 268849152 95653888 6029247 4534833 985080 2989972 10775826
1790327396502 0 45189 0 2775822676 2729976692 0 0 0 0 0 0 1139944007 19672496 4170653696 174137344 0 6149749 4621983 1011912 3058215 11071757
1790327397527 0 71444 14306 2775933070 2730046399 0 0 0 0 0 0 1139999489 19672781 4170022912 297549824 68816896 6367454 4785656 1068540 3134813 11300986
1790327398547 0 65608 591 2776015146 2730148101 0 0 0 0 0 0 1140040785 19673001 4170854400 268726272 17006592 6535492 4904615 1109882 3251624 11715606
1790327399571 0 68391 0 2776100764 2730231692 0 0 0 0 0 0 1140093661 19673240 4171882496 271499264 0 6712421 5034445 1160892 3332008 12033711
1790327400595 0 57740 8 2776188588 2730329962 0 0 0 0 0 0 1140133646 19673470 4171825152 236568576 7544832 6882441 5160752 1202326 3464151 12482682
1790327401613 0 64451 0 2776283426 2730418130 0 0 0 0 0 0 1140181475 19673718 4172550144 254545920 0 7067344 5295103 1249464 3555462 12752914
1790327402633 0 122780 0 2776402219 2730478548 0 0 0 0 0 0 1140246063 19674037 4172296192 490541056 0 7307916 5471891 1314964 3664456 12979198
1790327403652 0 97899 0 2776485859 2730587095 0 0 0 0 0 0 1140287682 19674259 4172288000 394756096 0 7473471 5592307 1355001 3801080 13508614
1790327404671 0 104219 0 2776582280 2730677238 0 0 0 0 0 0 1140331673 19674498 4171972608 421875712 0 7656627 5727420 1398445 3945386 13942145
1790327405693 0 84460 3460 2776673073 2730784301 0 0 0 0 0 0 1140375357 19674727 4171694080 377397248 0 7844759 5859244 1443847 4132510 14354567
1790327406713 0 78652 0 2776761508 2730882011 0 0 0 0 0 0 1140422906 19674971 4171440128 315863040 0 8015302 5987620 1489968 4263271 14829511
1790327407732 0 90253 0 2776865250 2730974116 0 0 0 0 0 0 1140467582 19675241 4171018240 359305216 0 8203398 6130186 1535455 4328479 15095688
1790327408751 0 77888 0 2776955347 2731076584 0 0 0 0 0 0 1140503662 19675457 4169699328 305676288 0 8366583 6251294 1571944 4468727 15391254
1790327409770 0 112734 0 2777062824 2731149286 0 0 0 0 0 0 1140551070 19675726 4169383936 451276800 0 8565513 6400440 1619154 4624745 15789024
1790327410794 0 94420 1677 2777152090 2731255169 0 0 0 0 0 0 1140594485 19675960 4169744384 400076800 3473408 8743137 6530657 1663582 4846435 16195155
1790327411812 0 77387 0 2777240484 2731362334 0 0 0 0 0 0 1140641968 19676207 4169965568 307712000 0 8901546 6658671 1709913 4902541 16382769
1790327412831 0 142674 0 2777368315 2731424800 0 0 0 0 0 0 1140705293 19676549 4170022912 574009344 0 9145702 6842141 1773587 5055229 16649642
1790327413855 0 105771 4435 2777441683 2731530694 0 0 0 0 0 0 1140749373 19676757 4170612736 434941952 29790208 9309111 6958692 1818470 5143053 17032757
1790327414885 0 87750 4685 2777518109 2731624870 0 0 0 0 0 0 1140798205 19676980 4171878400 381153280 11067392 9474277 7077474 1867229 5275014 17494014
1790327415910 0 69578 0 2777606553 2731736106 0 0 0 0 0 0 1140829597 19677191 4171116544 287432704 4784128 9629525 7192294 1898182 5354022 17725255
1790327416931 0 105296 0 2777726046 2731819954 0 0 0 0 0 0 1140883050 19677498 4170358784 422981632 0 9851331 7355802 1950963 5513073 18097848
1790327417951 0 141981 0 2777856982 2731914163 0 0 0 0 0 0 1140937426 19677827 4168888320 571076608 0 10089512 7533937 2005779 5687764 18398123
1790327418970 0 140287 1095 2777954904 2732012841 0 0 0 0 0 0 1140977654 19678070 4167983104 588648448 0 10259447 7666558 2046646 5840392 18810278
1790327419996 0 88834 1680 2778027798 2732136494 0 0 0 0 0 0 1141013154 19678262 4167782400 379793408 7585792 10401382 7772972 2082232 5892380 19023107
1790327421014 0 23953 27886 2778099093 2732246497 0 0 0 0 0 0 1141048993 19678451 4167229440 231194624 0 10533105 7874801 2118047 5984237 19329645
1790327422033 0 86759 0 2778211498 2732323931 0 0 0 0 0 0 1141108458 19678750 4168269824 347459584 0 10744162 8036770 2175816 6071310 19491685
1790327423052 0 93102 0 2778314227 2732420197 0 0 0 0 0 0 1141165720 19679035 4168867840 373239808 0 10938810 8189957 2233138 6252345 19895916
1790327424083 0 58092 2625 2778392287 2732530678 0 0 0 0 0 0 1141202947 19679243 4169052160 248770560 25653248 11087888 8303448 2272052 6329680 20118238
1790327425110 0 89935 0 2778429764 2732538984 0 0 0 0 0 0 1141227279 19679357 4169437184 368377856 0 11171323 8361627 2295281 6449697 20494122
1790327426140 0 32320 1552 2778470776 2732636079 0 0 0 0 0 0 1141246424 19679463 4169347072 155578368 6225920 11256689 8420690 2315503 6593433 21038113
1790327427162 0 139163 0 2778612068 2732672049 0 0 0 0 0 0 1141313373 19679841 4169183232 559722496 0 11520066 8616950 2381786 6720042 21176366
1790327428186 0 139794 3869 2778722416 2732778007 0 0 0 0 0 0 1141361678 19680118 4168605696 593829888 3084288 11731233 8771720 2430716 6814593 21410816
1790327429210 0 99685 2584 2778798025 2732894937 0 0 0 0 0 0 1141393987 19680301 4167852032 408317952 33148928 11868063 8875448 2463116 6984085 21739773
1790327430232 0 57513 0 2778862122 2733003762 0 0 0 0 0 0 1141428600 19680466 4168310784 223502336 0 11982093 8964235 2496510 7137412 22087819
1790327431256 0 1574 2 2778948416 2733146029 0 0 0 0 0 0 1141474010 19680691 4168810496 6635520 770048 12151604 9091634 2542486 7269669 22519037
1790327432282 0 94054 3053 2779088212 2733190231 0 0 0 0 0 0 1141536921 19681032 4169105408 408375296 11706368 12403733 9286415 2605937 7336433 22611648
1790327433304 0 88856 0 2779179024 2733289364 0 0 0 0 0 0 1141581278 19681254 4168962048 351371264 0 12576825 9411373 2649768 7453689 22872521
1790327434324 0 35273 0 2779249420 2733413274 0 0 0 0 0 0 1141612865 19681422 4169641984 134062080 0 12704433 9508069 2681272 7578122 23376953
1790327435343 0 129883 0 2779391115 2733460381 0 0 0 0 0 0 1141679826 19681775 4170272768 519548928 0 12967315 9704479 2748435 7741306 23614946
1790327436365 0 36296 1866 2779445497 2733606524 0 0 0 0 0 0 1141705373 19681914 4169990144 168914944 2105344 13074110 9784659 2774397 7853958 24216088
1790327437390 0 114935 5427 2779577023 2733655855 0 0 0 0 0 0 1141762041 19682217 4170047488 495890432 14712832 13297431 9959423 2831138 7966755 24410538
1790327438409 0 61612 0 2779642315 2733779810 0 0 0 0 0 0 1141790657 19682379 4170006528 240599040 0 13416908 10044926 2858653 7992831 24534927
1790327439432 0 52269 48 2779740449 2733887356 0 0 0 0 0 0 1141835458 19682608 4169572352 216637440 9998336 13592502 10180899 2904539 8120201 24897320
1790327440452 0 102043 0 2779846643 2733943693 0 0 0 0 0 0 1141884116 19682859 4170305536 408408064 0 13783590 10326921 2952498 8206860 25028704
1790327441475 0 6831 1102 2779912104 2734103558 0 0 0 0 0 0 1141912592 19683011 4169691136 53293056 1384448 13899954 10416799 2981648 8310360 25597599
1790327442496 0 140793 0 2780065565 2734123934 0 0 0 0 0 0 1141986805 19683403 4171231232 563429376 0 14177462 10629419 3055736 8507388 25796414
1790327443516 0 99014 0 2780139471 2734239652 0 0 0 0 0 0 1142017597 19683585 4170727424 392683520 0 14314490 10728965 3085994 8579306 26062382
1790327444546 0 52112 0 2780220641 2734367657 0 0 0 0 0 0 1142050780 19683779 4170731520 207196160 4100096 14461717 10837618 3118150 8696904 26521428
1790327445574 0 106517 18606 2780355590 2734429592 0 0 0 0 0 0 1142106548 19684087 4170272768 504168448 24051712 14702345 11020688 3175645 8805251 26696783
1790327446599 0 103555 11388 2780445347 2734529670 0 0 0 0 0 0 1142145112 19684298 4169814016 478429184 3977216 14856112 11140397 3214203 8909599 27016688
1790327447618 0 67824 0 2780518901 2734650225 0 0 0 0 0 0 1142188328 19684506 4170833920 264888320 0 14999409 11249797 3256891 8968002 27223127
1790327448641 0 76627 1542 2780623157 2734744177 0 0 0 0 0 0 1142236727 19684756 4171268096 321740800 7200768 15191996 11396256 3305792 9057465 27422659
1790327449664 0 64373 1494 2780703116 2734836520 0 0 0 0 0 0 1142270274 19684941 4171268096 263671808 11911168 15333487 11504313 3339321 9141475 27654969
1790327450693 0 66398 0 2780767268 2734900100 0 0 0 0 0 0 1142303342 19685102 4171382784 267780096 0 15454584 11591378 3369961 9323552 28188473
1790327451716 0 128349 10736 2780876737 2734936674 0 0 0 0 0 0 1142349490 19685366 4171853824 572973056 0 15647877 11740276 3418490 9388037 28345768
1790327452741 0 6670 536 2780893231 2735085186 0 0 0 0 0 0 1142355690 19685406 4172111872 31633408 4206592 15673969 11761972 3424730 9460254 29091609
1790327453760 0 139710 0 2781033404 2735092910 0 0 0 0 0 0 1142419347 19685741 4171329536 566046720 0 15927807 11953777 3486572 9559804 29211005
1790327454783 0 72597 965 2781102214 2735227841 0 0 0 0 0 0 1142454728 19685923 4171882496 303812608 5304320 16064418 12053725 3523697 9674550 29600857
1790327455802 0 106873 0 2781209628 2735301813 0 0 0 0 0 0 1142499059 19686166 4171739136 426995712 0 16244866 12192273 3566943 9763251 29849349
1790327456822 0 72785 17053 2781282286 2735391668 0 0 0 0 0 0 1142523718 19686330 4171268096 306798592 70590464 16367254 12287069 3592815 9857344 30214224
1790327457843 0 44219 0 2781338439 2735493341 0 0 0 0 0 0 1142546634 19686467 4171350016 170786816 0 16457629 12358408 3615042 9958386 30521453
1790327458864 0 100681 4719 2781454924 2735548745 0 0 0 0 0 0 1142614250 19686778 4172328960 439975936 6959104 16686270 12535078 3683219 10063319 30751416
1790327459888 0 83618 0 2781526238 2735641828 0 0 0 0 0 0 1142660187 19686977 4173434880 344293376 9551872 16822030 12645898 3729284 10155493 31099248
1790327460910 0 76751 0 2781613650 2735736041 0 0 0 0 0 0 1142696272 19687193 4173361152 301862912 0 16976485 12758858 3765082 10222253 31286957
1790327461934 0 81692 641 2781705484 2735822434 0 0 0 0 0 0 1142731830 19687413 4172746752 342683648 5578752 17140818 12880728 3800886 10292369 31534646
1790327462958 0 37981 586 2781765539 2735926261 0 0 0 0 0 0 1142757720 19687558 4172836864 174030848 2613248 17254354 12960500 3826652 10446453 32123624
1790327463976 0 104277 0 2781879126 2735973965 0 0 0 0 0 0 1142809160 19687832 4172328960 416882688 0 17442954 13112167 3877483 10535455 32304684
1790327465000 0 117427 6721 2781977632 2736052707 0 0 0 0 0 0 1142847278 19688049 4171231232 512839680 1966080 17608767 13244433 3916311 10606616 32536119
1790327466025 0 67903 47 2782049584 2736180760 0 0 0 0 0 0 1142878118 19688214 4170715136 265904128 0 17728133 13337047 3946579 10693948 32741572
1790327467050 0 77466 6862 2782133212 2736248168 0 0 0 0 0 0 1142912146 19688405 4171235328 347918336 0 17881196 13449562 3980635 10838202 33210374
1790327468070 0 14893 0 2782170428 2736354574 0 0 0 0 0 0 1142932925 19688506 4171530240 54939648 0 17947921 13503464 4000259 10902920 33620435
1790327469090 0 132648 4672 2782311028 2736372995 0 0 0 0 0 0 1143000252 19688861 4173156352 568147968 8409088 18208685 13704080 4069317 11022855 33780146
1790327470115 0 73041 6723 2782374646 2736494115 0 0 0 0 0 0 1143033751 19689025 4173586432 299175936 39956480 18325048 13797258 4102848 11368874 34341212
1790327471136 0 50365 0 2782420814 2736569625 0 0 0 0 0 0 1143059422 19689144 4174274560 197971968 0 18418601 13862338 4126997 11509846 34649545
1790327472160 0 108797 11045 2782543474 2736622834 0 0 0 0 0 0 1143114147 19689440 4174503936 445579264 58839040 18640535 14033045 4183244 11669942 34935357
1790327473190 0 5469 857 2782586401 2736779699 0 0 0 0 0 0 1143134256 19689549 4174548992 30707712 4202496 18717135 14091960 4203280 12006996 35570687
1790327474215 0 146924 1022 2782745842 2736797106 0 0 0 0 0 0 1143196551 19689920 4173422592 605442048 3887104 18988145 14302477 4265646 12171575 35715192
1790327475235 0 148428 1033 2782823544 2736873305 0 0 0 0 0 0 1143228052 19690096 4172800000 620589056 4177920 19128430 14404778 4297101 12330051 36057168
1790327476261 0 67293 0 2782868567 2737000403 0 0 0 0 0 0 1143248591 19690202 4172865536 262889472 0 19199254 14462889 4316999 12473772 36667913
1790327477283 0 124020 0 2782970265 2737045462 0 0 0 0 0 0 1143295059 19690461 4173312000 499601408 0 19387886 14604368 4362949 12676100 37019887
1790327478310 0 64884 899 2783022233 2737155673 0 0 0 0 0 0 1143317096 19690587 4173295616 277884928 4161536 19480034 14677043 4385983 12784516 37623430
1790327479333 0 61684 0 2783089534 2737227074 0 0 0 0 0 0 1143350657 19690762 4173803520 238080000 0 19595845 14769827 4419629 12927691 38046849
1790327480357 0 75195 1460 2783185018 2737307625 0 0 0 0 0 0 1143401442 19691008 4173971456 315994112 6307840 19779612 14912148 4470478 13160628 38448314
1790327481380 0 58535 3738 2783275859 2737412741 0 0 0 0 0 0 1143442284 19691236 4174565376 277536768 0 19945609 15037871 4511113 13334706 38837012
1790327482399 0 96282 0 2783371951 2737474892 0 0 0 0 0 0 1143489917 19691483 4175384576 384815104 0 20121172 15170388 4557735 13421647 39046027
1790327483420 0 129041 1135 2783475067 2737544583 0 0 0 0 0 0 1143530664 19691727 4175622144 538742784 5844992 20306476 15310265 4599736 13566026 39462474
1790327484440 0 27770 0 2783511689 2737683034 0 0 0 0 0 0 1143555113 19691828 4176285696 109723648 0 20380031 15366485 4621813 13745632 40118964
1790327485464 0 128883 1533 2783639008 2737707886 0 0 0 0 0 0 1143622520 19692167 4177022976 543051776 2797568 20631344 15555702 4691535 13930847 40387089
1790327486487 0 86471 1505 2783709942 2737821187 0 0 0 0 0 0 1143654193 19692341 4177022976 366997504 3084288 20757781 15653978 4723213 14088787 40775007
1790327487510 0 77755 0 2783775637 2737897058 0 0 0 0 0 0 1143685126 19692509 4176551936 312221696 0 20884349 15741471 4753095 14206045 41125911
1790327488529 0 104584 21316 2783873765 2737947131 0 0 0 0 0 0 1143724633 19692745 4176433152 488169472 35770368 21063622 15872673 4793761 14294112 41333668
1790327489548 0 41244 19 2783922118 2738080155 0 0 0 0 0 0 1143746570 19692868 4176084992 163540992 0 21147302 15936706 4813905 14581266 41972726
1790327490570 0 102431 0 2784039746 2738136527 0 0 0 0 0 0 1143800991 19693155 4176015360 409075712 0 21352955 16096835 4868981 14711382 42268444
1790327491592 0 97138 4161 2784127629 2738225502 0 0 0 0 0 0 1143848559 19693390 4175802368 397791232 25309184 21518948 16227782 4917656 14944472 42619759
1790327492612 0 69977 0 2784174233 2738303415 0 0 0 0 0 0 1143865350 19693500 4175740928 272928768 0 21594462 16283524 4933832 15116348 43144291
1790327493643 0 96660 1533 2784270919 2738371976 0 0 0 0 0 0 1143915977 19693746 4175749120 410529792 11304960 21774426 16424994 4984846 15184316 43318807
1790327494663 0 59146 40 2784356269 2738496267 0 0 0 0 0 0 1143944215 19693936 4174733312 236154880 0 21911053 16529192 5012620 15310262 43644744
1790327495687 0 110045 23505 2784468634 2738534268 0 0 0 0 0 0 1143998335 19694222 4175114240 450887680 102477824 22112432 16688595 5067457 15391005 43835498
1790327496711 0 99522 9794 2784532280 2738622172 0 0 0 0 0 0 1144025729 19694372 4175175680 456069120 4108288 22225840 16775718 5094753 15499872 44428953
1790327497730 0 130041 18671 2784651477 2738702013 0 0 0 0 0 0 1144076689 19694678 4175511552 589832192 27779072 22433119 16934781 5145758 15582343 44651407
1790327498753 0 133236 1955 2784733072 2738797116 0 0 0 0 0 0 1144105274 19694861 4174540800 557473792 10706944 22574990 17039848 5174413 15648481 44962489
1790327499772 0 64288 0 2784808243 2738943110 0 0 0 0 0 0 1144137182 19695043 4174725120 254910464 0 22695170 17137472 5205096 15774719 45496989
1790327500796 0 82788 956 2784899566 2739015174 0 0 0 0 0 0 1144178108 19695263 4174176256 345624576 3620864 22855079 17263356 5247077 15848980 45768151
1790327501820 0 118049 660 2784984810 2739065276 0 0 0 0 0 0 1144222747 19695484 4174852096 484454400 4521984 23009658 17385664 5291812 15994120 46245313
1790327502838 0 106816 0 2785039183 2739131530 0 0 0 0 0 0 1144245212 19695608 4174495744 425078784 0 23095538 17453976 5314162 16212767 46691918
1790327503861 0 81693 518 2785091057 2739208053 0 0 0 0 0 0 1144265458 19695725 4174036992 345247744 3727360 23186668 17525431 5334400 16263993 47026410
1790327504885 0 36623 940 2785154268 2739315977 0 0 0 0 0 0 1144294037 19695886 4174516224 158064640 2486272 23298935 17612509 5363150 16375759 47605696
1790327505903 0 132040 0 2785288357 2739355561 0 0 0 0 0 0 1144351727 19696199 4174442496 531853312 0 23530593 17792433 5420180 16475421 47735073
1790327506930 0 91739 5509 2785358665 2739460667 0 0 0 0 0 0 1144383538 19696369 4174950400 401809408 15077376 23660605 17890127 5452556 16592862 48262337
1790327507955 0 53457 24 2785418693 2739564478 0 0 0 0 0 0 1144412653 19696522 4174712832 212672512 397312 23778328 17972665 5480648 16721236 48804463
1790327508982 0 134719 0 2785539984 2739604406 0 0 0 0 0 0 1144476274 19696832 4175200256 541818880 0 23983181 18144020 5544291 16822075 48948195
1790327510009 0 14042 1027 2785595409 2739779529 0 0 0 0 0 0 1144505681 19696977 4175142912 72531968 8101888 24094152 18226539 5574762 16879744 49285913
1790327511032 0 122258 0 2785729497 2739806375 0 0 0 0 0 0 1144561511 19697294 4174680064 488701952 0 24322860 18401615 5629981 17053907 49571033
1790327512051 0 102835 0 2785802286 2739898538 0 0 0 0 0 0 1144592561 19697469 4175175680 405618688 0 24455891 18500563 5661552 17139846 49893184
1790327513070 0 106349 0 2785873270 2739966124 0 0 0 0 0 0 1144622923 19697645 4174499840 423178240 0 24580317 18598046 5691279 17249516 50401834
1790327514094 0 89110 951 2785949275 2740058428 0 0 0 0 0 0 1144656034 19697823 4174229504 375459840 1495040 24715581 18702618 5724939 17315321 50672473
1790327515117 0 52451 511 2786006759 2740153050 0 0 0 0 0 0 1144686732 19697972 4174331904 219852800 6254592 24820499 18786500 5755811 17446266 51084381
1790327516135 0 78141 0 2786087471 2740208533 0 0 0 0 0 0 1144727270 19698179 4174516224 311713792 0 24964889 18897010 5794781 17640635 51548794
1790327517154 0 86880 992 2786181805 2740293205 0 0 0 0 0 0 1144767595 19698414 4174331904 365027328 0 25123347 19025190 5836518 17750222 51741684
1790327518174 0 79036 37 2786244986 2740365201 0 0 0 0 0 0 1144796049 19698561 4174446592 320651264 0 25236955 19111228 5863054 17873420 52229849
1790327519192 0 82345 0 2786315928 2740432799 0 0 0 0 0 0 1144823183 19698730 4174114816 330993664 0 25367618 19202076 5890838 17987668 52687755
1790327520219 0 82431 1426 2786403236 2740518560 0 0 0 0 0 0 1144855140 19698928 4174045184 349655040 1953792 25514671 19316249 5924125 18221776 53186380
1790327521245 0 65426 1476 2786484300 2740616621 0 0 0 0 0 0 1144892026 19699125 4174094336 282419200 4206592 25664887 19429436 5961018 18426784 53629358
1790327522263 0 121252 0 2786613276 2740691234 0 0 0 0 0 0 1144946915 19699447 4173426688 484495360 0 25877340 19600297 6015156 18507135 53805752
1790327523289 0 85745 4307 2786694924 2740804049 0 0 0 0 0 0 1144987085 19699656 4174303232 348934144 31858688 26029368 19717102 6056182 18675497 54317539
1790327524311 0 73620 1168 2786749847 2740874341 0 0 0 0 0 0 1145018458 19699809 4174442496 304902144 0 26136886 19795962 6086991 18720922 54537090
1790327525330 0 118485 17593 2786855484 2740918663 0 0 0 0 0 0 1145065654 19700058 4175200256 506028032 63410176 26329293 19941384 6134719 18917252 54873653
1790327526356 0 1553 8 2786882736 2741080438 0 0 0 0 0 0 1145077749 19700121 4175192064 2150400 2101248 26376391 19977469 6145793 18965306 55250705
1790327527384 0 127400 9563 2787034830 2741097096 0 0 0 0 0 0 1145144388 19700488 4174065664 555864064 18518016 26647145 20183704 6213465 19124803 55415767
1790327528405 0 131005 7519 2787125130 2741185839 0 0 0 0 0 0 1145184549 19700706 4173836288 536330240 46567424 26808226 20305050 6253646 19256380 55906223
1790327529424 0 121284 0 2787197131 2741274989 0 0 0 0 0 0 1145221496 19700900 4174286848 488411136 0 26941895 20406997 6289493 19421831 56328768
1790327530456 0 99324 1387 2787278607 2741377099 0 0 0 0 0 0 1145259107 19701107 4174258176 432107520 4505600 27093024 20522925 6328056 19527238 56658228
1790327531483 0 41644 1533 2787328019 2741484043 0 0 0 0 0 0 1145274836 19701223 4173676544 179322880 5795840 27170269 20583043 6343805 19622538 57318416
1790327532502 0 77527 0 2787412320 2741533900 0 0 0 0 0 0 1145315171 19701438 4173975552 309604352 0 27323243 20698400 6383366 19735605 57668402
1790327533521 0 88142 0 2787504746 2741615759 0 0 0 0 0 0 1145358052 19701657 4173787136 350568448 0 27488375 20826262 6426547 19826080 58001523
1790327534545 0 77138 25 2787585885 2741707920 0 0 0 0 0 0 1145384287 19701843 4173336576 306630656 0 27617842 20927347 6452222 19879290 58305194
1790327535564 0 143357 0 2787700317 2741756115 0 0 0 0 0 0 1145432795 19702118 4172599296 575496192 0 27816662 21079265 6501230 20049615 58633077
1790327536583 0 98630 0 2787737456 2741838036 0 0 0 0 0 0 1145454236 19702221 4173303808 399839232 0 27888680 21136121 6521555 20250547 59298934
1790327537606 0 49129 657 2787785212 2741934937 0 0 0 0 0 0 1145472329 19702339 4173586432 205570048 5713920 27973167 21202212 6541426 20398073 59811154
1790327538624 0 96108 0 2787885975 2741989063 0 0 0 0 0 0 1145515544 19702593 4173991936 387375104 0 28143196 21336050 6583282 20553198 60178532
1790327539643 0 95502 0 2787965346 2742068960 0 0 0 0 0 0 1145547037 19702774 4173799424 379682816 0 28289472 21441349 6615573 20649979 60475294
1790327540666 0 70298 11228 2788049601 2742167239 0 0 0 0 0 0 1145579462 19702973 4173680640 317706240 31653888 28434588 21553961 6648624 20709917 60687824
1790327541690 0 107189 18510 2788148347 2742221889 0 0 0 0 0 0 1145628795 19703220 4174221312 506355712 15003648 28610089 21692364 6697860 20939204 61072456
1790327542709 0 20172 0 2788178991 2742357833 0 0 0 0 0 0 1145645067 19703301 4174098432 72040448 0 28663510 21734171 6713528 20999103 61449762
1790327543740 0 99903 876 2788305560 2742404377 0 0 0 0 0 0 1145684264 19703571 4173099008 421810176 1527808 28868112 21893221 6753265 21162079 61787620
1790327544778 0 80426 2993 2788371780 2742487644 0 0 0 0 0 0 1145711817 19703731 4172902400 346107904 5636096 28986565 21981783 6780914 21268602 62006079
1790327545801 0 82848 643 2788449342 2742565036 0 0 0 0 0 0 1145752111 19703928 4173279232 348127232 3301376 29133350 22093563 6821144 21317029 62160688
1790327546821 0 115284 0 2788540210 2742624082 0 0 0 0 0 0 1145790467 19704141 4173873152 460619776 0 29271915 22213612 6859213 21412112 62520348
1790327547845 0 27890 2920 2788563367 2742731666 0 0 0 0 0 0 1145801717 19704202 4174036992 112259072 18022400 29316630 22248564 6870845 21632304 62907551
1790327548864 0 85495 0 2788657637 2742771204 0 0 0 0 0 0 1145842828 19704420 4173148160 341209088 0 29472183 22371740 6910734 21700809 63130564
1790327549883 0 120877 0 2788745179 2742823471 0 0 0 0 0 0 1145883182 19704641 4173893632 487043072 0 29626382 22491882 6951404 21897217 63565166
1790327550906 0 94675 662 2788814424 2742918236 0 0 0 0 0 0 1145912750 19704802 4174196736 396562432 2011136 29750464 22585574 6981629 21992672 63983890
1790327551927 0 78081 0 2788871440 2742992437 0 0 0 0 0 0 1145937959 19704937 4174426112 307965952 0 29850000 22660047 7006405 22063602 64351923
1790327552951 0 58898 2873 2788953650 2743091020 0 0 0 0 0 0 1145975895 19705137 4174303232 261611520 1851392 30001147 22777089 7044928 22166092 64762005
1790327553969 0 89371 0 2789050860 2743160557 0 0 0 0 0 0 1146020300 19705382 4174114816 353705984 0 30171447 22907063 7089271 22311221 65071448
1790327554993 0 84942 966 2789120124 2743233431 0 0 0 0 0 0 1146044176 19705539 4173103104 352440320 3457024 30284901 22996085 7113257 22374395 65502819
1790327556015 0 99329 1956 2789195007 2743292944 0 0 0 0 0 0 1146081002 19705733 4173656064 417832960 3686400 30423346 23104211 7150099 22438624 65768439
1790327557035 0 68568 37 2789244029 2743374554 0 0 0 0 0 0 1146106970 19705856 4173537280 275771392 6656000 30515015 23174223 7176067 22502834 66037138
1790327558065 0 84535 366 2789327525 2743441847 0 0 0 0 0 0 1146141280 19706050 4172959744 356421632 2772992 30654728 23284811 7210377 22590456 66356826
1790327559083 0 1 0 2789327528 2743526716 0 0 0 0 0 0 1146204127 19706179 4201975808 4096 0 30709556 23337895 7270545 22619875 66515046
1790327560102 0 2 0 2789327529 2743526716 0 0 0 0 0 0 1146356106 19706485 4208062464 4096 0 30872318 23488461 7422597 22670874 66660647
1790327561122 0 2 0 2789327529 2743526716 0 0 0 0 0 0 1146511782 19706797 4216320000 4096 0 31052611 23643253 7579405 22753524 66830849
1790327562141 0 2 0 2789327529 2743526716 0 0 0 0 0 0 1146653539 19707080 4219535360 4096 0 31528719 23783870 7720807 22990899 67008515
