1790332636517 0 1 0 3202415418 3156607268 0 0 0 0 0 0 1346044312 20317873 - - - - - - - -
1790332637596 0 117747 0 3202670544 3156744589 0 0 0 0 0 0 1346044321 20317922 1024004096 461123584 0 0 0 9 0 12422
1790332638617 0 151833 2046 3202874669 3156912551 0 0 0 0 0 0 1346044321 20317923 1863036928 616529920 12574720 0 0 9 0 144438
1790332639636 0 142036 6154 3203059463 3157102956 0 0 0 0 0 0 1346044321 20317938 2632790016 601960448 25165824 0 0 9 0 356744
1790332640656 0 144007 4096 3203247733 3157291415 0 0 0 0 0 0 1346044321 20317938 3392458752 598298624 8388608 0 0 9 0 356744
1790332641676 0 132142 4076 3203473450 3157529033 0 0 0 0 0 0 1346044321 20317938 4159279104 526766080 41943040 78101 39030 9 34685 356744
1790332642695 0 121824 0 3203614697 3157684665 0 0 0 0 0 0 1346047565 20317951 4158001152 496869376 0 291815 186735 3215 109650 395230
1790332643714 0 146211 1001 3203769057 3157813685 0 0 0 0 0 0 1346055785 20317965 4157026304 600760320 4136960 508287 346546 11433 202555 633808
1790332644733 0 143964 4015 3203882507 3157926411 0 0 0 0 0 0 1346066507 20317986 4156932096 589058048 25014272 661271 474216 22155 299385 952611
1790332645751 0 107244 0 3203957505 3158042045 0 0 0 0 0 0 1346073402 20317998 4156735488 424214528 0 757406 552502 29050 329377 1122687
1790332646772 0 128794 4116 3204070324 3158129291 0 0 0 0 0 0 1346082761 20318015 4156366848 527536128 25165824 909700 678405 38441 392305 1401459
1790332647792 0 30689 53 3204116458 3158277503 0 0 0 0 0 0 1346087712 20318022 4156276736 112611328 0 968567 725696 42876 427096 1692435
1790332648811 0 109729 0 3204257986 3158340033 0 0 0 0 0 0 1346106138 20318054 4156493824 439971840 0 1208973 886369 61235 516050 1785002
1790332649838 0 105371 15334 3204367444 3158438562 0 0 0 0 0 0 1346122959 20318083 4157218816 502968320 8159232 1383025 1015369 78575 583357 1999436
1790332650860 0 150848 0 3204481297 3158522306 0 0 0 0 0 0 1346146891 20318125 4158468096 605487104 0 1555399 1149330 102008 704878 2173277
1790332651879 0 102943 0 3204551193 3158640067 0 0 0 0 0 0 1346158595 20318145 4158599168 408854528 0 1660353 1230777 113734 794987 2600246
1790332652903 0 37529 7251 3204625402 3158772457 0 0 0 0 0 0 1346170516 20318166 4159205376 179830784 50331648 1772527 1319501 126164 871443 2892832
1790332653923 0 124278 0 3204752848 3158820438 0 0 0 0 0 0 1346208495 20318230 4161576960 494350336 0 1972395 1481365 163900 969296 3114337
1790332654947 0 111871 25545 3204842105 3158896927 0 0 0 0 0 0 1346231842 20318270 4162871296 464003072 142606336 2114555 1596757 187490 1050144 3359611
1790332655967 0 146509 6641 3204959133 3158997819 0 0 0 0 0 0 1346264553 20318322 4164595712 585809920 35573760 2299986 1743303 220261 1178042 3661154
1790332656986 0 133481 0 3205037604 3159095989 0 0 0 0 0 0 1346293832 20318372 4166172672 536363008 0 2440228 1850560 248516 1260549 3960289
1790332658005 0 114660 0 3205125292 3159202486 0 0 0 0 0 0 1346314342 20318408 4166524928 458231808 0 2581214 1958696 269320 1302682 4127851
1790332659041 0 5610 1306 3205174122 3159359062 0 0 0 0 0 0 1346334849 20318443 4167581696 33349632 16777216 2665649 2029655 290465 1355497 4462980
1790332660060 0 139054 2019 3205330184 3159380907 0 0 0 0 0 0 1346385195 20318522 4169449472 577794048 8388608 2945811 2236947 340715 1512047 4601168
1790332661079 0 148542 0 3205427181 3159470421 0 0 0 0 0 0 1346410830 20318566 4169482240 598069248 0 3106099 2356546 365931 1603169 4959288
1790332662098 0 138574 0 3205519564 3159572822 0 0 0 0 0 0 1346439089 20318614 4169609216 556908544 0 3272120 2477219 394288 1675873 5093068
1790332663118 0 130064 0 3205611326 3159673175 0 0 0 0 0 0 1346470617 20318664 4170211328 524128256 0 3433882 2600598 425471 1794294 5493046
1790332664137 0 18959 0 3205662679 3159835512 0 0 0 0 0 0 1346485114 20318688 4169678848 67055616 0 3528004 2665607 439644 1844614 5913184
1790332665157 0 104724 12337 3205797733 3159872572 0 0 0 0 0 0 1346539338 20318779 4170076160 428544000 50331648 3784200 2858424 494986 1973058 6115922
1790332666181 0 129871 18432 3205898714 3159942252 0 0 0 0 0 0 1346578188 20318846 4170506240 531820544 75497472 3964930 2998177 533870 2040066 6332882
1790332667203 0 136278 14308 3205997362 3160038616 0 0 0 0 0 0 1346608997 20318900 4169543680 558174208 58720256 4136423 3127777 564645 2115840 6500565
1790332668223 0 146367 0 3206089171 3160134616 0 0 0 0 0 0 1346643194 20318959 4169162752 595599360 0 4294905 3250585 596548 2176387 6706946
1790332669242 0 20954 0 3206135965 3160306774 0 0 0 0 0 0 1346654772 20318980 4168749056 77627392 0 4371855 3308923 609164 2226985 6967348
1790332670266 0 110242 6132 3206270425 3160345905 0 0 0 0 0 0 1346706430 20319070 4168716288 451325952 25165824 4639993 3498341 662078 2388001 7201816
1790332671287 0 113990 6148 3206366384 3160438042 0 0 0 0 0 0 1346746826 20319141 4169342976 475271168 33554432 4822675 3634519 702474 2462191 7528264
1790332672311 0 139389 12264 3206465449 3160505673 0 0 0 0 0 0 1346795462 20319221 4169723904 570454016 50331648 5012987 3782073 751110 2529546 7740249
1790332673330 0 138716 3884 3206567061 3160616219 0 0 0 0 0 0 1346825558 20319271 4168736768 583888896 8388608 5181169 3913978 781194 2630967 7953133
1790332674349 0 70437 0 3206642048 3160763488 0 0 0 0 0 0 1346860110 20319371 4168568832 277942272 0 5326684 4019030 814695 2668413 8231837
1790332675368 0 68943 45166 3206765973 3160843712 0 0 0 0 0 0 1346913906 20319669 4169080832 282423296 203829248 5561355 4193866 869576 2775780 8439428
1790332676391 0 99689 13605 3206867126 3160945578 0 0 0 0 0 0 1346958833 20319923 4169498624 450514944 27496448 5755516 4334490 914462 2843196 8719119
1790332677410 0 66181 0 3206937880 3161063570 0 0 0 0 0 0 1347002346 20320124 4171403264 262520832 0 5897942 4441150 956627 2958192 9174704
1790332678429 0 74626 40 3207034510 3161151633 0 0 0 0 0 0 1347045626 20320362 4171259904 294748160 0 6082023 4575836 1000341 3044860 9503536
1790332679448 0 18496 0 3207107262 3161280581 0 0 0 0 0 0 1347075316 20320545 4170579968 65466368 0 6220049 4674802 1030158 3140179 9981004
1790332680473 0 98709 1016 3207240799 3161332978 0 0 0 0 0 0 1347140957 20320888 4170334208 415621120 4624384 6483977 4869513 1096459 3268848 10162994
1790332681501 0 90976 16423 3207336196 3161420607 0 0 0 0 0 0 1347195392 20321152 4171231232 450441216 6307840 6686399 5014484 1150928 3387360 10379750
1790332682520 0 90977 23265 3207431586 3161509240 0 0 0 0 0 0 1347244162 20321408 4171669504 372695040 112300032 6870352 5153558 1199846 3452605 10528377
1790332683539 0 44003 4444 3207494237 3161637595 0 0 0 0 0 0 1347276286 20321574 4172267520 211632128 0 7004837 5243458 1231104 3605665 11057922
1790332684559 0 86620 0 3207599361 3161704527 0 0 0 0 0 0 1347336705 20321865 4172120064 344342528 0 7211258 5400854 1291213 3664624 11211954
1790332685579 0 101933 0 3207703686 3161793618 0 0 0 0 0 0 1347383234 20322129 4172025856 405110784 0 7415214 5545782 1338256 3907072 11607007
1790332686598 0 108808 0 3207804778 3161887794 0 0 0 0 0 0 1347433042 20322394 4172226560 435109888 0 7607602 5691346 1387642 3986357 11918812
1790332687623 0 85387 9125 3207893982 3161991237 0 0 0 0 0 0 1347475808 20322620 4171915264 385687552 0 7794217 5818321 1431354 4069928 12134058
1790332688649 0 58639 5909 3207971486 3162098776 0 0 0 0 0 0 1347515827 20322825 4171309056 266584064 0 7954401 5931950 1469736 4166563 12387725
1790332689669 0 95810 0 3208080767 3162176707 0 0 0 0 0 0 1347566690 20323113 4171235328 383156224 0 8156387 6085399 1521018 4317720 12765248
1790332690696 0 106937 10220 3208194359 3162269031 0 0 0 0 0 0 1347614070 20323401 4169703424 479883264 31522816 8369346 6243853 1569654 4447231 13071172
1790332691729 0 66648 0 3208272715 3162397895 0 0 0 0 0 0 1347650856 20323601 4169216000 265228288 3358720 8512266 6351798 1605153 4605766 13407938
1790332692770 0 100222 0 3208376976 3162468556 0 0 0 0 0 0 1347697173 20323862 4169310208 402378752 0 8707419 6496191 1651090 4736182 13615540
1790332693789 0 32662 0 3208451824 3162610899 0 0 0 0 0 0 1347735438 20324062 4169986048 120713216 0 8851280 6604740 1690433 4812180 13850963
1790332694820 0 4104 2061 3208546993 3162732706 0 0 0 0 0 0 1347782589 20324316 4170067968 44949504 4702208 9038115 6744851 1738109 4882821 14143200
1790332695843 0 146897 0 3208693875 3162738843 0 0 0 0 0 0 1347866773 20324730 4170440704 595427328 0 9335996 6964152 1820287 5013074 14276155
1790332696862 0 145045 0 3208788246 3162835100 0 0 0 0 0 0 1347916937 20324988 4171210752 582582272 0 9526882 7103046 1871855 5085727 14435963
1790332697886 0 75102 0 3208860743 3162977443 0 0 0 0 0 0 1347942986 20325159 4170514432 292691968 0 9654083 7196863 1898431 5241277 14938307
1790332698907 0 56748 0 3208951910 3163087018 0 0 0 0 0 0 1347982108 20325394 4170137600 218497024 0 9829184 7321872 1937576 5331751 15148916
1790332699933 0 48607 3258 3209065023 3163205105 0 0 0 0 0 0 1348030298 20325678 4168249344 233410560 5967872 10048860 7479983 1985801 5490579 15522143
1790332700956 0 132498 0 3209199625 3163258925 0 0 0 0 0 0 1348087547 20326019 4167806976 531689472 0 10275072 7659264 2042001 5659704 15821083
1790332701980 0 91547 755 3209289059 3163388642 0 0 0 0 0 0 1348132006 20326256 4167634944 383176704 13787136 10450100 7791813 2087526 5781164 16034878
1790332703003 0 70078 13425 3209381943 3163490361 0 0 0 0 0 0 1348170208 20326486 4166676480 334991360 22155264 10609962 7917399 2125887 5857243 16385049
1790332704021 0 73316 0 3209460978 3163579446 0 0 0 0 0 0 1348221694 20326715 4168036352 289943552 0 10767369 8038553 2175732 6009480 16841843
1790332705041 0 27307 0 3209545942 3163710362 0 0 0 0 0 0 1348266359 20326946 4168208384 97091584 0 10930373 8163237 2221842 6146263 17183601
1790332706065 0 68253 0 3209663646 3163787180 0 0 0 0 0 0 1348330084 20327275 4168908800 272400384 0 11159616 8336206 2284053 6310560 17541919
1790332707089 0 83690 674 3209764403 3163872064 0 0 0 0 0 0 1348383061 20327557 4169048064 354553856 7118848 11377955 8487059 2338709 6468820 17944685
1790332708113 0 71534 13995 3209865512 3163971910 0 0 0 0 0 0 1348426178 20327811 4168302592 293003264 75546624 11559249 8625817 2381794 6540955 18148297
1790332709132 0 71934 0 3209957043 3164076971 0 0 0 0 0 0 1348466170 20328036 4167671808 286248960 0 11730580 8747774 2420025 6663862 18480734
1790332710156 0 101981 6469 3210075693 3164159059 0 0 0 0 0 0 1348520787 20328332 4167409664 417714176 41127936 11953748 8917716 2476435 6798900 18785998
1790332711175 0 48847 0 3210131249 3164274213 0 0 0 0 0 0 1348563087 20328504 4168728576 197066752 0 12071938 9008461 2516057 6987065 19296015
1790332712202 0 51724 11 3210241592 3164381694 0 0 0 0 0 0 1348608102 20328776 4168056832 228466688 1667072 12269462 9160651 2563554 7141585 19662130
1790332713223 0 80078 14 3210347792 3164459501 0 0 0 0 0 0 1348657139 20329036 4168761344 325898240 9023488 12459448 9307893 2612545 7265334 19945994
1790332714243 0 67812 0 3210442109 3164566068 0 0 0 0 0 0 1348704865 20329271 4168826880 266473472 0 12643311 9439552 2659248 7339677 20090616
1790332715266 0 36610 1540 3210528561 3164682269 0 0 0 0 0 0 1348738526 20329471 4168871936 161718272 4849664 12796091 9555224 2693974 7505136 20554143
1790332716285 0 82315 36 3210636983 3164746492 0 0 0 0 0 0 1348797336 20329755 4169900032 324534272 0 12999692 9710708 2752445 7683040 20905026
1790332717305 0 77373 0 3210730394 3164844859 0 0 0 0 0 0 1348834946 20329981 4169334784 304353280 0 13171135 9836048 2789918 7775802 21247841
1790332718334 0 44232 0 3210810950 3164958529 0 0 0 0 0 0 1348872082 20330169 4169093120 174993408 6545408 13311981 9946431 2826592 7942470 21580954
1790332719358 0 105321 0 3210930751 3165017227 0 0 0 0 0 0 1348927915 20330463 4169441280 423084032 0 13539826 10110633 2882342 8033577 21733649
1790332720382 0 33361 1200 3211001567 3165158969 0 0 0 0 0 0 1348962232 20330635 4169768960 145448960 4493312 13662935 10210930 2917802 8132949 22008857
1790332721401 0 130066 438 3211139260 3165200664 0 0 0 0 0 0 1349026819 20330964 4169625600 546832384 0 13914266 10402373 2981852 8235953 22184908
1790332722422 0 91784 80 3211224412 3165324481 0 0 0 0 0 0 1349065503 20331177 4169789440 365363200 0 14067989 10517579 3019909 8344216 22410290
1790332723442 0 54254 0 3211320120 3165457695 0 0 0 0 0 0 1349109520 20331411 4170555392 215982080 0 14242849 10649200 3062903 8507645 22854462
1790332724461 0 118060 0 3211449421 3165523206 0 0 0 0 0 0 1349161884 20331724 4170657792 470736896 0 14478677 10822061 3116729 8616006 23050072
1790332725489 0 76661 3751 3211528429 3165640190 0 0 0 0 0 0 1349194740 20331909 4170219520 337018880 6307840 14622769 10931871 3150356 8690765 23295334
1790332726508 0 116606 70 3211648596 3165723803 0 0 0 0 0 0 1349238362 20332175 4169396224 466046976 0 14819716 11081517 3192903 8770253 23477547
1790332727527 0 90740 0 3211740397 3165841547 0 0 0 0 0 0 1349285251 20332416 4169801728 367374336 0 14988643 11213992 3238715 8914369 23902474
1790332728547 0 50537 0 3211824142 3165965536 0 0 0 0 0 0 1349333727 20332641 4170457088 198615040 0 15153156 11340147 3288134 9005924 24245041
1790332729571 0 98177 1440 3211946389 3166038658 0 0 0 0 0 0 1349384046 20332923 4171030528 416862208 3403776 15370033 11505702 3339493 9163341 24592425
1790332730595 0 120196 2263 3212046428 3166115717 0 0 0 0 0 0 1349432924 20333175 4171636736 498221056 22310912 15560359 11645198 3388522 9272921 24813358
1790332731616 0 64605 0 3212116345 3166243450 0 0 0 0 0 0 1349464098 20333345 4171710464 252784640 0 15675487 11737331 3419137 9334339 25174232
1790332732647 0 65176 3743 3212225236 3166348158 0 0 0 0 0 0 1349509918 20333593 4171603968 299192320 4575232 15868566 11887868 3465446 9423493 25384649
1790332733674 0 66320 0 3212322639 3166448244 0 0 0 0 0 0 1349552825 20333824 4171005952 267280384 3874816 16045275 12016985 3507533 9627317 25803645
1790332734694 0 95965 0 3212430276 3166526084 0 0 0 0 0 0 1349599980 20334088 4171689984 386281472 0 16234896 12160977 3553940 9785210 26184557
1790332735713 0 137009 0 3212551195 3166605957 0 0 0 0 0 0 1349645243 20334356 4170964992 554946560 0 16440070 12315721 3598783 9938738 26563810
1790332736732 0 21829 0 3212600829 3166770769 0 0 0 0 0 0 1349672562 20334489 4171374592 80224256 0 16530963 12389575 3627446 10104369 27142945
1790332737751 0 80388 0 3212723717 3166835297 0 0 0 0 0 0 1349736674 20334808 4171722752 317743104 0 16755411 12566324 3691611 10225017 27380943
1790332738771 0 67946 51 3212809791 3166933608 0 0 0 0 0 0 1349789526 20335043 4173459456 268996608 0 16921265 12697090 3743926 10399234 27767288
1790332739792 0 73303 0 3212913406 3167031899 0 0 0 0 0 0 1349832706 20335293 4173058048 290213888 0 17108126 12834203 3787286 10514675 27963098
1790332740812 0 126677 0 3213037440 3167102559 0 0 0 0 0 0 1349882102 20335582 4172263424 512368640 0 17332301 12995710 3836195 10710969 28296703
1790332741831 0 19050 0 3213083673 3167256488 0 0 0 0 0 0 1349909052 20335705 4172402688 66048000 0 17415498 13063790 3863953 10896528 28976208
1790332742855 0 87059 12 3213218217 3167323072 0 0 0 0 0 0 1349956225 20335996 4171022336 352407552 7069696 17630913 13236248 3911654 11021933 29162197
1790332743874 0 107157 0 3213303966 3167388590 0 0 0 0 0 0 1349997657 20336201 4170264576 433360896 0 17781002 13353605 3951285 11094416 29321135
1790332744893 0 80951 0 3213392500 3167503284 0 0 0 0 0 0 1350033127 20336393 4171034624 318791680 0 17940063 13470949 3988054 11229286 29746973
1790332745913 0 140270 0 3213516175 3167567798 0 0 0 0 0 0 1350097415 20336739 4172787712 561635328 0 18167298 13650399 4052395 11340672 29979975
1790332746932 0 39561 0 3213575422 3167727605 0 0 0 0 0 0 1350126876 20336899 4173582336 149729280 0 18276350 13734547 4081716 11424162 30277718
1790332747968 0 97629 6710 3213704371 3167791909 0 0 0 0 0 0 1350192314 20337228 4174430208 399888384 54636544 18524908 13921013 4147797 11516000 30376550
1790332748999 0 56678 70 3213788055 3167923177 0 0 0 0 0 0 1350228984 20337425 4174680064 223780864 1093632 18671668 14031986 4182925 11762118 30829155
1790332750022 0 84817 0 3213907371 3168014340 0 0 0 0 0 0 1350273569 20337705 4173676544 334217216 0 18876114 14189494 4229036 11946388 31194935
1790332751042 0 84804 1213 3214011940 3168118026 0 0 0 0 0 0 1350324847 20337971 4173787136 368992256 0 19069046 14337416 4280048 12096720 31564993
1790332752061 0 62695 0 3214112114 3168241226 0 0 0 0 0 0 1350362304 20338191 4172972032 248602624 0 19232342 14464060 4316704 12195754 31811358
1790332753085 0 91002 66 3214221307 3168322094 0 0 0 0 0 0 1350410451 20338461 4173090816 367063040 0 19434770 14614042 4364411 12448446 32191135
1790332754106 0 56516 4105 3214301468 3168432728 0 0 0 0 0 0 1350445134 20338661 4172767232 269168640 0 19575000 14723329 4400027 12550638 32629565
1790332755127 0 138278 0 3214422178 3168475739 0 0 0 0 0 0 1350507370 20338977 4173811712 560304128 0 19797319 14895886 4461068 12682198 32802041
1790332756146 0 136146 0 3214518404 3168574044 0 0 0 0 0 0 1350549615 20339221 4174151680 552321024 0 19967836 15027978 4503128 12723194 32975485
1790332757165 0 48879 0 3214581068 3168723944 0 0 0 0 0 0 1350581681 20339389 4174753792 188809216 0 20084622 15116917 4536540 12877871 33542362
1790332758184 0 109590 0 3214708224 3168790506 0 0 0 0 0 0 1350636323 20339705 4175044608 442617856 0 20304680 15290283 4589868 13053208 33847483
1790332759212 0 46762 2180 3214774449 3168917317 0 0 0 0 0 0 1350673381 20339882 4175781888 211668992 9334784 20446053 15392873 4628832 13199692 34388654
1790332760234 0 144431 0 3214899774 3168947188 0 0 0 0 0 0 1350741612 20340220 4176879616 587509760 0 20684386 15574262 4694807 13428986 34633990
1790332761254 0 84709 0 3214969066 3169076215 0 0 0 0 0 0 1350771513 20340390 4176576512 340893696 0 20806597 15667777 4724931 13542567 35198435
1790332762273 0 37012 0 3215054381 3169209171 0 0 0 0 0 0 1350808935 20340605 4176318464 139186176 0 20962483 15783413 4763718 13688498 35694636
1790332763292 0 105476 0 3215187315 3169273685 0 0 0 0 0 0 1350869201 20340925 4176216064 423755776 0 21202396 15963923 4823614 13843239 35870453
1790332764311 0 83610 2992 3215268895 3169374166 0 0 0 0 0 0 1350910011 20341140 4175507456 342667264 24879104 21359063 16083079 4865571 13978717 36270167
1790332765333 0 104340 19418 3215378731 3169446878 0 0 0 0 0 0 1350965820 20341430 4175306752 427130880 103976960 21558775 16238867 4921367 14128715 36519605
1790332766362 0 83676 50 3215466558 3169574731 0 0 0 0 0 0 1351006844 20341651 4175638528 338702336 19505152 21712350 16358554 4962371 14198567 36713028
1790332767391 0 513 4 3215552904 3169744163 0 0 0 0 0 0 1351041826 20341844 4174692352 10702848 2846720 21859943 16470901 4996679 14282721 37110089
1790332768413 0 149989 0 3215713661 3169755435 0 0 0 0 0 0 1351115438 20342246 4175101952 601874432 0 22137351 16691023 5070330 14420642 37233050
1790332769437 0 104580 18281 3215802365 3169871473 0 0 0 0 0 0 1351152828 20342460 4174553088 504107008 11546624 22298880 16814470 5108382 14569890 37650213
1790332770468 0 95242 25 3215883130 3169979750 0 0 0 0 0 0 1351189690 20342674 4175147008 390111232 14774272 22441140 16924000 5144609 14700626 38074167
1790332771491 0 74610 3066 3215972864 3170087091 0 0 0 0 0 0 1351219821 20342877 4174417920 326529024 2437120 22593403 17037004 5175403 14808528 38439211
1790332772516 0 56471 2053 3216063255 3170196609 0 0 0 0 0 0 1351260196 20343102 4174090240 255369216 7421952 22752881 17160927 5215569 14892320 38650635
1790332773538 0 110977 0 3216182476 3170263344 0 0 0 0 0 0 1351314606 20343395 4173881344 442028032 0 22948594 17320089 5269446 15059093 39009647
1790332774560 0 100893 0 3216260432 3170351412 0 0 0 0 0 0 1351351604 20343581 4173918208 407068672 1593344 23088445 17428622 5306269 15125231 39294748
1790332775592 0 78059 0 3216344180 3170457911 0 0 0 0 0 0 1351385078 20343773 4173455360 311775232 1740800 23233781 17539224 5340652 15235470 39681667
1790332776619 0 80613 72 3216443985 3170555217 0 0 0 0 0 0 1351437045 20344023 4174827520 315080704 0 23424831 17682801 5392487 15510472 40054230
1790332777642 0 83501 26 3216541097 3170649373 0 0 0 0 0 0 1351471313 20344246 4174254080 326971392 0 23580577 17805331 5426508 15633883 40466000
1790332778662 0 5651 1 3216603648 3170789904 0 0 0 0 0 0 1351501627 20344401 4174688256 10665984 0 23691819 17892068 5456438 15820321 41010083
1790332779688 0 119950 2357 3216752068 3170821620 0 0 0 0 0 0 1351579790 20344782 4175147008 530616320 8294400 23962781 18108907 5535316 15924771 41121697
1790332780737 0 79300 927 3216832137 3170943824 0 0 0 0 0 0 1351621262 20344984 4175224832 360755200 1712128 24107026 18222369 5576631 16008420 41346963
1790332781762 0 92101 915 3216945247 3171043949 0 0 0 0 0 0 1351669881 20345259 4174512128 385363968 8409088 24310106 18373027 5625355 16161329 41733481
1790332782783 0 75447 0 3217031952 3171148294 0 0 0 0 0 0 1351703968 20345466 4174479360 296591360 0 24459463 18486470 5659394 16303173 42175356
1790332783803 0 55078 0 3217124621 3171261254 0 0 0 0 0 0 1351746585 20345693 4174065664 215351296 0 24625319 18615828 5701546 16425683 42569338
1790332784827 0 75286 7 3217229717 3171346201 0 0 0 0 0 0 1351794736 20345949 4173516800 304205824 0 24810640 18758307 5748198 16549011 42903220
1790332785846 0 72890 0 3217326646 3171445587 0 0 0 0 0 0 1351845807 20346199 4173881344 292515840 0 24988499 18899071 5800787 16652696 43192831
1790332786873 0 65957 1310 3217436070 3171560580 0 0 0 0 0 0 1351891266 20346469 4174102528 300818432 6254592 25178403 19046760 5846498 16811425 43570995
1790332787915 0 72063 1524 3217533619 3171651883 0 0 0 0 0 0 1351933446 20346700 4174225408 315375616 4804608 25353436 19177799 5888910 16884610 43804697
1790332788938 0 65787 0 3217643651 3171769695 0 0 0 0 0 0 1351972328 20346950 4173500416 258387968 0 25536321 19315190 5927225 16950381 43950012
1790332789961 0 86440 991 3217739078 3171843865 0 0 0 0 0 0 1352015613 20347183 4173705216 356024320 1810432 25703912 19448176 5971160 17107104 44377816
1790332790987 0 127613 466 3217832027 3171895819 0 0 0 0 0 0 1352057137 20347414 4173246464 530898944 4599808 25861603 19575799 6012653 17195416 44658113
1790332792006 0 103430 0 3217915813 3172004200 0 0 0 0 0 0 1352095205 20347631 4173578240 415248384 0 26012551 19688534 6049631 17271673 44892622
1790332793027 0 84605 0 3217972746 3172079979 0 0 0 0 0 0 1352123606 20347770 4173963264 337977344 0 26120844 19768649 6077956 17361841 45246494
1790332794051 0 19528 883 3218017429 3172188866 0 0 0 0 0 0 1352147133 20347885 4174499840 88031232 3874816 26204726 19835014 6102520 17468716 45877302
1790332795074 0 105347 0 3218137605 3172224123 0 0 0 0 0 0 1352199470 20348170 4174594048 421163008 0 26414023 19994759 6154421 17599061 46156344
1790332796095 0 113745 0 3218220794 3172298894 0 0 0 0 0 0 1352234279 20348371 4173930496 454586368 0 26558219 20105518 6189255 17664054 46357473
1790332797127 0 65325 46 3218290088 3172416690 0 0 0 0 0 0 1352268317 20348547 4173611008 259436544 6709248 26690328 20201799 6222842 17744709 46602860
1790332798150 0 109182 0 3218402577 3172485268 0 0 0 0 0 0 1352319667 20348825 4173901824 439365632 0 26890176 20355114 6273566 17845741 46854091
1790332799174 0 1123 1315 3218445237 3172634650 0 0 0 0 0 0 1352346099 20348950 4174499840 16158720 2912256 26982529 20424779 6301326 17928093 47367059
1790332800203 0 86295 1679 3218570565 3172674554 0 0 0 0 0 0 1352396486 20349252 4173287424 373329920 3149824 27193164 20590407 6351841 17994471 47464156
1790332801230 0 101318 511 3218650135 3172740179 0 0 0 0 0 0 1352434327 20349448 4173635584 417533952 2408448 27343264 20700255 6389746 18075426 47823054
1790332802249 0 90994 908 3218731781 3172831750 0 0 0 0 0 0 1352473246 20349648 4173750272 379408384 0 27493199 20814270 6428357 18161847 48111773
1790332803272 0 85606 1354 3218810386 3172915288 0 0 0 0 0 0 1352500844 20349825 4173000704 362082304 2203648 27622484 20915856 6456327 18275110 48519945
1790332804291 0 19690 2468 3218845804 3173015481 0 0 0 0 0 0 1352517739 20349915 4173438976 93503488 9502720 27687192 20966094 6473286 18383018 48955893
1790332805315 0 135870 0 3218982330 3173038175 0 0 0 0 0 0 1352577200 20350243 4173185024 545026048 0 27922958 21146917 6532590 18522005 49154658
1790332806334 0 126522 0 3219069124 3173134435 0 0 0 0 0 0 1352617806 20350475 4174233600 505917440 0 28078043 21268719 6573227 18595443 49353352
1790332807353 0 73033 0 3219134371 3173253223 0 0 0 0 0 0 1352645110 20350639 4174036992 290840576 0 28196155 21356715 6599446 18701447 49734064
1790332808378 0 144002 2993 3219246399 3173291168 0 0 0 0 0 0 1352692580 20350902 4173975552 602034176 11599872 28409496 21510984 6648127 18816410 50011387
1790332809405 0 3545 0 3219275588 3173463913 0 0 0 0 0 0 1352699264 20350960 4173520896 4911104 0 28448876 21540777 6653610 18932379 50602226
1790332810425 0 148925 511 3219425611 3173468055 0 0 0 0 0 0 1352773663 20351348 4173930496 619094016 3727360 28718483 21755594 6728999 19001361 50671438
1790332811444 0 128421 0 3219484514 3173547882 0 0 0 0 0 0 1352792001 20351470 4173209600 518447104 0 28809191 21826047 6746438 19183789 51250450
1790332812463 0 134240 0 3219572254 3173629803 0 0 0 0 0 0 1352820172 20351661 4172603392 535941120 0 28952523 21936288 6775418 19315743 51720661
1790332813487 0 130478 3083 3219659779 3173718028 0 0 0 0 0 0 1352864306 20351887 4172853248 555786240 1769472 29114644 22062452 6819853 19456463 52190455
1790332814510 0 1120 1099 3219691153 3173880828 0 0 0 0 0 0 1352880323 20351969 4173266944 9072640 5873664 29176664 22107715 6835742 19568610 52844875
1790332815534 0 97639 37 3219811319 3173905529 0 0 0 0 0 0 1352934271 20352265 4174299136 389685248 0 29369625 22270043 6888952 19722152 53133638
1790332816554 0 99971 0 3219907827 3173999747 0 0 0 0 0 0 1352973952 20352483 4173139968 396038144 0 29533029 22396530 6928905 19855229 53457094
1790332817573 0 119668 0 3220014580 3174086785 0 0 0 0 0 0 1353020407 20352751 4173459456 478912512 0 29718474 22540364 6975211 20058115 53775800
1790332818597 0 83519 370 3220089163 3174197232 0 0 0 0 0 0 1353057835 20352937 4174278656 349593600 4206592 29858603 22647076 7013180 20163026 54027381
1790332819631 0 16583 1022 3220136838 3174311174 0 0 0 0 0 0 1353076524 20353044 4174106624 75984896 2785280 29940996 22709159 7031974 20432517 54545530
1790332820651 0 128431 0 3220266367 3174329781 0 0 0 0 0 0 1353133209 20353356 4173725696 515948544 0 30166472 22882119 7088008 20530757 54682990
1790332821670 0 93725 0 3220317669 3174415782 0 0 0 0 0 0 1353153965 20353482 4173590528 371355648 0 30256896 22951059 7109325 20647197 55247691
1790332822691 0 52426 1658 3220397211 3174534930 0 0 0 0 0 0 1353187218 20353669 4173066240 245604352 0 30399831 23060225 7142748 20763236 55641961
1790332823710 0 135464 0 3220512059 3174568366 0 0 0 0 0 0 1353245837 20353960 4173873152 540659712 0 30608322 23222139 7201304 20901206 55851311
1790332824729 0 142334 0 3220602905 3174652352 0 0 0 0 0 0 1353284522 20354181 4173348864 567390208 0 30756035 23342555 7239911 20977802 56168300
1790332825753 0 49610 441 3220627246 3174769071 0 0 0 0 0 0 1353298044 20354245 4173598720 209473536 3592192 30803945 23381060 7253463 21068545 56850463
1790332826772 0 82715 0 3220717224 3174826324 0 0 0 0 0 0 1353333445 20354461 4173299712 328990720 0 30960809 23496601 7287882 21229510 57260027
1790332827796 0 76808 0 3220805514 3174920536 0 0 0 0 0 0 1353367056 20354667 4173107200 304173056 0 31106709 23612067 7321540 21447284 57711759
1790332828817 0 55648 3122 3220895781 3175028928 0 0 0 0 0 0 1353411244 20354902 4173762560 246198272 0 31279667 23740889 7365705 21534270 57983933
1790332829840 0 83357 1066 3220995010 3175102523 0 0 0 0 0 0 1353452231 20355134 4173393920 348868608 2813952 31449235 23874404 7407663 21672955 58423723
1790332830864 0 1208 718 3221022694 3175212691 0 0 0 0 0 0 1353465931 20355211 4173561856 7159808 5529600 31501394 23913680 7421446 21758662 58897778
1790332831883 0 149373 0 3221172231 3175214607 0 0 0 0 0 0 1353535349 20355586 4174024704 601772032 0 31761528 24115142 7489426 21901571 59062547
1790332832907 0 128581 907 3221265615 3175327937 0 0 0 0 0 0 1353570507 20355797 4173647872 532877312 1687552 31923282 24239774 7525958 21941920 59189966
1790332833925 0 132082 0 3221365820 3175425556 0 0 0 0 0 0 1353611514 20356030 4173946880 530710528 0 32100201 24370761 7566277 22177121 59571403
1790332834947 0 70643 0 3221419124 3175540248 0 0 0 0 0 0 1353638229 20356171 4173750272 279076864 0 32201776 24445543 7592593 22352943 59884765
1790332835968 0 8185 3 3221471105 3175654770 0 0 0 0 0 0 1353663751 20356304 4174299136 29638656 0 32295507 24519303 7617094 22412817 60164555
1790332836991 0 110739 277 3221606207 3175687035 0 0 0 0 0 0 1353711087 20356615 4172926976 459395072 1609728 32515070 24692365 7666562 22523382 60369866
1790332838016 0 96160 1173 3221678560 3175773162 0 0 0 0 0 0 1353747820 20356797 4173049856 421093376 6307840 32647860 24795796 7703075 22707739 60838857
1790332839051 0 0 0 3221733087 3175924938 0 0 0 0 0 0 1353767129 20356928 4172402688 0 6303744 32744685 24866073 7722676 22788196 61209093
1790332840070 0 2 0 3221733094 3175924943 0 0 0 0 0 0 1353889646 20357176 4204425216 4096 0 32861551 24978220 7842641 22883803 61518353
1790332841089 0 2 0 3221733094 3175924943 0 0 0 0 0 0 1354035237 20357477 4211294208 4096 0 33026316 25122255 7988353 22999417 61856897
1790332842108 0 2 0 3221733094 3175924943 0 0 0 0 0 0 1354176571 20357757 4219162624 4096 0 33311589 25262305 8130335 23073168 62003683
1790332843143 0 2 0 3221733094 3175924943 0 0 0 0 0 0 1354283142 20357966 4219936768 4096 0 33640531 25370481 8238689 23222186 62127235
