1790336917156 0 1 0 3513984881 3468085719 0 0 0 0 0 0 1477945656 20772949 - - - - - - - -
1790336918821 0 170872 3007 3514312470 3468239363 0 0 0 0 0 0 1477945664 20773033 1297317888 719065088 7184384 0 0 8 0 20486
1790336919928 0 151787 4100 3514431719 3468376622 0 0 0 0 0 0 1477945664 20773034 1810792448 637829120 12599296 0 0 8 0 20486
1790336920977 0 105141 0 3514514136 3468509764 0 0 0 0 0 0 1477945664 20773034 2144366592 407322624 0 0 0 8 0 20805
1790336921999 0 160317 2048 3514700527 3468638788 0 0 0 0 0 0 1477945664 20773036 2907934720 642424832 16777216 0 0 8 0 34555
1790336923028 0 165324 2121 3514857056 3468790461 0 0 0 0 0 0 1477945664 20773036 3565694976 687841280 19058688 0 0 8 0 44001
1790336924076 0 148527 2084 3514977470 3468927605 0 0 0 0 0 0 1477945664 20773036 4042588160 602714112 8388608 0 0 8 0 51515
1790336925119 0 85533 5690 3515061562 3469071064 0 0 0 0 0 0 1477946580 20773039 4139716608 373551104 16777216 134890 62174 536 51074 71716
1790336926164 0 154671 6070 3515260038 3469200067 0 0 0 0 0 0 1477959845 20773063 4138680320 638562304 12320768 462471 274641 14025 97869 444877
1790336927211 0 105357 8192 3515352074 3469339332 0 0 0 0 0 0 1477968534 20773083 4138164224 484167680 50331648 599887 378041 22878 131172 904911
1790336928263 0 126069 2044 3515421897 3469394654 0 0 0 0 0 0 1477976218 20773097 4138237952 525611008 7245824 702944 456474 30051 180623 1055057
1790336929295 0 72709 13318 3515517054 3469531867 0 0 0 0 0 0 1477991288 20773123 4138659840 326500352 30613504 838666 562838 45600 223556 1652754
1790336930320 0 108198 14381 3515602737 3469580952 0 0 0 0 0 0 1478007187 20773152 4139163648 486563840 56918016 966406 666804 61470 271432 1795419
1790336931343 0 113896 0 3515670915 3469657800 0 0 0 0 0 0 1478016786 20773168 4139098112 450998272 0 1091719 741941 70514 322372 2017325
1790336932364 0 108424 9120 3515784152 3469767367 0 0 0 0 0 0 1478041809 20773212 4140560384 442662912 42819584 1328706 883081 96073 358087 2417826
1790336933387 0 116183 12807 3515880061 3469852154 0 0 0 0 0 0 1478071003 20773258 4142346240 486944768 67108864 1514461 1008459 125274 391859 2786988
1790336934426 0 4562 5306 3515918938 3470010424 0 0 0 0 0 0 1478080034 20773280 4142678016 30740480 83886080 1582341 1055611 134381 415825 3155844
1790336935454 0 133908 4097 3516087346 3470050087 0 0 0 0 0 0 1478131308 20773366 4145864704 542248960 19320832 1882390 1272587 185675 489678 3329905
1790336936480 0 139259 12288 3516174525 3470123817 0 0 0 0 0 0 1478166855 20773425 4148379648 570400768 50331648 2049908 1397718 221199 543798 3647235
1790336937502 0 121919 0 3516247399 3470226220 0 0 0 0 0 0 1478194760 20773486 4149858304 484675584 0 2179956 1493289 247947 603733 3937524
1790336938530 0 103858 0 3516330666 3470327597 0 0 0 0 0 0 1478224551 20773534 4151431168 408117248 0 2345391 1605956 278313 666577 4392773
1790336939559 0 52909 3405 3516406913 3470451463 0 0 0 0 0 0 1478250214 20773581 4152229888 221532160 6770688 2503278 1709371 303969 710625 4813117
1790336940582 0 148915 1 3516567309 3470519086 0 0 0 0 0 0 1478319346 20773694 4155117568 592887808 0 2836995 1937065 373723 769934 5103109
1790336941606 0 142041 0 3516660774 3470619440 0 0 0 0 0 0 1478357219 20773756 4155117568 566661120 0 3016979 2065243 407953 823404 5364666
1790336942630 0 141378 0 3516758535 3470717810 0 0 0 0 0 0 1478421588 20773866 4157726720 564891648 0 3240507 2226852 472350 880867 5680667
1790336943658 0 116413 0 3516831770 3470816130 0 0 0 0 0 0 1478450693 20773910 4157722624 458797056 0 3403104 2330746 503819 953790 6121515
1790336944706 0 64456 2044 3516892272 3470926656 0 0 0 0 0 0 1478489379 20773978 4159492096 271466496 11124736 3544599 2432766 542816 1029722 6635556
1790336945726 0 92878 0 3517000835 3471008643 0 0 0 0 0 0 1478553661 20774090 4160028672 365142016 0 3777301 2600773 604786 1101859 7005161
1790336946756 0 74973 55 3517081101 3471106890 0 0 0 0 0 0 1478625092 20774209 4162482176 292044800 0 4010696 2750733 674883 1158425 7419911
1790336947782 0 95416 14 3517197874 3471203162 0 0 0 0 0 0 1478698052 20774336 4163715072 375644160 0 4299084 2941289 749063 1232055 7791155
1790336948803 0 111387 0 3517310134 3471299462 0 0 0 0 0 0 1478773031 20774464 4164968448 441008128 0 4587542 3130442 826309 1332543 8184641
1790336949824 0 11603 11262 3517365873 3471443847 0 0 0 0 0 0 1478816590 20774542 4164644864 47349760 46129152 4758052 3234602 870852 1408898 8729883
1790336950868 0 110903 16179 3517522429 3471496498 0 0 0 0 0 0 1478945609 20774757 4167376896 474124288 92274688 5190206 3517653 999131 1501419 8911622
1790336951921 0 111309 2651 3517622049 3471608894 0 0 0 0 0 0 1479037953 20774915 4167622656 464515072 74846208 5474533 3710201 1091703 1583329 9312520
1790336952943 0 89813 10220 3517718764 3471719570 0 0 0 0 0 0 1479129014 20775072 4168228864 367718400 46686208 5762153 3898721 1183180 1643013 9604581
1790336953966 0 69073 12503 3517821180 3471840346 0 0 0 0 0 0 1479214137 20775223 4167786496 345772032 41943040 6044653 4084340 1267553 1730331 9910522
1790336955001 0 45451 14292 3517920140 3471961236 0 0 0 0 0 0 1479313187 20775396 4167770112 185982976 58720256 6363364 4284479 1367449 1791745 10240658
1790336956024 0 149046 0 3518072895 3472024622 0 0 0 0 0 0 1479474479 20775674 4168122368 595259392 0 6842954 4591145 1525377 1871302 10440300
1790336957050 0 111907 18432 3518179369 3472149833 0 0 0 0 0 0 1479579484 20775848 4166791168 541954048 75497472 7188488 4809503 1633289 1938515 10677296
1790336958074 0 67637 22613 3518281236 3472291869 0 0 0 0 0 0 1479692565 20776195 4166709248 383832064 6914048 7516949 5020150 1746641 2021325 11053927
1790336959100 0 70219 3659 3518384527 3472411601 0 0 0 0 0 0 1479805771 20776558 4167380992 312180736 2416640 7842577 5230831 1859515 2079445 11339411
1790336960141 0 71128 2125 3518496451 3472523956 0 0 0 0 0 0 1479916247 20776928 4166615040 321036288 4206592 8188771 5445908 1968981 2217891 11758597
1790336961188 0 92163 0 3518605100 3472613684 0 0 0 0 0 0 1480039415 20777321 4166668288 360108032 0 8538746 5669480 2091688 2343060 12143577
1790336962209 0 119742 0 3518712527 3472693602 0 0 0 0 0 0 1480150958 20777693 4166778880 475934720 0 8865451 5881086 2200597 2426774 12453906
1790336963232 0 77135 0 3518782700 3472806258 0 0 0 0 0 0 1480219314 20777926 4165148672 300449792 0 9085241 6015774 2268675 2506034 12977519
1790336964267 0 86046 0 3518873384 3472888116 0 0 0 0 0 0 1480313177 20778242 4164997120 338653184 0 9380271 6195980 2362012 2584325 13232992
1790336965299 0 5525 0 3518921182 3473016401 0 0 0 0 0 0 1480371110 20778428 4165545984 9342976 0 9542942 6298062 2419022 2663239 13727045
1790336966340 0 110409 954 3519081105 3473070538 0 0 0 0 0 0 1480559127 20779029 4165783552 481075200 7450624 10088459 6644506 2611676 2740376 13913152
1790336967409 0 120822 1533 3519181595 3473160133 0 0 0 0 0 0 1480694843 20779435 4166184960 516206592 10215424 10458541 6877740 2748674 2829574 14282146
1790336968460 0 55142 6132 3519212433 3473251910 0 0 0 0 0 0 1480732844 20779551 4166529024 259665920 933888 10565971 6944405 2787009 2960014 14959154
1790336969498 0 40133 29 3519264985 3473325683 0 0 0 0 0 0 1480799488 20779756 4166627328 149692416 4915200 10743970 7053641 2849240 3104014 15442985
1790336970548 0 7377 0 3519319765 3473413067 0 0 0 0 0 0 1480855572 20779959 4166434816 15413248 0 10929455 7161950 2905705 3202734 15884621
1790336971575 0 126516 1502 3519472138 3473444892 0 0 0 0 0 0 1481045455 20780564 4165505024 525688832 1511424 11495242 7502637 3099307 3283968 16091998
1790336972595 0 99893 0 3519524799 3473525710 0 0 0 0 0 0 1481098167 20780747 4164915200 395264000 0 11645307 7600768 3149228 3353105 16519501
1790336973635 0 90408 0 3519595134 3473605586 0 0 0 0 0 0 1481189973 20781025 4164001792 358424576 0 11901850 7755833 3236712 3422095 16974542
1790336974666 0 76644 6681 3519663427 3473680826 0 0 0 0 0 0 1481278080 20781303 4164067328 324546560 21635072 12163870 7918452 3332266 3525254 17390372
1790336975690 0 10734 0 3519690779 3473780805 0 0 0 0 0 0 1481309204 20781407 4164812800 27746304 0 12245146 7968896 3360568 3647713 18028459
1790336976717 0 119773 1460 3519839916 3473819500 0 0 0 0 0 0 1481476263 20781964 4163280896 498495488 4136960 12757254 8284292 3530522 3755163 18273205
1790336977754 0 128051 683 3519919078 3473891211 0 0 0 0 0 0 1481574149 20782275 4163842048 534319104 1974272 13036490 8456156 3627573 3875057 18677912
1790336978792 0 134685 3697 3519999828 3473962284 0 0 0 0 0 0 1481693764 20782635 4164263936 586477568 1441792 13349500 8653116 3747376 3950843 19066750
1790336979832 0 54989 4453 3520021703 3474063090 0 0 0 0 0 0 1481730661 20782741 4165042176 235495424 15015936 13441568 8711456 3784965 4047629 19745918
1790336980852 0 67030 5037 3520108177 3474136949 0 0 0 0 0 0 1481832431 20783088 4164800512 292007936 0 13735398 8891219 3885646 4185545 20215007
1790336981876 0 92020 1232 3520203170 3474210783 0 0 0 0 0 0 1481949867 20783471 4164198400 384376832 2576384 14103798 9102548 4003814 4290954 20626950
1790336982895 0 57522 4380 3520245687 3474284698 0 0 0 0 0 0 1482017959 20783665 4163772416 233586688 24817664 14285893 9211445 4072214 4409896 21053624
1790336983918 0 53616 0 3520310524 3474357690 0 0 0 0 0 0 1482098234 20783927 4163883008 203304960 0 14502192 9345455 4148278 4524651 21405196
1790336984946 0 85429 2733 3520415839 3474428547 0 0 0 0 0 0 1482226270 20784327 4162834432 365887488 3186688 14874157 9581724 4280287 4588062 21754921
1790336985985 0 42676 3959 3520464598 3474518795 0 0 0 0 0 0 1482291696 20784536 4162486272 206303232 8937472 15060719 9692417 4345183 4700939 22207745
1790336987032 0 120450 0 3520590556 3474570846 0 0 0 0 0 0 1482451533 20785041 4162777088 478814208 0 15506510 9966323 4502680 4778751 22482426
1790336988053 0 117654 0 3520663490 3474646623 0 0 0 0 0 0 1482534489 20785305 4161908736 467578880 0 15754884 10118087 4585392 4923007 22968995
1790336989079 0 94864 540 3520714847 3474720528 0 0 0 0 0 0 1482584392 20785483 4161536000 390340608 1605632 15913536 10222208 4638371 4987490 23456672
1790336990117 0 132283 1288 3520804069 3474771145 0 0 0 0 0 0 1482680547 20785808 4159733760 558448640 1609728 16215142 10402373 4733236 5084474 23777335
1790336991161 0 74983 1374 3520835366 3474859889 0 0 0 0 0 0 1482720869 20785935 4159459328 314757120 3366912 16337673 10474459 4775046 5172314 24242521
1790336992181 0 37136 0 3520890756 3474954357 0 0 0 0 0 0 1482789417 20786154 4160221184 136388608 0 16519674 10590239 4841586 5274659 24834935
1790336993221 0 101424 476 3521013962 3475013102 0 0 0 0 0 0 1482933515 20786615 4160442368 431828992 1474560 16931687 10855624 4985724 5382202 25126919
1790336994269 0 66544 1446 3521062278 3475095200 0 0 0 0 0 0 1482994873 20786801 4160716800 274472960 8048640 17136949 10965175 5049004 5458112 25521754
1790336995289 0 74871 0 3521140420 3475166319 0 0 0 0 0 0 1483085168 20787093 4160770048 298139648 1323008 17385454 11125703 5136431 5569619 25962670
1790336996316 0 97066 743 3521227349 3475230336 0 0 0 0 0 0 1483198889 20787438 4161716224 398516224 4415488 17690245 11325907 5252891 5633455 26388810
1790336997355 0 74959 1218 3521288833 3475313769 0 0 0 0 0 0 1483244138 20787622 4159442944 323219456 5345280 17866625 11429573 5298110 5777194 26866927
1790336998413 0 10948 72 3521324399 3475414144 0 0 0 0 0 0 1483268961 20787731 4158947328 26374144 0 17953664 11485195 5322145 5835483 27238580
1790336999455 0 99098 1000 3521455481 3475456157 0 0 0 0 0 0 1483415464 20788208 4158865408 412672000 1527808 18409075 11761616 5469450 5929923 27592973
1790337000493 0 103317 222 3521527451 3475524752 0 0 0 0 0 0 1483501926 20788485 4160253952 442163200 2048000 18640337 11914963 5553724 5992877 27983843
1790337001560 0 56047 11 3521566996 3475611737 0 0 0 0 0 0 1483539749 20788619 4159586304 223019008 18595840 18765686 11990181 5592435 6068679 28365094
1790337002626 0 1035 438 3521614810 3475714311 0 0 0 0 0 0 1483594234 20788806 4159672320 20361216 2281472 18913186 12090132 5647331 6142999 28900553
1790337003677 0 122938 1058 3521768418 3475745214 0 0 0 0 0 0 1483773000 20789399 4162445312 511545344 2039808 19458841 12417817 5827071 6281706 29189532
1790337004700 0 100970 338 3521824617 3475824113 0 0 0 0 0 0 1483841157 20789614 4162510848 417611776 1474560 19663761 12539136 5895048 6342969 29711333
1790337005731 0 119377 728 3521908272 3475888887 0 0 0 0 0 0 1483916145 20789890 4161085440 497606656 802816 19910213 12691722 5969589 6454677 30078297
1790337006786 0 98253 1325 3521974000 3475975167 0 0 0 0 0 0 1483998724 20790154 4161200128 414527488 1302528 20145242 12838102 6052372 6525064 30430833
1790337007821 0 20206 569 3521997223 3476077325 0 0 0 0 0 0 1484030886 20790251 4161601536 81006592 3641344 20230707 12892277 6084534 6651022 31205186
1790337008842 0 144352 0 3522148292 3476104807 0 0 0 0 0 0 1484188681 20790798 4161282048 576651264 0 20700350 13190266 6240017 6758775 31433484
1790337009868 0 90129 856 3522183943 3476193758 0 0 0 0 0 0 1484223833 20790928 4160618496 374751232 2105344 20821003 13264798 6277640 6894954 32112583
1790337010895 0 84401 1728 3522246029 3476260800 0 0 0 0 0 0 1484275837 20791130 4159553536 345731072 18292736 21010204 13377478 6330029 7006190 32445677
1790337011922 0 88833 6862 3522322090 3476327156 0 0 0 0 0 0 1484373808 20791442 4160729088 392544256 0 21272930 13542238 6424364 7137099 32803116
1790337012945 0 67805 1012 3522375595 3476407467 0 0 0 0 0 0 1484436149 20791653 4161044480 281853952 4206592 21458952 13660533 6490003 7210237 33275156
1790337013982 0 535 7 3522398726 3476499002 0 0 0 0 0 0 1484465279 20791741 4161196032 811008 5578752 21536250 13712169 6519555 7319100 33886680
1790337015050 0 107541 1095 3522541123 3476533398 0 0 0 0 0 0 1484640155 20792307 4162174976 438198272 19779584 22040818 14022894 6694419 7384240 34047711
1790337016085 0 87734 365 3522603608 3476616399 0 0 0 0 0 0 1484709695 20792539 4162134016 360882176 5181440 22251341 14150962 6763413 7499543 34582355
1790337017114 0 81713 0 3522666264 3476685362 0 0 0 0 0 0 1484767552 20792757 4161589248 318984192 0 22437828 14262459 6817074 7580796 34868225
1790337018141 0 45039 455 3522721322 3476776627 0 0 0 0 0 0 1484818146 20792949 4160696320 186437632 2416640 22601113 14372554 6871526 7652382 35371529
1790337019163 0 59662 0 3522798069 3476839132 0 0 0 0 0 0 1484900579 20793240 4160126976 228339712 0 22845770 14524756 6953386 7724376 35723623
1790337020183 0 101217 367 3522901334 3476900663 0 0 0 0 0 0 1485020827 20793620 4160303104 420036608 2117632 23185782 14748073 7074203 7816133 36080874
1790337021211 0 85488 803 3522955583 3476970408 0 0 0 0 0 0 1485073354 20793810 4160024576 349970432 8892416 23355554 14854136 7127616 7940834 36577213
1790337022238 0 63748 365 3523005346 3477042144 0 0 0 0 0 0 1485135115 20794002 4160421888 259133440 0 23525444 14960376 7188359 8040046 37177356
1790337023259 0 39654 4 3523066737 3477127905 0 0 0 0 0 0 1485204639 20794238 4161228800 147476480 0 23726859 15084005 7255340 8150857 37648697
1790337024285 0 114356 4921 3523187408 3477169036 0 0 0 0 0 0 1485364246 20794722 4163035136 468393984 26136576 24165652 15365877 7418508 8248725 37984691
1790337025308 0 73002 1022 3523229609 3477256376 0 0 0 0 0 0 1485415640 20794886 4162416640 305188864 3031040 24317866 15456459 7469293 8383941 38454156
1790337026329 0 41943 2628 3523262525 3477318830 0 0 0 0 0 0 1485466047 20795039 4163350528 171450368 20418560 24452739 15539008 7520165 8481717 38951068
1790337027372 0 131246 585 3523387708 3477356746 0 0 0 0 0 0 1485605994 20795513 4163309568 539324416 19517440 24894236 15798430 7659785 8577465 39179879
1790337028425 0 74593 340 3523413583 3477439469 0 0 0 0 0 0 1485633142 20795608 4162887680 307200000 2105344 24973366 15850567 7687203 8672881 39850547
1790337029463 0 9772 487 3523441737 3477532431 0 0 0 0 0 0 1485663134 20795718 4162564096 48922624 1351680 25071941 15906697 7715882 8798883 40403435
1790337030507 0 146908 2044 3523597074 3477548801 0 0 0 0 0 0 1485871111 20796356 4163686400 611569664 5709824 25631527 16264617 7925274 8905136 40610555
1790337031543 0 114743 317 3523643419 3477629172 0 0 0 0 0 0 1485920552 20796528 4162248704 480309248 5275648 25768804 16357020 7974593 9023292 41114346
1790337032585 0 49615 2482 3523672230 3477720994 0 0 0 0 0 0 1485952660 20796637 4162146304 201076736 18432000 25875309 16417986 8006906 9100432 41617130
1790337033608 0 114557 0 3523774205 3477760303 0 0 0 0 0 0 1486065770 20797030 4162355200 455184384 0 26223579 16622050 8116090 9195378 41875267
1790337034634 0 98437 514 3523829502 3477831361 0 0 0 0 0 0 1486120230 20797219 4162199552 405213184 2203648 26414583 16735890 8174298 9270925 42344287
1790337035662 0 25664 779 3523858213 3477932545 0 0 0 0 0 0 1486149658 20797319 4161658880 112803840 2015232 26506633 16791926 8202860 9350447 42941537
1790337036690 0 130555 10835 3524005106 3477964706 0 0 0 0 0 0 1486314103 20797877 4161015808 534847488 50434048 26973043 17099759 8368445 9450628 43140886
1790337037731 0 86446 306 3524038025 3478052195 0 0 0 0 0 0 1486355144 20798002 4161323008 366759936 2093056 27083116 17169291 8408062 9567200 43907054
1790337038776 0 65802 1382 3524070366 3478104039 0 0 0 0 0 0 1486393739 20798132 4161679360 269430784 11091968 27205725 17241587 8447969 9668302 44554325
1790337039799 0 1036 0 3524097317 3478197031 0 0 0 0 0 0 1486422002 20798227 4161835008 2269184 1265664 27294996 17292906 8474660 9755639 45204821
1790337040839 0 121373 1098 3524252465 3478230896 0 0 0 0 0 0 1486590914 20798794 4162420736 514719744 2158592 27810180 17610231 8643275 9842738 45420670
1790337041892 0 89520 1176 3524305505 3478315626 0 0 0 0 0 0 1486637787 20798972 4161130496 374775808 962560 27976492 17710841 8691807 9953064 45914287
1790337042915 0 105074 0 3524372174 3478368046 0 0 0 0 0 0 1486712685 20799223 4161560576 414830592 0 28184378 17842794 8763544 10040434 46226111
1790337043938 0 112678 0 3524447629 3478435631 0 0 0 0 0 0 1486803586 20799517 4162375680 444727296 0 28441746 18005930 8855100 10116155 46658314
1790337044970 0 33543 751 3524476496 3478542952 0 0 0 0 0 0 1486839804 20799634 4162842624 141934592 2105344 28547277 18074915 8893822 10187703 47245319
1790337045994 0 63783 0 3524558422 3478595464 0 0 0 0 0 0 1486928101 20799937 4162072576 248832000 0 28808037 18234048 8975931 10317850 47637521
1790337047027 0 99461 1353 3524654599 3478654707 0 0 0 0 0 0 1487042574 20800310 4162011136 410841088 4575232 29140510 18447831 9096594 10401726 47972488
1790337048051 0 88695 798 3524702896 3478714259 0 0 0 0 0 0 1487098354 20800493 4162011136 369221632 2494464 29302744 18551228 9152348 10498175 48588808
1790337049071 0 55143 17762 3524759531 3478787347 0 0 0 0 0 0 1487172512 20800735 4162576384 308445184 0 29520222 18678445 9226636 10586163 48921067
1790337050097 0 9970 0 3524790925 3478881819 0 0 0 0 0 0 1487209839 20800858 4162916352 30334976 0 29617991 18737114 9256933 10707549 49511825
1790337051125 0 129936 584 3524938380 3478908742 0 0 0 0 0 0 1487385445 20801425 4163534848 537186304 1204224 30152756 19063280 9439512 10815177 49737901
1790337052157 0 111457 765 3524985547 3478974491 0 0 0 0 0 0 1487423027 20801574 4162183168 468262912 1982464 30274997 19144005 9475922 10899975 50291938
1790337053210 0 58018 3066 3525016483 3479056244 0 0 0 0 0 0 1487460925 20801702 4162015232 245555200 0 30391630 19209616 9512908 10996662 50805692
1790337054231 0 111891 0 3525107967 3479096837 0 0 0 0 0 0 1487566227 20802044 4162949120 442912768 0 30711710 19401845 9618921 11110269 51053170
1790337055256 0 80002 1839 3525159274 3479178229 0 0 0 0 0 0 1487624340 20802239 4162457600 325652480 12681216 30892524 19513965 9678636 11197216 51554700
1790337056294 0 5150 515 3525183489 3479278748 0 0 0 0 0 0 1487654668 20802339 4163469312 31420416 909312 30967940 19564152 9707172 11294382 52197406
1790337057340 0 134070 2866 3525339186 3479303108 0 0 0 0 0 0 1487828722 20802914 4162494464 562393088 2080768 31497199 19890583 9882897 11380059 52381867
1790337058362 0 87676 0 3525371494 3479384620 0 0 0 0 0 0 1487855203 20803022 4162596864 345034752 0 31581640 19941900 9905970 11459539 52807423
1790337059383 0 63051 539 3525427668 3479464973 0 0 0 0 0 0 1487919869 20803238 4162387968 258220032 9633792 31790559 20067318 9974188 11548987 53188033
1790337060408 0 4382 589 3525459184 3479555029 0 0 0 0 0 0 1487959065 20803370 4162531328 24584192 1155072 31894946 20136049 10012965 11662665 53818280
1790337061432 0 140532 1321 3525613820 3479572852 0 0 0 0 0 0 1488131900 20803951 4162428928 583200768 2105344 32401628 20457133 10186042 11750984 54049644
1790337062465 0 80429 0 3525641009 3479661385 0 0 0 0 0 0 1488168701 20804062 4162777088 315060224 0 32493711 20512025 10218395 11843241 54540514
1790337063490 0 57136 0 3525692490 3479736177 0 0 0 0 0 0 1488239578 20804280 4162990080 223846400 0 32688608 20630852 10286957 11953619 54972317
1790337064531 0 111350 292 3525799785 3479789126 0 0 0 0 0 0 1488375567 20804705 4165095424 455929856 14766080 33093025 20876227 10428904 12036571 55226425
1790337065581 0 39271 1497 3525818327 3479878429 0 0 0 0 0 0 1488400343 20804777 4164861952 160854016 11460608 33170152 20921235 10454605 12160783 56034152
1790337066604 0 72514 18 3525902690 3479931078 0 0 0 0 0 0 1488504818 20805121 4164849664 281915392 0 33465887 21100946 10557060 12253718 56394086
1790337067624 0 116012 820 3525996099 3479980046 0 0 0 0 0 0 1488622942 20805505 4164845568 479068160 2142208 33805633 21313093 10676950 12340496 56784981
1790337068652 0 77877 365 3526011665 3480034245 0 0 0 0 0 0 1488647368 20805576 4164968448 321024000 0 33870699 21350251 10699912 12438494 57433290
1790337069675 0 67032 0 3526068231 3480102176 0 0 0 0 0 0 1488702974 20805772 4163760128 258732032 0 34040834 21457955 10755082 12562128 57832752
1790337070702 0 107111 504 3526172968 3480166137 0 0 0 0 0 0 1488813226 20806156 4162408448 442171392 2105344 34388553 21673046 10866918 12621844 58143314
1790337071727 0 31893 1737 3526194070 3480261458 0 0 0 0 0 0 1488840130 20806243 4162752512 130355200 12369920 34467187 21721810 10894454 12727685 58811790
1790337072748 0 97202 0 3526304766 3480308388 0 0 0 0 0 0 1488974321 20806689 4162617344 389836800 0 34827424 21951848 11020564 12818353 59140633
1790337073792 0 97789 498 3526377638 3480380242 0 0 0 0 0 0 1489072620 20806990 4163399680 411918336 2072576 35095503 22127383 11125785 12900224 59570769
1790337074840 0 66912 706 3526417822 3480451115 0 0 0 0 0 0 1489136361 20807166 4164313088 274071552 12382208 35257441 22232074 11190623 12969998 59916639
1790337075872 0 31567 580 3526458947 3480527743 0 0 0 0 0 0 1489187124 20807323 4164677632 136253440 1155072 35412692 22322043 11241258 13079964 60375729
1790337076894 0 62303 0 3526530583 3480569042 0 0 0 0 0 0 1489267037 20807593 4164186112 240521216 0 35651355 22464364 11318464 13195684 60721709
1790337077936 0 99848 1607 3526627633 3480627034 0 0 0 0 0 0 1489376921 20807959 4163944448 422121472 12062720 36008302 22673279 11431087 13271885 61207481
1790337078982 0 77480 808 3526678526 3480701127 0 0 0 0 0 0 1489434608 20808154 4163411968 323424256 3231744 36189163 22780057 11488477 13357724 61650369
1790337080002 0 72244 3230 3526740115 3480765496 0 0 0 0 0 0 1489506697 20808382 4163108864 293838848 20361216 36387562 22911397 11561007 13465179 61970355
1790337081027 0 110144 521 3526832137 3480822295 0 0 0 0 0 0 1489614070 20808729 4161986560 455335936 2150400 36686627 23106582 11667480 13531411 62269468
1790337082050 0 33049 1296 3526846511 3480913062 0 0 0 0 0 0 1489641336 20808805 4162183168 135188480 11538432 36750553 23148888 11695598 13635117 63005919
1790337083070 0 92378 0 3526947101 3480955593 0 0 0 0 0 0 1489771596 20809228 4164038656 365936640 0 37109751 23366747 11820319 13757606 63361933
1790337084111 0 98003 599 3527020797 3481023121 0 0 0 0 0 0 1489853061 20809506 4164022272 410374144 4190208 37353827 23524423 11906669 13853577 63821310
1790337085174 0 72233 97 3527060297 3481088605 0 0 0 0 0 0 1489913734 20809678 4163780608 287535104 1298432 37528095 23619545 11963894 13970669 64560235
1790337086202 0 19746 359 3527095962 3481176679 0 0 0 0 0 0 1489942951 20809799 4163178496 81190912 1896448 37641272 23687915 11996718 14055363 65167127
1790337087222 0 128415 0 3527229199 3481201508 0 0 0 0 0 0 1490106883 20810327 4163309568 510332928 0 38095932 23974322 12158167 14134356 65396005
1790337088242 0 121793 1063 3527293833 3481271776 0 0 0 0 0 0 1490194592 20810601 4163428352 506449920 3227648 38344649 24130669 12248641 14234159 65924825
1790337089282 0 64881 5055 3527321194 3481352154 0 0 0 0 0 0 1490227473 20810705 4163149824 290783232 0 38439598 24188624 12281334 14306477 66363123
1790337090302 0 119018 0 3527408169 3481389937 0 0 0 0 0 0 1490325802 20811032 4163567616 472363008 0 38743227 24363067 12375097 14380279 66685895
1790337091328 0 90067 533 3527462454 3481472850 0 0 0 0 0 0 1490374977 20811217 4162924544 371728384 1736704 38924616 24472089 12428865 14474828 67099574
1790337092357 0 59995 1315 3527514182 3481553882 0 0 0 0 0 0 1490431761 20811404 4162449408 247672832 6356992 39109145 24578735 12485987 14610875 67600336
1790337093381 0 24597 356 3527531408 3481607301 0 0 0 0 0 0 1490451811 20811468 4162744320 99442688 839680 39163906 24614164 12505630 14681214 68379879
1790337094401 0 119869 0 3527658890 3481639797 0 0 0 0 0 0 1490588059 20811945 4162629632 475090944 0 39574383 24869234 12640594 14754387 68663293
1790337095434 0 100095 473 3527712156 3481712487 0 0 0 0 0 0 1490649545 20812150 4162281472 410902528 2105344 39753765 24985947 12703507 14832815 69072603
1790337096454 0 52655 8656 3527745151 3481784874 0 0 0 0 0 0 1490697037 20812296 4162842624 215724032 43483136 39891030 25066792 12751351 14914604 69608527
1790337097487 0 22721 1611 3527764269 3481840794 0 0 0 0 0 0 1490727115 20812382 4163264512 103858176 3031040 39959038 25114584 12781043 15009296 70365253
1790337098509 0 124785 0 3527896234 3481872365 0 0 0 0 0 0 1490891112 20812913 4164091904 494190592 0 40408063 25400061 12944101 15096681 70620547
1790337099533 0 110097 3046 3527960494 3481948368 0 0 0 0 0 0 1490960407 20813153 4163543040 461238272 6414336 40644027 25536120 13014699 15187408 71013567
1790337100561 0 57882 0 3527995365 3482038291 0 0 0 0 0 0 1491004694 20813290 4163846144 222400512 0 40765985 25605932 13054404 15294116 71553816
1790337101601 0 128321 6424 3528118404 3482084464 0 0 0 0 0 0 1491145171 20813763 4163436544 525389824 50380800 41208306 25872567 13199285 15398706 71796077
1790337102651 0 110805 1822 3528169620 3482157898 0 0 0 0 0 0 1491203238 20813957 4162838528 460275712 4825088 41369905 25979971 13257207 15510125 72297384
1790337103691 0 43024 300 3528188238 3482245918 0 0 0 0 0 0 1491230042 20814034 4162707456 177754112 1384448 41441235 26021902 13283290 15632129 73092600
1790337104751 0 4870 0 3528207639 3482303562 0 0 0 0 0 0 1491255167 20814117 4163162112 6414336 0 41503002 26058338 13302594 15733949 73944128
1790337105788 0 107594 295 3528344502 3482337398 0 0 0 0 0 0 1491430755 20814663 4164345856 447606784 1122304 42011417 26374179 13484366 15810568 74219688
1790337106812 0 94870 29 3528395953 3482401878 0 0 0 0 0 0 1491486922 20814850 4163940352 381632512 1314816 42172418 26476355 13538816 15905279 74589779
1790337107843 0 49895 343 3528419163 3482469798 0 0 0 0 0 0 1491517014 20814945 4164067328 205324288 7430144 42276370 26532331 13570879 15998888 75352147
1790337108877 0 7738 0 3528451556 3482544650 0 0 0 0 0 0 1491549665 20815061 4163997696 16334848 0 42362886 26589234 13600340 16068463 75980669
1790337109916 0 102629 624 3528585648 3482583370 0 0 0 0 0 0 1491710481 20815587 4163776512 429371392 1097728 42835938 26882380 13763917 16173879 76260960
1790337110965 0 107756 532 3528648521 3482641081 0 0 0 0 0 0 1491784946 20815824 4163014656 446451712 2105344 43049516 27020247 13838567 16226079 76542827
1790337111995 0 73746 4526 3528688542 3482711115 0 0 0 0 0 0 1491824235 20815968 4162531328 325427200 0 43180522 27096932 13878019 16313948 77156475
1790337113031 0 126271 441 3528782987 3482757092 0 0 0 0 0 0 1491928349 20816327 4161814528 524177408 1122304 43485902 27291649 13980898 16384977 77445371
1790337114054 0 74264 561 3528807207 3482833231 0 0 0 0 0 0 1491953670 20816416 4162498560 311001088 3383296 43566621 27341623 14007325 16471783 78075680
1790337115078 0 7224 1739 3528829869 3482921722 0 0 0 0 0 0 1491980552 20816503 4162068480 33726464 7319552 43643485 27390224 14034640 16578298 78769966
1790337116101 0 87784 584 3528940873 3482953521 0 0 0 0 0 0 1492143491 20816978 4163932160 363532288 2113536 44048555 27658378 14197222 16668789 79106821
1790337117128 0 108355 3150 3529025637 3483015101 0 0 0 0 0 0 1492240651 20817296 4164075520 459280384 1081344 44352139 27837976 14294746 16731722 79408402
1790337118151 0 69212 1027 3529046284 3483076935 0 0 0 0 0 0 1492256793 20817363 4163407872 287707136 2392064 44421574 27873239 14310567 16779300 80063235
1790337119188 0 1742 0 3529073446 3483172358 0 0 0 0 0 0 1492285836 20817464 4163674112 7454720 5648384 44514707 27925632 14337900 16842000 80596278
1790337120228 0 86190 515 3529194385 3483208537 0 0 0 0 0 0 1492452061 20817962 4164190208 358379520 2052096 44976267 28211151 14505470 16977487 80961332
1790337121252 0 101361 514 3529265724 3483264651 0 0 0 0 0 0 1492549116 20818261 4164710400 415035392 3203072 45232668 28376452 14603175 17039236 81291975
1790337122282 0 73930 0 3529300111 3483326991 0 0 0 0 0 0 1492584375 20818383 4164411392 289681408 0 45333839 28437493 14633494 17121971 81823392
1790337123314 0 57918 518 3529354187 3483396646 0 0 0 0 0 0 1492638348 20818571 4163457024 238333952 2105344 45533401 28550495 14692263 17208533 82185777
1790337124334 0 56599 0 3529425169 3483469400 0 0 0 0 0 0 1492745689 20818882 4164734976 217407488 0 45808925 28718190 14794595 17343459 82653806
1790337125360 0 116534 292 3529526349 3483510384 0 0 0 0 0 0 1492881963 20819306 4165742592 481206272 2150400 46196899 28959734 14936081 17428666 83052954
1790337126380 0 84827 3139 3529567076 3483579964 0 0 0 0 0 0 1492923481 20819451 4164780032 347586560 21991424 46335830 29041242 14977819 17539589 83544333
1790337127404 0 86035 54 3529631773 3483646571 0 0 0 0 0 0 1493021260 20819728 4164599808 338079744 0 46591160 29193693 15071505 17617069 83812440
1790337128443 0 113605 2616 3529726275 3483710815 0 0 0 0 0 0 1493121195 20820062 4164145152 493826048 7315456 46912518 29391147 15174644 17734970 84184097
1790337129493 0 39662 996 3529746381 3483806560 0 0 0 0 0 0 1493148841 20820154 4164775936 167198720 2084864 46984089 29437668 15202763 17849442 84875605
1790337130513 0 105906 30 3529861574 3483856508 0 0 0 0 0 0 1493277749 20820595 4163358720 418418688 0 47365665 29672403 15329752 17935860 85185028
1790337131537 0 91394 539 3529925816 3483934719 0 0 0 0 0 0 1493344741 20820826 4162539520 375427072 1110016 47580348 29805867 15398528 18014243 85688284
1790337132562 0 62358 3285 3529973602 3484008914 0 0 0 0 0 0 1493418833 20821042 4163059712 253448192 27967488 47784708 29926572 15473114 18108246 86195721
1790337133604 0 83024 17520 3530045974 3484046302 0 0 0 0 0 0 1493513624 20821356 4163985408 338079744 80134144 48046149 30090911 15567920 18201129 86528558
1790337134634 0 50 10583 3530052722 3484143038 0 0 0 0 0 0 1493524772 20821387 4164325376 0 49348608 48076956 30108941 15579109 18232731 86807525
1790337135653 0 2 0 3530052726 3484153581 0 0 0 0 0 0 1493634698 20821592 4192260096 4096 0 48180124 30209263 15686251 18270583 86978606
1790337136672 0 2 0 3530052726 3484153581 0 0 0 0 0 0 1493802789 20821902 4194930688 4096 0 48365243 30376531 15854171 18331553 87178327
1790337137691 0 2 0 3530052726 3484153581 0 0 0 0 0 0 1493969189 20822189 4198416384 4096 0 48575284 30542390 16020881 18381313 87327938
1790337138709 0 2 0 3530052726 3484153581 0 0 0 0 0 0 1494114959 20822431 4200902656 4096 0 49089255 30688294 16167398 18502040 87494909
1790337139728 0 2 0 3530052726 3484153581 0 0 0 0 0 0 1494268681 20822716 4199829504 4096 0 49417972 30841760 16320596 18642959 87680157
1790337140747 0 7 0 3530052732 3484153582 0 0 0 0 0 0 1494348581 20822856 2640388096 8192 0 49526130 30924192 16402843 18702938 87785977
