1790329989264 0 1 0 2993584046 2947775857 0 0 0 0 0 0 1224691921 19972262 - - - - - - - -
1790329991177 0 151962 2048 2993969577 2948007379 0 0 0 0 0 0 1224691954 19972354 1505210368 615227392 16777216 0 0 0 0 188996
1790329992236 0 150145 4029 2994164393 2948201942 0 0 0 0 0 0 1224691954 19972355 2358943744 621735936 8388608 0 0 0 0 413893
1790329993256 0 133729 4092 2994354812 2948408732 0 0 0 0 0 0 1224691954 19972357 3141349376 548552704 8388608 0 0 0 0 451323
1790329994276 0 136695 2036 2994583057 2948636126 0 0 0 0 0 0 1224691954 19972357 4079562752 555646976 16777216 0 0 0 0 451323
1790329995300 0 124695 504 2994729444 2948795980 0 0 0 0 0 0 1224696860 19972366 4158164992 516050944 8388608 242075 131692 4906 74973 500824
1790329996320 0 87529 0 2994839170 2948943475 0 0 0 0 0 0 1224704485 19972380 4157726720 344739840 0 424928 249158 12546 187639 832023
1790329997344 0 68915 3965 2994933122 2949051979 0 0 0 0 0 0 1224711016 19972391 4157116416 286236672 8097792 558458 350041 19094 280756 1203834
1790329998364 0 104928 2044 2995049040 2949133894 0 0 0 0 0 0 1224721579 19972411 4156801024 437907456 16777216 736936 479604 29561 380339 1471091
1790329999397 0 141943 4096 2995155796 2949201508 0 0 0 0 0 0 1224736302 19972437 4156887040 594890752 25165824 892796 598231 44348 477403 1783514
1790330000416 0 90381 0 2995213807 2949315191 0 0 0 0 0 0 1224744028 19972450 4157157376 356786176 0 969175 663522 52125 520681 2048203
1790330001440 0 55747 4088 2995286633 2949418637 0 0 0 0 0 0 1224756529 19972473 4157575168 244822016 8388608 1117495 751858 64479 625632 2529092
1790330002458 0 81139 0 2995381583 2949492237 0 0 0 0 0 0 1224781716 19972515 4158943232 321757184 0 1315111 869211 89823 764544 2892123
1790330003478 0 121895 118 2995481639 2949551537 0 0 0 0 0 0 1224815529 19972571 4161110016 486187008 0 1509823 1001537 123150 876135 3177561
1790330004500 0 143507 1917 2995570953 2949617341 0 0 0 0 0 0 1224849697 19972629 4163571712 587444224 16236544 1681017 1127919 157789 960535 3490786
1790330005523 0 103705 1821 2995631495 2949717781 0 0 0 0 0 0 1224869176 19972663 4164804608 432230400 16777216 1792763 1207368 177003 1054561 4060957
1790330006543 0 143227 0 2995724311 2949772904 0 0 0 0 0 0 1224913857 19972739 4167966720 578412544 0 1974292 1341298 220899 1170193 4356720
1790330007567 0 0 71 2995741807 2949933593 0 0 0 0 0 0 1224920673 19972749 4168527872 311296 11317248 2011318 1368463 228707 1207498 4738246
1790330008587 0 140631 8979 2995894769 2949936992 0 0 0 0 0 0 1224980135 19972847 4172009472 595877888 25165824 2295815 1579965 288181 1318758 4802866
1790330009605 0 110572 0 2995952705 2950033966 0 0 0 0 0 0 1225007938 19972892 4173537280 440659968 0 2423582 1662381 316004 1418747 5275617
1790330010625 0 86733 0 2996024085 2950129232 0 0 0 0 0 0 1225029270 19972925 4174143488 344596480 0 2565782 1755388 337385 1460341 5487619
1790330011648 0 73224 2048 2996092852 2950209392 0 0 0 0 0 0 1225073166 19972999 4176285696 308613120 7901184 2729653 1869905 381139 1535970 5857765
1790330012674 0 105663 2048 2996186725 2950270833 0 0 0 0 0 0 1225112775 19973065 4177440768 429744128 25165824 2930785 2002504 420844 1626824 6019577
1790330013692 0 35822 0 2996232772 2950388767 0 0 0 0 0 0 1225130311 19973094 4177403904 134705152 0 3009696 2063600 438133 1699850 6365474
1790330014716 0 120974 2092 2996354625 2950423940 0 0 0 0 0 0 1225180029 19973180 4177604608 501088256 8388608 3268475 2236553 488011 1849536 6614086
1790330015739 0 135414 1444 2996441335 2950496289 0 0 0 0 0 0 1225227880 19973260 4177760256 568954880 8388608 3463428 2372509 535762 1943607 6836372
1790330016760 0 138207 6 2996513483 2950566971 0 0 0 0 0 0 1225276760 19973345 4178907136 554565632 0 3642144 2490541 584817 2023315 7046981
1790330017780 0 118195 22 2996579453 2950653019 0 0 0 0 0 0 1225307600 19973397 4179243008 474849280 0 3776523 2586751 614557 2075928 7463239
1790330018803 0 25102 5110 2996619363 2950780963 0 0 0 0 0 0 1225330114 19973435 4179243008 123744256 25165824 3874493 2652559 638160 2126881 7784245
1790330019823 0 111992 0 2996732381 2950812201 0 0 0 0 0 0 1225390721 19973541 4180402176 445911040 0 4117936 2822639 698735 2263906 7923784
1790330020842 0 95727 26 2996800118 2950896155 0 0 0 0 0 0 1225433243 19973613 4180656128 382943232 0 4288879 2932599 740174 2320067 8134686
1790330021862 0 78333 0 2996866765 2950980139 0 0 0 0 0 0 1225479665 19973687 4181917696 310743040 0 4455902 3045225 786771 2446119 8528824
1790330022886 0 72540 4453 2996942744 2951057563 0 0 0 0 0 0 1225529749 19973774 4182863872 315158528 16777216 4648350 3174418 837699 2552009 8826513
1790330023912 0 91495 14336 2997024831 2951110812 0 0 0 0 0 0 1225591311 19973885 4183109632 374558720 58720256 4850979 3318101 899357 2650112 9131094
1790330024935 0 36998 0 2997064891 2951219746 0 0 0 0 0 0 1225631624 19973957 4183846912 146714624 0 4967817 3394949 937551 2763258 9711586
1790330025954 0 152342 0 2997180383 2951219748 0 0 0 0 0 0 1225731722 19974129 4186136576 617619456 0 5285219 3609965 1038219 2914589 9816888
1790330026973 0 122349 0 2997232259 2951301669 0 0 0 0 0 0 1225792022 19974233 4188463104 497139712 0 5454479 3721567 1097895 2990459 10044593
1790330027992 0 107164 0 2997296941 2951381542 0 0 0 0 0 0 1225836549 19974314 4187963392 431579136 0 5615998 3831143 1143492 3128072 10342161
1790330029011 0 96534 0 2997362047 2951457319 0 0 0 0 0 0 1225894740 19974411 4188381184 389206016 0 5800836 3954252 1201277 3203552 10578806
1790330030035 0 61139 935 2997421609 2951551347 0 0 0 0 0 0 1225951830 19974509 4188471296 258711552 12206080 5987897 4073708 1259707 3344264 11021267
1790330031054 0 70349 0 2997495027 2951616471 0 0 0 0 0 0 1226024426 19974638 4188790784 277753856 0 6198666 4216660 1331942 3440031 11167770
1790330032080 0 78801 15828 2997579238 2951676421 0 0 0 0 0 0 1226094741 19974764 4188139520 362323968 41943040 6433884 4374365 1402787 3528873 11304863
1790330033111 0 114780 4048 2997654677 2951727621 0 0 0 0 0 0 1226174995 19974902 4188164096 477511680 66383872 6662722 4529727 1483028 3595245 11410162
1790330034134 0 132121 1237 2997730600 2951788999 0 0 0 0 0 0 1226249426 19975033 4188704768 547676160 15183872 6894366 4680178 1557399 3759245 11709658
1790330035154 0 149800 3167 2997803503 2951842369 0 0 0 0 0 0 1226336542 19975202 4189581312 618418176 0 7137670 4836417 1643999 3865172 11851380
1790330036173 0 31873 0 2997837026 2951996911 0 0 0 0 0 0 1226379869 19975336 4189134848 124985344 0 7255666 4911526 1685912 3931271 12387867
1790330037192 0 116174 0 2997937662 2952013297 0 0 0 0 0 0 1226488967 19975691 4190072832 469864448 0 7568648 5116703 1795464 4023415 12468749
1790330038211 0 115378 0 2998008503 2952084978 0 0 0 0 0 0 1226569384 19975948 4189650944 466296832 0 7801628 5264694 1875710 4171700 12847053
1790330039230 0 117572 0 2998084497 2952158710 0 0 0 0 0 0 1226636336 19976179 4188864512 473202688 0 8012467 5404546 1943360 4298353 13050734
1790330040250 0 134689 0 2998157983 2952215050 0 0 0 0 0 0 1226711411 19976430 4188590080 540880896 0 8233144 5549326 2018777 4470587 13438682
1790330041269 0 9126 0 2998172659 2952355314 0 0 0 0 0 0 1226728258 19976486 4188413952 33857536 0 8280294 5580269 2034008 4581978 14206273
1790330042287 0 111984 0 2998275458 2952355314 0 0 0 0 0 0 1226850869 19976890 4188721152 453775360 0 8603601 5800515 2156917 4797970 14395499
1790330043306 0 85514 5037 2998327847 2952429157 0 0 0 0 0 0 1226914325 19977086 4189069312 350179328 30887936 8783585 5916657 2222371 4897093 14635379
1790330044325 0 70731 0 2998379656 2952500731 0 0 0 0 0 0 1226967368 19977262 4188536832 285585408 0 8948341 6016734 2273893 5064159 15056037
1790330045344 0 97483 5 2998444316 2952538651 0 0 0 0 0 0 1227053143 19977523 4189327360 394440704 0 9171781 6163430 2359389 5317649 15395117
1790330046363 0 30380 0 2998478294 2952639726 0 0 0 0 0 0 1227096632 19977652 4189712384 119287808 0 9294496 6238673 2402462 5385664 15738199
1790330047383 0 100725 0 2998565058 2952656112 0 0 0 0 0 0 1227204924 19977993 4189745152 408522752 0 9594779 6429355 2510524 5581974 15922578
1790330048405 0 92204 0 2998625134 2952724668 0 0 0 0 0 0 1227268403 19978199 4189364224 370130944 0 9779055 6549884 2574807 5692907 16209047
1790330049427 0 81515 0 2998675815 2952786167 0 0 0 0 0 0 1227341436 19978411 4189564928 331849728 0 9966924 6671812 2647133 5861646 16677979
1790330050450 0 499 30782 2998715380 2952875947 0 0 0 0 0 0 1227390109 19978566 4189229056 45056 142397440 10103576 6760489 2698155 6034934 17196021
1790330051472 0 74992 0 2998796111 2952912799 0 0 0 0 0 0 1227486831 19978871 4189900800 298557440 0 10358574 6930897 2793851 6224744 17532292
1790330052491 0 122975 0 2998873824 2952942539 0 0 0 0 0 0 1227578098 19979172 4189065216 497467392 0 10616707 7096019 2884503 6348723 17675972
1790330053510 0 78550 7811 2998924504 2953029956 0 0 0 0 0 0 1227628046 19979344 4188459008 355299328 4784128 10775599 7197313 2935835 6498232 18192556
1790330054530 0 28971 0 2998958893 2953121755 0 0 0 0 0 0 1227672631 19979479 4188364800 110383104 0 10893994 7271568 2979442 6622404 18517228
1790330055550 0 82542 0 2999045265 2953154562 0 0 0 0 0 0 1227774360 19979812 4188135424 331788288 0 11166733 7455293 3080732 6827067 18824817
1790330056569 0 14942 0 2999080674 2953257598 0 0 0 0 0 0 1227827707 19979962 4188217344 56086528 0 11298572 7542340 3134035 6951621 19325220
1790330057589 0 114412 0 2999186447 2953263743 0 0 0 0 0 0 1227937319 19980349 4187930624 456769536 0 11623822 7751962 3244753 7071829 19430913
1790330058616 0 71196 61 2999237328 2953357964 0 0 0 0 0 0 1227984730 19980509 4186812416 291545088 13905920 11787282 7850725 3292282 7203159 19772914
1790330059638 0 29370 48 2999280517 2953442970 0 0 0 0 0 0 1228034019 19980670 4186660864 120299520 8253440 11923994 7941249 3341846 7319534 20012627
1790330060656 0 109765 0 2999371263 2953453201 0 0 0 0 0 0 1228142334 19981024 4186570752 440115200 0 12207647 8132583 3449429 7406698 20106024
1790330061675 0 6720 0 2999396107 2953581199 0 0 0 0 0 0 1228164308 19981106 4186198016 22200320 0 12282774 8178836 3470895 7731198 20797632
1790330062695 0 105266 0 2999494719 2953581199 0 0 0 0 0 0 1228284239 19981489 4186460160 425185280 0 12616913 8391493 3590250 7844904 20889019
1790330063713 0 92121 23433 2999561914 2953638156 0 0 0 0 0 0 1228364974 19981748 4186992640 488693760 0 12835683 8538616 3672155 7999763 21181100
1790330064732 0 91767 0 2999611216 2953711219 0 0 0 0 0 0 1228428584 19981945 4187271168 367443968 0 13005028 8646511 3735275 8201946 21657744
1790330065755 0 53461 3670 2999665139 2953799752 0 0 0 0 0 0 1228482431 19982136 4186857472 239955968 0 13175674 8753719 3790357 8384103 22112167
1790330066774 0 62726 0 2999740129 2953869263 0 0 0 0 0 0 1228548229 19982393 4185616384 251650048 0 13380289 8889044 3854267 8570388 22463573
1790330067793 0 128964 0 2999823803 2953886703 0 0 0 0 0 0 1228661895 19982746 4186288128 519917568 0 13666790 9082352 3968784 8663208 22560670
1790330068816 0 52717 3650 2999864851 2954000323 0 0 0 0 0 0 1228702961 19982890 4185972736 237150208 0 13794045 9162823 4009615 8765485 22824829
1790330069855 0 57675 0 2999929714 2954063864 0 0 0 0 0 0 1228775064 19983141 4185620480 229912576 0 13990072 9296191 4081609 8952853 23169297
1790330070873 0 73224 36281 3000008727 2954091035 0 0 0 0 0 0 1228882707 19983473 4186374144 334843904 125820928 14282048 9481839 4190817 9068177 23291762
1790330071892 0 19951 0 3000042098 2954213888 0 0 0 0 0 0 1228916462 19983588 4186152960 78114816 0 14377958 9544137 4222300 9299826 23898651
1790330072911 0 121506 0 3000143609 2954213888 0 0 0 0 0 0 1229036805 19983984 4185952256 490348544 0 14704560 9760894 4343175 9421433 23993618
1790330073930 0 105560 0 3000213689 2954299907 0 0 0 0 0 0 1229098682 19984220 4184711168 421871616 0 14896112 9889075 4405361 9716353 24350318
1790330074949 0 86735 0 3000265559 2954370568 0 0 0 0 0 0 1229160567 19984432 4185145344 351080448 0 15058807 10001533 4467072 9868436 24891410
1790330075968 0 93514 0 3000332709 2954430987 0 0 0 0 0 0 1229231498 19984682 4184252416 378888192 0 15260360 10136584 4537736 9981146 25259886
1790330076988 0 38543 0 3000377420 2954530683 0 0 0 0 0 0 1229279561 19984841 4184268800 151805952 0 15394515 10226734 4585870 10060454 25542453
1790330078007 0 122833 0 3000469926 2954538878 0 0 0 0 0 0 1229394623 19985216 4185358336 498429952 0 15699702 10430134 4700763 10201979 25665980
1790330079032 0 55347 0 3000509925 2954646404 0 0 0 0 0 0 1229442363 19985375 4185939968 220446720 0 15843414 10515285 4747920 10317793 25983956
1790330080053 0 88185 0 3000575658 2954679180 0 0 0 0 0 0 1229528860 19985639 4186443776 355651584 0 16087134 10665260 4835177 10461426 26178972
1790330081072 0 82730 2252 3000635844 2954742706 0 0 0 0 0 0 1229595712 19985864 4186320896 347869184 13705216 16276259 10792766 4903709 10582620 26526187
1790330082095 0 33947 0 3000679068 2954836878 0 0 0 0 0 0 1229649208 19986030 4186734592 129228800 0 16419537 10884268 4956584 10665820 26930236
1790330083114 0 93601 0 3000756098 2954854288 0 0 0 0 0 0 1229760465 19986355 4187189248 377143296 0 16706249 11069395 5067362 10787637 27061024
1790330084133 0 62063 3093 3000802298 2954928979 0 0 0 0 0 0 1229819316 19986543 4187766784 254210048 21647360 16879302 11174894 5127303 10906845 27453377
1790330085152 0 48313 0 3000850056 2954993522 0 0 0 0 0 0 1229878750 19986728 4187697152 193884160 0 17051638 11277140 5185042 11052350 27797022
1790330086173 0 87533 0 3000924083 2955028383 0 0 0 0 0 0 1229972679 19987022 4187648000 352317440 0 17293396 11440765 5278676 11288547 28084468
1790330087197 0 63284 2059 3000981642 2955108104 0 0 0 0 0 0 1230031093 19987219 4186599424 266723328 7200768 17475630 11558037 5339139 11362251 28276046
1790330088217 0 54200 0 3001040094 2955177577 0 0 0 0 0 0 1230101559 19987453 4186304512 217018368 0 17665820 11681524 5407795 11582062 28700886
1790330089241 0 86487 2480 3001116881 2955219785 0 0 0 0 0 0 1230195742 19987751 4187451392 364118016 10448896 17927635 11851860 5503715 11711697 28931963
1790330090260 0 40547 2701 3001155404 2955303889 0 0 0 0 0 0 1230233775 19987884 4187365376 183123968 0 18051553 11924738 5540507 11908216 29451539
1790330091279 0 73646 1387 3001230391 2955347260 0 0 0 0 0 0 1230320762 19988163 4187217920 304111616 18907136 18284681 12085668 5628786 12030944 29617355
1790330092301 0 76101 3139 3001302318 2955414983 0 0 0 0 0 0 1230390680 19988411 4186099712 311578624 25321472 18496269 12224494 5698726 12372912 30056963
1790330093320 0 58609 0 3001364508 2955497739 0 0 0 0 0 0 1230455866 19988641 4186402816 231772160 0 18683338 12345431 5762387 12555102 30486794
1790330094344 0 104365 1533 3001454895 2955540903 0 0 0 0 0 0 1230549575 19988967 4185665536 439627776 6307840 18945477 12529090 5857572 12741980 30686822
1790330095363 0 38994 26 3001486244 2955639053 0 0 0 0 0 0 1230589196 19989092 4185645056 159719424 6942720 19055576 12598210 5896804 12880766 31237913
1790330096381 0 65983 0 3001556332 2955682074 0 0 0 0 0 0 1230665755 19989355 4185849856 265408512 0 19256063 12738651 5971513 13103511 31548291
1790330097406 0 67381 19051 3001631634 2955737039 0 0 0 0 0 0 1230749358 19989635 4186722304 275992576 94547968 19492699 12897834 6057404 13272452 31898016
1790330098428 0 45245 62 3001684649 2955831078 0 0 0 0 0 0 1230796251 19989806 4186361856 181276672 0 19643792 12991779 6101682 13389331 32254885
1790330099452 0 73085 0 3001759544 2955878250 0 0 0 0 0 0 1230893545 19990112 4187299840 295313408 0 19897354 13161132 6199584 13534027 32494195
1790330100474 0 21061 66 3001800716 2955971373 0 0 0 0 0 0 1230947192 19990277 4188098560 84127744 0 20037841 13254685 6253559 13648287 32796699
1790330101495 0 97614 0 3001891536 2955985782 0 0 0 0 0 0 1231056789 19990627 4187860992 391462912 0 20331845 13450389 6363912 13810520 32992999
1790330102519 0 52744 2422 3001940343 2956077082 0 0 0 0 0 0 1231102683 19990793 4187254784 227995648 6008832 20491479 13545891 6410728 13948664 33535074
1790330103542 0 33801 1095 3001995915 2956152845 0 0 0 0 0 0 1231160602 19990991 4186689536 149479424 3911680 20661330 13656844 6468725 14025374 33743140
1790330104560 0 73003 0 3002068932 2956187748 0 0 0 0 0 0 1231247229 19991280 4187062272 294842368 0 20890655 13810308 6553604 14194014 33874716
1790330105588 0 83386 21535 3002145040 2956232021 0 0 0 0 0 0 1231321783 19991550 4186435584 341262336 103579648 21124289 13960535 6629765 14436422 34231174
1790330106611 0 70374 0 3002184997 2956306479 0 0 0 0 0 0 1231368888 19991706 4186648576 283983872 0 21254564 14042757 6674710 14506295 34512990
1790330107635 0 25219 1036 3002237939 2956403548 0 0 0 0 0 0 1231423511 19991900 4186705920 115769344 4005888 21418646 14151258 6731493 14581017 34814350
1790330108657 0 62154 0 3002315517 2956445177 0 0 0 0 0 0 1231512254 19992197 4186587136 257679360 2220032 21653301 14313735 6820073 14658016 34937973
1790330109681 0 82950 0 3002387496 2956496272 0 0 0 0 0 0 1231591651 19992474 4186873856 337514496 2547712 21878126 14460831 6898542 14834022 35343940
1790330110701 0 42576 0 3002429055 2956578290 0 0 0 0 0 0 1231651758 19992655 4188086272 172683264 0 22038715 14559005 6957141 14927052 35525076
1790330111720 0 113007 0 3002520050 2956598772 0 0 0 0 0 0 1231756235 19993004 4188491776 454676480 0 22323133 14750581 7063216 15069188 35681438
1790330112744 0 7922 1394 3002544125 2956726721 0 0 0 0 0 0 1231795641 19993121 4188217344 39923712 3072000 22429590 14814621 7103611 15183099 36126973
1790330113764 0 76586 0 3002628982 2956744207 0 0 0 0 0 0 1231899406 19993459 4188037120 307875840 0 22706001 14997841 7205682 15337177 36280135
1790330114783 0 84981 67 3002694658 2956801532 0 0 0 0 0 0 1231973452 19993705 4187807744 349847552 6017024 22914855 15137832 7281359 15526420 36710334
1790330115802 0 67165 0 3002745449 2956870144 0 0 0 0 0 0 1232020334 19993877 4187242496 264642560 0 23067519 15230328 7327665 15714842 37197350
1790330116822 0 61755 3 3002800508 2956930539 0 0 0 0 0 0 1232080892 19994081 4186906624 252948480 5935104 23239848 15346036 7388377 15814683 37421264
1790330117846 0 12358 1154 3002848800 2957027134 0 0 0 0 0 0 1232135425 19994248 4187000832 61943808 6000640 23396104 15447237 7443421 15945172 37867920
1790330118864 0 73513 0 3002929481 2957047781 0 0 0 0 0 0 1232234783 19994569 4186738688 297046016 0 23647263 15620770 7540526 16014174 37941037
1790330119890 0 94087 1576 3003005465 2957101648 0 0 0 0 0 0 1232312930 19994856 4186828800 405037056 3014656 23885036 15773716 7620878 16212170 38286224
1790330120911 0 45777 1052 3003049216 2957194226 0 0 0 0 0 0 1232362510 19995030 4186816512 187502592 14782464 24035851 15866387 7670506 16376077 38695302
1790330121929 0 107235 0 3003131178 2957215733 0 0 0 0 0 0 1232460901 19995348 4187418624 435728384 0 24294921 16040768 7767195 16488033 38847930
1790330122952 0 8824 1524 3003159601 2957341058 0 0 0 0 0 0 1232484340 19995434 4186976256 42070016 5943296 24373036 16092974 7792304 16665190 39504085
1790330123971 0 80217 0 3003246480 2957358116 0 0 0 0 0 0 1232579999 19995761 4186730496 324358144 0 24645844 16269524 7885572 16828388 39706656
1790330124990 0 93014 0 3003308517 2957407272 0 0 0 0 0 0 1232663437 19996018 4188106752 375468032 0 24861973 16412386 7969736 16936990 39987399
1790330126010 0 51303 0 3003348746 2957489202 0 0 0 0 0 0 1232709103 19996168 4188278784 204181504 0 24991141 16496850 8015869 17065199 40226439
1790330127029 0 106459 0 3003429560 2957514802 0 0 0 0 0 0 1232802345 19996473 4187631616 429404160 0 25248171 16667569 8109134 17267943 40476250
1790330128052 0 8792 3060 3003456595 2957636500 0 0 0 0 0 0 1232837180 19996582 4187975680 36012032 25075712 25346817 16731068 8145176 17373919 41155569
1790330129071 0 83285 0 3003544994 2957653528 0 0 0 0 0 0 1232935850 19996906 4188708864 330649600 0 25633486 16910988 8243157 17513825 41291727
1790330130101 0 74702 219 3003599240 2957715996 0 0 0 0 0 0 1233019224 19997146 4189265920 299712512 0 25847361 17045783 8325478 17685163 41647830
1790330131120 0 42302 40 3003644310 2957793849 0 0 0 0 0 0 1233067771 19997304 4188983296 170307584 0 25998307 17138077 8373549 17809689 41871786
1790330132139 0 125498 0 3003737784 2957804070 0 0 0 0 0 0 1233170773 19997660 4187705344 507105280 0 26286655 17330893 8477449 17935712 42003168
1790330133163 0 22709 7083 3003762235 2957924354 0 0 0 0 0 0 1233200014 19997753 4187783168 125009920 7163904 26371692 17386524 8508010 18091061 42673952
1790330134187 0 53499 0 3003829665 2957967931 0 0 0 0 0 0 1233274968 19998002 4187230208 212910080 0 26576177 17523663 8581870 18263822 43054623
1790330135206 0 125817 0 3003908114 2957974084 0 0 0 0 0 0 1233371258 19998312 4187635712 509333504 0 26837574 17694704 8677602 18352399 43178377
1790330136232 0 39430 2492 3003930242 2958080070 0 0 0 0 0 0 1233393789 19998391 4187701248 182435840 3895296 26907995 17740102 8700398 18459017 43876145
1790330137272 0 63170 4621 3003992949 2958116929 0 0 0 0 0 0 1233453531 19998604 4186914816 284110848 0 27089425 17860388 8761546 18551247 44048836
1790330138296 0 80787 26580 3004061194 2958145589 0 0 0 0 0 0 1233526350 19998856 4186345472 331112448 121413632 27306147 17999865 8834326 18687563 44256635
1790330139338 0 26972 482 3004070957 2958235422 0 0 0 0 0 0 1233531975 19998885 4185972736 112177152 4067328 27323595 18014498 8839971 18862984 44539781
1790330140357 0 33954 0 3004117266 2958275148 0 0 0 0 0 0 1233584150 19999053 4186599424 129163264 0 27469658 18108130 8891336 19003606 44837318
1790330141388 0 102843 584 3004199955 2958288446 0 0 0 0 0 0 1233676284 19999373 4186693632 421023744 10510336 27725227 18282676 8984334 19153476 45031783
1790330142412 0 96669 4599 3004243641 2958334160 0 0 0 0 0 0 1233721811 19999532 4186456064 414355456 4595712 27851941 18369713 9029807 19233404 45426300
1790330143436 0 35496 19512 3004265743 2958402566 0 0 0 0 0 0 1233747834 19999616 4186591232 145391616 83935232 27927827 18417312 9055830 19269392 45571488
1790330144454 0 28824 0 3004296609 2958459611 0 0 0 0 0 0 1233786419 19999742 4187136000 113496064 0 28019295 18482675 9092852 19423382 46202678
1790330145473 0 100216 0 3004373090 2958464734 0 0 0 0 0 0 1233890782 20000061 4188655616 404221952 0 28298696 18660057 9197490 19573563 46407881
1790330146497 0 71145 3629 3004419848 2958536886 0 0 0 0 0 0 1233942421 20000238 4188213248 316579840 2306048 28455005 18759233 9250198 19729039 46916380
1790330147518 0 52831 0 3004462087 2958600869 0 0 0 0 0 0 1233982482 20000382 4188340224 214659072 0 28582462 18837113 9288315 19820420 47181654
1790330148542 0 45448 10318 3004511343 2958647395 0 0 0 0 0 0 1234036114 20000566 4187656192 186155008 48230400 28742816 18940883 9344142 19917786 47466378
1790330149561 0 27290 0 3004545361 2958709865 0 0 0 0 0 0 1234074308 20000710 4187394048 105480192 0 28849945 19008868 9380914 20001212 47861127
1790330150585 0 100811 438 3004637773 2958728288 0 0 0 0 0 0 1234179554 20001077 4187443200 423870464 3448832 29131558 19205326 9487379 20189365 48067148
1790330151608 0 82443 0 3004690601 2958799984 0 0 0 0 0 0 1234232594 20001266 4186349568 332759040 0 29283647 19306150 9538477 20275263 48318585
1790330152629 0 57906 0 3004733735 2958867574 0 0 0 0 0 0 1234285042 20001441 4186427392 235327488 0 29433107 19400450 9590654 20403581 48618831
1790330153652 0 58198 803 3004789261 2958921857 0 0 0 0 0 0 1234359456 20001671 4188184576 242593792 3801088 29645679 19529527 9667374 20457802 48790643
1790330154671 0 41675 0 3004835616 2958985709 0 0 0 0 0 0 1234408706 20001845 4188344320 164433920 0 29790456 19621371 9715353 20517099 49027384
1790330155690 0 126385 0 3004928530 2958993904 0 0 0 0 0 0 1234498775 20002156 4187000832 513552384 0 30076401 19801160 9805013 20638570 49192171
1790330156716 0 56468 19 3004966189 2959101436 0 0 0 0 0 0 1234542281 20002309 4186714112 229732352 6156288 30201945 19881968 9850245 21029772 49721471
1790330157738 0 71964 0 3005027646 2959147515 0 0 0 0 0 0 1234599424 20002517 4186218496 289845248 0 30385914 19996801 9905702 21204705 50038799
1790330158757 0 136617 0 3005106695 2959161853 0 0 0 0 0 0 1234683432 20002813 4186062848 559861760 0 30622718 20156996 9988806 21302145 50205289
1790330159781 0 18699 1314 3005126785 2959298541 0 0 0 0 0 0 1234703023 20002884 4186116096 87228416 3317760 30689594 20198312 10010946 21358431 50571470
1790330160812 0 61311 875 3005199362 2959328974 0 0 0 0 0 0 1234778677 20003151 4186038272 251129856 16142336 30901277 20343420 10086673 21460488 50778682
1790330161839 0 81304 5062 3005255868 2959361341 0 0 0 0 0 0 1234847130 20003374 4186628096 333021184 27004928 31088693 20465996 10155126 21606157 51236245
1790330162864 0 72634 55 3005298858 2959417877 0 0 0 0 0 0 1234886972 20003523 4186103808 287920128 0 31206034 20543674 10193704 21774238 51822188
1790330163885 0 65875 63 3005352418 2959478360 0 0 0 0 0 0 1234940148 20003718 4186394624 269824000 1523712 31367086 20650375 10246675 21929697 52142808
1790330164910 0 5686 48 3005372479 2959558653 0 0 0 0 0 0 1234961903 20003798 4186103808 22724608 5914624 31433057 20692292 10269643 21979720 52523118
1790330165933 0 66870 0 3005445015 2959569923 0 0 0 0 0 0 1235050271 20004096 4187148288 269709312 0 31671180 20847510 10356284 22112222 52741117
1790330166959 0 116775 7592 3005526581 2959594053 0 0 0 0 0 0 1235142329 20004398 4187521024 487165952 32653312 31928063 21021000 10450325 22250979 52920714
1790330167989 0 56216 0 3005550112 2959685642 0 0 0 0 0 0 1235173285 20004494 4187664384 220155904 0 32007265 21070895 10480067 22525332 53456242
1790330169020 0 71479 2359 3005606261 2959724274 0 0 0 0 0 0 1235236750 20004707 4187566080 317894656 0 32193943 21191600 10544451 22714695 53896255
1790330170038 0 30887 0 3005644878 2959805776 0 0 0 0 0 0 1235292593 20004887 4188880896 120242176 0 32331646 21281814 10599557 22848405 54442190
1790330171057 0 118631 0 3005732662 2959805776 0 0 0 0 0 0 1235400778 20005233 4188495872 484057088 0 32614973 21474183 10706613 22931978 54544323
1790330172090 0 71764 73 3005770686 2959890734 0 0 0 0 0 0 1235444198 20005377 4187947008 291491840 4820992 32748718 21554975 10750629 23097160 55038601
1790330173113 0 45318 0 3005809864 2959956335 0 0 0 0 0 0 1235483784 20005525 4187918336 176951296 0 32875636 21631580 10791270 23242575 55313556
1790330174132 0 93065 3795 3005882196 2959977176 0 0 0 0 0 0 1235576049 20005822 4188397568 386068480 20250624 33137652 21795605 10884064 23496006 55640851
1790330175155 0 2485 0 3005906351 2960095578 0 0 0 0 0 0 1235602772 20005914 4188725248 5230592 0 33201149 21841818 10908437 23575549 56213319
1790330176174 0 79661 0 3005989585 2960101683 0 0 0 0 0 0 1235711454 20006251 4188860416 318058496 0 33479815 22030538 11018177 23783708 56468362
1790330177198 0 94078 10324 3006053255 2960140738 0 0 0 0 0 0 1235787800 20006502 4188585984 385343488 78364672 33695909 22171278 11095751 24024568 56859698
1790330178222 0 35440 0 3006085658 2960242029 0 0 0 0 0 0 1235821244 20006623 4188364800 136704000 0 33800346 22233268 11128627 24240093 57424650
1790330179242 0 82729 0 3006151368 2960260459 0 0 0 0 0 0 1235906623 20006884 4188917760 332742656 0 34041428 22382116 11213922 24426195 57708997
1790330180266 0 68569 590 3006207397 2960329976 0 0 0 0 0 0 1235963057 20007077 4188430336 287330304 1925120 34216038 22493931 11270957 24804675 58176212
1790330181287 0 26293 0 3006240271 2960405776 0 0 0 0 0 0 1236004487 20007201 4188590080 105619456 0 34325672 22564457 11310084 24927554 58775227
1790330182313 0 93691 70 3006320965 2960419119 0 0 0 0 0 0 1236091233 20007506 4187607040 377442304 0 34577115 22729111 11398107 25036445 58962411
1790330183336 0 91060 2503 3006368255 2960466538 0 0 0 0 0 0 1236145888 20007680 4188000256 386301952 0 34728424 22830060 11453788 25166921 59488971
1790330184356 0 62058 1372 3006399051 2960527387 0 0 0 0 0 0 1236183376 20007807 4187676672 254451712 11890688 34839652 22898735 11491411 25243547 59856342
1790330185381 0 7094 1510 3006418115 2960601414 0 0 0 0 0 0 1236214223 20007891 4188561408 39444480 3723264 34916201 22947586 11522219 25465111 60510820
1790330186399 0 84302 0 3006502368 2960609926 0 0 0 0 0 0 1236324686 20008237 4189937664 341037056 0 35195222 23135640 11630924 25665605 60721977
1790330187421 0 78354 2993 3006560884 2960671450 0 0 0 0 0 0 1236401927 20008476 4189675520 350076928 0 35419142 23271240 11709083 25927006 61126328
1790330188447 0 43639 69 3006597950 2960746083 0 0 0 0 0 0 1236444065 20008611 4189827072 168333312 0 35536027 23346735 11751521 26106655 61460681
1790330189467 0 120182 0 3006682709 2960754305 0 0 0 0 0 0 1236535877 20008918 4188680192 490242048 0 35800164 23520549 11841662 26247925 61654787
1790330190491 0 77287 1971 3006720176 2960832872 0 0 0 0 0 0 1236577081 20009058 4188065792 327225344 3497984 35920997 23600630 11885077 26368653 62259372
1790330191509 0 18606 0 3006745479 2960918655 0 0 0 0 0 0 1236603886 20009153 4187574272 73891840 0 35994969 23648783 11909369 26494644 62883291
1790330192528 0 103729 0 3006830749 2960918705 0 0 0 0 0 0 1236710887 20009493 4188483584 419364864 0 36278075 23837570 12017310 26659934 63088144
1790330193552 0 107516 949 3006882488 2960965902 0 0 0 0 0 0 1236758407 20009674 4187910144 442531840 5869568 36428211 23937897 12066407 26723976 63406221
1790330194576 0 37997 3862 3006891773 2961042252 0 0 0 0 0 0 1236777863 20009725 4188696576 172163072 0 36470348 23963912 12084733 26838271 63811452
1790330195600 0 32754 12723 3006941693 2961088074 0 0 0 0 0 0 1236829376 20009911 4188020736 134160384 58195968 36637641 24065500 12137372 27039278 64311048
1790330196619 0 34013 0 3006980940 2961138656 0 0 0 0 0 0 1236873981 20010063 4188114944 134950912 0 36757564 24144852 12180292 27127633 64732597
1790330197638 0 101433 730 3007064045 2961153698 0 0 0 0 0 0 1236961650 20010353 4188037120 425730048 3682304 37010675 24315085 12269646 27292202 64949249
1790330198662 0 68362 2343 3007107603 2961228711 0 0 0 0 0 0 1237011176 20010510 4188135424 291708928 0 37151942 24404003 12318337 27361130 65283596
1790330199681 0 64783 0 3007158005 2961285112 0 0 0 0 0 0 1237077043 20010725 4188975104 259010560 0 37323804 24517645 12383824 27456567 65484427
1790330200704 0 54047 18422 3007208415 2961327800 0 0 0 0 0 0 1237143665 20010929 4189462528 221376512 81952768 37510163 24635100 12451661 27582472 65761600
1790330201724 0 37980 0 3007250984 2961404846 0 0 0 0 0 0 1237187839 20011086 4189224960 145489920 0 37629654 24717587 12495700 27697169 66304423
1790330202747 0 96690 0 3007331201 2961426377 0 0 0 0 0 0 1237287383 20011415 4189097984 389718016 0 37900964 24893983 12594110 27811556 66450858
1790330203775 0 56905 611 3007380569 2961514831 0 0 0 0 0 0 1237344825 20011603 4188803072 247480320 0 38064541 25000056 12652742 28031468 66894954
1790330204796 0 94490 0 3007453984 2961551294 0 0 0 0 0 0 1237418735 20011867 4189097984 383066112 0 38287794 25143357 12725055 28226863 67258799
1790330205820 0 72752 24405 3007513563 2961608218 0 0 0 0 0 0 1237484900 20012100 4188061696 397455360 9678848 38476157 25269612 12792832 28387116 67724249
1790330206838 0 3631 0 3007521855 2961710036 0 0 0 0 0 0 1237498604 20012136 4188258304 10661888 0 38503916 25288469 12804826 28675123 68494365
1790330207857 0 79184 0 3007607698 2961720279 0 0 0 0 0 0 1237586689 20012444 4187680768 322334720 0 38757820 25458712 12892209 28788132 68648367
1790330208881 0 128671 514 3007682033 2961744695 0 0 0 0 0 0 1237660250 20012700 4187799552 529436672 2412544 38984942 25605606 12968164 28940428 68978059
1790330209900 0 64691 0 3007706859 2961833951 0 0 0 0 0 0 1237692795 20012802 4187910144 256286720 0 39066064 25659643 12999585 29040477 69335355
1790330210924 0 35548 7211 3007748930 2961898023 0 0 0 0 0 0 1237732666 20012949 4187848704 145604608 33624064 39201345 25743202 13040662 29163251 69872367
1790330211943 0 38607 0 3007791585 2961944851 0 0 0 0 0 0 1237780549 20013103 4188278784 149725184 0 39324867 25829377 13087969 29277203 70158872
1790330212967 0 95406 2555 3007870199 2961964144 0 0 0 0 0 0 1237868075 20013397 4188585984 404836352 1490944 39584053 25994404 13176070 29377731 70364583
1790330213991 0 79920 50 3007904646 2962016498 0 0 0 0 0 0 1237919026 20013558 4189130752 327348224 2813952 39705942 26077897 13226250 29430181 70650683
1790330215010 0 43682 3092 3007932919 2962078069 0 0 0 0 0 0 1237953977 20013674 4189122560 195719168 0 39800465 26139262 13261512 29617545 71213305
1790330216029 0 107889 0 3008007375 2962091298 0 0 0 0 0 0 1238041600 20013968 4188958720 439201792 0 40035066 26296708 13347031 29766291 71460917
1790330217052 0 2259 1376 3008023325 2962211536 0 0 0 0 0 0 1238066274 20014036 4189405184 17616896 2195456 40098932 26339696 13374206 29904485 72202240
1790330218076 0 70198 0 3008101485 2962223139 0 0 0 0 0 0 1238155983 20014339 4189138944 290279424 3436544 40367497 26504271 13463806 30030294 72382884
1790330219099 0 92444 5778 3008161016 2962254719 0 0 0 0 0 0 1238240109 20014591 4190019584 412135424 1437696 40591478 26645464 13548105 30201550 72837930
1790330220119 0 48000 0 3008203189 2962347028 0 0 0 0 0 0 1238275713 20014732 4189188096 188219392 0 40713865 26718418 13582402 30519547 73236037
1790330221138 0 82972 0 3008271976 2962380824 0 0 0 0 0 0 1238342210 20014973 4188180480 334979072 0 40909311 26851818 13648498 30680206 73549036
1790330222162 0 75954 2124 3008333129 2962446915 0 0 0 0 0 0 1238407211 20015201 4187168768 321884160 5951488 41104610 26978158 13715175 30824333 73980263
1790330223181 0 17520 0 3008352723 2962526988 0 0 0 0 0 0 1238442071 20015296 4188143616 63369216 0 41175389 27028960 13748940 30951166 74692035
1790330224205 0 0 19014 3008401529 2962574326 0 0 0 0 0 0 1238493993 20015488 4188581888 0 84054016 41329407 27130697 13801989 31041998 74866622
1790330225226 0 2 0 3008401533 2962593343 0 0 0 0 0 0 1238588472 20015677 4216332288 4096 0 41416017 27215767 13893834 31110041 75253138
1790330226245 0 2 0 3008401533 2962593352 0 0 0 0 0 0 1238772018 20015995 4219305984 4096 0 41624683 27398614 14077402 31243576 75570315
1790330227264 0 2 0 3008401533 2962593358 0 0 0 0 0 0 1238947288 20016299 4222906368 4096 0 42013150 27572724 14252380 31339889 75699608
1790330228282 0 2 0 3008401533 2962593359 0 0 0 0 0 0 1239112191 20016611 4221390848 4096 0 42390549 27738082 14417368 31460313 75809396
1790330229301 0 3 0 3008401534 2962593359 0 0 0 0 0 0 1239256578 20016878 3928293376 8192 0 42597587 27885625 14564574 31602934 75976305
