1790328730568 0 0 0 2886911052 2841102801 0 0 0 0 0 0 1172986823 19803233 - - - - - - - -
1790328732146 0 111850 0 2887252490 2841332287 0 0 0 0 0 0 1172986823 19803306 1355243520 415981568 24584192 0 0 0 0 9908
1790328733193 0 135392 0 2887362003 2841418305 0 0 0 0 0 0 1172986823 19803307 1824645120 532000768 0 0 0 0 0 9908
1790328734214 0 155574 2021 2887564501 2841598531 0 0 0 0 0 0 1172986823 19803309 2654887936 632668160 8187904 0 0 0 0 39843
1790328735236 0 120740 2051 2887775380 2841844256 0 0 0 0 0 0 1172986823 19803309 3518533632 487288832 19001344 0 0 0 0 64739
1790328736258 0 140779 8192 2887996159 2842038903 0 0 0 0 0 0 1172987383 19803310 4140113920 586211328 22704128 135024 74557 560 21565 68340
1790328737286 0 105412 895 2888197221 2842282616 0 0 0 0 0 0 1172993981 19803322 4138438656 456429568 11411456 410266 278521 7159 58739 164561
1790328738333 0 135046 19272 2888307787 2842345083 0 0 0 0 0 0 1173001718 19803336 4138086400 614518784 0 564870 396872 14895 99353 205459
1790328739353 0 146254 6093 2888433721 2842473048 0 0 0 0 0 0 1173016108 19803361 4137934848 598704128 25157632 736396 541536 29285 126646 585984
1790328740381 0 99036 4096 2888550395 2842639017 0 0 0 0 0 0 1173027487 19803382 4137697280 423022592 8388608 885520 664812 39784 161850 1017100
1790328741418 0 148631 2028 2888704578 2842745629 0 0 0 0 0 0 1173047418 19803416 4138033152 602710016 22097920 1125119 842009 60554 201729 1353140
1790328742443 0 75820 893 2888784172 2842899230 0 0 0 0 0 0 1173060676 19803437 4138455040 304467968 8146944 1252752 931627 73644 242266 1864870
1790328743477 0 97207 9222 2888897926 2842983198 0 0 0 0 0 0 1173078984 19803465 4139114496 410570752 36155392 1425394 1064091 92245 284011 2058727
1790328744513 0 76598 3570 2888990485 2843101939 0 0 0 0 0 0 1173102432 19803508 4140343296 318554112 8388608 1574870 1178721 114949 329564 2274401
1790328745544 0 88692 5374 2889125947 2843223888 0 0 0 0 0 0 1173130694 19803553 4141559808 385208320 41943040 1789714 1345874 143245 371431 2653396
1790328746585 0 141759 2072 2889217857 2843265813 0 0 0 0 0 0 1173148957 19803583 4142538752 586919936 8388608 1929494 1454671 162075 414350 2750154
1790328747607 0 28630 2202 2889278812 2843439820 0 0 0 0 0 0 1173162911 19803609 4143316992 114495488 25165824 2028425 1531281 176038 457845 3224997
1790328748628 0 136812 0 2889448526 2843503373 0 0 0 0 0 0 1173205709 19803681 4145242112 542621696 0 2289770 1738381 217642 501578 3452244
1790328749650 0 91499 0 2889525918 2843626254 0 0 0 0 0 0 1173227750 19803719 4146196480 357376000 0 2426691 1839087 240927 553410 3930558
1790328750679 0 87896 0 2889641191 2843745039 0 0 0 0 0 0 1173254529 19803764 4146339840 341311488 0 2604465 1980085 267099 596178 4297103
1790328751733 0 63434 3599 2889732848 2843858054 0 0 0 0 0 0 1173277320 19803804 4146454528 286265344 19296256 2760594 2096805 290177 646802 4536697
1790328752798 0 67190 2036 2889864374 2843986791 0 0 0 0 0 0 1173317410 19803875 4147306496 297906176 16777216 2985773 2266381 328710 701774 4862169
1790328753845 0 144446 5820 2890023180 2844064615 0 0 0 0 0 0 1173364219 19803959 4148031488 597020672 14659584 3260233 2473086 377067 760867 5091502
1790328754876 0 101099 3439 2890143290 2844230534 0 0 0 0 0 0 1173399858 19804023 4147896320 443502592 11874304 3463583 2627719 412131 816134 5472901
1790328755924 0 92041 4080 2890270058 2844365611 0 0 0 0 0 0 1173442501 19804096 4148400128 387448832 13058048 3691007 2796674 455340 864931 5621168
1790328756960 0 131185 0 2890401355 2844461933 0 0 0 0 0 0 1173485333 19804166 4148514816 518569984 0 3916904 2970467 497942 917693 5770748
1790328757994 0 86774 14291 2890504395 2844595052 0 0 0 0 0 0 1173519700 19804225 4148371456 355041280 58720256 4098318 3112914 532817 969218 6066258
1790328759023 0 127841 0 2890644599 2844708509 0 0 0 0 0 0 1173584038 19804336 4150087680 507478016 0 4370173 3312593 596707 1038430 6241491
1790328760042 0 143157 0 2890776601 2844825246 0 0 0 0 0 0 1173635298 19804424 4149919744 570322944 0 4606493 3495319 647390 1080830 6458527
1790328761063 0 148223 0 2890898524 2844942092 0 0 0 0 0 0 1173685116 19804507 4150231040 591765504 0 4825060 3667024 697208 1147850 6687139
1790328762083 0 136464 14381 2891021452 2845062311 0 0 0 0 0 0 1173739045 19804601 4150181888 621633536 1220608 5073520 3846272 752117 1205564 6886745
1790328763105 0 139468 0 2891123295 2845175560 0 0 0 0 0 0 1173793860 19804714 4150497280 554176512 0 5281285 3997158 803234 1283776 7030474
1790328764135 0 19977 0 2891177030 2845348741 0 0 0 0 0 0 1173828155 19804862 4152172544 61747200 0 5397852 4083286 839283 1333375 7324238
1790328765164 0 103056 0 2891333785 2845422419 0 0 0 0 0 0 1173901493 19805245 4152877056 403021824 0 5701741 4306552 914198 1419934 7534430
1790328766186 0 85876 0 2891433356 2845539209 0 0 0 0 0 0 1173959646 19805517 4153716736 331497472 0 5908431 4456353 970445 1497964 7897348
1790328767215 0 67866 0 2891532164 2845655946 0 0 0 0 0 0 1174001939 19805767 4153438208 259973120 0 6116419 4593673 1013798 1577213 8289943
1790328768240 0 132377 0 2891674568 2845733814 0 0 0 0 0 0 1174074307 19806139 4152881152 521670656 0 6399731 4798067 1084081 1639284 8442698
1790328769274 0 1457 31 2891732060 2845922236 0 0 0 0 0 0 1174102728 19806285 4153012224 8945664 6098944 6519621 4885126 1114573 1711634 8921761
1790328770311 0 86803 730 2891896667 2846000931 0 0 0 0 0 0 1174187838 19806710 4151951360 368271360 3043328 6852954 5128462 1200946 1794294 9132139
1790328771335 0 111594 6291 2892003426 2846077365 0 0 0 0 0 0 1174228828 19806966 4150726656 484429824 23355392 7047293 5270655 1241762 1893332 9287035
1790328772368 0 104785 1295 2892118737 2846204352 0 0 0 0 0 0 1174293374 19807284 4150804480 440496128 4239360 7284494 5443863 1305929 1974620 9612414
1790328773392 0 130674 2044 2892235921 2846294967 0 0 0 0 0 0 1174351834 19807577 4150566912 549953536 6533120 7523798 5613711 1364874 2088892 9888089
1790328774413 0 72554 0 2892336251 2846455276 0 0 0 0 0 0 1174405192 19807845 4150882304 278056960 0 7706875 5755351 1416116 2142607 10209540
1790328775443 0 123734 1710 2892476738 2846542968 0 0 0 0 0 0 1174484027 19808231 4150374400 527134720 7323648 8007809 5973412 1496857 2207701 10343934
1790328776470 0 126842 73 2892574683 2846639631 0 0 0 0 0 0 1174526102 19808476 4149792768 499974144 0 8189895 6101133 1536514 2308172 10583589
1790328777501 0 61390 977 2892675257 2846804696 0 0 0 0 0 0 1174568723 19808731 4149071872 271073280 2105344 8396685 6244548 1581581 2362988 10864924
1790328778525 0 30507 2210 2892798872 2846958262 0 0 0 0 0 0 1174636304 19809071 4148727808 154456064 0 8666259 6429118 1649087 2421291 11239380
1790328779548 0 116191 0 2892967640 2847043224 0 0 0 0 0 0 1174716569 19809521 4148113408 458854400 0 8975195 6662508 1726412 2492542 11363094
1790328780571 0 120986 0 2893089366 2847159961 0 0 0 0 0 0 1174772270 19809825 4146421760 476020736 0 9206851 6834572 1783722 2586201 11680819
1790328781602 0 81752 1223 2893189864 2847299051 0 0 0 0 0 0 1174816640 19810082 4145414144 342355968 28647424 9418809 6979005 1829381 2678687 11957369
1790328782637 0 88133 32 2893316584 2847420062 0 0 0 0 0 0 1174876671 19810419 4146151424 344608768 0 9659759 7153170 1886830 2743171 12116337
1790328783662 0 77067 0 2893438569 2847553194 0 0 0 0 0 0 1174934363 19810743 4146130944 296927232 0 9896175 7326772 1945882 2809310 12348882
1790328784699 0 8398 0 2893541583 2847724836 0 0 0 0 0 0 1174979892 19811002 4144861184 13864960 10506240 10080858 7468052 1990513 2926847 12780725
1790328785756 0 119202 0 2893713801 2847786312 0 0 0 0 0 0 1175044677 19811428 4143075328 467644416 0 10390254 7696124 2055446 2986105 12840465
1790328786802 0 114886 854 2893819986 2847895854 0 0 0 0 0 0 1175091064 19811707 4142510080 480481280 1839104 10596805 7848090 2103545 3052321 13160847
1790328787840 0 33458 0 2893923049 2848081198 0 0 0 0 0 0 1175144655 19811990 4142551040 115089408 0 10793396 7994662 2156537 3102056 13411264
1790328788891 0 101391 911 2894063786 2848153162 0 0 0 0 0 0 1175207940 19812370 4142731264 425943040 4042752 11057402 8196038 2221143 3220540 13537001
1790328789915 0 49691 928 2894148532 2848289667 0 0 0 0 0 0 1175251954 19812606 4142731264 209825792 5382144 11221903 8320417 2264981 3310211 13816190
1790328790936 0 113987 3285 2894318104 2848392587 0 0 0 0 0 0 1175337893 19813073 4143284224 483450880 18173952 11559878 8566236 2351093 3380739 13994849
1790328791965 0 137723 0 2894417380 2848471346 0 0 0 0 0 0 1175377358 19813309 4143026176 545550336 0 11731380 8694967 2388749 3449967 14194977
1790328792996 0 31857 0 2894516461 2848676153 0 0 0 0 0 0 1175419356 19813561 4142678016 151216128 3235840 11932808 8834697 2431861 3547566 14460255
1790328794034 0 104090 0 2894662322 2848749883 0 0 0 0 0 0 1175485579 19813941 4143308800 406274048 0 12206360 9033691 2495182 3618228 14569518
1790328795076 0 132297 950 2894775305 2848833844 0 0 0 0 0 0 1175539790 19814248 4144078848 555536384 2490368 12433149 9202533 2552727 3704047 14832006
1790328796096 0 79872 0 2894889965 2849001788 0 0 0 0 0 0 1175594369 19814546 4144029696 306188288 0 12641515 9358542 2603695 3769387 15110552
1790328797122 0 91372 0 2895020419 2849120573 0 0 0 0 0 0 1175654604 19814887 4144177152 357552128 0 12884614 9544856 2665183 3825249 15354933
1790328798146 0 68236 682 2895123819 2849246571 0 0 0 0 0 0 1175709008 19815174 4144484352 281628672 14848000 13095246 9702797 2721959 3891299 15540513
1790328799170 0 124605 0 2895259471 2849326406 0 0 0 0 0 0 1175791059 19815553 4145745920 490188800 0 13367382 9908476 2802858 3984836 15667887
1790328800200 0 6209 32802 2895323299 2849475961 0 0 0 0 0 0 1175820589 19815726 4145590272 25452544 148955136 13496463 10004791 2833790 4024727 15804639
1790328801225 0 99674 48 2895482378 2849574389 0 0 0 0 0 0 1175897789 19816150 4145471488 394850304 2342912 13809037 10228192 2909370 4088027 16023679
1790328802252 0 125562 3517 2895618857 2849681491 0 0 0 0 0 0 1175966971 19816522 4146180096 530116608 7397376 14095603 10430238 2980148 4145149 16260824
1790328803271 0 131063 0 2895757539 2849818099 0 0 0 0 0 0 1176042022 19816889 4146008064 519888896 0 14373209 10631276 3052240 4226038 16595779
1790328804296 0 119535 10278 2895886407 2849948316 0 0 0 0 0 0 1176100958 19817232 4145418240 489623552 57905152 14628050 10819628 3114174 4301635 16903750
1790328805315 0 78459 72 2896004873 2850118098 0 0 0 0 0 0 1176161625 19817552 4145659904 304611328 0 14855216 10987471 3173078 4376032 17340485
1790328806337 0 135987 0 2896179997 2850235691 0 0 0 0 0 0 1176252749 19818026 4146581504 540114944 0 15203871 11244160 3264171 4456593 17564844
1790328807369 0 83221 424 2896278503 2850386608 0 0 0 0 0 0 1176301404 19818295 4146409472 356855808 2965504 15399541 11387788 3313685 4533609 17946349
1790328808409 0 74027 0 2896390495 2850508123 0 0 0 0 0 0 1176357511 19818598 4146368512 286900224 0 15623752 11549090 3369130 4613176 18149059
1790328809433 0 134464 0 2896545198 2850602347 0 0 0 0 0 0 1176427133 19818999 4145778688 529690624 0 15925665 11762447 3436398 4682639 18354781
1790328810462 0 133122 0 2896666585 2850725228 0 0 0 0 0 0 1176494393 19819343 4145979392 528674816 0 16169632 11947080 3504426 4753818 18618823
1790328811484 0 66767 0 2896785469 2850910355 0 0 0 0 0 0 1176557243 19819684 4146085888 254791680 0 16408056 12122078 3567312 4846025 18953590
1790328812508 0 130519 14849 2896932906 2850979235 0 0 0 0 0 0 1176635523 19820090 4147384320 572551168 38899712 16724479 12348011 3648788 4911984 19058869
1790328813532 0 91219 834 2897009928 2851109487 0 0 0 0 0 0 1176674481 19820301 4147453952 391401472 2756608 16866098 12457425 3686443 4952005 19447322
1790328814563 0 63346 413 2897135504 2851263368 0 0 0 0 0 0 1176745450 19820667 4148137984 265498624 2793472 17135968 12648671 3758324 5012642 19672698
1790328815595 0 104524 819 2897253842 2851340606 0 0 0 0 0 0 1176811133 19821003 4147773440 443740160 7151616 17374425 12824802 3822853 5088338 19909328
1790328816635 0 19228 3950 2897332924 2851501543 0 0 0 0 0 0 1176863705 19821236 4149129216 104357888 20156416 17553902 12954858 3876600 5157417 20309062
1790328817663 0 125412 0 2897520391 2851586699 0 0 0 0 0 0 1176955532 19821733 4148432896 493137920 0 17915624 13221413 3968577 5223347 20446078
1790328818690 0 125091 0 2897642984 2851709580 0 0 0 0 0 0 1177015547 19822077 4148068352 494727168 0 18173649 13398377 4027928 5314199 20758348
1790328819710 0 127587 4514 2897763450 2851823030 0 0 0 0 0 0 1177081245 19822419 4147712000 522903552 35094528 18434269 13584515 4094627 5387526 21022360
1790328820730 0 119219 0 2897868576 2851941010 0 0 0 0 0 0 1177131356 19822693 4147851264 470896640 0 18619162 13729273 4143165 5455362 21272812
1790328821758 0 118896 0 2897989014 2852061843 0 0 0 0 0 0 1177200784 19823034 4147359744 468086784 0 18869800 13911991 4211072 5521669 21498687
1790328822794 0 25112 0 2898073168 2852239736 0 0 0 0 0 0 1177242985 19823250 4147400704 81989632 0 19038156 14035438 4254851 5587609 21765180
1790328823834 0 71773 1527 2898231893 2852350297 0 0 0 0 0 0 1177319099 19823672 4148269056 299872256 4374528 19361360 14267739 4332130 5664287 21963167
1790328824857 0 72339 38 2898319967 2852439382 0 0 0 0 0 0 1177354139 19823898 4146839552 286269440 1548288 19523694 14383724 4365774 5745053 22225089
1790328825884 0 141221 0 2898493367 2852543875 0 0 0 0 0 0 1177451354 19824384 4147916800 557486080 0 19880046 14642955 4461542 5797482 22389284
1790328826926 0 70262 0 2898603814 2852725125 0 0 0 0 0 0 1177513222 19824690 4148170752 269996032 0 20093464 14808999 4522138 5859509 22680073
1790328827971 0 62850 372 2898723039 2852851529 0 0 0 0 0 0 1177563026 19824993 4147265536 274259968 3203072 20326566 14979558 4575366 5941369 22895676
1790328829013 0 132321 5037 2898887045 2852941397 0 0 0 0 0 0 1177642061 19825438 4147339264 580304896 1921024 20646626 15214414 4655085 6030307 23125422
1790328830048 0 135800 1953 2899010626 2853064533 0 0 0 0 0 0 1177705706 19825765 4148215808 570064896 9568256 20896147 15396605 4718564 6112442 23480213
1790328831079 0 65452 385 2899101185 2853227111 0 0 0 0 0 0 1177751908 19825998 4148129792 283750400 3502080 21065514 15527664 4764597 6187248 23861582
1790328832123 0 63082 0 2899220172 2853348746 0 0 0 0 0 0 1177809471 19826321 4147625984 239296512 0 21284708 15694102 4819259 6278950 24115478
1790328833152 0 106849 0 2899378574 2853463396 0 0 0 0 0 0 1177876434 19826728 4147154944 420118528 0 21594100 15913985 4887819 6375914 24383432
1790328834179 0 104117 0 2899498757 2853586277 0 0 0 0 0 0 1177919515 19827027 4146319360 405975040 0 21810228 16072265 4931973 6433845 24618941
1790328835215 0 102815 28 2899620284 2853709163 0 0 0 0 0 0 1177969579 19827338 4145459200 402972672 0 22029630 16238002 4981070 6498645 24944240
1790328836242 0 108319 0 2899748753 2853832039 0 0 0 0 0 0 1178028539 19827684 4145135616 423550976 0 22267102 16418272 5039313 6556357 25114116
1790328837283 0 100831 876 2899854736 2853944710 0 0 0 0 0 0 1178082827 19827970 4145614848 436871168 14036992 22468292 16579595 5095180 6630796 25466513
1790328838327 0 14123 7001 2899945656 2854116495 0 0 0 0 0 0 1178123848 19828206 4145598464 55767040 48050176 22633003 16707466 5136993 6678313 25780469
1790328839359 0 136220 939 2900104454 2854158977 0 0 0 0 0 0 1178197429 19828636 4146585600 565497856 3059712 22938789 16931810 5210109 6764135 25871971
1790328840383 0 139495 400 2900224437 2854276330 0 0 0 0 0 0 1178261804 19828978 4147990528 578670592 3829760 23185993 17110144 5274618 6850724 26237761
1790328841405 0 122134 0 2900333490 2854403133 0 0 0 0 0 0 1178316318 19829270 4148178944 481947648 0 23394414 17262747 5326683 6919706 26579327
1790328842433 0 118061 8623 2900467528 2854532512 0 0 0 0 0 0 1178384684 19829634 4148129792 483725312 48001024 23674715 17466394 5397982 6976250 26822128
1790328843457 0 94367 370 2900576973 2854674117 0 0 0 0 0 0 1178425924 19829908 4147580928 402112512 2887680 23867056 17608989 5438302 7041359 27136902
1790328844488 0 44262 0 2900653582 2854801089 0 0 0 0 0 0 1178462660 19830109 4147679232 170397696 0 24018580 17717367 5474066 7091872 27410029
1790328845513 0 131413 0 2900740822 2854801089 0 0 0 0 0 0 1178501979 19830332 4147367936 528670720 0 24195277 17841505 5514581 7181479 27504132
1790328846544 0 54497 123 2900796015 2854933205 0 0 0 0 0 0 1178518984 19830468 4146561024 230817792 3227648 24285522 17909485 5529948 7249191 27761502
1790328847594 0 74883 4652 2900920857 2855033135 0 0 0 0 0 0 1178570292 19830788 4146442240 338362368 11567104 24505903 18084235 5583188 7315700 28009456
1790328848639 0 77589 0 2901047370 2855161500 0 0 0 0 0 0 1178632822 19831121 4146176000 298618880 0 24745454 18262965 5644748 7384743 28372404
1790328849677 0 49139 1364 2901158899 2855300131 0 0 0 0 0 0 1178674625 19831397 4145471488 222687232 1630208 24939994 18413748 5686699 7452264 28566844
1790328850716 0 70053 20855 2901319718 2855420552 0 0 0 0 0 0 1178736791 19831801 4145557504 388304896 18792448 25222336 18631772 5749853 7561188 28810483
1790328851744 0 83827 11827 2901446510 2855542644 0 0 0 0 0 0 1178801902 19832144 4146737152 389378048 14106624 25475691 18819705 5815101 7620199 29103845
1790328852764 0 100439 562 2901563172 2855653854 0 0 0 0 0 0 1178870294 19832477 4147822592 421437440 4206592 25702258 18996473 5882743 7680972 29427181
1790328853790 0 104379 0 2901686521 2855773905 0 0 0 0 0 0 1178936997 19832822 4148596736 408666112 0 25936358 19177678 5948848 7755890 29645475
1790328854814 0 114889 0 2901808653 2855885522 0 0 0 0 0 0 1178992461 19833136 4148154368 452333568 0 26182194 19350292 6004562 7846998 29888846
1790328855840 0 19673 0 2901873792 2856045771 0 0 0 0 0 0 1179014550 19833289 4147703808 63758336 0 26297078 19434926 6026982 7964827 30305522
1790328856868 0 127793 0 2902038189 2856102092 0 0 0 0 0 0 1179093951 19833729 4148080640 500314112 0 26622171 19667007 6103382 8031388 30514779
1790328857907 0 143188 0 2902166294 2856214733 0 0 0 0 0 0 1179150318 19834066 4147085312 568725504 0 26856731 19850132 6162643 8127482 30755879
1790328858935 0 131607 0 2902267299 2856327374 0 0 0 0 0 0 1179199524 19834336 4146548736 519340032 0 27047308 19994748 6210998 8196650 31036636
1790328859963 0 99315 0 2902347615 2856440015 0 0 0 0 0 0 1179234086 19834540 4145762304 386924544 0 27196986 20105943 6245372 8286012 31413598
1790328861002 0 34828 446 2902431056 2856587441 0 0 0 0 0 0 1179267138 19834750 4145885184 158760960 2994176 27349051 20221807 6279612 8378143 31676373
1790328862058 0 127831 819 2902602655 2856665951 0 0 0 0 0 0 1179344538 19835186 4146688000 553947136 1449984 27672759 20461638 6356104 8468720 31880167
1790328863102 0 113678 3093 2902708750 2856783748 0 0 0 0 0 0 1179397920 19835475 4147408896 463519744 32317440 27880749 20620607 6411001 8526107 32237565
1790328864141 0 96961 3869 2902832191 2856923064 0 0 0 0 0 0 1179449608 19835795 4147298304 413200384 28700672 28105552 20790188 6462616 8586908 32526883
1790328865186 0 127792 399 2902936412 2856999863 0 0 0 0 0 0 1179496696 19836055 4146798592 526061568 3022848 28303159 20935093 6509745 8669678 32670218
1790328866205 0 77756 1075 2903055235 2857168065 0 0 0 0 0 0 1179548366 19836369 4146282496 322662400 2105344 28526088 21100361 6561101 8718561 32894323
1790328867232 0 57832 0 2903134546 2857268405 0 0 0 0 0 0 1179586057 19836592 4146765824 217718784 0 28674229 21211051 6598680 8790082 33262872
1790328868260 0 88991 0 2903278250 2857381046 0 0 0 0 0 0 1179659601 19836985 4147875840 345800704 0 28953190 21420098 6670492 8850664 33452675
1790328869285 0 81780 0 2903383737 2857493687 0 0 0 0 0 0 1179714294 19837279 4148342784 315994112 0 29168520 21576407 6726214 8947083 33740141
1790328870319 0 124928 516 2903536135 2857602597 0 0 0 0 0 0 1179792769 19837690 4149039104 543293440 2105344 29485118 21802585 6804581 9043889 33925302
1790328871363 0 81736 659 2903632105 2857741595 0 0 0 0 0 0 1179837677 19837946 4148989952 348835840 1482752 29667298 21939335 6849722 9161367 34323749
1790328872405 0 50440 872 2903728236 2857868731 0 0 0 0 0 0 1179887714 19838219 4149764096 224858112 12095488 29865652 22083545 6900800 9211221 34654175
1790328873449 0 100173 0 2903844053 2857935500 0 0 0 0 0 0 1179943835 19838532 4149055488 391573504 0 30085456 22244869 6955352 9308168 34903817
1790328874479 0 118917 1073 2903975577 2858047337 0 0 0 0 0 0 1180007587 19838885 4148695040 488517632 25513984 30356539 22440612 7020779 9360597 35070898
1790328875512 0 76984 4657 2904065939 2858176081 0 0 0 0 0 0 1180053202 19839126 4149497856 341630976 1101824 30532253 22571972 7066251 9459812 35407304
1790328876537 0 93718 1095 2904179431 2858276414 0 0 0 0 0 0 1180104763 19839426 4148875264 403902464 4206592 30740739 22730097 7116975 9522516 35582082
1790328877578 0 59865 3385 2904286335 2858414729 0 0 0 0 0 0 1180158038 19839719 4149436416 281460736 3407872 30953031 22886560 7170265 9647896 35972318
1790328878615 0 121335 0 2904430411 2858500756 0 0 0 0 0 0 1180228174 19840106 4149305344 480243712 0 31226159 23091347 7240107 9718569 36150432
1790328879635 0 142137 0 2904563723 2858613397 0 0 0 0 0 0 1180286920 19840450 4148703232 565456896 0 31476293 23276836 7297544 9819560 36446097
1790328880656 0 149587 0 2904683979 2858726038 0 0 0 0 0 0 1180343270 19840764 4147990528 597266432 0 31702874 23447011 7352466 9897967 36710593
1790328881677 0 135924 0 2904782953 2858838684 0 0 0 0 0 0 1180381403 19841012 4147138560 539877376 0 31884385 23581661 7392353 9962507 37106096
1790328882701 0 98920 568 2904875659 2858967952 0 0 0 0 0 0 1180430445 19841276 4147224576 411250688 3317760 32075413 23723058 7443228 10006296 37417668
1790328883727 0 99523 0 2904994206 2859086493 0 0 0 0 0 0 1180485314 19841591 4147089408 389758976 0 32297971 23888988 7497334 10053063 37707750
1790328884757 0 89211 0 2905096711 2859199134 0 0 0 0 0 0 1180534164 19841863 4147458048 346628096 0 32489113 24034258 7545062 10110744 37975705
1790328885783 0 72753 0 2905192851 2859311775 0 0 0 0 0 0 1180581412 19842121 4147941376 280494080 0 32680304 24175218 7593758 10222064 38328078
1790328886807 0 120490 0 2905313176 2859384482 0 0 0 0 0 0 1180635151 19842428 4147625984 474488832 0 32912232 24343003 7646502 10293992 38509561
1790328887829 0 137424 1540 2905460260 2859512951 0 0 0 0 0 0 1180700643 19842816 4148326400 571576320 10534912 33199872 24554456 7713820 10380022 38761920
1790328888855 0 41247 0 2905530335 2859680885 0 0 0 0 0 0 1180728909 19843001 4147904512 149860352 0 33320285 24645080 7740816 10474006 39134041
1790328889884 0 82184 229 2905665512 2859774833 0 0 0 0 0 0 1180797872 19843380 4148338688 345202688 1609728 33596444 24846955 7810588 10525800 39362773
1790328890905 0 53689 15965 2905765606 2859887734 0 0 0 0 0 0 1180841812 19843643 4148133888 272228352 39804928 33788553 24988452 7854975 10598634 39544496
1790328891936 0 61023 887 2905885725 2860015685 0 0 0 0 0 0 1180900118 19843971 4148645888 284147712 1601536 34016805 25160080 7912437 10662527 39708874
1790328892970 0 101861 8281 2906039464 2860121149 0 0 0 0 0 0 1180973428 19844381 4148125696 414961664 46231552 34306141 25382063 7986541 10751211 40062326
1790328893989 0 39837 0 2906111276 2860263150 0 0 0 0 0 0 1181024961 19844608 4149850112 147099648 0 34458398 25495643 8035187 10860353 40513540
1790328895022 0 76457 1 2906262658 2860377832 0 0 0 0 0 0 1181089119 19844993 4148752384 294256640 0 34742012 25704447 8099322 10969646 40817485
1790328896061 0 89700 0 2906390582 2860492529 0 0 0 0 0 0 1181155540 19845353 4149071872 351354880 0 34996532 25893575 8165583 11039744 41084584
1790328897082 0 108867 0 2906524441 2860607218 0 0 0 0 0 0 1181218501 19845711 4149121024 427855872 0 35257609 26086537 8230639 11111768 41295178
1790328898103 0 126527 0 2906656764 2860721908 0 0 0 0 0 0 1181287976 19846074 4149510144 501604352 0 35522010 26281951 8298971 11157666 41482652
1790328899139 0 15101 592 2906730004 2860906072 0 0 0 0 0 0 1181325964 19846275 4148662272 82038784 1970176 35671207 26394247 8338516 11221988 41912986
1790328900176 0 110130 1403 2906888854 2860969029 0 0 0 0 0 0 1181415274 19846729 4149501952 473485312 6672384 35983429 26633798 8427150 11287693 42011407
1790328901229 0 110973 383 2906994560 2861074845 0 0 0 0 0 0 1181465910 19847006 4149448704 467738624 925696 36197383 26784965 8478089 11354425 42403501
1790328902265 0 109631 0 2907103761 2861185787 0 0 0 0 0 0 1181509522 19847281 4148633600 431689728 0 36402270 26931519 8520965 11419308 42639424
1790328903286 0 102527 0 2907211246 2861300476 0 0 0 0 0 0 1181566245 19847583 4148649984 403300352 0 36625331 27089550 8575829 11508255 43054245
1790328904307 0 35987 1027 2907300669 2861455380 0 0 0 0 0 0 1181603719 19847812 4147830784 152797184 1232896 36796949 27217701 8616661 11555627 43446900
1790328905340 0 110818 415 2907463724 2861544290 0 0 0 0 0 0 1181687435 19848264 4148342784 466575360 1843200 37106704 27456896 8700421 11621412 43644409
1790328906382 0 102185 330 2907579277 2861668459 0 0 0 0 0 0 1181744952 19848581 4147589120 428666880 1286144 37345783 27624943 8757519 11738232 43954908
1790328907409 0 91375 803 2907693863 2861793487 0 0 0 0 0 0 1181804546 19848895 4147916800 388788224 3829760 37576405 27795248 8816571 11804267 44337139
1790328908442 0 98265 511 2907814094 2861907101 0 0 0 0 0 0 1181857370 19849208 4148420608 406478848 5390336 37811890 27964427 8870555 11855152 44590868
1790328909472 0 121186 568 2907923470 2861993556 0 0 0 0 0 0 1181913516 19849510 4148580352 505860096 1974272 38021347 28122341 8925360 11918502 44829349
1790328910503 0 36824 0 2907994483 2862149381 0 0 0 0 0 0 1181945408 19849698 4148105216 131940352 0 38149078 28218509 8955560 12003400 45320670
1790328911539 0 77521 15476 2908133119 2862231894 0 0 0 0 0 0 1182017621 19850081 4148781056 366755840 39018496 38437828 28430367 9030748 12102173 45548130
1790328912568 0 84986 1611 2908262672 2862367848 0 0 0 0 0 0 1182075708 19850420 4148748288 374599680 2101248 38694299 28610744 9088199 12175700 45824677
1790328913603 0 97611 0 2908369604 2862463756 0 0 0 0 0 0 1182124917 19850705 4148928512 379498496 0 38888956 28757976 9136184 12278196 46077920
1790328914640 0 106060 0 2908490731 2862576400 0 0 0 0 0 0 1182194194 19851053 4149268480 416608256 0 39139582 28942402 9203955 12370234 46376234
1790328915668 0 9559 62 2908582035 2862764169 0 0 0 0 0 0 1182238677 19851302 4149563392 21622784 0 39321016 29076540 9250655 12460059 46765088
1790328916692 0 76415 457 2908745608 2862860460 0 0 0 0 0 0 1182313422 19851724 4148318208 316444672 2105344 39635552 29310936 9326250 12519039 46998025
1790328917724 0 70187 54 2908872059 2862993613 0 0 0 0 0 0 1182366625 19852051 4147425280 269987840 0 39868764 29480915 9376936 12596532 47349072
1790328918753 0 87176 0 2909004792 2863109249 0 0 0 0 0 0 1182433723 19852415 4147658752 338542592 0 40118078 29673822 9442693 12688348 47625005
1790328919799 0 71851 0 2909106291 2863226050 0 0 0 0 0 0 1182481300 19852677 4147896320 275648512 0 40312645 29820361 9492085 12771432 48008379
1790328920835 0 9180 3359 2909197206 2863376722 0 0 0 0 0 0 1182525014 19852925 4147982336 52252672 25915392 40493850 29958347 9538191 12811249 48188101
1790328921858 0 1 0 2909197210 2863388958 0 0 0 0 0 0 1182653132 19853185 4178440192 4096 0 40618913 30077102 9664382 12851397 48295426
1790328922877 0 2 0 2909197211 2863388958 0 0 0 0 0 0 1182821523 19853532 4186431488 4096 0 40804275 30242687 9831918 12984167 48545350
1790328923896 0 2 0 2909197211 2863388958 0 0 0 0 0 0 1182985932 19853836 4195729408 4096 0 41009051 30404735 9996236 13083232 48729663
1790328924915 0 3 0 2909197212 2863388958 0 0 0 0 0 0 1183073442 19853985 2549592064 8192 0 41340662 30494394 10086619 13157559 48793478
