1790323396933 0 0 0 2462852766 2417071854 0 0 0 0 0 0 970918540 19173679 - - - - - - - -
1790323398285 0 112903 7118 2463182789 2417281856 0 0 0 0 0 0 970918540 19173766 1333608448 540073984 10133504 0 0 0 0 5490
1790323399362 0 130921 1982 2463381029 2417467177 0 0 0 0 0 0 970918540 19173766 2140717056 529494016 8224768 0 0 0 0 5490
1790323400387 0 111442 0 2463573718 2417681225 0 0 0 0 0 0 970918540 19173766 2929745920 433385472 0 0 0 0 0 21649
1790323401411 0 143151 4092 2463839803 2417911586 0 0 0 0 0 0 970918540 19173766 4027047936 603795456 8388608 0 0 0 0 38392
1790323402432 0 138626 1002 2464020630 2418100067 0 0 0 0 0 0 970920092 19173769 4139311104 575811584 4411392 253570 156865 1617 32483 41518
1790323403453 0 70958 0 2464226393 2418374519 0 0 0 0 0 0 970932838 19173792 4137922560 272879616 0 534736 371825 12805 71837 184663
1790323404480 0 128590 16384 2464380262 2418454390 0 0 0 0 0 0 970947246 19173817 4138254336 526245888 67108864 742993 545807 28756 119764 255185
1790323405510 0 91578 5929 2464503068 2418625012 0 0 0 0 0 0 970960411 19173839 4137861120 396161024 33554432 902275 680348 41377 155452 461891
1790323406572 0 89541 16447 2464617722 2418730850 0 0 0 0 0 0 970975879 19173867 4138135552 366333952 67108864 1074345 811853 57366 201853 712088
1790323407622 0 110101 1457 2464752551 2418860044 0 0 0 0 0 0 970997240 19173906 4138811392 463462400 4034560 1291274 965618 78075 240709 938871
1790323408656 0 48963 0 2464829188 2418999321 0 0 0 0 0 0 971013467 19173934 4139646976 182865920 0 1409301 1054915 93704 280012 1145943
1790323409686 0 105780 69 2464958735 2419072024 0 0 0 0 0 0 971038959 19173978 4140662784 416460800 0 1609394 1210122 119425 329121 1165925
1790323410716 0 57961 0 2465054397 2419215386 0 0 0 0 0 0 971063532 19174021 4141907968 220315648 0 1765546 1329369 143503 377607 1636770
1790323411741 0 135041 8162 2465228597 2419304541 0 0 0 0 0 0 971097424 19174076 4143620096 567980032 27062272 2038541 1542689 178717 423431 1758466
1790323412772 0 105057 0 2465307348 2419421212 0 0 0 0 0 0 971120409 19174114 4144734208 412286976 0 2162203 1638718 200873 460702 1947127
1790323413814 0 47914 22480 2465397444 2419546138 0 0 0 0 0 0 971143679 19174157 4145852416 296505344 50331648 2311360 1757279 225075 505698 2273370
1790323414833 0 115221 26564 2465550754 2419628059 0 0 0 0 0 0 971181717 19174218 4146634752 488140800 89911296 2561593 1947896 263177 538334 2415589
1790323415857 0 114897 0 2465637596 2419741726 0 0 0 0 0 0 971200883 19174251 4146638848 453636096 0 2695205 2048948 280956 590554 2719064
1790323416888 0 70100 0 2465719853 2419868703 0 0 0 0 0 0 971228998 19174299 4147478528 268824576 0 2841741 2159335 309717 625740 3041031
1790323417914 0 135268 6102 2465870096 2419947639 0 0 0 0 0 0 971268073 19174367 4147507200 573063168 10543104 3096411 2352218 349458 682338 3197487
1790323418953 0 123758 2094 2465991534 2420084808 0 0 0 0 0 0 971306334 19174435 4147691520 527888384 25165824 3313507 2510675 385870 725397 3556597
1790323420002 0 26573 0 2466054132 2420246651 0 0 0 0 0 0 971322944 19174463 4147658752 92131328 0 3408269 2587714 403397 764148 3798149
1790323421032 0 66898 13304 2466210117 2420348989 0 0 0 0 0 0 971377694 19174557 4148518912 333639680 15638528 3693900 2801231 458090 819429 4010368
1790323422069 0 94784 16398 2466312757 2420420666 0 0 0 0 0 0 971412086 19174618 4149157888 434524160 50049024 3869288 2938658 493547 866149 4236594
1790323423112 0 112287 6204 2466440864 2420541566 0 0 0 0 0 0 971450559 19174683 4148445184 506351616 50331648 4089492 3103916 529904 912060 4556928
1790323424165 0 140705 1968 2466542989 2420619332 0 0 0 0 0 0 971493575 19174761 4149911552 577949696 6787072 4277299 3247397 574734 974509 4844364
1790323425186 0 50222 0 2466627626 2420796544 0 0 0 0 0 0 971533839 19174828 4150231040 189468672 0 4442235 3372306 614974 1030613 5423242
1790323426225 0 60464 0 2466752831 2420911317 0 0 0 0 0 0 971581213 19174907 4150099968 230342656 0 4667706 3543910 661878 1095832 5694121
1790323427271 0 55046 0 2466862067 2421026006 0 0 0 0 0 0 971633460 19174996 4150927360 210079744 0 4877381 3704727 713157 1162974 5980630
1790323428296 0 63955 0 2466985620 2421140695 0 0 0 0 0 0 971682849 19175080 4150759424 246427648 0 5118431 3877436 762263 1225446 6218648
1790323429327 0 100910 17585 2467135319 2421235926 0 0 0 0 0 0 971766865 19175358 4152344576 497967104 25165824 5444884 4111500 847964 1278770 6466130
1790323430366 0 93106 0 2467243863 2421369954 0 0 0 0 0 0 971830172 19175642 4153450496 363503616 0 5663343 4272272 909371 1328542 6831718
1790323431391 0 98566 803 2467364082 2421483870 0 0 0 0 0 0 971880986 19175929 4153294848 399163392 19353600 5896784 4442089 962414 1381785 7309737
1790323432412 0 87179 0 2467467442 2421599332 0 0 0 0 0 0 971938224 19176213 4154114048 337727488 0 6118231 4593140 1019465 1481468 7677276
1790323433432 0 80773 17 2467587095 2421725291 0 0 0 0 0 0 971990000 19176507 4153049088 312119296 0 6355608 4757908 1070596 1569414 8036228
1790323434452 0 437 3513 2467662652 2421877758 0 0 0 0 0 0 972028517 19176705 4153241600 4096 29097984 6514637 4872432 1110012 1618881 8495950
1790323435475 0 98425 591 2467816841 2421936960 0 0 0 0 0 0 972108199 19177105 4152135680 403329024 17752064 6826648 5098526 1189667 1696545 8736525
1790323436505 0 75888 61 2467924535 2422067646 0 0 0 0 0 0 972160844 19177383 4151296000 305717248 2891776 7021330 5247479 1240453 1770341 9083073
1790323437552 0 71489 0 2468034723 2422182314 0 0 0 0 0 0 972212877 19177659 4151095296 270729216 0 7237548 5402983 1293105 1838842 9412325
1790323438589 0 135916 0 2468173961 2422257089 0 0 0 0 0 0 972285129 19178026 4150849536 536293376 0 7520938 5606938 1365273 1906905 9582633
1790323439620 0 20670 0 2468250678 2422449136 0 0 0 0 0 0 972315363 19178208 4150398976 65380352 0 7663795 5709270 1394841 1957431 10052424
1790323440652 0 98885 0 2468394491 2422514664 0 0 0 0 0 0 972402196 19178616 4150587392 398880768 24059904 7964602 5934384 1481582 2054635 10205218
1790323441701 0 88865 0 2468499204 2422629363 0 0 0 0 0 0 972446315 19178877 4149993472 347070464 0 8168072 6076860 1527584 2142190 10464215
1790323442740 0 57833 3380 2468618658 2422776556 0 0 0 0 0 0 972500853 19179185 4149100544 271777792 0 8395260 6245250 1581553 2210163 10770868
1790323443777 0 140313 8687 2468780064 2422850060 0 0 0 0 0 0 972586646 19179629 4149178368 610840576 0 8744377 6482347 1667230 2299415 10910717
1790323444809 0 47895 1711 2468863212 2423032765 0 0 0 0 0 0 972623635 19179841 4147867648 226070528 10383360 8899895 6600768 1704364 2398384 11194796
1790323445850 0 150198 0 2469028495 2423097344 0 0 0 0 0 0 972704265 19180269 4146466816 598016000 0 9216746 6832489 1783544 2485348 11397916
1790323446876 0 97274 0 2469109780 2423231494 0 0 0 0 0 0 972741317 19180475 4146302976 379854848 0 9373539 6947048 1821608 2563991 11672956
1790323447917 0 57667 1971 2469225768 2423385212 0 0 0 0 0 0 972793940 19180782 4145635328 275943424 0 9597140 7111070 1873965 2630116 11949901
1790323448960 0 58336 37 2469363763 2423524338 0 0 0 0 0 0 972859311 19181144 4145287168 235212800 4231168 9871882 7305046 1938929 2674989 12096912
1790323450007 0 74266 2482 2469478631 2423621425 0 0 0 0 0 0 972908329 19181443 4145000448 329752576 10903552 10091610 7466298 1989533 2733336 12308458
1790323451047 0 129161 0 2469625873 2423715855 0 0 0 0 0 0 972964218 19181805 4143030272 512290816 0 10352078 7656158 2042109 2786014 12524067
1790323452074 0 128529 0 2469744180 2423834640 0 0 0 0 0 0 973016088 19182111 4142641152 508059648 0 10566236 7821239 2095900 2854934 12771635
1790323453100 0 72257 384 2469840348 2423986836 0 0 0 0 0 0 973062228 19182365 4143337472 307052544 3567616 10760649 7962597 2143560 2930235 13062241
1790323454120 0 115762 0 2469980119 2424083481 0 0 0 0 0 0 973132300 19182747 4142510080 454008832 0 11015179 8160851 2212957 2991774 13221877
1790323455150 0 115452 4525 2470084895 2424184015 0 0 0 0 0 0 973176048 19183020 4142333952 497541120 6115328 11210637 8307945 2257523 3075982 13369083
1790323456173 0 31827 70 2470147303 2424334364 0 0 0 0 0 0 973212099 19183197 4141809664 113725440 0 11326011 8395135 2289342 3145292 13872657
1790323457196 0 130463 6635 2470327855 2424410038 0 0 0 0 0 0 973297211 19183674 4142411776 532393984 54755328 11677903 8658834 2378655 3224363 13986755
1790323458238 0 99682 2993 2470400897 2424517675 0 0 0 0 0 0 973319656 19183841 4142002176 439476224 6307840 11801793 8748248 2400243 3325532 14210434
1790323459288 0 59405 44 2470511681 2424671200 0 0 0 0 0 0 973374716 19184135 4142440448 224849920 0 12023909 8905496 2453812 3393169 14472381
1790323460328 0 87028 696 2470669596 2424801180 0 0 0 0 0 0 973452288 19184557 4143513600 373321728 6139904 12334030 9137068 2532988 3453019 14607349
1790323461354 0 95204 0 2470788429 2424912353 0 0 0 0 0 0 973504244 19184868 4143558656 370999296 0 12555251 9299119 2584521 3530944 14840751
1790323462381 0 106230 0 2470916443 2425029090 0 0 0 0 0 0 973568492 19185212 4142964736 418201600 0 12803363 9482891 2645938 3637548 15178570
1790323463411 0 61895 0 2471030685 2425187817 0 0 0 0 0 0 973621502 19185499 4143497216 234872832 0 13020095 9644096 2699055 3712220 15534906
1790323464464 0 107062 921 2471174999 2425286177 0 0 0 0 0 0 973710710 19185917 4145213440 465920000 16322560 13321350 9874838 2789710 3784422 15712937
1790323465511 0 36135 38257 2471264478 2425408990 0 0 0 0 0 0 973756445 19186153 4145717248 259952640 61534208 13503662 10008183 2837954 3856268 15975461
1790323466533 0 94793 10359 2471418604 2425532479 0 0 0 0 0 0 973830367 19186566 4145713152 388513792 61304832 13811664 10228657 2912003 3898437 16105817
1790323467555 0 130530 16863 2471535813 2425607338 0 0 0 0 0 0 973886344 19186871 4145786880 608403456 9441280 14056853 10395174 2967914 3971037 16312016
1790323468582 0 66341 0 2471630766 2425783493 0 0 0 0 0 0 973932782 19187118 4146163712 252878848 0 14241399 10524673 3011167 4030459 16689540
1790323469611 0 127819 0 2471767035 2425858247 0 0 0 0 0 0 974000938 19187478 4145725440 506335232 0 14510816 10724588 3081458 4122729 16836303
1790323470635 0 116064 0 2471874070 2425977032 0 0 0 0 0 0 974053195 19187769 4145205248 455614464 0 14722714 10878185 3133854 4198726 17050391
1790323471661 0 47126 0 2471963567 2426135539 0 0 0 0 0 0 974102776 19188011 4145725440 175378432 0 14898338 11010415 3180888 4285467 17452412
1790323472683 0 117197 4 2472108451 2426210289 0 0 0 0 0 0 974184265 19188407 4146974720 462045184 0 15193217 11230626 3264124 4357992 17678945
1790323473705 0 112941 52 2472221001 2426326994 0 0 0 0 0 0 974236087 19188708 4147400704 444076032 0 15410413 11390061 3316879 4441984 17975153
1790323474725 0 112596 0 2472328107 2426434556 0 0 0 0 0 0 974288357 19188998 4146597888 443981824 0 15631764 11544113 3368878 4528593 18150124
1790323475756 0 99833 1503 2472459285 2426577000 0 0 0 0 0 0 974351273 19189352 4146634752 430870528 3829760 15895454 11733174 3432187 4616432 18387837
1790323476798 0 97917 8587 2472570688 2426683238 0 0 0 0 0 0 974409384 19189660 4146315264 436695040 8790016 16125164 11900248 3490739 4712969 18740571
1790323477821 0 68642 0 2472663724 2426814097 0 0 0 0 0 0 974455983 19189912 4146360320 260464640 0 16295103 12029917 3536456 4786641 19151830
1790323478850 0 72341 0 2472784180 2426930834 0 0 0 0 0 0 974523387 19190256 4147412992 277880832 0 16544128 12209210 3601117 4892844 19461771
1790323479875 0 82995 0 2472911428 2427047571 0 0 0 0 0 0 974597648 19190630 4148252672 324362240 0 16811069 12405147 3675711 4970412 19809079
1790323480901 0 121222 0 2473037855 2427135637 0 0 0 0 0 0 974653763 19190956 4148379648 478302208 0 17053044 12582077 3733470 5023607 19985131
1790323481939 0 114060 534 2473163637 2427268170 0 0 0 0 0 0 974722222 19191313 4148445184 480182272 2916352 17319870 12772582 3802439 5097232 20307935
1790323482965 0 59644 0 2473255831 2427415194 0 0 0 0 0 0 974779643 19191590 4148510720 227606528 0 17522706 12912966 3857039 5218824 20797410
1790323483986 0 72916 0 2473397214 2427543196 0 0 0 0 0 0 974849438 19191965 4148981760 281305088 0 17800154 13120049 3929998 5300357 21060816
1790323485011 0 87318 0 2473528194 2427659933 0 0 0 0 0 0 974911495 19192326 4147920896 337793024 0 18053362 13307095 3992794 5375909 21273650
1790323486044 0 64815 0 2473624611 2427778718 0 0 0 0 0 0 974960127 19192591 4148023296 245403648 0 18252857 13445983 4039571 5446677 21700996
1790323487082 0 141202 0 2473778564 2427856546 0 0 0 0 0 0 975048459 19193028 4148768768 560525312 0 18580062 13681895 4127553 5522620 21823883
1790323488107 0 46479 0 2473865425 2428038005 0 0 0 0 0 0 975084016 19193234 4148191232 171286528 0 18731177 13799093 4162721 5577617 22124800
1790323489138 0 116532 0 2474013336 2428115831 0 0 0 0 0 0 975165230 19193641 4148056064 459104256 0 19039507 14020540 4242869 5627142 22312185
1790323490167 0 106571 0 2474122010 2428234616 0 0 0 0 0 0 975220520 19193939 4148469760 418541568 0 19248594 14181512 4299643 5718019 22622538
1790323491192 0 120465 632 2474227560 2428325768 0 0 0 0 0 0 975261077 19194200 4148117504 493563904 14012416 19464380 14328760 4342544 5797155 22800608
1790323492219 0 133122 2587 2474348307 2428431705 0 0 0 0 0 0 975319048 19194523 4148137984 558489600 4386816 19707382 14500947 4400235 5893221 23068941
1790323493250 0 77616 451 2474452911 2428593870 0 0 0 0 0 0 975374027 19194811 4148092928 334315520 4206592 19913074 14653064 4454265 5987636 23386914
1790323494293 0 64882 0 2474542080 2428696224 0 0 0 0 0 0 975418164 19195049 4148121600 247156736 0 20073437 14780534 4498468 6108611 23817877
1790323495324 0 120291 596 2474694045 2428792045 0 0 0 0 0 0 975488436 19195440 4147470336 492924928 2080768 20361213 14998658 4569787 6163037 23989741
1790323496344 0 145990 1971 2474804679 2428876017 0 0 0 0 0 0 975542622 19195750 4147019776 616472576 0 20577191 15156887 4621566 6266451 24259314
1790323497370 0 102556 0 2474891021 2429007526 0 0 0 0 0 0 975586579 19195986 4147855360 401911808 0 20748920 15279695 4664486 6347984 24608022
1790323498398 0 136810 0 2475017507 2429099666 0 0 0 0 0 0 975654345 19196339 4148760576 542601216 0 20995774 15467708 4732108 6468906 24777828
1790323499431 0 23814 930 2475067870 2429262266 0 0 0 0 0 0 975671583 19196458 4148355072 117481472 3043328 21093122 15539375 4753011 6525507 25078071
1790323500465 0 106302 0 2475234740 2429347435 0 0 0 0 0 0 975761231 19196931 4148297728 419594240 0 21420094 15783096 4840160 6599632 25329555
1790323501489 0 114255 1610 2475354449 2429457776 0 0 0 0 0 0 975805757 19197220 4147306496 476913664 6340608 21647179 15947616 4886966 6688092 25631280
1790323502521 0 115824 0 2475459311 2429562413 0 0 0 0 0 0 975849541 19197492 4147294208 453931008 0 21834524 16086586 4930294 6756769 25797450
1790323503559 0 94358 1264 2475575467 2429698734 0 0 0 0 0 0 975894147 19197788 4145721344 396546048 4431872 22047127 16244850 4975201 6811064 26115653
1790323504589 0 92001 685 2475676371 2429802788 0 0 0 0 0 0 975944074 19198069 4145434624 383008768 3399680 22238918 16392325 5024643 6903090 26419571
1790323505609 0 68782 0 2475766907 2429917053 0 0 0 0 0 0 975982008 19198306 4144943104 263827456 0 22389980 16513561 5063130 6985090 26794349
1790323506639 0 80277 62 2475888804 2430027637 0 0 0 0 0 0 976053590 19198658 4145774592 311558144 0 22631539 16697300 5130551 7053144 27083559
1790323507672 0 81268 0 2476000485 2430138172 0 0 0 0 0 0 976101677 19198943 4146937856 313790464 0 22840454 16854526 5181977 7126903 27386305
1790323508701 0 96866 6009 2476117325 2430233538 0 0 0 0 0 0 976167589 19199271 4148326400 396775424 45936640 23100564 17036592 5248848 7203091 27588805
1790323509743 0 76066 1319 2476236360 2430378121 0 0 0 0 0 0 976222761 19199593 4148617216 329175040 1986560 23323565 17201806 5303035 7269501 27985652
1790323510787 0 68457 0 2476330755 2430481284 0 0 0 0 0 0 976272525 19199841 4148178944 260235264 0 23507705 17334492 5348520 7362393 28270585
1790323511818 0 85651 0 2476458576 2430591877 0 0 0 0 0 0 976334814 19200184 4148772864 334041088 0 23767186 17523220 5414713 7432895 28547836
1790323512839 0 79504 0 2476562982 2430702470 0 0 0 0 0 0 976379105 19200437 4148445184 307675136 0 23965055 17667223 5458944 7486273 28887724
1790323513861 0 134658 0 2476690812 2430775177 0 0 0 0 0 0 976433898 19200768 4147490816 534159360 0 24206605 17843526 5512889 7545211 29102047
1790323514885 0 129188 0 2476795967 2430885770 0 0 0 0 0 0 976474880 19201020 4146978816 510668800 0 24401304 17985414 5554909 7644612 29361581
1790323515910 0 8193 29 2476867346 2431078282 0 0 0 0 0 0 976510887 19201211 4146925568 22962176 0 24536666 18092045 5591494 7694749 29771601
1790323516938 0 108739 546 2477032804 2431142642 0 0 0 0 0 0 976583171 19201634 4146868224 448962560 1966080 24842552 18324196 5664343 7770743 29970277
1790323517969 0 138855 657 2477139775 2431219630 0 0 0 0 0 0 976623893 19201884 4146077696 590290944 4784128 25029683 18467120 5705118 7863228 30208235
1790323519017 0 106213 480 2477260923 2431373250 0 0 0 0 0 0 976675570 19202202 4146159616 446144512 18305024 25253776 18633471 5756125 7917143 30436499
1790323520058 0 107351 1037 2477376633 2431487509 0 0 0 0 0 0 976725099 19202505 4146339840 450744320 2633728 25462069 18794410 5806160 7988950 30658283
1790323521085 0 85047 11532 2477485881 2431608422 0 0 0 0 0 0 976788519 19202831 4147015680 383979520 25186304 25673801 18964469 5869968 8066803 30997775
1790323522104 0 97749 0 2477607486 2431728696 0 0 0 0 0 0 976858037 19203174 4147986432 382832640 0 25913856 19143080 5937114 8158431 31446633
1790323523125 0 83115 8 2477703224 2431839285 0 0 0 0 0 0 976892002 19203408 4147101696 324104192 0 26079417 19269733 5971640 8211714 31698261
1790323524145 0 100476 0 2477831303 2431949882 0 0 0 0 0 0 976949194 19203739 4147441664 394862592 0 26335943 19449994 6029993 8303099 31979083
1790323525172 0 87352 0 2477928886 2432060475 0 0 0 0 0 0 976994420 19204005 4147220480 336592896 0 26531772 19585710 6073421 8364826 32214688
1790323526215 0 59882 0 2478026305 2432185350 0 0 0 0 0 0 977044744 19204275 4148371456 268247040 5570560 26725431 19733646 6125641 8434870 32491369
1790323527269 0 82587 1062 2478153890 2432289292 0 0 0 0 0 0 977102129 19204608 4147200000 350490624 1273856 26959842 19913799 6183357 8524013 32812133
1790323528288 0 142974 0 2478301821 2432377924 0 0 0 0 0 0 977169892 19204990 4146872320 567709696 0 27234352 20118603 6249603 8588833 33055851
1790323529308 0 142244 0 2478411713 2432488517 0 0 0 0 0 0 977216993 19205276 4146642944 565927936 0 27436332 20269678 6295537 8685142 33330125
1790323530333 0 105660 18788 2478535663 2432630262 0 0 0 0 0 0 977270227 19205598 4146343936 463724544 54394880 27670589 20447557 6351655 8762445 33646735
1790323531358 0 111762 657 2478649024 2432755701 0 0 0 0 0 0 977318359 19205901 4145885184 466485248 8683520 27874523 20604174 6399691 8823671 33997275
1790323532387 0 105117 366 2478762674 2432876249 0 0 0 0 0 0 977373710 19206198 4145606656 435138560 2105344 28084535 20765573 6453960 8894965 34243379
1790323533407 0 93339 0 2478886944 2433012667 0 0 0 0 0 0 977432700 19206529 4145557504 365871104 0 28316507 20940734 6512432 8979849 34586679
1790323534440 0 89870 0 2478996160 2433125308 0 0 0 0 0 0 977481401 19206817 4146143232 349282304 0 28514862 21093628 6561566 9043411 34881790
1790323535468 0 63922 0 2479084776 2433239997 0 0 0 0 0 0 977525153 19207060 4146741248 245039104 0 28690067 21222799 6605252 9097858 35301429
1790323536491 0 76420 1124 2479201052 2433342614 0 0 0 0 0 0 977579763 19207369 4146847744 326938624 3719168 28915012 21392494 6660675 9242729 35712295
1790323537524 0 89049 322 2479318681 2433448389 0 0 0 0 0 0 977645619 19207703 4148318208 374853632 2076672 29148292 21567659 6726204 9320840 36079421
1790323538563 0 57709 3139 2479420302 2433578659 0 0 0 0 0 0 977689814 19207969 4148006912 260304896 2105344 29350660 21711600 6771025 9403631 36499439
1790323539585 0 147160 438 2479590335 2433661876 0 0 0 0 0 0 977787652 19208450 4148948992 614813696 884736 29704308 21970822 6868604 9479513 36702354
1790323540621 0 109298 18666 2479706204 2433797302 0 0 0 0 0 0 977840362 19208756 4148948992 531329024 16728064 29925261 22135258 6921694 9548845 36982406
1790323541658 0 130759 12637 2479819094 2433894825 0 0 0 0 0 0 977895859 19209061 4148416512 587542528 14041088 30154847 22298982 6977365 9636802 37200680
1790323542679 0 148741 0 2479928491 2433998858 0 0 0 0 0 0 977952257 19209358 4148051968 592744448 0 30374152 22454351 7031028 9684104 37343105
1790323543708 0 135264 2383 2480047118 2434128713 0 0 0 0 0 0 978009703 19209682 4149006336 561033216 25260032 30606477 22630588 7091132 9762790 37715369
1790323544755 0 12115 0 2480090023 2434296896 0 0 0 0 0 0 978025670 19209784 4148707328 31993856 0 30679096 22684044 7106945 9820511 38129919
1790323545779 0 92894 902 2480257489 2434382916 0 0 0 0 0 0 978107835 19210235 4148277248 386867200 3280896 31010188 22929251 7188586 9907115 38276271
1790323546807 0 88490 1343 2480372725 2434501904 0 0 0 0 0 0 978161985 19210539 4148269056 388718592 5472256 31236538 23093426 7242652 10010075 38524038
1790323547859 0 100583 432 2480484927 2434602805 0 0 0 0 0 0 978210479 19210831 4148092928 429109248 2433024 31441079 23246874 7289760 10103355 38818413
1790323548920 0 93675 3098 2480598686 2434721029 0 0 0 0 0 0 978266787 19211135 4147781632 421502976 9650176 31672701 23416080 7347603 10162967 39010147
1790323549975 0 114542 453 2480708500 2434812626 0 0 0 0 0 0 978318236 19211422 4147703808 492855296 1753088 31881748 23570015 7398576 10253844 39262397
1790323551015 0 75922 0 2480815393 2434958408 0 0 0 0 0 0 978369055 19211705 4148060160 293736448 0 32084062 23721467 7449271 10316016 39633191
1790323552040 0 96136 0 2480948189 2435071053 0 0 0 0 0 0 978422104 19212033 4147040256 374829056 0 32330947 23902016 7502404 10397555 39902863
1790323553072 0 137040 1606 2481064618 2435145031 0 0 0 0 0 0 978477797 19212351 4147023872 574631936 2871296 32559502 24073563 7559062 10482769 40102134
1790323554096 0 143416 0 2481164456 2435240014 0 0 0 0 0 0 978528174 19212626 4148109312 568090624 0 32742150 24213267 7606763 10560917 40379771
1790323555128 0 97517 0 2481231131 2435352655 0 0 0 0 0 0 978555432 19212802 4147810304 378634240 0 32864641 24304142 7633947 10613067 40527712
1790323556159 0 22802 2273 2481331912 2435525938 0 0 0 0 0 0 978605570 19213074 4148248576 121569280 6311936 33073400 24456018 7686373 10674487 40893004
1790323557198 0 148940 0 2481475046 2435545168 0 0 0 0 0 0 978665452 19213442 4147924992 590852096 0 33333498 24648211 7744618 10777969 40985895
1790323558233 0 110323 0 2481547060 2435655761 0 0 0 0 0 0 978702004 19213644 4147912704 434335744 0 33471218 24752023 7779046 10857696 41377588
1790323559260 0 109915 0 2481655194 2435764306 0 0 0 0 0 0 978754181 19213935 4148547584 431206400 0 33690565 24909624 7833884 10967945 41745524
1790323560287 0 135827 0 2481787603 2435870803 0 0 0 0 0 0 978812437 19214284 4148125696 538755072 0 33931626 25094820 7891703 11060656 42007330
1790323561312 0 26152 1711 2481848559 2436039697 0 0 0 0 0 0 978836593 19214440 4148158464 118419456 3178496 34050056 25182752 7917884 11107734 42380327
1790323562341 0 93689 595 2482005122 2436129949 0 0 0 0 0 0 978915674 19214862 4147249152 402255872 1204224 34341126 25409615 7995527 11178032 42574529
1790323563369 0 113110 529 2482116984 2436222309 0 0 0 0 0 0 978980943 19215195 4148445184 468684800 2093056 34574872 25582631 8061722 11254396 42800765
1790323564392 0 92881 0 2482224836 2436351064 0 0 0 0 0 0 979031346 19215493 4148592640 362246144 0 34775031 25730696 8109435 11311733 43098777
1790323565425 0 63018 1079 2482321325 2436476310 0 0 0 0 0 0 979072834 19215741 4148355072 277614592 3858432 34967507 25870358 8153984 11420131 43507319
1790323566454 0 137961 6132 2482491606 2436566628 0 0 0 0 0 0 979166754 19216223 4148043776 621150208 0 35319902 26127647 8247832 11516553 43721313
1790323567476 0 97581 528 2482619630 2436740524 0 0 0 0 0 0 979225899 19216569 4148674560 413356032 1060864 35558555 26306793 8306249 11616389 44039657
1790323568507 0 65563 529 2482733162 2436886477 0 0 0 0 0 0 979281387 19216869 4148465664 285556736 1335296 35788375 26471311 8361839 11672358 44312755
1790323569550 0 67651 810 2482849709 2437000362 0 0 0 0 0 0 979331931 19217178 4148781056 308477952 5386240 36011616 26635199 8413149 11776595 44582227
1790323570592 0 130928 0 2482975924 2437063987 0 0 0 0 0 0 979406896 19217539 4149088256 518713344 0 36274533 26825199 8485236 11843803 44816876
1790323571622 0 75860 2772 2483029978 2437170418 0 0 0 0 0 0 979429894 19217681 4148858880 322736128 3428352 36380084 26906963 8511373 11902420 45309848
1790323572641 0 92994 0 2483129392 2437255477 0 0 0 0 0 0 979476706 19217945 4148076544 362733568 0 36558028 27043926 8556943 11989439 45593740
1790323573667 0 102952 973 2483228243 2437343413 0 0 0 0 0 0 979519402 19218196 4147884032 424132608 2490368 36745703 27185797 8600629 12056056 45942017
1790323574690 0 111321 800 2483299509 2437406357 0 0 0 0 0 0 979557185 19218397 4147998720 457891840 1269760 36896513 27290546 8638042 12138814 46268328
1790323575726 0 121401 1534 2483389680 2437485749 0 0 0 0 0 0 979586967 19218618 4147150848 510373888 4198400 37055887 27408698 8668265 12207764 46622533
1790323576761 0 6702 35 2483441390 2437653592 0 0 0 0 0 0 979617149 19218765 4147433472 8450048 0 37150616 27480854 8695248 12284931 47026367
1790323577815 0 117006 875 2483598587 2437699819 0 0 0 0 0 0 979701019 19219218 4147810304 486674432 2105344 37470977 27720076 8781573 12363992 47274435
1790323578858 0 135063 876 2483695762 2437778946 0 0 0 0 0 0 979747773 19219488 4148199424 553197568 11087872 37661922 27863247 8829233 12446456 47572827
1790323579877 0 115801 1314 2483760428 2437862520 0 0 0 0 0 0 979781072 19219657 4148469760 483258368 0 37794167 27955123 8861265 12532773 47969982
1790323580901 0 142291 3358 2483860184 2437933512 0 0 0 0 0 0 979824200 19219917 4148137984 594345984 9568256 37992389 28096739 8905596 12594264 48209818
1790323581921 0 128959 0 2483933196 2438023315 0 0 0 0 0 0 979858219 19220107 4148015104 511004672 0 38128290 28194643 8937894 12731784 48704941
1790323582960 0 76472 808 2483997306 2438139304 0 0 0 0 0 0 979893032 19220284 4148576256 329818112 4206592 38258442 28293162 8973828 12791204 49065284
1790323584000 0 81719 0 2484078436 2438215828 0 0 0 0 0 0 979928283 19220501 4148441088 316182528 0 38407199 28403314 9007633 12887209 49333415
1790323585030 0 97063 1754 2484172115 2438292201 0 0 0 0 0 0 979981279 19220763 4149321728 408911872 884736 38613882 28551522 9062647 12937112 49621775
1790323586055 0 113476 599 2484248934 2438354079 0 0 0 0 0 0 980023287 19220984 4149551104 468779008 4145152 38775155 28667842 9104747 13032138 49848171
1790323587080 0 0 27 2484248935 2438468002 0 0 0 0 0 0 980023287 19220984 4149551104 0 4202496 38775155 28667842 9104747 13032138 49896678
1790323588099 0 2 0 2484248938 2438468024 0 0 0 0 0 0 980151693 19221254 4180283392 4096 0 38897383 28786058 9230466 13101449 50106155
1790323589118 0 2 0 2484248938 2438468024 0 0 0 0 0 0 980316221 19221586 4187054080 4096 0 39090285 28948530 9394591 13183109 50265193
1790323590138 0 2 0 2484248938 2438468024 0 0 0 0 0 0 980487599 19221899 4196020224 4096 0 39306178 29117843 9566093 13267931 50423727
1790323591157 0 3 0 2484248939 2438468024 0 0 0 0 0 0 980575533 19222061 3719786496 8192 0 39709529 29208067 9656993 13362152 50487362
