1790319118390 0 1 0 2132044898 2086289355 0 0 0 0 0 0 811850607 18676544 - - - - - - - -
1790319120213 0 106529 0 2132380008 2086517835 0 0 0 0 0 0 811850640 18676621 1349988352 413831168 0 0 0 0 0 80957
1790319121235 0 110638 0 2132525422 2086659151 0 0 0 0 0 0 811850640 18676624 1948864512 433917952 0 0 0 0 0 151994
1790319122259 0 128907 18432 2132708465 2086805584 0 0 0 0 0 0 811850640 18676624 2717954048 527753216 75497472 0 0 0 0 250288
1790319123278 0 141026 2048 2132907000 2087008338 0 0 0 0 0 0 811850640 18676624 3514339328 577585152 8388608 0 0 0 0 267621
1790319124298 0 122564 2078 2133085279 2087205021 0 0 0 0 0 0 811850640 18676624 4159000576 506159104 8388608 54988 21778 0 25188 267621
1790319125330 0 83433 8135 2133234413 2087387281 0 0 0 0 0 0 811859756 18676641 4157923328 399597568 17158144 325908 183146 8857 117560 351336
1790319126359 0 97500 3074 2133376495 2087520367 0 0 0 0 0 0 811868893 18676657 4157173760 445206528 16777216 540528 334740 18164 180916 425921
1790319127379 0 126119 0 2133521896 2087640214 0 0 0 0 0 0 811882298 18676681 4156858368 502980608 0 754549 490421 31664 294969 602404
1790319128398 0 130774 0 2133645306 2087758999 0 0 0 0 0 0 811898415 18676711 4157038592 524242944 0 932430 630460 47775 399244 867634
1790319129423 0 49520 4168 2133741341 2087932142 0 0 0 0 0 0 811912734 18676735 4157341696 227995648 25165824 1102095 743172 61885 526290 1098095
1790319130443 0 119415 1 2133863430 2087988362 0 0 0 0 0 0 811943738 18676788 4159098880 477769728 0 1352732 893149 93149 679314 1374599
1790319131463 0 135064 6042 2133962012 2088065309 0 0 0 0 0 0 811981257 18676851 4161593344 569962496 16359424 1550117 1031401 130553 812356 1562686
1790319132489 0 91805 0 2134023035 2088175769 0 0 0 0 0 0 812006315 18676892 4163489792 375873536 15925248 1665213 1117128 155692 855832 1861649
1790319133509 0 128535 45 2134120284 2088236143 0 0 0 0 0 0 812046299 18676962 4166316032 517959680 0 1852157 1250405 194560 922183 2096291
1790319134539 0 110914 16396 2134202166 2088319286 0 0 0 0 0 0 812078335 18677014 4168388608 462512128 59928576 2009381 1366915 227631 959562 2229979
1790319135572 0 19066 0 2134228371 2088453763 0 0 0 0 0 0 812091229 18677031 4169465856 73711616 0 2055155 1403133 238974 1017391 2753875
1790319136610 0 127142 1520 2134363288 2088479165 0 0 0 0 0 0 812142119 18677119 4172193792 524632064 25165824 2312062 1590438 291509 1100273 2896252
1790319137634 0 111105 0 2134428987 2088562308 0 0 0 0 0 0 812172953 18677166 4173950976 442535936 0 2454420 1683940 322338 1141953 3102368
1790319138653 0 75952 15 2134498312 2088666795 0 0 0 0 0 0 812198151 18677210 4174819328 306819072 0 2595498 1777667 344968 1202944 3299920
1790319139683 0 55616 19693 2134578345 2088747492 0 0 0 0 0 0 812244280 18677286 4177084416 283443200 41664512 2785462 1906843 393640 1325429 3726473
1790319140717 0 109290 22529 2134680030 2088792583 0 0 0 0 0 0 812284988 18677353 4177506304 447860736 92274688 2990021 2049161 434416 1401336 3808973
1790319141737 0 39478 0 2134727673 2088932594 0 0 0 0 0 0 812305818 18677391 4177948672 153640960 0 3082047 2114894 454667 1498943 4309751
1790319142761 0 82983 22599 2134842148 2088981015 0 0 0 0 0 0 812351850 18677467 4177420288 411975680 28549120 3318944 2278044 501229 1644283 4598499
1790319143789 0 138514 5110 2134937614 2089038448 0 0 0 0 0 0 812408298 18677564 4177948672 588115968 33554432 3548887 2429700 557594 1694477 4731361
1790319144822 0 128971 0 2135007639 2089123060 0 0 0 0 0 0 812452518 18677642 4179001344 523145216 0 3715265 2541081 600488 1804971 4984998
1790319145841 0 105834 0 2135076607 2089215222 0 0 0 0 0 0 812484633 18677696 4178976768 427245568 0 3860004 2641582 632241 1900790 5399198
1790319146865 0 37004 6148 2135127957 2089329290 0 0 0 0 0 0 812514982 18677751 4179603456 151400448 25165824 3976669 2726372 664342 1961044 5829893
1790319147883 0 98771 0 2135230841 2089376477 0 0 0 0 0 0 812573051 18677851 4180357120 395472896 0 4210883 2883754 721356 2113791 6097882
1790319148904 0 74148 0 2135294351 2089464607 0 0 0 0 0 0 812617321 18677923 4181315584 297988096 0 4379246 2990880 764465 2251329 6507807
1790319149927 0 71270 8188 2135375384 2089540356 0 0 0 0 0 0 812667264 18678005 4182204416 323301376 25165824 4574383 3124780 816624 2372777 6961505
1790319150953 0 105664 12272 2135460981 2089587503 0 0 0 0 0 0 812729654 18678114 4183175168 462422016 83886080 4789457 3272098 879014 2524951 7265513
1790319151977 0 142082 2044 2135544554 2089644841 0 0 0 0 0 0 812802208 18678246 4183810048 589905920 5574656 5016753 3427993 951441 2595605 7346277
1790319152996 0 12324 0 2135557508 2089789663 0 0 0 0 0 0 812823645 18678284 4184760320 43016192 0 5073803 3459998 971668 2782176 8116937
1790319154015 0 123775 0 2135669013 2089789663 0 0 0 0 0 0 812926928 18678461 4187766784 500146176 0 5382600 3673505 1074397 2843179 8160309
1790319155035 0 102427 0 2135731580 2089873632 0 0 0 0 0 0 812979456 18678552 4188434432 411009024 0 5558425 3788879 1127741 2980568 8625067
1790319156054 0 87391 0 2135796532 2089953506 0 0 0 0 0 0 813026993 18678636 4187811840 350457856 0 5726258 3901706 1175335 3125018 9073837
1790319157080 0 76603 3373 2135863476 2090027985 0 0 0 0 0 0 813090964 18678742 4188291072 313577472 30576640 5927987 4035395 1240324 3225113 9481746
1790319158107 0 106771 20513 2135941459 2090058690 0 0 0 0 0 0 813173125 18678887 4188721152 437075968 83886080 6166665 4195428 1322485 3393913 9830658
1790319159127 0 42658 0 2135986706 2090188506 0 0 0 0 0 0 813208667 18678951 4188413952 165924864 0 6282949 4272862 1356843 3502875 10423037
1790319160146 0 152466 0 2136096574 2090188506 0 0 0 0 0 0 813309731 18679129 4187484160 616230912 0 6596160 4484028 1457903 3717196 10561990
1790319161165 0 131000 1 2136152932 2090266331 0 0 0 0 0 0 813377184 18679245 4188721152 531501056 0 6795289 4607550 1524601 3932005 10943006
1790319162184 0 120446 0 2136218102 2090342109 0 0 0 0 0 0 813438776 18679353 4188549120 488243200 0 6980992 4734503 1586309 4071956 11344925
1790319163203 0 104295 0 2136277709 2090417886 0 0 0 0 0 0 813510673 18679522 4189372416 421064704 0 7183877 4865053 1658787 4179784 11616951
1790319164228 0 42239 14916 2136330184 2090517520 0 0 0 0 0 0 813578140 18679729 4189528064 172875776 73109504 7371650 4985256 1727468 4243305 11924968
1790319165247 0 69942 0 2136404263 2090578752 0 0 0 0 0 0 813655824 18679985 4189855744 280076288 0 7592044 5130163 1803520 4358453 12240168
1790319166271 0 112563 814 2136490457 2090621679 0 0 0 0 0 0 813745438 18680280 4189003776 460718080 15470592 7866230 5305356 1894798 4563799 12546606
1790319167294 0 134071 1033 2136565863 2090675225 0 0 0 0 0 0 813818803 18680525 4188471296 555454464 6307840 8082120 5450423 1968171 4671368 12857215
1790319168313 0 150745 438 2136635656 2090728936 0 0 0 0 0 0 813892250 18680770 4188168192 623972352 0 8296717 5588249 2040644 4743478 13082108
1790319169336 0 24382 1610 2136643371 2090861939 0 0 0 0 0 0 813906053 18680807 4188372992 109158400 4583424 8331232 5611570 2055217 4814014 13903032
1790319170355 0 79195 0 2136724136 2090889367 0 0 0 0 0 0 814001956 18681128 4188626944 315875328 0 8578562 5781193 2150158 4974203 14097368
1790319171374 0 100270 0 2136792277 2090936473 0 0 0 0 0 0 814085375 18681385 4189089792 408764416 0 8799615 5929816 2232702 5035501 14237062
1790319172393 0 72203 0 2136841000 2091013277 0 0 0 0 0 0 814135494 18681550 4188581888 289615872 0 8954442 6025996 2283254 5112664 14506095
1790319173413 0 81540 0 2136898559 2091061409 0 0 0 0 0 0 814215899 18681789 4189712384 326623232 0 9169176 6160392 2363555 5298241 14905436
1790319174438 0 4598 4 2136928792 2091168594 0 0 0 0 0 0 814251352 18681902 4189921280 12775424 0 9273430 6224388 2398384 5390436 15433282
1790319175459 0 89843 0 2137021224 2091175808 0 0 0 0 0 0 814367350 18682263 4189818880 357953536 0 9591670 6428301 2515516 5528660 15556326
1790319176481 0 91109 59 2137084880 2091238258 0 0 0 0 0 0 814436144 18682484 4189138944 362717184 0 9789869 6557875 2584592 5651670 15845253
1790319177508 0 19506 1752 2137113677 2091336939 0 0 0 0 0 0 814475590 18682605 4189089792 96641024 0 9901320 6626623 2623395 5823538 16373605
1790319178527 0 72066 0 2137189703 2091362181 0 0 0 0 0 0 814574949 18682902 4189786112 285937664 0 10158281 6796385 2723149 5967138 16559474
1790319179546 0 78158 41711 2137269823 2091394510 0 0 0 0 0 0 814666550 18683197 4189237248 346066944 155729920 10416572 6967391 2815910 6173059 16804227
1790319180564 0 15421 0 2137289384 2091518385 0 0 0 0 0 0 814688893 18683268 4189114368 54927360 0 10477191 7005044 2836924 6356679 17464878
1790319181583 0 92070 0 2137385361 2091537788 0 0 0 0 0 0 814792130 18683620 4188934144 364384256 0 10784877 7199512 2941031 6579298 17726012
1790319182602 0 81363 0 2137438307 2091601335 0 0 0 0 0 0 814859109 18683830 4189036544 322912256 0 10965696 7317174 3008052 6780166 18188593
1790319183621 0 41076 0 2137481987 2091685324 0 0 0 0 0 0 814910937 18683997 4187770880 162013184 0 11112572 7410050 3058268 6922934 18555024
1790319184640 0 70029 0 2137548719 2091723235 0 0 0 0 0 0 814997089 18684263 4188160000 279977984 0 11336270 7559201 3144354 7041378 18708283
1790319185659 0 20602 0 2137597068 2091820931 0 0 0 0 0 0 815046122 18684438 4188061696 73895936 0 11486398 7654616 3194775 7237510 19283668
1790319186678 0 115049 0 2137698853 2091828100 0 0 0 0 0 0 815149421 18684782 4186787840 467296256 0 11798127 7854753 3296805 7384098 19418681
1790319187703 0 69114 0 2137744873 2091920265 0 0 0 0 0 0 815202720 18684953 4186959872 272625664 0 11946237 7951279 3350937 7474291 19590534
1790319188723 0 41200 0 2137790667 2091993964 0 0 0 0 0 0 815266300 18685146 4187332608 164429824 0 12120710 8059087 3414127 7674660 20022263
1790319189743 0 93386 0 2137874732 2092025748 0 0 0 0 0 0 815358328 18685455 4187131904 379277312 0 12379342 8230650 3505540 7766594 20140252
1790319190767 0 66266 2705 2137934430 2092109986 0 0 0 0 0 0 815428400 18685689 4186845184 285036544 5242880 12581591 8360398 3577735 7929976 20627177
1790319191786 0 58402 0 2137999659 2092185585 0 0 0 0 0 0 815492949 18685913 4187217920 231763968 0 12760646 8483732 3641164 8090263 21034475
1790319192807 0 88497 0 2138071603 2092227571 0 0 0 0 0 0 815592517 18686211 4187422720 354471936 0 13020279 8651088 3740229 8302519 21334950
1790319193827 0 120399 0 2138152653 2092276726 0 0 0 0 0 0 815667101 18686486 4186673152 489000960 0 13250370 8803382 3814314 8451165 21558058
1790319194846 0 148516 1241 2138230661 2092325491 0 0 0 0 0 0 815739927 18686760 4185169920 625954816 0 13483324 8953078 3888930 8643538 21929886
1790319195869 0 9369 580 2138239422 2092474056 0 0 0 0 0 0 815750772 18686793 4185206784 59359232 1732608 13513884 8972810 3899867 8677841 22345294
1790319196892 0 85831 0 2138325205 2092483880 0 0 0 0 0 0 815867714 18687167 4187033600 343207936 0 13801014 9167916 4015791 8812702 22497055
1790319197912 0 106473 48 2138402197 2092540178 0 0 0 0 0 0 815952600 18687465 4185927680 431992832 0 14042021 9325806 4099478 8932322 22675838
1790319198935 0 66627 60 2138441252 2092619069 0 0 0 0 0 0 816006778 18687629 4185935872 264527872 0 14191404 9417128 4154675 9081580 23044380
1790319199957 0 67742 0 2138499654 2092676405 0 0 0 0 0 0 816077393 18687862 4186726400 269189120 0 14384267 9543828 4225892 9186140 23277570
1790319200976 0 24961 0 2138549409 2092768813 0 0 0 0 0 0 816128475 18688041 4186505216 94916608 0 14528461 9641714 4276265 9316956 23806327
1790319201995 0 128923 0 2138653318 2092768813 0 0 0 0 0 0 816243868 18688431 4185067520 523964416 0 14850492 9856265 4391131 9439421 23905979
1790319203014 0 101339 0 2138709717 2092852784 0 0 0 0 0 0 816305600 18688639 4185133056 411254784 0 15020419 9972127 4453341 9622910 24301472
1790319204039 0 95292 5735 2138772358 2092915850 0 0 0 0 0 0 816364848 18688863 4184387584 390316032 33767424 15212395 10093989 4514144 9783619 24606693
1790319205058 0 103183 0 2138829336 2092970551 0 0 0 0 0 0 816432413 18689089 4184600576 410165248 0 15379545 10212379 4581276 9872406 24853931
1790319206077 0 11935 30 2138855194 2093087616 0 0 0 0 0 0 816467747 18689196 4185026560 44384256 0 15464185 10272241 4614977 10001056 25243058
1790319207096 0 101246 0 2138950595 2093093794 0 0 0 0 0 0 816586281 18689578 4186267648 406319104 0 15788215 10481800 4734174 10241496 25461063
1790319208115 0 95810 0 2139008659 2093157294 0 0 0 0 0 0 816659744 18689812 4186836992 386236416 0 15994961 10611744 4808318 10339287 25734982
1790319209138 0 30938 10 2139041062 2093254524 0 0 0 0 0 0 816701380 18689939 4187037696 122482688 0 16119067 10683199 4848393 10570360 26239242
1790319210159 0 83105 0 2139122021 2093283258 0 0 0 0 0 0 816800433 18690252 4187340800 335249408 0 16379552 10859330 4947615 10659138 26326323
1790319211183 0 3134 1027 2139153506 2093393803 0 0 0 0 0 0 816847592 18690388 4187299840 23433216 5570560 16507370 10939922 4996870 10767086 26963494
1790319212202 0 84797 0 2139243966 2093403601 0 0 0 0 0 0 816959140 18690743 4188180480 343248896 0 16804060 11134993 5106767 10998951 27207878
1790319213232 0 49080 3942 2139293150 2093484622 0 0 0 0 0 0 817029504 18690945 4187987968 225419264 0 17003657 11253410 5177245 11181117 27462422
1790319214250 0 47248 0 2139346676 2093543913 0 0 0 0 0 0 817098698 18691159 4188221440 189444096 0 17183757 11372026 5245790 11268283 27624483
1790319215269 0 103298 0 2139428375 2093569515 0 0 0 0 0 0 817187907 18691458 4187406336 414867456 0 17434061 11539257 5335758 11433587 27802945
1790319216296 0 23799 2497 2139463196 2093681384 0 0 0 0 0 0 817222881 18691579 4186398720 123056128 10104832 17545423 11611396 5372197 11700856 28169115
1790319217331 0 71422 0 2139541872 2093714908 0 0 0 0 0 0 817312785 18691878 4186054656 286494720 0 17797364 11773755 5460656 11832554 28412239
1790319218356 0 84911 1533 2139609139 2093767205 0 0 0 0 0 0 817403086 18692157 4187103232 356380672 7892992 18038247 11931210 5552422 12027578 28784412
1790319219375 0 43677 0 2139653318 2093854160 0 0 0 0 0 0 817450034 18692321 4186910720 172625920 0 18179791 12017021 5597398 12190286 29174358
1790319220393 0 135589 0 2139751374 2093860305 0 0 0 0 0 0 817558873 18692678 4186685440 551178240 0 18483916 12219863 5706050 12286759 29260176
1790319221417 0 29263 1490 2139777609 2093991412 0 0 0 0 0 0 817581235 18692763 4185817088 125693952 10137600 18554141 12270580 5730499 12427476 29950263
1790319222443 0 76648 0 2139862955 2094030764 0 0 0 0 0 0 817665315 18693071 4185579520 313876480 16642048 18811465 12436261 5814675 12661813 30283973
1790319223470 0 103887 8504 2139939431 2094071665 0 0 0 0 0 0 817751034 18693354 4185694208 425517056 45932544 19043906 12594918 5900394 12779527 30506636
1790319224494 0 39979 6 2139963468 2094168001 0 0 0 0 0 0 817786718 18693461 4185640960 163856384 7225344 19127758 12651876 5934284 12886361 30869115
1790319225523 0 83240 0 2140043671 2094204876 0 0 0 0 0 0 817868375 18693752 4185899008 330555392 0 19353708 12808873 6017025 13121500 31186154
1790319226547 0 57189 1260 2140102764 2094288908 0 0 0 0 0 0 817930626 18693964 4185989120 248717312 2277376 19539207 12930790 6079922 13216417 31454153
1790319227566 0 60562 0 2140168535 2094352352 0 0 0 0 0 0 817999651 18694203 4186144768 242372608 0 19740802 13059381 6147144 13297579 31697316
1790319228585 0 89954 0 2140237858 2094392246 0 0 0 0 0 0 818094103 18694499 4186898432 364601344 0 19992740 13220739 6241868 13431413 31845681
1790319229604 0 32598 0 2140276852 2094488555 0 0 0 0 0 0 818147250 18694660 4188086272 130363392 4435968 20127837 13312412 6296659 13582688 32364152
1790319230622 0 82705 5123 2140360652 2094517219 0 0 0 0 0 0 818240516 18694970 4187140096 375832576 0 20393601 13486244 6389558 13693008 32527321
1790319231646 0 70897 1240 2140417116 2094589434 0 0 0 0 0 0 818296157 18695169 4186791936 298156032 5197824 20570943 13596216 6445444 13835364 32996951
1790319232669 0 2079 65 2140458386 2094700682 0 0 0 0 0 0 818338590 18695314 4185976832 2138112 0 20691822 13674659 6486005 13899677 33175779
1790319233688 0 90365 0 2140555974 2094709934 0 0 0 0 0 0 818448036 18695686 4186542080 363442176 0 20998321 13877165 6595679 14016688 33294848
1790319234708 0 92311 0 2140621273 2094773427 0 0 0 0 0 0 818512187 18695914 4185919488 371814400 0 21187805 14004284 6659824 14254366 33719606
1790319235727 0 59210 3650 2140669170 2094850710 0 0 0 0 0 0 818565871 18696125 4185690112 256929792 0 21343587 14104154 6713956 14360528 33963640
1790319236751 0 56623 7606 2140732931 2094913106 0 0 0 0 0 0 818637069 18696358 4186329088 231940096 43720704 21545939 14238652 6786272 14507107 34314104
1790319237770 0 58065 0 2140793074 2094979441 0 0 0 0 0 0 818705515 18696590 4186435584 231780352 0 21730224 14361717 6853396 14644631 34573051
1790319238794 0 72643 0 2140857730 2095029582 0 0 0 0 0 0 818787150 18696849 4186869760 297455616 0 21953874 14506649 6934757 14713443 34761509
1790319239813 0 24150 1095 2140901503 2095120700 0 0 0 0 0 0 818846146 18697037 4187623424 119861248 0 22119135 14608360 6994773 14826858 34985859
1790319240834 0 86874 0 2140989767 2095147399 0 0 0 0 0 0 818950459 18697374 4188372992 351678464 0 22402336 14794028 7097006 15018341 35242800
1790319241860 0 63958 1392 2141043709 2095222810 0 0 0 0 0 0 819022584 18697598 4187979776 272310272 3743744 22602079 14921443 7171767 15399074 35727368
1790319242878 0 62209 0 2141107571 2095289732 0 0 0 0 0 0 819091734 18697846 4187684864 248594432 0 22797959 15049140 7239731 15459412 35878021
1790319243903 0 90026 1934 2141180931 2095333846 0 0 0 0 0 0 819175310 18698123 4187410432 381304832 1900544 23039274 15205128 7324529 15556317 36035553
1790319244926 0 50187 0 2141219360 2095413645 0 0 0 0 0 0 819213455 18698261 4186984448 195100672 0 23153300 15277197 7361680 15861829 36564648
1790319245947 0 83722 561 2141293907 2095454173 0 0 0 0 0 0 819293879 18698531 4186890240 343142400 12599296 23390629 15432208 7443133 15946691 36722106
1790319246965 0 84218 511 2141348894 2095508710 0 0 0 0 0 0 819369597 18698755 4187328512 353968128 3211264 23578717 15560523 7518798 16060804 37038596
1790319247984 0 41666 0 2141394232 2095596970 0 0 0 0 0 0 819421417 18698924 4186947584 164450304 0 23714331 15652597 7568910 16146875 37236020
1790319249008 0 115468 665 2141492253 2095620571 0 0 0 0 0 0 819521087 18699282 4186386432 480092160 3969024 24017979 15849428 7670178 16273416 37409123
1790319250028 0 80911 0 2141535896 2095699376 0 0 0 0 0 0 819577575 18699461 4186992640 327360512 0 24169753 15944710 7724792 16346200 37662565
1790319251047 0 61666 2036 2141587283 2095768032 0 0 0 0 0 0 819637793 18699661 4187197440 250490880 18771968 24344789 16056664 7787012 16497722 37944891
1790319252066 0 52105 26075 2141657126 2095823444 0 0 0 0 0 0 819709530 18699899 4186763264 213422080 119296000 24548893 16195922 7858749 16624280 38144839
1790319253085 0 47624 0 2141705954 2095902802 0 0 0 0 0 0 819762098 18700082 4186460160 188981248 0 24702657 16292126 7909666 16724048 38652374
1790319254104 0 126724 0 2141794278 2095912020 0 0 0 0 0 0 819877235 18700452 4187828224 508743680 0 24997295 16491846 8026024 16839472 38750829
1790319255123 0 46427 2312 2141824640 2096020335 0 0 0 0 0 0 819909412 18700560 4187471872 204558336 7749632 25110498 16555552 8058639 16980518 39329549
1790319256142 0 74197 0 2141890270 2096060512 0 0 0 0 0 0 819988182 18700811 4187144192 299896832 0 25311403 16694827 8135349 17087516 39548165
1790319257177 0 76545 0 2141947853 2096115811 0 0 0 0 0 0 820063048 18701048 4188131328 309325824 0 25521665 16824948 8210776 17197371 39910758
1790319258197 0 36250 0 2141993395 2096201604 0 0 0 0 0 0 820116217 18701218 4188610560 142053376 0 25672871 16920894 8263837 17331774 40431627
1790319259216 0 131226 0 2142088405 2096201604 0 0 0 0 0 0 820234976 18701594 4188672000 528171008 0 25996195 17130589 8383079 17517525 40574153
1790319260242 0 50666 15 2142120438 2096314182 0 0 0 0 0 0 820269153 18701712 4188282880 203407360 0 26118575 17196491 8416908 17719768 41141251
1790319261264 0 56614 0 2142186814 2096374698 0 0 0 0 0 0 820338235 18701955 4187422720 229728256 0 26312534 17328849 8485171 17903386 41527078
1790319262283 0 94648 0 2142259736 2096409492 0 0 0 0 0 0 820423684 18702236 4187262976 377241600 0 26550168 17483512 8571782 18116414 41845007
1790319263302 0 21901 0 2142295040 2096517500 0 0 0 0 0 0 820464167 18702367 4187303936 80330752 0 26658088 17557953 8612198 18238147 42465209
1790319264326 0 103160 0 2142387548 2096528728 0 0 0 0 0 0 820572058 18702718 4187447296 417071104 0 26956484 17754674 8719226 18355052 42588317
1790319265349 0 71213 0 2142436462 2096609673 0 0 0 0 0 0 820619043 18702886 4187521024 283287552 0 27100021 17848283 8766549 18621238 43109934
1790319266369 0 67410 0 2142493038 2096670042 0 0 0 0 0 0 820677579 18703094 4186669056 273829888 0 27280910 17961589 8823834 18782991 43449274
1790319267392 0 77977 365 2142560778 2096727054 0 0 0 0 0 0 820746319 18703338 4186714112 327135232 6610944 27489801 18098545 8895418 18921958 43692673
1790319268424 0 7843 2063 2142604938 2096839616 0 0 0 0 0 0 820786645 18703487 4186464256 59174912 7282688 27604461 18181264 8935619 18989092 44012207
1790319269455 0 88402 0 2142693250 2096849395 0 0 0 0 0 0 820898056 18703848 4187009024 355860480 0 27885234 18374034 9045247 19167836 44231375
1790319270474 0 100320 1963 2142759570 2096901669 0 0 0 0 0 0 820978889 18704112 4187955200 424493056 4431872 28102710 18521582 9128046 19289882 44469142
1790319271493 0 22050 0 2142785787 2097008127 0 0 0 0 0 0 821011338 18704221 4188430336 86335488 0 28195835 18575792 9158239 19409534 44884981
1790319272512 0 89943 0 2142869977 2097024478 0 0 0 0 0 0 821121285 18704565 4188835840 361099264 0 28489067 18767024 9269337 19503188 44994118
1790319273536 0 62939 601 2142927019 2097107899 0 0 0 0 0 0 821176624 18704760 4188332032 263618560 2928640 28664261 18879397 9325665 19649201 45434797
1790319274555 0 48968 0 2142982242 2097177654 0 0 0 0 0 0 821236372 18704971 4187344896 195977216 0 28834662 18989812 9383591 19861795 45789584
1790319275578 0 82739 1241 2143052899 2097213624 0 0 0 0 0 0 821326645 18705281 4187762688 344977408 6529024 29078684 19151140 9475913 19955084 46019924
1790319276597 0 52662 5061 2143102715 2097289570 0 0 0 0 0 0 821376586 18705453 4187742208 241483776 3088384 29214900 19248344 9525520 20034817 46296952
1790319277617 0 66357 0 2143163350 2097341506 0 0 0 0 0 0 821440687 18705679 4187123712 263548928 0 29395721 19367805 9588697 20136705 46553963
1790319278637 0 87060 0 2143232195 2097389576 0 0 0 0 0 0 821523196 18705942 4187754496 346689536 0 29641830 19515890 9671243 20269330 46865836
1790319279656 0 8771 0 2143263546 2097499273 0 0 0 0 0 0 821561198 18706063 4188385280 31748096 0 29753932 19583981 9707941 20362386 47376020
1790319280676 0 70524 0 2143348858 2097522817 0 0 0 0 0 0 821651366 18706371 4188323840 284553216 0 30024373 19756603 9798734 20576161 47646931
1790319281696 0 76541 3086 2143418179 2097583083 0 0 0 0 0 0 821723509 18706623 4187049984 333623296 0 30236514 19897054 9872316 20758485 48046733
1790319282715 0 51455 2482 2143468040 2097658596 0 0 0 0 0 0 821761315 18706775 4186120192 210751488 21012480 30375644 19984197 9910546 20866721 48350140
1790319283735 0 81736 18233 2143547023 2097691845 0 0 0 0 0 0 821851243 18707083 4186636288 335110144 86155264 30621607 20149783 10000493 20970870 48529971
1790319284760 0 31941 876 2143583589 2097795116 0 0 0 0 0 0 821890969 18707223 4186345472 141074432 3395584 30736606 20224331 10039951 21093794 48894823
1790319285778 0 65331 0 2143660720 2097839847 0 0 0 0 0 0 821971053 18707504 4186234880 267595776 3465216 30955869 20378051 10119770 21194769 49042840
1790319286804 0 90212 37 2143736831 2097891059 0 0 0 0 0 0 822051721 18707787 4186730496 356929536 0 31190353 20529069 10200803 21376192 49446230
1790319287828 0 54039 0 2143779582 2097969904 0 0 0 0 0 0 822095274 18707940 4186710016 213196800 0 31323741 20613597 10243252 21471871 49734092
1790319288847 0 79790 0 2143850309 2098014964 0 0 0 0 0 0 822171041 18708211 4186497024 320651264 0 31537986 20757235 10318478 21543215 49847422
1790319289871 0 68407 3107 2143911459 2098084436 0 0 0 0 0 0 822245007 18708457 4187463680 295600128 5611520 31740007 20892464 10394194 21739872 50228445
1790319290889 0 47803 0 2143963453 2098160041 0 0 0 0 0 0 822300392 18708647 4187906048 191803392 0 31894228 20995087 10447625 21830560 50485268
1790319291908 0 129458 0 2144055318 2098170285 0 0 0 0 0 0 822409029 18709014 4187979776 522002432 0 32189695 21191950 10557046 21976507 50610418
1790319292932 0 31750 3329 2144081449 2098290869 0 0 0 0 0 0 822441467 18709117 4188024832 146837504 0 32293177 21250872 10590011 22181699 51218772
1790319293951 0 68844 0 2144145271 2098320825 0 0 0 0 0 0 822528508 18709398 4188684288 278003712 0 32511735 21397424 10675567 22391009 51537831
1790319294975 0 94738 6017 2144220717 2098364392 0 0 0 0 0 0 822604606 18709660 4188180480 388046848 35037184 32734211 21549339 10753825 22526816 51817504
1790319295994 0 19560 0 2144241848 2098466739 0 0 0 0 0 0 822638901 18709768 4188086272 71786496 0 32815633 21600590 10786844 22639199 52493203
1790319297013 0 102761 0 2144333225 2098474937 0 0 0 0 0 0 822749330 18710129 4188966912 414875648 0 33135560 21797859 10896239 22817668 52662656
1790319298037 0 48656 3358 2144375343 2098567779 0 0 0 0 0 0 822801847 18710297 4189138944 220225536 0 33278965 21891807 10949387 23007203 53126441
1790319299058 0 67754 0 2144438580 2098615236 0 0 0 0 0 0 822887254 18710558 4189233152 271368192 0 33488773 22036530 11034172 23174909 53432658
1790319300082 0 91149 9649 2144515636 2098659328 0 0 0 0 0 0 822979344 18710861 4188712960 373346304 51859456 33750425 22206530 11128563 23408644 53651408
1790319301102 0 23946 0 2144545888 2098766255 0 0 0 0 0 0 823009062 18710969 4188917760 90759168 0 33840060 22262451 11157430 23665027 54085540
1790319302121 0 113506 0 2144640458 2098771378 0 0 0 0 0 0 823120804 18711331 4188659712 461000704 0 34167743 22464806 11267869 23869990 54255752
1790319303145 0 58404 0 2144683686 2098869686 0 0 0 0 0 0 823165884 18711485 4188127232 239362048 0 34298704 22551421 11311997 23983472 54716512
1790319304168 0 49954 0 2144737574 2098932103 0 0 0 0 0 0 823233908 18711699 4188078080 203489280 6270976 34493631 22673408 11382498 24106128 54900251
1790319305192 0 69600 778 2144810002 2098984188 0 0 0 0 0 0 823307612 18711960 4187742208 295542784 2834432 34707014 22817396 11456639 24477560 55293028
1790319306212 0 40627 0 2144858362 2099062207 0 0 0 0 0 0 823368889 18712160 4187672576 161120256 0 34870927 22921663 11515892 24596262 55534316
1790319307236 0 94109 1387 2144936971 2099085970 0 0 0 0 0 0 823480178 18712484 4189708288 397156352 4206592 35160121 23111327 11629333 24759600 55770764
1790319308260 0 44630 70 2144967853 2099167653 0 0 0 0 0 0 823517159 18712608 4189835264 176525312 0 35261963 23174183 11664188 24911273 56294892
1790319309283 0 77605 0 2145034604 2099201443 0 0 0 0 0 0 823604821 18712882 4189753344 313663488 0 35498453 23326478 11751779 25104859 56514964
1790319310302 0 90566 0 2145099818 2099253710 0 0 0 0 0 0 823677576 18713117 4189396992 364896256 0 35712949 23462177 11825272 25249542 56895580
1790319311321 0 9785 0 2145128206 2099362851 0 0 0 0 0 0 823710279 18713226 4188831744 33300480 0 35798483 23521785 11857873 25469534 57506314
1790319312340 0 100825 0 2145227436 2099371026 0 0 0 0 0 0 823815200 18713591 4188602368 409124864 0 36101057 23722023 11962065 25689706 57721027
1790319313364 0 82585 43 2145277744 2099439605 0 0 0 0 0 0 823883305 18713805 4188602368 336183296 0 36284669 23839233 12030408 25881431 58206139
1790319314383 0 47444 3431 2145329711 2099523322 0 0 0 0 0 0 823924850 18713971 4187840512 208883712 0 36425376 23930618 12073933 25967176 58427015
1790319315402 0 127600 0 2145419024 2099535923 0 0 0 0 0 0 824028476 18714313 4187684864 518459392 0 36710976 24119904 12175972 26169816 58648283
1790319316433 0 53737 2965 2145449867 2099637757 0 0 0 0 0 0 824064497 18714426 4187713536 232665088 9752576 36817581 24188266 12213683 26238803 59148113
1790319317451 0 56985 0 2145510492 2099697934 0 0 0 0 0 0 824128885 18714647 4187701248 229715968 0 36995866 24307500 12275865 26427523 59598724
1790319318471 0 82489 21 2145576951 2099738835 0 0 0 0 0 0 824209041 18714898 4188319744 333185024 0 37218131 24451611 12356577 26530740 59842203
1790319319495 0 48206 1314 2145616354 2099811369 0 0 0 0 0 0 824259897 18715061 4188364800 206061568 1769472 37353185 24542359 12409101 26658015 60173575
1790319320514 0 85283 0 2145684174 2099843354 0 0 0 0 0 0 824347876 18715336 4189118464 343134208 0 37585771 24693038 12495715 26795082 60358513
1790319321551 0 20779 649 2145729912 2099953127 0 0 0 0 0 0 824387665 18715495 4188454912 110485504 3702784 37713871 24777920 12536522 26949209 60943094
1790319322595 0 79008 0 2145809016 2099974382 0 0 0 0 0 0 824487897 18715822 4188667904 318013440 0 37979871 24952783 12635476 27225341 61241732
1790319323619 0 90080 0 2145877346 2100031735 0 0 0 0 0 0 824568593 18716085 4188774400 362708992 0 38196757 25099293 12716338 27488114 61561871
1790319324639 0 50276 0 2145922546 2100116729 0 0 0 0 0 0 824616577 18716245 4188598272 197885952 0 38346367 25190757 12764874 27597340 61842591
1790319325663 0 100264 66 2146005306 2100149513 0 0 0 0 0 0 824705017 18716554 4187955200 410681344 8269824 38613557 25361570 12854090 27801310 62166072
1790319326687 0 66881 875 2146054596 2100231577 0 0 0 0 0 0 824760751 18716738 4187680768 273944576 8749056 38762626 25464756 12909970 27884346 62437046
1790319327705 0 57094 0 2146116286 2100303691 0 0 0 0 0 0 824816944 18716946 4187385856 229666816 0 38930822 25576967 12963952 28165600 62875343
1790319328725 0 147394 0 2146213829 2100310861 0 0 0 0 0 0 824928631 18717312 4187578368 601845760 0 39242819 25782652 13075478 28277450 62970743
1790319329747 0 43065 3066 2146236481 2100434685 0 0 0 0 0 0 824957629 18717396 4187828224 193323008 2338816 39326356 25834660 13106332 28399356 63324395
1790319330769 0 75062 0 2146309484 2100478829 0 0 0 0 0 0 825036008 18717665 4188094464 305520640 0 39558771 25980980 13182163 28512014 63486737
1790319331788 0 89611 23436 2146381784 2100513216 0 0 0 0 0 0 825129231 18717970 4188610560 478171136 0 39795653 26146836 13278189 28698765 63778301
1790319332806 0 16496 0 2146403518 2100631446 0 0 0 0 0 0 825162060 18718069 4189048832 65314816 0 39872963 26197677 13308984 28767166 64142762
1790319333826 0 113498 0 2146500488 2100631446 0 0 0 0 0 0 825282056 18718462 4189130752 460951552 0 40194575 26410686 13429239 28895199 64249574
1790319334849 0 57346 4752 2146541639 2100723971 0 0 0 0 0 0 825325142 18718609 4189270016 262098944 0 40337193 26495055 13473750 28958297 64487447
1790319335870 0 58045 37 2146596615 2100782985 0 0 0 0 0 0 825392207 18718822 4189671424 231784448 0 40525539 26612352 13539335 29140230 64865681
1790319336890 0 106911 0 2146675161 2100812709 0 0 0 0 0 0 825479081 18719112 4188823552 427417600 0 40785393 26774644 13627146 29282213 65069287
1790319337910 0 29582 0 2146712155 2100926874 0 0 0 0 0 0 825511822 18719235 4188598272 111828992 0 40885730 26843533 13660301 29397613 65711676
1790319338929 0 116048 0 2146804696 2100933020 0 0 0 0 0 0 825624642 18719601 4188151808 469417984 0 41192108 27045434 13772183 29604460 65895956
1790319339948 0 62091 1156 2146848962 2101030193 0 0 0 0 0 0 825664195 18719758 4188168192 254324736 13889536 41327590 27130595 13813414 29670035 66157368
1790319340967 0 57580 0 2146899778 2101086630 0 0 0 0 0 0 825738127 18719988 4189261824 225525760 0 41500773 27249842 13886785 29794152 66485523
1790319341986 0 85000 40 2146968123 2101127614 0 0 0 0 0 0 825817412 18720250 4189106176 341839872 0 41731197 27394672 13965130 29889604 66629587
1790319343010 0 2065 514 2147003600 2101245465 0 0 0 0 0 0 825846943 18720368 4188807168 17313792 3706880 41829054 27461013 13995911 30009142 67239984
1790319344029 0 80805 0 2147094638 2101258298 0 0 0 0 0 0 825946721 18720708 4188938240 320606208 0 42108707 27644850 14095041 30198334 67446822
1790319345059 0 77839 1387 2147151150 2101316422 0 0 0 0 0 0 826025139 18720955 4189376512 341082112 2359296 42316421 27780874 14174244 30369280 67871563
1790319346083 0 49383 0 2147192192 2101387364 0 0 0 0 0 0 826078945 18721126 4189650944 197992448 0 42454416 27871215 14226214 30492104 68268346
1790319347104 0 87029 0 2147264723 2101422157 0 0 0 0 0 0 826164348 18721406 4189544448 352256000 0 42689661 28025956 14311345 30658344 68572400
1790319348128 0 16219 1625 2147301182 2101527762 0 0 0 0 0 0 826210127 18721554 4189466624 79646720 3031040 42818689 28109513 14359314 30803373 69206572
1790319349147 0 72031 0 2147378368 2101550775 0 0 0 0 0 0 826309022 18721868 4189839360 288964608 0 43080280 28279828 14456769 31024566 69507787
1790319350171 0 101623 388 2147457454 2101600014 0 0 0 0 0 0 826378835 18722129 4188790784 422793216 3588096 43308550 28428251 14527910 31158608 69793861
1790319351193 0 41160 0 2147483666 2101687018 0 0 0 0 0 0 826412032 18722236 4188680192 166371328 3239936 43396365 28486014 14560691 31271950 70123796
1790319352212 0 79251 0 2147550469 2101715660 0 0 0 0 0 0 826508085 18722526 4189650944 313454592 0 43645937 28643605 14656612 31481651 70472914
1790319353235 0 0 18988 2147591558 2101817038 0 0 0 0 0 0 826546241 18722673 4189343744 0 88256512 43760650 28724566 14695460 31552420 70562074
1790319354254 0 2 0 2147591562 2101836035 0 0 0 0 0 0 826674921 18722922 4217888768 4096 0 43885059 28843653 14821516 31637660 70905554
1790319355273 0 2 0 2147591562 2101836035 0 0 0 0 0 0 826861646 18723260 4220411904 4096 0 44098459 29029877 15008356 31692585 71021621
1790319356292 0 2 0 2147591562 2101836035 0 0 0 0 0 0 827030431 18723564 4223029248 4096 0 44552668 29198396 15177514 31774333 71123563
1790319357311 0 2 0 2147591562 2101836035 0 0 0 0 0 0 827204373 18723883 4221362176 4096 0 44864300 29372358 15351073 31980316 71324990
1790319358330 0 2 0 2147591562 2101836035 0 0 0 0 0 0 827310398 18724076 3029487616 8192 0 45020620 29481158 15459622 32085121 71426125
