1790331364363 0 0 0 3094289414 3048481343 0 0 0 0 0 0 1291986632 20178510 - - - - - - - -
1790331365640 0 121785 2551 3094508094 3048575606 0 0 0 0 0 0 1291986665 20178593 841449472 568020992 12562432 0 0 0 0 2656
1790331366729 0 150278 2032 3094634389 3048673892 0 0 0 0 0 0 1291986665 20178594 1388490752 620158976 9863168 0 0 0 0 6544
1790331367776 0 120584 0 3094760401 3048831657 0 0 0 0 0 0 1291986665 20178594 1903603712 468365312 0 0 0 0 0 14222
1790331368817 0 125226 0 3094887777 3048954540 0 0 0 0 0 0 1291986665 20178596 2427932672 489398272 0 0 0 0 0 17652
1790331369850 0 100666 0 3095088636 3049179870 0 0 0 0 0 0 1291986665 20178596 3249516544 396668928 8388608 0 0 0 0 24092
1790331370893 0 79863 0 3095260263 3049372384 0 0 0 0 0 0 1291986665 20178596 3952275456 302530560 0 0 0 0 0 24204
1790331371928 0 121737 0 3095439435 3049509602 0 0 0 0 0 0 1291992064 20178606 4139438080 479363072 0 265141 140087 5399 39138 86991
1790331372966 0 57928 20484 3095584408 3049698041 0 0 0 0 0 0 1292004402 20178629 4138823680 281042944 42070016 496509 300719 17705 84687 224853
1790331374011 0 119771 14296 3095683218 3049741027 0 0 0 0 0 0 1292010957 20178640 4138332160 571195392 21659648 635998 404548 24261 137485 263465
1790331375051 0 103360 34816 3095800038 3049853791 0 0 0 0 0 0 1292027075 20178670 4138405888 423358464 142606336 812862 540460 40378 171197 563458
1790331376070 0 122780 2044 3095948396 3050015584 0 0 0 0 0 0 1292052843 20178710 4139159552 511438848 16777216 1045528 714531 66157 210224 851111
1790331377096 0 75851 0 3096025486 3050141539 0 0 0 0 0 0 1292072157 20178740 4139954176 295092224 0 1203465 804540 83235 283944 1043939
1790331378126 0 84379 0 3096152835 3050260324 0 0 0 0 0 0 1292098656 20178785 4141199360 328634368 0 1447301 958639 110679 335219 1429656
1790331379150 0 120698 20508 3096284350 3050335086 0 0 0 0 0 0 1292142277 20178862 4144001024 494280704 83886080 1700152 1138564 155617 387056 1587418
1790331380176 0 72541 1030 3096378506 3050496891 0 0 0 0 0 0 1292164649 20178902 4145233920 294760448 29368320 1856765 1254128 177856 425748 1759074
1790331381211 0 75754 2048 3096472852 3050586980 0 0 0 0 0 0 1292203353 20178967 4147994624 326983680 8388608 2033511 1386628 216125 477343 2066953
1790331382240 0 57219 10 3096547025 3050681781 0 0 0 0 0 0 1292230524 20179013 4149309440 218099712 0 2163772 1482553 242267 527237 2457295
1790331383265 0 142519 0 3096691877 3050741187 0 0 0 0 0 0 1292280341 20179099 4151697408 566415360 0 2441684 1676852 292762 581049 2598414
1790331384305 0 96420 16348 3096768112 3050847368 0 0 0 0 0 0 1292321459 20179172 4154142720 429543424 35999744 2624582 1797799 334848 626800 2790628
1790331385334 0 105637 8154 3096881922 3050959962 0 0 0 0 0 0 1292365756 20179246 4154978304 466542592 25128960 2855011 1955983 378324 671777 3094822
1790331386400 0 109522 1637 3096998410 3051079110 0 0 0 0 0 0 1292417958 20179333 4156452864 457986048 16711680 3094971 2120905 431031 740945 3558082
1790331387434 0 57188 0 3097080709 3051215302 0 0 0 0 0 0 1292462618 20179407 4157353984 217841664 0 3268854 2247099 475392 801394 4079786
1790331388466 0 126338 0 3097204182 3051269634 0 0 0 0 0 0 1292533530 20179526 4159361024 501501952 0 3552246 2438399 543657 851765 4313037
1790331389492 0 132675 0 3097317031 3051376131 0 0 0 0 0 0 1292598723 20179635 4160483328 528859136 0 3805844 2617484 609842 920816 4551216
1790331390513 0 115916 0 3097406723 3051482628 0 0 0 0 0 0 1292674833 20179764 4163235840 460021760 0 4062488 2783920 687259 998031 4991394
1790331391532 0 120503 0 3097517666 3051589125 0 0 0 0 0 0 1292745196 20179885 4164112384 480092160 0 4333432 2964269 756427 1060945 5328094
1790331392563 0 148 20 3097575318 3051767007 0 0 0 0 0 0 1292789339 20179961 4164460544 5435392 11698176 4492225 3068549 800104 1133123 5866207
1790331393598 0 76116 16426 3097733283 3051832645 0 0 0 0 0 0 1292914535 20180185 4166270976 402092032 33554432 4943571 3352611 927113 1211477 6047797
1790331394642 0 103995 8176 3097841007 3051920712 0 0 0 0 0 0 1292997404 20180321 4167573504 457318400 33554432 5232639 3543281 1010422 1299049 6385999
1790331395668 0 107806 8152 3097943159 3052019017 0 0 0 0 0 0 1293089082 20180482 4167684096 441585664 33554432 5515670 3737827 1102344 1390698 6636697
1790331396710 0 101329 10247 3098053394 3052133690 0 0 0 0 0 0 1293183674 20180645 4167856128 469725184 67108864 5826069 3940505 1195795 1458580 7003344
1790331397776 0 134547 2360 3098162763 3052217675 0 0 0 0 0 0 1293276786 20180803 4167684096 569868288 8388608 6132674 4142198 1289030 1527465 7278499
1790331398800 0 40949 0 3098218646 3052369576 0 0 0 0 0 0 1293335730 20180910 4167868416 153710592 0 6313274 4253907 1346579 1635652 7784265
1790331399838 0 63499 12130 3098336465 3052452987 0 0 0 0 0 0 1293470326 20181136 4168953856 270704640 100663296 6710320 4510087 1482449 1690944 8078055
1790331400888 0 66615 0 3098453360 3052578474 0 0 0 0 0 0 1293583783 20181330 4167770112 258805760 0 7066243 4735554 1593738 1785924 8465758
1790331401910 0 101531 0 3098592532 3052682923 0 0 0 0 0 0 1293730924 20181744 4167032832 401252352 0 7503222 5015343 1738348 1841839 8641057
1790331402932 0 119926 0 3098715388 3052787372 0 0 0 0 0 0 1293868309 20182179 4167020544 476033024 0 7907283 5273364 1879502 1935185 8904991
1790331403975 0 8977 1097 3098774011 3052955682 0 0 0 0 0 0 1293921641 20182367 4166950912 58535936 4046848 8082653 5383317 1933432 2010230 9337918
1790331405018 0 90679 7093 3098923011 3053017219 0 0 0 0 0 0 1294081734 20182900 4166152192 371421184 48488448 8563184 5689241 2095025 2091450 9536344
1790331406057 0 71006 6672 3099008252 3053122361 0 0 0 0 0 0 1294169987 20183205 4166164480 318345216 25362432 8824792 5856851 2182838 2158851 9802364
1790331407101 0 72221 466 3099100532 3053219860 0 0 0 0 0 0 1294266180 20183526 4164964352 302141440 4526080 9121197 6041708 2279362 2285708 10219555
1790331408122 0 79222 0 3099186995 3053299755 0 0 0 0 0 0 1294358908 20183833 4165427200 308199424 0 9388284 6210252 2368928 2381408 10476585
1790331409144 0 97154 0 3099291078 3053385868 0 0 0 0 0 0 1294492321 20184233 4166402048 384458752 0 9746131 6439940 2500119 2467300 10863158
1790331410170 0 61922 980 3099370674 3053499815 0 0 0 0 0 0 1294568765 20184500 4165914624 262737920 1880064 10001497 6600118 2581378 2565938 11261251
1790331411193 0 95620 2552 3099481575 3053575211 0 0 0 0 0 0 1294729315 20184979 4166164480 400330752 8597504 10426035 6865258 2742559 2654109 11586476
1790331412218 0 24889 2912 3099535345 3053699595 0 0 0 0 0 0 1294801438 20185198 4167278592 118272000 0 10608549 6984116 2813342 2731306 11941029
1790331413258 0 113691 511 3099679257 3053757095 0 0 0 0 0 0 1294971033 20185752 4165341184 477229056 3854336 11125229 7294039 2983354 2835914 12148003
1790331414283 0 38612 2378 3099729846 3053880633 0 0 0 0 0 0 1295027326 20185943 4165349376 177446912 4337664 11316156 7398700 3040352 2889106 12544416
1790331415307 0 150383 0 3099886853 3053928261 0 0 0 0 0 0 1295218005 20186561 4164222976 599441408 0 11845977 7732080 3227874 2964551 12775739
1790331416327 0 140043 6555 3099986492 3054031877 0 0 0 0 0 0 1295351657 20186982 4164763648 572239872 37441536 12217049 7967120 3365118 3037965 13051437
1790331417365 0 124383 7789 3100084648 3054144753 0 0 0 0 0 0 1295458721 20187340 4163944448 562860032 8859648 12528108 8166418 3471685 3134077 13449706
1790331418405 0 45500 0 3100142331 3054288720 0 0 0 0 0 0 1295525641 20187560 4163428352 171442176 0 12738696 8281548 3534503 3268042 13873105
1790331419439 0 74800 1898 3100267031 3054382389 0 0 0 0 0 0 1295694548 20188078 4164018176 342700032 1552384 13210220 8574465 3705965 3354411 14134943
1790331420480 0 107350 0 3100383830 3054468316 0 0 0 0 0 0 1295851408 20188559 4164268032 423403520 0 13628756 8836563 3860871 3440080 14464102
1790331421503 0 86918 0 3100476090 3054580972 0 0 0 0 0 0 1295967609 20188949 4164296704 348434432 0 13966279 9040478 3975124 3522212 14771998
1790331422528 0 75514 40 3100567092 3054683341 0 0 0 0 0 0 1296094501 20189338 4164333568 309592064 7278592 14343330 9260580 4106841 3603530 15047457
1790331423547 0 62082 13 3100656001 3054785812 0 0 0 0 0 0 1296194810 20189679 4163129344 238686208 0 14624617 9438348 4203731 3673655 15252404
1790331424573 0 72092 741 3100762325 3054881728 0 0 0 0 0 0 1296339335 20190125 4162637824 309030912 4640768 15036409 9690731 4351864 3751735 15580812
1790331425603 0 105055 0 3100873618 3054960359 0 0 0 0 0 0 1296479330 20190574 4162719744 415035392 0 15432239 9929196 4487868 3924732 16039740
1790331426632 0 63779 2409 3100964723 3055090558 0 0 0 0 0 0 1296582748 20190914 4161748992 294162432 0 15758795 10126334 4594879 4045155 16482659
1790331427664 0 126943 0 3101103406 3055168247 0 0 0 0 0 0 1296719833 20191420 4159520768 504041472 0 16191087 10391512 4731389 4131297 16697865
1790331428693 0 79116 0 3101180408 3055293178 0 0 0 0 0 0 1296820829 20191746 4160049152 308367360 0 16464409 10563580 4829819 4232691 17129951
1790331429718 0 65928 0 3101279015 3055404997 0 0 0 0 0 0 1296935934 20192123 4160290816 252530688 0 16796402 10773592 4946097 4300463 17459370
1790331430739 0 115551 4397 3101408183 3055480255 0 0 0 0 0 0 1297099847 20192625 4160765952 490639360 8409088 17262935 11067533 5112941 4412949 17706433
1790331431759 0 61550 0 3101479560 3055609807 0 0 0 0 0 0 1297176089 20192888 4161478656 235937792 0 17488937 11205065 5186190 4541647 18144617
1790331432781 0 129530 0 3101615078 3055677393 0 0 0 0 0 0 1297304239 20193347 4158906368 513622016 0 17907640 11463611 5314415 4641765 18429582
1790331433812 0 42257 5080 3101669107 3055813993 0 0 0 0 0 0 1297355436 20193536 4158947328 200351744 17170432 18081620 11571569 5368361 4729285 18917391
1790331434867 0 63046 417 3101777566 3055906124 0 0 0 0 0 0 1297485341 20193967 4160045056 265986048 18685952 18449137 11803467 5497257 4817822 19339515
1790331435914 0 96603 0 3101891714 3055986913 0 0 0 0 0 0 1297608169 20194380 4159967232 387645440 0 18798332 12030076 5614913 4909115 19616110
1790331436939 0 70124 3842 3101975446 3056093369 0 0 0 0 0 0 1297717341 20194741 4161843200 302964736 10661888 19127079 12227468 5730654 4980704 19943842
1790331437958 0 112141 730 3102094570 3056173726 0 0 0 0 0 0 1297840816 20195155 4162465792 469774336 3751936 19516036 12463411 5853293 5075406 20236481
1790331438986 0 87590 0 3102183781 3056287980 0 0 0 0 0 0 1297932926 20195483 4161617920 342355968 0 19811250 12633858 5941843 5206948 20605782
1790331440028 0 102343 1961 3102294413 3056382045 0 0 0 0 0 0 1298057683 20195896 4161781760 434827264 5410816 20185596 12871746 6070328 5275416 20791296
1790331441047 0 67997 0 3102381202 3056504964 0 0 0 0 0 0 1298154639 20196221 4161261568 264052736 0 20446198 13043758 6162696 5361826 21178525
1790331442081 0 78220 0 3102489659 3056603269 0 0 0 0 0 0 1298260699 20196601 4160614400 305246208 0 20777005 13255664 6270583 5470353 21474832
1790331443107 0 59871 0 3102577666 3056709773 0 0 0 0 0 0 1298354652 20196935 4160815104 228040704 0 21065579 13433328 6364214 5564151 21733562
1790331444130 0 108811 2044 3102702721 3056783704 0 0 0 0 0 0 1298529142 20197471 4162916352 461025280 5599232 21528354 13734711 6542670 5665947 21929430
1790331445150 0 61538 0 3102764384 3056894567 0 0 0 0 0 0 1298592463 20197695 4162531328 238387200 0 21712617 13849361 6601752 5700916 21952515
1790331446175 0 86077 679 3102874452 3056979639 0 0 0 0 0 0 1298706456 20198094 4161667072 354021376 6311936 22089476 14074726 6719510 5798902 22308729
1790331447196 0 88787 0 3102957465 3057060465 0 0 0 0 0 0 1298803553 20198410 4162506752 346193920 0 22377621 14247388 6816130 5891287 22597765
1790331448224 0 64182 39 3103046334 3057174092 0 0 0 0 0 0 1298889942 20198717 4161626112 242053120 0 22632741 14414556 6898758 5978244 23025127
1790331449257 0 138573 1023 3103187358 3057239681 0 0 0 0 0 0 1299052663 20199255 4160765952 568741888 0 23098280 14714966 7061940 6103671 23276587
1790331450281 0 21594 567 3103224224 3057393955 0 0 0 0 0 0 1299089376 20199381 4161363968 103219200 1060864 23223615 14791645 7101309 6165123 23743654
1790331451307 0 147463 0 3103384066 3057428506 0 0 0 0 0 0 1299277486 20199997 4162215936 587386880 0 23761922 15127407 7287776 6285443 23929563
1790331452327 0 70780 0 3103437449 3057558554 0 0 0 0 0 0 1299346626 20200207 4163047424 286638080 5799936 23954766 15252725 7359301 6403952 24475717
1790331453351 0 143606 0 3103570636 3057618978 0 0 0 0 0 0 1299512071 20200738 4163145728 574410752 0 24416150 15539433 7521201 6506808 24752440
1790331454375 0 87660 0 3103633594 3057737764 0 0 0 0 0 0 1299579508 20200971 4163268608 347967488 0 24637127 15668464 7589532 6612265 25164400
1790331455402 0 33212 1207 3103698073 3057855610 0 0 0 0 0 0 1299647905 20201210 4162637824 151351296 6430720 24868474 15803341 7660337 6728940 25638589
1790331456435 0 138702 0 3103843016 3057896218 0 0 0 0 0 0 1299845812 20201823 4163633152 553725952 0 25384830 16131282 7853498 6845241 25899336
1790331457459 0 74975 66 3103910351 3058027291 0 0 0 0 0 0 1299918019 20202071 4162744320 310140928 5464064 25615879 16274522 7929348 6945699 26292401
1790331458501 0 76472 17229 3104026008 3058124199 0 0 0 0 0 0 1300034788 20202465 4162072576 390189056 13795328 25995331 16505016 8047960 7044481 26574522
1790331459525 0 96497 1712 3104128820 3058222466 0 0 0 0 0 0 1300144858 20202831 4161744896 413753344 2080768 26329935 16711866 8157011 7155071 26935781
1790331460559 0 3600 27 3104177456 3058365875 0 0 0 0 0 0 1300207529 20203021 4161994752 2248704 5177344 26499713 16818208 8218592 7259466 27446163
1790331461586 0 108027 876 3104335375 3058418473 0 0 0 0 0 0 1300382956 20203602 4161507328 450998272 3874816 27009920 17149180 8395875 7377070 27627039
1790331462614 0 46570 0 3104402966 3058548213 0 0 0 0 0 0 1300455121 20203848 4161400832 177950720 0 27237374 17282732 8467477 7463568 27936083
1790331463638 0 105726 8221 3104538343 3058616289 0 0 0 0 0 0 1300612146 20204370 4162691072 430972928 57565184 27701678 17573121 8625511 7547837 28110310
1790331464671 0 77953 1042 3104615894 3058728927 0 0 0 0 0 0 1300686082 20204640 4161695744 329613312 2105344 27950274 17721699 8699369 7632783 28413318
1790331465691 0 25143 0 3104683876 3058850602 0 0 0 0 0 0 1300768508 20204911 4160856064 93110272 0 28177412 17860474 8774909 7717692 28854748
1790331466719 0 88484 514 3104816923 3058919881 0 0 0 0 0 0 1300925562 20205417 4162764800 371671040 2101248 28617461 18150941 8937445 7786243 29088114
1790331467746 0 57423 0 3104888155 3059022680 0 0 0 0 0 0 1301015753 20205700 4162469888 222654464 0 28861531 18303130 9022671 7885921 29419041
1790331468774 0 99721 514 3105010715 3059102292 0 0 0 0 0 0 1301150284 20206154 4162932736 411676672 5414912 29278982 18562986 9163406 7969156 29613068
1790331469797 0 66394 0 3105085526 3059211087 0 0 0 0 0 0 1301244172 20206450 4162883584 255651840 0 29548802 18723753 9255114 8077323 29954723
1790331470821 0 57814 0 3105174443 3059308410 0 0 0 0 0 0 1301343984 20206786 4163416064 220995584 0 29852662 18909127 9355578 8192581 30280913
1790331471852 0 113329 4574 3105303503 3059377687 0 0 0 0 0 0 1301496525 20207284 4163330048 485273600 9322496 30292293 19189816 9509726 8263289 30479904
1790331472872 0 67893 0 3105372856 3059496834 0 0 0 0 0 0 1301583865 20207570 4163440640 267317248 0 30538015 19335656 9591037 8363712 30909276
1790331473895 0 109806 0 3105493446 3059575684 0 0 0 0 0 0 1301716234 20208014 4163358720 433688576 0 30949256 19584494 9725258 8433752 31155058
1790331474919 0 66749 46 3105571385 3059696479 0 0 0 0 0 0 1301792549 20208296 4162904064 256937984 0 31203177 19737397 9803804 8524913 31545606
1790331475949 0 8834 0 3105636800 3059819771 0 0 0 0 0 0 1301873919 20208553 4163100672 20746240 0 31429748 19879909 9883549 8598922 31919720
1790331476986 0 88158 9174 3105787597 3059882170 0 0 0 0 0 0 1302041429 20209116 4162936832 400756736 22691840 31933395 20198913 10054589 8689402 32173068
1790331478026 0 51318 657 3105860475 3060000655 0 0 0 0 0 0 1302125952 20209391 4162920448 198631424 0 32170221 20343146 10132920 8769275 32486487
1790331479071 0 85618 224 3105981863 3060088030 0 0 0 0 0 0 1302261555 20209851 4163739648 359829504 1212416 32596909 20602131 10273535 8877150 32873210
1790331480097 0 55643 4380 3106050846 3060182740 0 0 0 0 0 0 1302376484 20210184 4165361664 245276672 0 32887302 20778139 10385105 8992077 33181846
1790331481121 0 80161 524 3106162818 3060273969 0 0 0 0 0 0 1302502298 20210601 4165500928 328830976 11444224 33276143 21018463 10515759 9070283 33572221
1790331482140 0 81174 51 3106254919 3060365607 0 0 0 0 0 0 1302626385 20210999 4165263360 329396224 11681792 33628149 21229199 10639294 9187978 33960453
1790331483174 0 80120 58 3106345041 3060456743 0 0 0 0 0 0 1302731210 20211346 4165435392 313036800 0 33935376 21415095 10741872 9290952 34251784
1790331484196 0 89531 0 3106448642 3060551009 0 0 0 0 0 0 1302845393 20211735 4162834432 351879168 0 34265704 21628791 10855516 9364157 34588430
1790331485219 0 102001 0 3106542010 3060631910 0 0 0 0 0 0 1302945922 20212079 4162514944 405483520 0 34570860 21817051 10953564 9451070 34868719
1790331486242 0 44818 0 3106603917 3060751024 0 0 0 0 0 0 1303021655 20212318 4162727936 171388928 0 34786882 21952783 11030022 9553608 35384174
1790331487267 0 86702 34 3106719569 3060824750 0 0 0 0 0 0 1303184079 20212797 4164341760 346083328 0 35208720 22227556 11193469 9650536 35719053
1790331488291 0 63332 0 3106792617 3060920956 0 0 0 0 0 0 1303264424 20213067 4164145152 245157888 0 35452257 22375411 11272380 9739713 36058463
1790331489316 0 70231 562 3106896945 3061018038 0 0 0 0 0 0 1303380815 20213458 4163416064 292192256 950272 35823522 22599223 11393496 9860681 36495637
1790331490335 0 68719 4948 3106993912 3061112178 0 0 0 0 0 0 1303491988 20213821 4163059712 302493696 8372224 36150825 22804821 11505292 9968456 36826175
1790331491354 0 92518 0 3107096850 3061196132 0 0 0 0 0 0 1303612323 20214207 4162965504 366665728 0 36483754 23017314 11621446 10083038 37179428
1790331492383 0 72894 0 3107171368 3061290341 0 0 0 0 0 0 1303725978 20214577 4164009984 285331456 0 36779349 23201208 11733982 10167563 37482098
1790331493409 0 86785 0 3107265318 3061370321 0 0 0 0 0 0 1303831744 20214919 4163829760 339189760 0 37097803 23396421 11839783 10277229 37729465
1790331494437 0 86971 288 3107351190 3061456026 0 0 0 0 0 0 1303929601 20215248 4163121152 362893312 4698112 37411089 23585735 11942571 10394206 38068986
1790331495460 0 43429 472 3107414652 3061562690 0 0 0 0 0 0 1304013606 20215507 4163874816 178302976 8691712 37650182 23729916 12026832 10490730 38549924
1790331496480 0 120839 0 3107551381 3061622338 0 0 0 0 0 0 1304176687 20216032 4163776512 486514688 0 38111347 24018044 12185281 10591098 38792250
1790331497507 0 78411 2628 3107623275 3061734229 0 0 0 0 0 0 1304265891 20216310 4163772416 333529088 10362880 38379699 24182194 12278937 10691887 39138543
1790331498532 0 93797 7300 3107719783 3061810656 0 0 0 0 0 0 1304375612 20216678 4163837952 425357312 5402624 38712517 24384834 12388796 10759553 39299927
1790331499552 0 102136 53 3107818318 3061908020 0 0 0 0 0 0 1304477634 20217036 4163063808 403398656 0 39033119 24573495 12485833 10828074 39579487
1790331500578 0 53114 584 3107891423 3062029698 0 0 0 0 0 0 1304547120 20217297 4162375680 221073408 3108864 39263306 24719553 12559279 10880319 39875907
1790331501599 0 115161 0 3108016006 3062092746 0 0 0 0 0 0 1304699393 20217793 4162408448 459198464 0 39679037 24983481 12705441 11023461 40172111
1790331502630 0 79254 21 3108093788 3062206458 0 0 0 0 0 0 1304801631 20218113 4164026368 324321280 27344896 39969046 25169386 12814586 11105000 40440947
1790331503672 0 130847 365 3108204002 3062264758 0 0 0 0 0 0 1304931127 20218540 4164276224 525180928 0 40342228 25396933 12938991 11251659 40740751
1790331504698 0 63948 292 3108256442 3062384249 0 0 0 0 0 0 1305004535 20218763 4164698112 260628480 7180288 40559278 25527183 13017106 11334709 41447992
1790331505717 0 147148 0 3108396147 3062440959 0 0 0 0 0 0 1305159943 20219281 4163973120 589717504 0 41019188 25810080 13167837 11435095 41669261
1790331506750 0 1578 7 3108417987 3062608381 0 0 0 0 0 0 1305190265 20219369 4163981312 8859648 1921024 41111089 25863352 13198798 11510861 42265998
1790331507801 0 103286 3622 3108577935 3062663306 0 0 0 0 0 0 1305381301 20220000 4163895296 440635392 26345472 41666878 26213595 13394126 11602646 42409417
1790331508848 0 53603 0 3108635020 3062773265 0 0 0 0 0 0 1305462290 20220243 4164194304 207278080 5935104 41882256 26342954 13471745 11690625 42727285
1790331509903 0 115937 816 3108768739 3062843865 0 0 0 0 0 0 1305604082 20220746 4163497984 494628864 2179072 42314019 26614892 13615037 11767744 42904225
1790331510954 0 81338 4818 3108846221 3062952116 0 0 0 0 0 0 1305713498 20221087 4164251648 372686848 4497408 42620509 26802161 13726419 11850126 43163795
1790331511988 0 73853 0 3108934536 3063052604 0 0 0 0 0 0 1305804450 20221405 4163530752 286777344 0 42889697 26971819 13814268 11979738 43645610
1790331513014 0 88515 3288 3109041972 3063142152 0 0 0 0 0 0 1305921724 20221811 4162306048 373231616 8409088 43262286 27198566 13934558 12080328 43997942
1790331514032 0 88597 4853 3109122316 3063220901 0 0 0 0 0 0 1306005238 20222099 4161933312 362893312 22802432 43517449 27360575 14018444 12154961 44263859
1790331515061 0 137163 0 3109220262 3063274822 0 0 0 0 0 0 1306131407 20222488 4162850816 544866304 0 43849156 27572980 14141372 12240463 44636684
1790331516096 0 43387 808 3109264210 3063411969 0 0 0 0 0 0 1306197328 20222680 4163813376 199610368 2125824 44020169 27684771 14208395 12326592 45051653
1790331517136 0 112439 0 3109396301 3063475787 0 0 0 0 0 0 1306356578 20223195 4164624384 450732032 0 44482328 27965111 14363121 12424457 45327527
1790331518162 0 50897 1297 3109471890 3063611696 0 0 0 0 0 0 1306448507 20223481 4164984832 216539136 6270976 44785305 28138040 14461459 12558502 45814132
1790331519182 0 148139 0 3109608232 3063651925 0 0 0 0 0 0 1306631039 20224050 4165160960 592166912 0 45262863 28444353 14639890 12677211 46002266
1790331520208 0 71980 50 3109664120 3063783931 0 0 0 0 0 0 1306700832 20224266 4164575232 280195072 0 45477192 28568899 14710507 12763216 46392255
1790331521234 0 126704 18250 3109794016 3063841133 0 0 0 0 0 0 1306872648 20224797 4165689344 596422656 9883648 45984232 28872232 14885822 12871159 46597470
1790331522263 0 7172 26 3109824962 3064009739 0 0 0 0 0 0 1306904527 20224908 4165558272 14880768 0 46074667 28925475 14912633 13006882 47225661
1790331523292 0 128518 532 3109978705 3064041589 0 0 0 0 0 0 1307109254 20225533 4165185536 531357696 1130496 46664106 29284346 15122049 13133898 47463716
1790331524323 0 71351 0 3110025405 3064145976 0 0 0 0 0 0 1307149631 20225683 4164501504 285818880 13656064 46786096 29366397 15161041 13207791 47998925
1790331525366 0 104974 0 3110115438 3064202329 0 0 0 0 0 0 1307261112 20226026 4164276224 415715328 0 47105147 29561069 15269401 13310923 48337779
1790331526389 0 102586 1076 3110208286 3064296591 0 0 0 0 0 0 1307362166 20226365 4163661824 436391936 0 47424625 29758742 15375334 13398743 48755642
1790331527412 0 8524 2016 3110237143 3064418416 0 0 0 0 0 0 1307393065 20226478 4163690496 43565056 7360512 47528654 29818469 15406090 13498106 49308474
1790331528432 0 135794 0 3110383813 3064439877 0 0 0 0 0 0 1307587263 20227085 4165062656 541732864 0 48064124 30146541 15597240 13606763 49506080
1790331529458 0 84602 350 3110420691 3064527918 0 0 0 0 0 0 1307629345 20227225 4164595712 346312704 2072576 48189569 30229474 15642201 13694825 50109384
1790331530496 0 83672 20 3110489458 3064597522 0 0 0 0 0 0 1307710934 20227493 4164141056 334548992 2850816 48435803 30372365 15719669 13789242 50432323
1790331531523 0 90010 1314 3110556813 3064657459 0 0 0 0 0 0 1307787383 20227749 4164268032 377069568 1011712 48678695 30518900 15800190 13869796 50826060
1790331532553 0 104950 330 3110634887 3064721539 0 0 0 0 0 0 1307870490 20228033 4164374528 433266688 2105344 48920893 30676525 15883063 13971331 51277218
1790331533591 0 32851 970 3110651028 3064809043 0 0 0 0 0 0 1307900013 20228113 4164816896 146472960 3121152 48990314 30719660 15911945 14038644 52003116
1790331534633 0 69953 0 3110736928 3064858705 0 0 0 0 0 0 1308008055 20228453 4163821568 274456576 0 49293965 30904264 16015631 14117246 52297268
1790331535659 0 102558 1573 3110829209 3064917059 0 0 0 0 0 0 1308106872 20228794 4164128768 420069376 13316096 49605701 31100448 16120003 14187976 52763074
1790331536693 0 69032 544 3110876973 3064999336 0 0 0 0 0 0 1308161084 20228970 4163223552 288616448 0 49764591 31196888 16171903 14269739 53245529
1790331537729 0 10747 3326 3110904610 3065082418 0 0 0 0 0 0 1308195000 20229075 4163932160 60792832 2105344 49866081 31260161 16207660 14349387 53776552
1790331538751 0 152070 0 3111058038 3065097862 0 0 0 0 0 0 1308382237 20229679 4164415488 606130176 0 50390958 31589875 16394039 14446308 53980728
1790331539789 0 99890 5688 3111095103 3065181724 0 0 0 0 0 0 1308429269 20229825 4164382720 438566912 15781888 50533291 31677388 16442040 14555474 54526117
1790331540854 0 48642 18 3111122609 3065265849 0 0 0 0 0 0 1308467552 20229942 4164005888 190238720 14225408 50646360 31739472 16479891 14679266 55126554
1790331541914 0 139030 803 3111251226 3065303534 0 0 0 0 0 0 1308631972 20230455 4164780032 568131584 27320320 51101115 32030042 16645039 14769429 55304798
1790331542974 0 94727 766 3111289371 3065385974 0 0 0 0 0 0 1308689407 20230621 4164558848 401842176 1073152 51251958 32121818 16701035 14878456 55944481
1790331544018 0 15609 694 3111310403 3065485981 0 0 0 0 0 0 1308714859 20230706 4164521984 62713856 6483968 51329553 32168895 16727824 14980171 56442832
1790331545037 0 142585 0 3111459139 3065508522 0 0 0 0 0 0 1308904756 20231312 4164960256 570556416 0 51876360 32495331 16913939 15106202 56710430
1790331546063 0 94712 5694 3111498602 3065590101 0 0 0 0 0 0 1308961804 20231473 4165095424 413954048 0 52036310 32595667 16974198 15177489 57107280
1790331547083 0 51735 633 3111533650 3065673268 0 0 0 0 0 0 1308998836 20231605 4164390912 216993792 3198976 52162209 32666987 17011620 15274966 57612142
1790331548123 0 129344 511 3111659432 3065721498 0 0 0 0 0 0 1309152710 20232092 4163850240 531709952 17883136 52589355 32940239 17165213 15374436 57800602
1790331549174 0 51949 806 3111688217 3065827477 0 0 0 0 0 0 1309183187 20232199 4163043328 215904256 3112960 52694006 32999976 17195924 15488928 58404041
1790331550213 0 76215 73 3111779852 3065895591 0 0 0 0 0 0 1309293310 20232561 4162523136 313020416 4235264 53003784 33194014 17303121 15555150 58730923
1790331551258 0 105600 0 3111878926 3065965202 0 0 0 0 0 0 1309391548 20232911 4162433024 419921920 0 53318479 33386713 17401360 15635353 59109509
1790331552282 0 82655 4672 3111939021 3066043594 0 0 0 0 0 0 1309457446 20233129 4161662976 368910336 1339392 53535074 33516377 17470548 15736373 59552881
1790331553305 0 60942 584 3111992463 3066122948 0 0 0 0 0 0 1309529355 20233350 4162027520 250433536 2121728 53730674 33638789 17542378 15890993 60102598
1790331554325 0 17200 0 3112033484 3066208144 0 0 0 0 0 0 1309570058 20233492 4161437696 57602048 0 53847339 33712836 17578824 16020501 60648214
1790331555357 0 128761 1119 3112178642 3066240688 0 0 0 0 0 0 1309745067 20234065 4162678784 526635008 13287424 54353232 34034067 17758213 16114608 60903853
1790331556381 0 81512 0 3112214518 3066324885 0 0 0 0 0 0 1309790052 20234205 4163129344 329048064 2789376 54483656 34110006 17800594 16245838 61548041
1790331557402 0 76402 29 3112277020 3066392496 0 0 0 0 0 0 1309863777 20234444 4163952640 296730624 0 54695173 34241024 17874635 16324867 61995356
1790331558427 0 106779 1543 3112369164 3066452884 0 0 0 0 0 0 1309986026 20234819 4164132864 445546496 4227072 55039117 34458008 17999149 16404033 62319718
1790331559452 0 32151 268 3112404876 3066564375 0 0 0 0 0 0 1310025794 20234953 4163887104 135294976 2142208 55156329 34528918 18037920 16479472 62887078
1790331560474 0 143753 0 3112557272 3066605465 0 0 0 0 0 0 1310219733 20235556 4164038656 578379776 0 55699682 34864260 18227409 16571084 63019553
1790331561514 0 91096 352 3112602568 3066703232 0 0 0 0 0 0 1310276560 20235736 4164616192 387645440 2101248 55861956 34969017 18287586 16634143 63567503
1790331562564 0 66185 0 3112654960 3066780561 0 0 0 0 0 0 1310326602 20235914 4164251648 256016384 0 56015883 35067552 18338064 16747359 63902238
1790331563589 0 103636 818 3112757290 3066844831 0 0 0 0 0 0 1310456825 20236332 4163674112 427655168 4296704 56400041 35300689 18469912 16955013 64261830
1790331564613 0 75768 1076 3112812755 3066927824 0 0 0 0 0 0 1310516074 20236529 4163293184 315756544 3129344 56588093 35413901 18529244 17017071 64662348
1790331565632 0 0 0 3112819037 3067010985 0 0 0 0 0 0 1310521814 20236556 4161347584 4096 0 56605860 35426550 18534986 17035122 64880342
1790331566650 0 2 0 3112819044 3067010990 0 0 0 0 0 0 1310670603 20236824 4190572544 4096 0 56756640 35565689 18681260 17137757 65246934
1790331567669 0 2 0 3112819044 3067010990 0 0 0 0 0 0 1310860898 20237173 4193378304 4096 0 56974971 35755044 18871300 17202061 65396936
1790331568689 0 2 0 3112819044 3067010990 0 0 0 0 0 0 1311043572 20237489 4198518784 4096 0 57215376 35938042 19055553 17265228 65514996
1790331569709 0 2 0 3112819044 3067010990 0 0 0 0 0 0 1311195314 20237764 4199043072 4096 0 57863292 36088635 19206274 17465557 65658394
1790331570733 0 2 1 3112819045 3067010990 0 0 0 0 0 0 1311316559 20237991 4197769216 4096 0 58022512 36212403 19329731 17617128 65830088
