1790324675957 0 0 0 2566016203 2520215987 0 0 0 0 0 0 1020253868 19337647 - - - - - - - -
1790324677267 0 145408 6123 2566227197 2520275395 0 0 0 0 0 0 1020253868 19337716 817475584 628944896 5447680 0 0 0 0 52385
1790324678358 0 149723 3070 2566380103 2520427016 0 0 0 0 0 0 1020253868 19337716 1472851968 605495296 10903552 0 0 0 0 426765
1790324679379 0 152169 2044 2566547338 2520592909 0 0 0 0 0 0 1020253868 19337716 2172465152 625508352 6856704 0 0 0 0 634011
1790324680398 0 151659 3224 2566720036 2520764882 0 0 0 0 0 0 1020253868 19337716 2869227520 620326912 8388608 0 0 0 0 878324
1790324681418 0 150139 2054 2566858850 2520906290 0 0 0 0 0 0 1020253868 19337716 3442884608 615190528 8388608 0 0 0 0 1103561
1790324682437 0 144000 8180 2566996001 2521043632 0 0 0 0 0 0 1020253868 19337716 3995889664 606171136 16777216 0 0 0 0 1513075
1790324683462 0 127844 2056 2567131505 2521201268 0 0 0 0 0 0 1020255912 19337720 4158140416 524869632 13737984 194303 99588 2098 46869 1629222
1790324684481 0 120735 2117 2567229324 2521306629 0 0 0 0 0 0 1020264193 19337735 4157644800 494526464 25165824 363657 205713 10325 106809 1789902
1790324685504 0 45590 0 2567296030 2521450143 0 0 0 0 0 0 1020267993 19337742 4157571072 173793280 0 457747 275636 14157 185477 2313793
1790324686530 0 86406 6139 2567413583 2521520775 0 0 0 0 0 0 1020277925 19337759 4156985344 366256128 10985472 630623 403264 24057 268677 2546673
1790324687549 0 124728 2048 2567529737 2521602718 0 0 0 0 0 0 1020288936 19337779 4156776448 505962496 8388608 805073 530422 35082 352256 2844586
1790324688568 0 136391 12288 2567633565 2521684639 0 0 0 0 0 0 1020304349 19337807 4157153280 558690304 58720256 957944 652807 50481 447917 3231223
1790324689587 0 126373 0 2567712564 2521786019 0 0 0 0 0 0 1020315398 19337827 4157263872 505700352 0 1098322 739970 61522 531993 3672077
1790324690611 0 48222 1950 2567756236 2521905848 0 0 0 0 0 0 1020329435 19337851 4158205952 197025792 8237056 1196417 798112 75485 622139 4160781
1790324691632 0 98527 0 2567858898 2521960142 0 0 0 0 0 0 1020355282 19337894 4159373312 395317248 0 1403835 925072 100125 765927 4491568
1790324692651 0 147451 73 2567962071 2522014317 0 0 0 0 0 0 1020390873 19337954 4161728512 595410944 0 1592000 1063365 135876 838661 4760648
1790324693671 0 85046 0 2568006155 2522120914 0 0 0 0 0 0 1020412869 19337990 4163497984 338604032 0 1683032 1129366 158513 913395 5425231
1790324694695 0 62620 1969 2568075955 2522211144 0 0 0 0 0 0 1020437162 19338033 4165255168 256167936 16777216 1819301 1225903 183332 1007344 5934825
1790324695720 0 111919 4100 2568180617 2522264354 0 0 0 0 0 0 1020486082 19338112 4168937472 475152384 16777216 2023376 1378351 232022 1119233 6174384
1790324696759 0 23111 0 2568216073 2522392753 0 0 0 0 0 0 1020498347 19338130 4169805824 81530880 0 2079027 1422802 244511 1200444 6839555
1790324697786 0 131198 2555 2568350042 2522416073 0 0 0 0 0 0 1020556068 19338228 4172910592 553975808 9105408 2350173 1616694 302040 1327570 6956964
1790324698808 0 140379 0 2568429640 2522489010 0 0 0 0 0 0 1020584600 19338273 4174049280 564920320 0 2513163 1721659 330181 1438348 7441838
1790324699828 0 118436 0 2568499805 2522581171 0 0 0 0 0 0 1020616684 19338327 4175810560 476315648 0 2655499 1823524 361950 1485565 7752709
1790324700847 0 86288 0 2568557855 2522671284 0 0 0 0 0 0 1020652129 19338386 4177391616 342048768 0 2803518 1916839 398321 1592515 8289965
1790324701871 0 60116 4116 2568630709 2522766314 0 0 0 0 0 0 1020679220 19338432 4177248256 249192448 16777216 2952623 2018198 425272 1699594 8787764
1790324702890 0 83717 0 2568716966 2522833027 0 0 0 0 0 0 1020716570 19338496 4177752064 334458880 0 3118460 2139288 461061 1818083 9132123
1790324703910 0 76713 0 2568798054 2522921092 0 0 0 0 0 0 1020747118 19338548 4177408000 303722496 0 3286085 2251389 492534 1942942 9538813
1790324704933 0 68717 9297 2568876042 2522997812 0 0 0 0 0 0 1020791488 19338622 4177727488 299687936 28114944 3469276 2376967 537643 2033677 9850613
1790324705957 0 109440 1963 2568960697 2523049059 0 0 0 0 0 0 1020847492 19338717 4178948096 460775424 12439552 3678426 2517152 593478 2115747 10105705
1790324706984 0 113610 14264 2569044831 2523116668 0 0 0 0 0 0 1020884088 19338779 4178829312 501866496 31203328 3851478 2637523 630220 2196691 10347095
1790324708002 0 15927 0 2569063867 2523247738 0 0 0 0 0 0 1020904105 19338814 4179668992 54784000 0 3905868 2673778 649731 2246701 10724672
1790324709021 0 147074 4745 2569201888 2523249918 0 0 0 0 0 0 1020975284 19338939 4180283392 622452736 0 4210557 2883457 721044 2345308 10779728
1790324710040 0 135200 0 2569265034 2523329659 0 0 0 0 0 0 1021019605 19339012 4181143552 549588992 0 4376680 2989738 763409 2410910 11033205
1790324711060 0 131261 0 2569338995 2523407484 0 0 0 0 0 0 1021067741 19339090 4182249472 533442560 0 4554620 3112270 812336 2533357 11463847
1790324712079 0 125811 0 2569411295 2523485309 0 0 0 0 0 0 1021114587 19339171 4182413312 510971904 0 4732057 3230890 858659 2614720 11813750
1790324713104 0 2318 0 2569445496 2523642895 0 0 0 0 0 0 1021140278 19339219 4182958080 3760128 0 4817101 3290627 884790 2654937 12264627
1790324714123 0 111941 0 2569555140 2523642896 0 0 0 0 0 0 1021245590 19339403 4185137152 450162688 0 5134165 3504849 990660 2837953 12401092
1790324715142 0 105270 0 2569626276 2523720721 0 0 0 0 0 0 1021309951 19339516 4186456064 427732992 0 5333761 3639220 1053016 2938026 12649949
1790324716161 0 101771 0 2569700640 2523798585 0 0 0 0 0 0 1021380543 19339638 4188131328 413085696 0 5553435 3784490 1124455 3205403 12992763
1790324717181 0 99211 0 2569775891 2523876422 0 0 0 0 0 0 1021438633 19339739 4187820032 403853312 0 5752137 3917839 1182165 3341554 13282403
1790324718219 1 12967 12304 2569831241 2524005755 0 0 0 0 0 0 1021492180 19339885 4188405760 128122880 58720256 5917213 4029389 1237940 3431735 13563340
1790324719262 1 91429 73 2569924322 2524032257 0 0 0 0 0 0 1021584261 19340070 4188745728 366579712 0 6188638 4210698 1329288 3536295 13657732
1790324720283 1 87439 0 2569998331 2524110096 0 0 0 0 0 0 1021641453 19340683 4188209152 349405184 0 6384321 4341604 1386455 3693459 13945654
1790324721305 1 84295 0 2570070935 2524185929 0 0 0 0 0 0 1021716454 19340822 4187627520 339570688 0 6602983 4489454 1460802 3830061 14177384
1790324722326 1 32909 40 2570123773 2524289980 0 0 0 0 0 0 1021778435 19341320 4188618752 124227584 0 6789737 4602878 1523679 3952791 14381481
1790324723346 1 136880 0 2570227789 2524290043 0 0 0 0 0 0 1021882295 19341505 4189028352 553365504 0 7100754 4809677 1625999 4093325 14454317
1790324724366 1 25088 0 2570275053 2524449188 0 0 0 0 0 0 1021944495 19341712 4188987392 97865728 0 7258642 4914603 1688253 4174969 14718776
1790324725386 1 134637 0 2570384830 2524449188 0 0 0 0 0 0 1022062758 19342098 4189736960 535851008 0 7600308 5134630 1806485 4288419 14802744
1790324726412 1 82983 1825 2570453440 2524567884 0 0 0 0 0 0 1022133982 19342330 4189306880 339034112 29421568 7818327 5272445 1879983 4412826 15014526
1790324727437 1 67754 39 2570530285 2524661695 0 0 0 0 0 0 1022200880 19342560 4188712960 264364032 0 8022424 5406724 1946096 4501564 15199312
1790324728468 1 65149 1598 2570610768 2524743208 0 0 0 0 0 0 1022277823 19342823 4188147712 267603968 28397568 8258692 5560788 2023886 4613787 15543545
1790324729491 1 36838 3 2570667011 2524829459 0 0 0 0 0 0 1022348911 19343043 4188577792 132911104 0 8430046 5678501 2093338 4797950 15920827
1790324730514 1 103017 0 2570757922 2524854073 0 0 0 0 0 0 1022443975 19343375 4188397568 402247680 0 8700909 5857207 2188162 4975011 16110824
1790324731543 1 71834 33 2570813222 2524940581 0 0 0 0 0 0 1022510267 19343569 4189057024 287342592 18903040 8884954 5975318 2256244 5023526 16305426
1790324732579 1 85991 0 2570876527 2524989832 0 0 0 0 0 0 1022586975 19343805 4189384704 346562560 0 9093325 6108403 2330711 5178691 16571608
1790324733600 1 54503 0 2570923382 2525068162 0 0 0 0 0 0 1022640367 19343973 4189388800 216887296 0 9252655 6203438 2384624 5302598 16950733
1790324734620 1 37973 0 2570976093 2525137307 0 0 0 0 0 0 1022708034 19344173 4189757440 145494016 0 9423074 6318438 2451342 5403062 17418807
1790324735641 1 115545 0 2571070188 2525153704 0 0 0 0 0 0 1022807413 19344501 4189372416 454184960 0 9715461 6503316 2551131 5530230 17539807
1790324736660 1 88921 4824 2571125204 2525230715 0 0 0 0 0 0 1022869001 19344699 4189011968 374833152 19447808 9891609 6618365 2615002 5656427 17852576
1790324737683 1 63798 2427 2571170737 2525303727 0 0 0 0 0 0 1022934785 19344887 4189016064 282710016 4599808 10057020 6723941 2680722 5811285 18126558
1790324738702 1 25959 34 2571220776 2525394006 0 0 0 0 0 0 1022982271 19345051 4189286400 102395904 5120000 10201860 6815593 2727773 5979675 18481421
1790324739722 1 34167 0 2571286597 2525451538 0 0 0 0 0 0 1023059293 19345289 4189306880 130093056 0 10401040 6950545 2802943 6050825 18695056
1790324740743 1 91764 0 2571372853 2525480313 0 0 0 0 0 0 1023153040 19345610 4189007872 357588992 0 10672537 7123258 2898378 6168051 18860860
1790324741782 1 52282 45 2571424001 2525570886 0 0 0 0 0 0 1023208211 19345788 4188385280 239050752 0 10840948 7226198 2952801 6411307 19194037
1790324742818 1 50943 34 2571488131 2525636272 0 0 0 0 0 0 1023275582 19346015 4187881472 208646144 10887168 11026541 7353113 3021423 6571103 19515286
1790324743837 1 90754 2774 2571560866 2525666643 0 0 0 0 0 0 1023375105 19346315 4188499968 368771072 22810624 11277125 7518719 3121106 6635689 19600169
1790324744861 1 41568 2542 2571609520 2525764666 0 0 0 0 0 0 1023422137 19346478 4187754496 173629440 10252288 11421156 7609259 3168113 6762053 20158187
1790324745881 1 70353 4015 2571688516 2525813282 0 0 0 0 0 0 1023502929 19346751 4187836416 301162496 0 11655298 7761534 3248757 6842548 20260248
1790324746906 1 106383 8986 2571775665 2525859615 0 0 0 0 0 0 1023588251 19347035 4186914816 435015680 59506688 11911695 7927426 3334188 6962895 20486414
1790324747954 1 86520 0 2571830888 2525943483 0 0 0 0 0 0 1023659568 19347249 4187271168 352088064 29106176 12097833 8047332 3405076 7030920 20645439
1790324749006 1 50487 45 2571881722 2526030406 0 0 0 0 0 0 1023703835 19347407 4186505216 198569984 7421952 12232087 8136132 3449731 7210687 21061941
1790324750025 1 28339 0 2571934576 2526105487 0 0 0 0 0 0 1023769333 19347612 4186865664 107585536 0 12409088 8247490 3512429 7310736 21277225
1790324751045 1 138069 0 2572044305 2526105487 0 0 0 0 0 0 1023883335 19348003 4186861568 542887936 0 12734019 8463046 3627044 7525011 21429305
1790324752069 1 91967 70 2572092563 2526199693 0 0 0 0 0 0 1023941481 19348181 4186664960 372928512 0 12893043 8564777 3685370 7613271 21677934
1790324753106 1 67511 2186 2572149777 2526279744 0 0 0 0 0 0 1024003119 19348386 4186472448 279453696 0 13064523 8677213 3747486 7708604 21980481
1790324754135 1 75165 0 2572219985 2526344001 0 0 0 0 0 0 1024070435 19348626 4186079232 307273728 25665536 13271943 8812196 3816436 7904611 22351175
1790324755167 1 39947 0 2572278030 2526437185 0 0 0 0 0 0 1024124504 19348825 4185583616 151822336 0 13435383 8915336 3868235 8015166 22662845
1790324756186 1 125997 0 2572372303 2526445379 0 0 0 0 0 0 1024245729 19349203 4186562560 496898048 0 13739395 9123350 3989525 8190813 22814554
1790324757207 1 116490 0 2572437966 2526520587 0 0 0 0 0 0 1024313259 19349441 4186185728 464293888 0 13926850 9250007 4057521 8285009 23040205
1790324758248 1 29297 8408 2572473642 2526635691 0 0 0 0 0 0 1024345466 19349567 4185714688 164257792 2531328 14035288 9314905 4090769 8417074 23221797
1790324759279 1 67417 3432 2572546153 2526674506 0 0 0 0 0 0 1024443377 19349866 4186267648 274513920 28708864 14287089 9480743 4189383 8506719 23344351
1790324760321 1 95782 970 2572632390 2526734781 0 0 0 0 0 0 1024524416 19350154 4185645056 407789568 30031872 14530957 9640789 4270070 8603952 23600746
1790324761367 1 40274 3 2572673530 2526832384 0 0 0 0 0 0 1024575145 19350312 4185427968 143413248 0 14657092 9724566 4318159 8732222 24038030
1790324762403 1 106245 13751 2572779548 2526858713 0 0 0 0 0 0 1024671997 19350672 4184608768 492146688 6307840 14953166 9922948 4417892 8863060 24191365
1790324763426 1 84470 0 2572828788 2526943405 0 0 0 0 0 0 1024734357 19350871 4184887296 332754944 0 15106123 10025900 4478228 8934820 24582527
1790324764466 1 84187 1387 2572894362 2527007869 0 0 0 0 0 0 1024804748 19351112 4184367104 364081152 4386816 15304366 10159036 4550146 9044511 24922937
1790324765517 1 22866 12388 2572941487 2527105422 0 0 0 0 0 0 1024848171 19351263 4184039424 86151168 60940288 15427268 10245130 4594172 9174159 25539198
1790324766536 1 68942 0 2573017404 2527147611 0 0 0 0 0 0 1024946303 19351569 4185157632 261287936 0 15680406 10409278 4690345 9371794 25813994
1790324767561 1 81298 1156 2573091154 2527208071 0 0 0 0 0 0 1025027736 19351837 4186460160 349569024 2105344 15920850 10561585 4773445 9551376 26159908
1790324768593 1 29770 0 2573127578 2527297035 0 0 0 0 0 0 1025072967 19351976 4186595328 107249664 0 16046570 10635788 4818768 9643783 26386572
1790324769612 1 104953 0 2573216691 2527310964 0 0 0 0 0 0 1025179255 19352313 4186157056 420937728 0 16332135 10825488 4923420 9733572 26504472
1790324770639 1 47820 1533 2573254149 2527404053 0 0 0 0 0 0 1025225159 19352452 4186099712 207671296 1290240 16464498 10906318 4971000 9815911 27071089
1790324771664 1 53214 0 2573316869 2527462655 0 0 0 0 0 0 1025309386 19352703 4187164672 206594048 0 16677208 11043540 5053041 9918498 27285876
1790324772688 1 73859 27594 2573397718 2527495535 0 0 0 0 0 0 1025407276 19353014 4187590656 301899776 131317760 16957189 11219750 5153277 10063535 27455503
1790324773716 1 44148 9 2573430492 2527585603 0 0 0 0 0 0 1025446624 19353128 4187467776 180518912 9338880 17070889 11287227 5192375 10133328 27850293
1790324774735 1 82534 0 2573505859 2527622508 0 0 0 0 0 0 1025535981 19353411 4187754496 324812800 0 17302207 11442243 5280810 10292324 28112798
1790324775759 1 107598 469 2573581179 2527672313 0 0 0 0 0 0 1025611727 19353664 4186423296 439619584 6619136 17529361 11591027 5357591 10417192 28394794
1790324776782 1 29906 0 2573615577 2527784831 0 0 0 0 0 0 1025650557 19353793 4186050560 99155968 0 17631064 11658008 5395386 10500345 28741349
1790324777802 1 125851 0 2573711549 2527784831 0 0 0 0 0 0 1025770051 19354166 4187078656 477724672 0 17950336 11865205 5514254 10659950 28859248
1790324778823 1 49811 39 2573747235 2527896682 0 0 0 0 0 0 1025801026 19354276 4186824704 203300864 13897728 18058826 11931011 5546995 10773457 29384293
1790324779845 1 68013 0 2573819000 2527950163 0 0 0 0 0 0 1025876612 19354528 4187201536 264286208 0 18269371 12069018 5622007 10862435 29578941
1790324780872 1 119875 4030 2573910706 2527985991 0 0 0 0 0 0 1025966224 19354840 4185776128 488632320 33259520 18537667 12247270 5712225 10997457 29755872
1790324781894 1 15889 0 2573931823 2528115030 0 0 0 0 0 0 1025992884 19354916 4186198016 48619520 0 18593086 12287994 5736290 11064646 29965104
1790324782913 1 112931 4991 2574042600 2528123687 0 0 0 0 0 0 1026094190 19355292 4184457216 458698752 14712832 18912129 12495794 5840191 11187051 30066222
1790324783933 1 80507 2920 2574087489 2528203464 0 0 0 0 0 0 1026146444 19355456 4185698304 329334784 24428544 19045675 12587856 5892458 11246983 30204254
1790324784952 1 55399 0 2574138629 2528282447 0 0 0 0 0 0 1026207584 19355665 4186042368 216514560 0 19198487 12694197 5952687 11427528 30590681
1790324785972 1 41480 444 2574203428 2528360805 0 0 0 0 0 0 1026283302 19355915 4186558464 179154944 4206592 19412924 12835006 6029166 11482628 30781968
1790324786991 1 79165 0 2574287687 2528407786 0 0 0 0 0 0 1026357154 19356188 4185411584 320086016 0 19644670 12986366 6100516 11765217 31181239
1790324788010 1 138968 139 2574428857 2528489060 0 0 0 0 0 0 1026429248 19356420 4186525696 329953280 0 19835613 13113241 6172527 11850665 31421669
1790324789031 1 158619 114 2574577335 2528617819 0 0 0 0 0 0 1026463142 19356530 4186767360 69337088 0 19930555 13172667 6208560 11920228 31890836
1790324790051 1 276685 0 2574753816 2528676320 0 0 0 0 0 0 1026533248 19356741 4188307456 216985600 0 20101865 13288866 6277064 12124151 32265130
1790324791070 1 339414 2004 2574914032 2528771795 0 0 0 0 0 0 1026577430 19356887 4187873280 267730944 0 20222348 13371592 6323422 12197800 32584979
1790324792104 1 308607 88 2575030648 2528921191 0 0 0 0 0 0 1026598005 19357032 4187873280 181714944 3928064 20276475 13406789 6343958 12348632 33415261
1790324793162 1 236291 42 2575067238 2529030006 0 0 0 0 0 0 1026633223 19357975 4186955776 48877568 4083712 20379992 13474257 6377353 12394840 33720876
1790324794227 1 203545 5144 2575122132 2529112585 0 0 0 0 0 0 1026685071 19358166 4186791936 173383680 0 20548773 13578328 6430999 12487620 34180181
1790324795280 1 58067 58 2575133851 2529274957 0 0 0 0 0 0 1026691140 19358193 4186750976 207020032 0 20568942 13592035 6436840 12507385 34560828
1790324796302 1 4846 0 2575175557 2529369904 0 0 0 0 0 0 1026731401 19358328 4186226688 6414336 0 20683618 13665870 6475850 12575739 34655360
1790324797343 1 37592 15403 2575263452 2529409792 0 0 0 0 0 0 1026824897 19358653 4186501120 151506944 92110848 20951342 13844445 6570926 12683579 34776735
1790324798367 1 71564 0 2575336605 2529464186 0 0 0 0 0 0 1026895808 19358906 4185964544 273817600 0 21159854 13979475 6639905 12779084 35014546
1790324799391 1 36583 0 2575386986 2529549611 0 0 0 0 0 0 1026950048 19359089 4186038272 142225408 0 21310207 14079189 6693909 12887046 35274638
1790324800410 1 59108 1 2575465236 2529605323 0 0 0 0 0 0 1027013537 19359550 4186267648 183111680 0 21489768 14197934 6758105 12995707 35665320
1790324801448 1 69138 902 2575520217 2529649319 0 0 0 0 0 0 1027077081 19360187 4186644480 269897728 9752576 21662577 14317064 6823050 13099255 35839523
1790324802516 1 50624 1623 2575562459 2529709951 0 0 0 0 0 0 1027122856 19360360 4186615808 227700736 4206592 21791712 14402656 6868593 13175204 36012151
1790324803585 1 37020 58 2575602086 2529764167 0 0 0 0 0 0 1027176883 19360628 4187148288 149708800 0 21930703 14492367 6920480 13239421 36071229
1790324804617 1 103780 0 2575668848 2529764324 0 0 0 0 0 0 1027261700 19360963 4187975680 417349632 0 22158134 14640806 7006516 13490328 36146980
1790324805651 1 55257 4577 2575707109 2529846567 0 0 0 0 0 0 1027307313 19361113 4188504064 256823296 0 22281721 14723467 7052239 13541653 36286053
1790324806678 1 42524 0 2575760089 2529916585 0 0 0 0 0 0 1027367970 19361326 4187889664 170135552 0 22458393 14831967 7111168 13633528 36560675
1790324807712 1 39737 605 2575824619 2529983668 0 0 0 0 0 0 1027443765 19361579 4188188672 172638208 16551936 22666420 14968705 7189529 13691816 36720995
1790324808752 1 62226 0 2575894510 2530031487 0 0 0 0 0 0 1027518908 19362131 4187553792 249610240 0 22879192 15108856 7263515 13834747 36869427
1790324809773 1 137163 1460 2575982275 2530042754 0 0 0 0 0 0 1027613364 19362549 4186939392 561025024 0 23157170 15287702 7358619 13903238 36915949
1790324810795 1 36475 0 2576011136 2530173885 0 0 0 0 0 0 1027644233 19362655 4186824704 139198464 0 23246864 15344842 7389066 13937181 37243193
1790324811816 1 84824 0 2576086328 2530200718 0 0 0 0 0 0 1027739512 19362958 4187643904 345444352 0 23499002 15513048 7483717 14003301 37327055
1790324812839 1 80930 1543 2576140845 2530257630 0 0 0 0 0 0 1027802374 19363177 4187549696 344334336 5267456 23673235 15630086 7548536 14059147 37416638
1790324813869 1 32878 0 2576177994 2530344174 0 0 0 0 0 0 1027835392 19363316 4187832320 122802176 0 23771424 15695322 7580705 14147944 37642863
1790324814901 1 81199 0 2576235413 2530353394 0 0 0 0 0 0 1027897217 19363537 4186972160 326074368 0 23950740 15812945 7641858 14317847 37706270
1790324815932 1 106401 10147 2576295310 2530377777 0 0 0 0 0 0 1027971704 19363779 4187598848 485326848 0 24161947 15945021 7716197 14370965 37743348
1790324816957 1 89627 0 2576332374 2530441889 0 0 0 0 0 0 1028018756 19363934 4188065792 362319872 0 24286774 16026836 7763020 14441248 37904709
1790324817988 1 31053 511 2576367980 2530535579 0 0 0 0 0 0 1028050672 19364054 4186976256 139202560 4108288 24385772 16095082 7796329 14475935 38050455
1790324819027 1 52088 0 2576424290 2530571202 0 0 0 0 0 0 1028109228 19364278 4187373568 202317824 0 24552157 16204364 7854107 14600344 38287965
1790324820060 1 107231 0 2576488922 2530580747 0 0 0 0 0 0 1028187256 19364531 4187467776 431562752 0 24777434 16344888 7932260 14657188 38319321
1790324821084 1 71850 2701 2576530198 2530654779 0 0 0 0 0 0 1028235555 19364699 4188020736 303599616 12427264 24909306 16435333 7981590 14765051 38485359
1790324822106 1 59146 6132 2576587342 2530721149 0 0 0 0 0 0 1028299495 19364916 4187590656 269492224 0 25078265 16551388 8044320 14870034 38657495
1790324823127 1 110574 22047 2576705195 2530771475 0 0 0 0 0 0 1028369976 19365159 4187746304 442028032 0 25272398 16679712 8115610 14990802 38833938
1790324824148 1 75496 0 2576759645 2530883224 0 0 0 0 0 0 1028407259 19365286 4187979776 97050624 0 25376253 16745124 8152572 15032087 39120516
1790324825169 1 152709 0 2576847287 2530893714 0 0 0 0 0 0 1028512594 19365669 4188696576 414765056 0 25674809 16933290 8256834 15145811 39225861
1790324826190 1 87019 52 2576895753 2531007865 0 0 0 0 0 0 1028554907 19365796 4189380608 264003584 3313664 25780016 17002972 8300006 15190344 39605116
1790324827211 1 51034 8259 2576943541 2531083419 0 0 0 0 0 0 1028608137 19365999 4189184000 189411328 0 25938012 17100467 8353126 15350351 40118207
1790324828232 1 70730 29651 2577019863 2531118624 0 0 0 0 0 0 1028688818 19366368 4188483584 280825856 100245504 26165482 17254279 8434819 15403313 40240149
1790324829251 1 36710 58 2577055390 2531217790 0 0 0 0 0 0 1028730401 19366505 4187897856 109735936 0 26277341 17326938 8473962 15453881 40604252
1790324830272 1 101042 2702 2577145561 2531240892 0 0 0 0 0 0 1028828534 19366840 4187414528 395264000 11026432 26555548 17514801 8574535 15560957 40760065
1790324831292 1 41535 11 2577179669 2531337349 0 0 0 0 0 0 1028873903 19366977 4188475392 169771008 4030464 26675232 17591583 8619539 15610702 41122944
1790324832312 1 75447 0 2577252690 2531376330 0 0 0 0 0 0 1028960379 19367258 4188262400 307032064 0 26906823 17746286 8704732 15720531 41362894
1790324833332 1 118178 0 2577334401 2531415299 0 0 0 0 0 0 1029032672 19367534 4186566656 477331456 0 27133314 17896691 8777505 15785910 41505295
1790324834351 1 7736 0 2577350392 2531541769 0 0 0 0 0 0 1029052606 19367598 4186869760 25419776 0 27187766 17931575 8796976 15995835 42247496
1790324835371 1 98776 0 2577450686 2531550925 0 0 0 0 0 0 1029158408 19367967 4186636288 402169856 0 27487945 18133803 8902093 16228890 42473323
1790324836409 0 76816 51 2577506527 2531628801 0 0 0 0 0 0 1029217942 19368172 4186615808 339501056 1699840 27658213 18248422 8963158 16309836 42761709
1790324837460 0 43705 0 2577544308 2531699688 0 0 0 0 0 0 1029264095 19368321 4186558464 168529920 0 27782301 18328719 9009369 16469692 43200970
1790324838479 0 87932 0 2577609080 2531720198 0 0 0 0 0 0 1029343085 19368580 4187336704 351752192 0 27990675 18469710 9087981 16597721 43411118
1790324839498 0 18005 0 2577637772 2531818894 0 0 0 0 0 0 1029375433 19368696 4187586560 67571712 0 28076028 18529508 9119771 16737704 44084533
1790324840522 0 66434 49 2577704615 2531837353 0 0 0 0 0 0 1029471952 19368984 4189028352 272117760 3383296 28332402 18692285 9217272 16929589 44444226
1790324841546 0 81374 816 2577771400 2531888317 0 0 0 0 0 0 1029535991 19369213 4188614656 342282240 0 28534988 18819351 9281729 17030292 44717502
1790324842578 0 45728 0 2577806872 2531960217 0 0 0 0 0 0 1029567665 19369331 4187451392 185864192 0 28639463 18883472 9310337 17163801 45203050
1790324843607 0 67995 0 2577859780 2531990931 0 0 0 0 0 0 1029626497 19369539 4187099136 274427904 0 28807202 18993583 9370369 17263356 45443920
1790324844631 0 76928 277 2577909629 2532031630 0 0 0 0 0 0 1029694065 19369765 4187672576 322490368 1822720 28983972 19111767 9439844 17416693 45972254
1790324845650 0 32395 0 2577946640 2532113397 0 0 0 0 0 0 1029728057 19369892 4187140096 125632512 0 29073099 19178497 9472839 17605714 46591907
1790324846669 0 104332 0 2578027806 2532122615 0 0 0 0 0 0 1029817821 19370197 4186931200 424837120 0 29323300 19345974 9561449 17787138 46873886
1790324847688 0 93096 8614 2578077621 2532175004 0 0 0 0 0 0 1029877389 19370391 4186935296 390373376 32698368 29500570 19455855 9623377 17846963 47103504
1790324848710 0 30825 0 2578090462 2532258818 0 0 0 0 0 0 1029895095 19370445 4187521024 122073088 0 29551447 19484642 9640430 17903996 47525402
1790324849748 0 48939 15348 2578154813 2532289601 0 0 0 0 0 0 1029970587 19370693 4188401664 200630272 87838720 29772285 19623305 9716543 18022875 47826600
1790324850796 0 29421 0 2578187864 2532357520 0 0 0 0 0 0 1030010101 19370821 4188618752 116039680 0 29879258 19691924 9754757 18127614 48339682
1790324851816 0 130480 0 2578288805 2532357520 0 0 0 0 0 0 1030106289 19371175 4186738688 521764864 0 30178316 19884299 9851551 18356985 48576934
1790324852836 0 66142 2173 2578331026 2532461837 0 0 0 0 0 0 1030141751 19371309 4185935872 270917632 21458944 30305724 19963930 9887752 18446503 48926543
1790324853856 0 51441 0 2578375735 2532523421 0 0 0 0 0 0 1030202740 19371508 4186816512 208703488 0 30461757 20065128 9946723 18521820 49148074
1790324854875 0 133092 0 2578466591 2532532639 0 0 0 0 0 0 1030290821 19371823 4186324992 540942336 0 30721903 20239991 10034908 18695491 49398882
1790324855899 0 30235 441 2578486681 2532655129 0 0 0 0 0 0 1030311215 19371894 4186513408 129036288 3895296 30778276 20282136 10057175 18917758 49792724
1790324856917 0 43226 0 2578538661 2532694528 0 0 0 0 0 0 1030372668 19372093 4186427392 168763392 0 30947779 20390788 10117853 19144731 50266208
1790324857955 0 103988 3504 2578620273 2532712029 0 0 0 0 0 0 1030453909 19372389 4186357760 423702528 37249024 31185804 20552793 10199878 19357148 50577528
1790324859001 0 88591 2263 2578659199 2532767619 0 0 0 0 0 0 1030486270 19372512 4186189824 371003392 5357568 31293160 20622725 10232319 19428337 51057202
1790324860021 0 63261 0 2578703072 2532838922 0 0 0 0 0 0 1030536007 19372688 4186177536 252538880 0 31427352 20712204 10280808 19549586 51346981
1790324861040 0 25944 0 2578744457 2532917545 0 0 0 0 0 0 1030589822 19372866 4186517504 99180544 0 31570733 20804863 10334202 19656812 51750339
1790324862059 0 123266 0 2578841656 2532917545 0 0 0 0 0 0 1030697626 19373229 4187365376 498782208 0 31872768 21006733 10442495 19882871 51993434
1790324863084 0 71145 34 2578872492 2533000504 0 0 0 0 0 0 1030741811 19373363 4187885568 291479552 21651456 31984189 21083084 10487849 20044933 52528119
1790324864119 0 46280 0 2578913155 2533066035 0 0 0 0 0 0 1030786384 19373516 4187553792 185360384 0 32111532 21163806 10530451 20293805 53067611
1790324865138 0 96633 0 2578979907 2533082421 0 0 0 0 0 0 1030877413 19373806 4189151232 389529600 0 32346955 21318713 10622305 20496208 53426697
1790324866162 0 39103 935 2579010204 2533169326 0 0 0 0 0 0 1030917326 19373934 4188528640 160165888 13557760 32458322 21390444 10663327 20780379 53945717
1790324867181 0 71958 0 2579083253 2533210388 0 0 0 0 0 0 1030992906 19374192 4188160000 290643968 0 32667505 21533826 10737525 20881383 54238564
1790324868219 0 140431 4015 2579165343 2533220089 0 0 0 0 0 0 1031089981 19374514 4187435008 596119552 8323072 32947799 21712063 10835856 20995913 54379576
1790324869248 0 29703 48 2579175136 2533344544 0 0 0 0 0 0 1031103183 19374555 4187758592 123326464 18284544 32992758 21734652 10849158 21203798 54809016
1790324870281 0 52916 0 2579224954 2533371166 0 0 0 0 0 0 1031169364 19374775 4189241344 206503936 0 33160907 21845226 10914721 21393323 55260785
1790324871305 0 85007 4964 2579287156 2533396236 0 0 0 0 0 0 1031251204 19375036 4188639232 348168192 26636288 33374646 21989819 10997256 21507021 55491878
1790324872328 0 2849 317 2579291762 2533487768 0 0 0 0 0 0 1031259321 19375055 4189016064 15192064 3764224 33390899 22002098 11005211 21553648 55778863
1790324873347 0 63797 0 2579363736 2533499078 0 0 0 0 0 0 1031350847 19375348 4188917760 259284992 0 33634424 22160062 11094762 21670699 55974820
1790324874370 0 83945 17 2579426911 2533542051 0 0 0 0 0 0 1031429976 19375603 4189278208 343834624 3665920 33862462 22301862 11175525 21807020 56266284
1790324875392 0 47122 32 2579463855 2533615780 0 0 0 0 0 0 1031469872 19375735 4188635136 186851328 0 33982944 22374468 11213881 21895430 56497196
1790324876411 0 76060 0 2579526568 2533649635 0 0 0 0 0 0 1031535092 19375958 4188160000 305340416 0 34173816 22500213 11279386 22080772 56910764
1790324877435 0 49610 398 2579557404 2533706602 0 0 0 0 0 0 1031572343 19376071 4188741632 207065088 1646592 34281181 22569496 11318312 22181021 57595189
1790324878454 0 36033 0 2579596476 2533759624 0 0 0 0 0 0 1031614802 19376220 4187885568 143110144 0 34406524 22647015 11358686 22281543 57947200
1790324879474 0 94907 0 2579674946 2533779030 0 0 0 0 0 0 1031697173 19376505 4187308032 377511936 0 34638186 22804751 11442760 22432462 58204609
1790324880498 0 69948 4562 2579722920 2533847531 0 0 0 0 0 0 1031763821 19376711 4187643904 308912128 0 34822588 22917643 11507998 22542393 58392483
1790324881520 0 63309 0 2579769255 2533905046 0 0 0 0 0 0 1031826102 19376897 4188418048 251506688 0 34986160 23023414 11570584 22664871 58606740
1790324882544 0 25426 949 2579792850 2533965650 0 0 0 0 0 0 1031862747 19376996 4189585408 108474368 3559424 35081983 23085754 11608664 22735148 59091793
1790324883563 0 38564 1 2579841741 2534002297 0 0 0 0 0 0 1031924637 19377199 4189839360 154001408 0 35247724 23191796 11668972 22797885 59248797
1790324884582 0 101836 6643 2579923365 2534014087 0 0 0 0 0 0 1032022257 19377504 4189179904 454791168 0 35517411 23369453 11767879 22899238 59377054
1790324885606 0 48632 13 2579953206 2534103627 0 0 0 0 0 0 1032059440 19377621 4188712960 194752512 0 35624700 23433234 11803040 23279116 59977920
1790324886625 0 51944 22 2580006651 2534153818 0 0 0 0 0 0 1032113813 19377811 4188573696 206516224 0 35788778 23539631 11858560 23491215 60426868
1790324887649 0 25454 1949 2580041096 2534212860 0 0 0 0 0 0 1032149913 19377938 4188106752 108011520 10403840 35901040 23611629 11895922 23555576 60901564
1790324888668 0 52954 0 2580095585 2534241772 0 0 0 0 0 0 1032215813 19378156 4188459008 210739200 0 36074853 23726826 11960340 23723013 61385897
1790324889688 0 150557 528 2580196227 2534244389 0 0 0 0 0 0 1032317181 19378512 4187279360 624906240 0 36372036 23926340 12062448 23861963 61525097
1790324890711 0 48658 0 2580207009 2534357491 0 0 0 0 0 0 1032337959 19378569 4187774976 199303168 5603328 36422220 23958686 12083554 24021658 62210623
1790324891730 0 52411 0 2580261011 2534407672 0 0 0 0 0 0 1032401573 19378785 4187959296 205746176 0 36597560 24071073 12146360 24173735 62544173
1790324892754 0 94799 521 2580332376 2534436183 0 0 0 0 0 0 1032472106 19379026 4187607040 392163328 3620864 36813667 24213298 12217847 24340661 63015181
1790324893779 0 13713 4442 2580335970 2534516975 0 0 0 0 0 0 1032478326 19379042 4187860992 73203712 5296128 36829520 24223104 12224254 24595148 63879630
1790324894798 0 69417 0 2580405411 2534535107 0 0 0 0 0 0 1032561555 19379308 4187701248 280158208 0 37043845 24370106 12305656 24780098 64264014
1790324895817 0 103363 0 2580466942 2534562759 0 0 0 0 0 0 1032640612 19379566 4188037120 417177600 0 37256650 24507722 12384754 25011501 64627430
1790324896841 0 44555 2343 2580498291 2534650560 0 0 0 0 0 0 1032678678 19379690 4188479488 182497280 15867904 37365141 24579132 12424659 25134148 65236034
1790324897864 0 24956 4607 2580533306 2534702864 0 0 0 0 0 0 1032721583 19379831 4188819456 102219776 26480640 37486353 24655376 12467584 25177281 65440032
1790324898885 0 56560 0 2580590906 2534733473 0 0 0 0 0 0 1032784255 19380050 4188446720 229670912 0 37657830 24770556 12527900 25305975 65746639
1790324899904 0 87970 0 2580658193 2534769316 0 0 0 0 0 0 1032868856 19380325 4188663808 354619392 0 37886612 24919993 12613752 25467958 66034073
1790324900928 0 51246 33 2580698221 2534846104 0 0 0 0 0 0 1032919369 19380488 4188733440 207847424 0 38029044 25008612 12662849 25581361 66473373
1790324901950 0 71437 6 2580762495 2534890182 0 0 0 0 0 0 1032982114 19380713 4188479488 286011392 0 38221062 25133572 12727162 25757923 66756378
1790324902974 0 67096 600 2580817411 2534948981 0 0 0 0 0 0 1033042825 19380923 4187856896 276049920 2105344 38398037 25248723 12788762 25857834 67133598
1790324903992 0 38607 0 2580867323 2535027870 0 0 0 0 0 0 1033098031 19381102 4187340800 153989120 0 38555618 25350109 12842232 25931239 67396983
1790324905012 0 102432 0 2580949609 2535046304 0 0 0 0 0 0 1033180309 19381392 4187217920 411254784 0 38791612 25510472 12924827 26112636 67677058
1790324906031 0 85669 0 2581000468 2535113892 0 0 0 0 0 0 1033236976 19381582 4187602944 340488192 0 38957956 25616619 12982851 26203621 67970182
1790324907052 0 90950 56 2581063084 2535171218 0 0 0 0 0 0 1033303399 19381818 4187627520 370438144 6524928 39153046 25744789 13048816 26386050 68291116
1790324908074 0 55685 23402 2581105712 2535225751 0 0 0 0 0 0 1033353990 19381974 4188164096 228102144 104210432 39295577 25837337 13099991 26611692 68784102
1790324909097 0 513 0 2581113464 2535312057 0 0 0 0 0 0 1033362589 19382002 4188069888 4096 0 39316548 25851680 13107468 26707675 69564895
1790324910116 0 93538 0 2581206441 2535312057 0 0 0 0 0 0 1033469027 19382364 4188581888 381079552 0 39614193 26046235 13212851 26871102 69756052
1790324911146 0 79337 39 2581260824 2535380626 0 0 0 0 0 0 1033542997 19382596 4189003776 331411456 4894720 39801959 26174241 13288249 26980361 69999627
1790324912175 0 30900 37 2581299508 2535467649 0 0 0 0 0 0 1033592051 19382756 4189118464 124473344 1642496 39936298 26259223 13336738 27084545 70322514
1790324913205 0 61962 16229 2581368377 2535489411 0 0 0 0 0 0 1033678767 19383024 4189466624 253792256 72581120 40170616 26413829 13424736 27223816 70547336
1790324914229 0 1034 0 2581373553 2535571625 0 0 0 0 0 0 1033686681 19383051 4189446144 2142208 0 40191647 26424855 13431309 27356584 71378030
1790324915253 0 77306 710 2581458339 2535579385 0 0 0 0 0 0 1033781194 19383373 4189863936 322875392 3043328 40475301 26602340 13527067 27543055 71647230
1790324916278 0 81632 669 2581510174 2535627026 0 0 0 0 0 0 1033843879 19383575 4189773824 334364672 11153408 40659547 26714897 13589880 27723186 72149233
1790324917298 0 1 0 2581510178 2535709317 0 0 0 0 0 0 1033884335 19383654 4216836096 4096 0 40691527 26746063 13627653 27745222 72272775
1790324918317 0 2 0 2581510179 2535709317 0 0 0 0 0 0 1034047117 19383970 4219203584 4096 0 40869115 26908415 13790583 27869289 72646607
1790324919336 0 2 0 2581510179 2535709317 0 0 0 0 0 0 1034209964 19384257 4221833216 4096 0 41058611 27070100 13952910 27934287 72840940
1790324920355 0 2 0 2581510179 2535709333 0 0 0 0 0 0 1034359953 19384532 4222963712 4096 0 41600988 27219886 14102956 28021814 72920024
1790324921374 0 2 0 2581510179 2535709333 0 0 0 0 0 0 1034542305 19384864 4220846080 4096 0 41834532 27403586 14286139 28234979 73146601
1790324922393 0 7 0 2581510184 2535709333 0 0 0 0 0 0 1034622362 19385005 1829273600 8192 0 41947947 27485998 14368379 28309252 73227667
