1790334091065 0 0 0 3316930819 3271117573 0 0 0 0 0 0 1379648978 20457032 - - - - - - - -
1790334092123 0 120586 0 3317051507 3271117676 0 0 0 0 0 0 1379648978 20457093 468119552 467275776 0 0 0 0 0 2265
1790334093148 0 125677 2016 3317261395 3271320436 0 0 0 0 0 0 1379648978 20457094 1328922624 510312448 12533760 0 0 0 0 8548
1790334094183 0 107541 1987 3317407038 3271484279 0 0 0 0 0 0 1379648978 20457094 1926438912 424398848 8122368 0 0 0 0 10347
1790334095206 0 133845 0 3317551228 3271604091 0 0 0 0 0 0 1379648978 20457096 2518269952 525238272 0 0 0 0 0 10347
1790334096231 0 156043 2049 3317711832 3271740309 0 0 0 0 0 0 1379648978 20457096 3174883328 632426496 8388608 0 0 0 0 37436
1790334097255 0 162464 2056 3317877855 3271900015 0 0 0 0 0 0 1379648978 20457096 3857993728 652869632 15151104 0 0 0 0 41721
1790334098280 0 133891 14337 3318027440 3272065968 0 0 0 0 0 0 1379649504 20457097 4139835392 548212736 58724352 154787 86386 526 21049 83548
1790334099299 0 154326 1987 3318187147 3272217522 0 0 0 0 0 0 1379654297 20457106 4138577920 624934912 6164480 369359 246843 5319 56329 232256
1790334100321 0 150772 1834 3318336943 3272371123 0 0 0 0 0 0 1379662841 20457123 4137652224 609443840 7094272 573818 405019 13297 92368 538334
1790334101367 0 101703 2048 3318449952 3272533026 0 0 0 0 0 0 1379676893 20457148 4137893888 441888768 50331648 726896 532317 27659 120292 993248
1790334102436 0 95718 2093 3318571256 3272660501 0 0 0 0 0 0 1379689158 20457170 4137631744 400826368 10141696 885882 665999 40231 156620 1148639
1790334103476 0 138898 0 3318732064 3272779831 0 0 0 0 0 0 1379709763 20457207 4137779200 551841792 0 1131330 846194 59731 205570 1483969
1790334104502 0 84957 1006 3318798818 3272899638 0 0 0 0 0 0 1379722191 20457230 4138561536 348209152 4120576 1250403 930721 73352 233511 1897762
1790334105542 0 109619 3329 3318913816 3272987685 0 0 0 0 0 0 1379741792 20457266 4139163648 459132928 32514048 1421077 1063357 92249 284924 2267668
1790334106596 0 102300 3687 3319029873 3273110567 0 0 0 0 0 0 1379771821 20457318 4140875776 437927936 8388608 1605732 1206675 122124 339472 2595112
1790334107632 0 92862 14336 3319137530 3273217080 0 0 0 0 0 0 1379791727 20457349 4141629440 380313600 58720256 1778997 1337979 142750 380380 3006726
1790334108653 0 78567 0 3319239729 3273347836 0 0 0 0 0 0 1379819855 20457393 4143505408 303755264 0 1934919 1463343 170929 425052 3194979
1790334109678 0 114382 26595 3319380438 3273426221 0 0 0 0 0 0 1379847972 20457444 4144480256 468221952 109051904 2162251 1636219 198930 463526 3340073
1790334110709 0 83954 2436 3319474332 3273574857 0 0 0 0 0 0 1379878476 20457493 4146167808 355545088 29097984 2315385 1758063 228982 493317 3681763
1790334111765 0 104386 2044 3319610211 3273690520 0 0 0 0 0 0 1379903623 20457536 4146061312 442400768 5779456 2529269 1919104 253664 542726 4037239
1790334112797 0 95416 4096 3319709752 3273796994 0 0 0 0 0 0 1379930878 20457583 4146806784 406106112 16166912 2694191 2047159 281740 591266 4368746
1790334113820 0 121865 0 3319842136 3273907046 0 0 0 0 0 0 1379970677 20457651 4147458048 482418688 0 2918845 2213195 319103 637329 4761744
1790334114842 0 136534 0 3319975627 3274025832 0 0 0 0 0 0 1380007220 20457710 4147843072 542334976 0 3146950 2385165 357757 688486 4900823
1790334115862 0 140813 0 3320098710 3274144617 0 0 0 0 0 0 1380040217 20457769 4147724288 560545792 0 3354914 2541222 390552 736405 5139405
1790334116882 0 148334 3281 3320177672 3274212706 0 0 0 0 0 0 1380067455 20457813 4148158464 606826496 8388608 3492681 2648045 418058 793745 5261530
1790334117906 0 119758 14300 3320295215 3274347911 0 0 0 0 0 0 1380106278 20457882 4148486144 490147840 58720256 3712055 2808225 457300 857922 5744687
1790334118928 0 90869 0 3320400982 3274496788 0 0 0 0 0 0 1380143678 20457945 4148523008 355258368 0 3888065 2945469 493054 915456 6061910
1790334119952 0 118422 0 3320545091 3274613526 0 0 0 0 0 0 1380185984 20458018 4148670464 468119552 0 4135515 3133669 537063 966229 6279942
1790334120978 0 63013 12288 3320650392 3274761845 0 0 0 0 0 0 1380232367 20458100 4149350400 305025024 33443840 4348196 3287418 583328 1030003 6510169
1790334122020 0 57043 6335 3320775801 3274899103 0 0 0 0 0 0 1380283337 20458187 4149383168 294338560 33554432 4569051 3461557 634332 1088580 6665050
1790334123056 0 75020 30573 3320943047 3275024271 0 0 0 0 0 0 1380351515 20458302 4150054912 340484096 96272384 4878493 3699532 702537 1152493 6808753
1790334124075 0 92315 0 3321040832 3275135282 0 0 0 0 0 0 1380400136 20458380 4150108160 361938944 0 5075658 3841956 750136 1219464 7090537
1790334125096 0 144117 0 3321211519 3275254067 0 0 0 0 0 0 1380494825 20458678 4152221696 572948480 0 5433024 4101017 842852 1286378 7225384
1790334126120 0 116716 0 3321363464 3275433269 0 0 0 0 0 0 1380564678 20459060 4152958976 457977856 0 5727427 4316795 915597 1358022 7460464
1790334127142 0 99876 51 3321468166 3275555059 0 0 0 0 0 0 1380619461 20459336 4152373248 400478208 0 5945246 4470184 966832 1440097 7683747
1790334128180 0 16446 1009 3321539276 3275708629 0 0 0 0 0 0 1380648635 20459506 4152365056 83447808 1744896 6095325 4569572 999294 1492205 8012603
1790334129200 0 138929 1387 3321698457 3275744932 0 0 0 0 0 0 1380728978 20459922 4150583296 580472832 10719232 6419805 4802666 1079992 1569156 8076617
1790334130223 0 131269 0 3321799884 3275855255 0 0 0 0 0 0 1380778085 20460182 4150493184 520065024 0 6612162 4942460 1127712 1650946 8389251
1790334131248 0 115189 0 3321906708 3275978136 0 0 0 0 0 0 1380822580 20460438 4149161984 453828608 0 6806179 5086785 1170815 1729217 8595166
1790334132274 0 86414 0 3322007840 3276108192 0 0 0 0 0 0 1380879209 20460712 4149006336 335974400 0 7019162 5241301 1229518 1806067 8899805
1790334133299 0 54730 21508 3322097648 3276208206 0 0 0 0 0 0 1380929724 20460955 4149182464 224268288 106500096 7221419 5381508 1280813 1877153 9068793
1790334134325 0 113416 0 3322226577 3276299782 0 0 0 0 0 0 1380985355 20461276 4149239808 443310080 0 7444494 5551514 1334117 1954591 9264656
1790334135357 0 139313 0 3322371188 3276418567 0 0 0 0 0 0 1381067809 20461678 4149194752 552607744 0 7742496 5771339 1416978 2028818 9568726
1790334136384 0 104983 1508 3322461639 3276541925 0 0 0 0 0 0 1381107791 20461909 4147851264 439390208 2269184 7916264 5900837 1458216 2065296 9943763
1790334137406 0 37058 5037 3322546863 3276691422 0 0 0 0 0 0 1381149621 20462139 4147924992 166539264 0 8091920 6020682 1499732 2133887 10343951
1790334138431 0 69062 0 3322676755 3276794390 0 0 0 0 0 0 1381222892 20462500 4147961856 264060928 0 8360698 6214197 1571384 2194261 10578390
1790334139458 0 2866 2 3322796294 3276980131 0 0 0 0 0 0 1381275119 20462806 4147081216 4243456 3506176 8593308 6381618 1623886 2242791 10881796
1790334140495 0 69894 1719 3322968970 3277084206 0 0 0 0 0 0 1381349515 20463236 4145475584 307163136 5279744 8921450 6622102 1700239 2302619 10991348
1790334141522 0 113805 3807 3323130271 3277199730 0 0 0 0 0 0 1381429093 20463662 4144947200 488255488 4894720 9237509 6855123 1779896 2406103 11305110
1790334142542 0 91013 14517 3323254400 3277335833 0 0 0 0 0 0 1381489777 20463983 4144676864 372928512 85041152 9484894 7034343 1840865 2472432 11535554
1790334143569 0 85132 0 3323360815 3277462451 0 0 0 0 0 0 1381541540 20464290 4143968256 330784768 0 9682752 7179746 1889715 2547123 11668877
1790334144600 0 17385 511 3323462472 3277631351 0 0 0 0 0 0 1381583194 20464544 4143869952 99287040 4976640 9879197 7321133 1932673 2622376 11881088
1790334145641 0 87537 959 3323630864 3277729154 0 0 0 0 0 0 1381659676 20464982 4143132672 386424832 4263936 10201471 7557756 2010183 2702997 12042967
1790334146676 0 84916 1032 3323765380 3277866205 0 0 0 0 0 0 1381719425 20465318 4142403584 365797376 10076160 10457449 7745696 2070404 2767185 12298425
1790334147706 0 72765 0 3323873880 3277987754 0 0 0 0 0 0 1381769045 20465602 4142125056 278339584 0 10657129 7891351 2117661 2840223 12503918
1790334148740 0 139853 584 3324020044 3278066388 0 0 0 0 0 0 1381838044 20465997 4141441024 592998400 5980160 10935778 8102514 2188343 2912027 12625370
1790334149771 0 126939 584 3324133606 3278192734 0 0 0 0 0 0 1381893513 20466307 4141158400 530812928 8290304 11155574 8267675 2244349 3022638 12935234
1790334150793 0 84455 0 3324249012 3278351260 0 0 0 0 0 0 1381949127 20466613 4141441024 326496256 0 11369431 8426711 2298777 3106460 13194813
1790334151822 0 92826 17976 3324382261 3278458170 0 0 0 0 0 0 1382006617 20466968 4140326912 455647232 12431360 11624568 8616056 2357548 3178315 13350068
1790334152845 0 58196 48 3324470580 3278599057 0 0 0 0 0 0 1382043140 20467193 4140285952 251908096 6733824 11787704 8736580 2394080 3256374 13542288
1790334153877 0 104575 0 3324622464 3278704548 0 0 0 0 0 0 1382113402 20467579 4140761088 408432640 0 12073682 8945143 2462047 3355015 13793896
1790334154905 0 58698 2409 3324740706 3278866254 0 0 0 0 0 0 1382160249 20467885 4140847104 271601664 14270464 12294484 9110047 2510833 3432203 14049534
1790334155934 0 127562 5157 3324915454 3278969549 0 0 0 0 0 0 1382253842 20468362 4141830144 520392704 45977600 12648386 9370470 2604782 3511872 14257917
1790334156958 0 63025 3527 3324994502 3279114981 0 0 0 0 0 0 1382287004 20468566 4141654016 278474752 15024128 12786967 9478655 2637784 3601162 14610398
1790334157983 0 89198 0 3325126164 3279223630 0 0 0 0 0 0 1382343690 20468896 4141768704 345997312 0 13022803 9654032 2692262 3696437 14835793
1790334159019 0 79323 0 3325239181 3279346511 0 0 0 0 0 0 1382408665 20469208 4142649344 305733632 0 13257175 9826215 2757426 3783561 15137372
1790334160053 0 9929 10658 3325342608 3279508743 0 0 0 0 0 0 1382473576 20469501 4144623616 71467008 23093248 13486724 9995648 2824572 3844878 15449280
1790334161100 0 106138 0 3325510293 3279590775 0 0 0 0 0 0 1382561258 20469958 4144705536 414687232 0 13810133 10234897 2909564 3902471 15556623
1790334162129 0 111726 6278 3325622167 3279691019 0 0 0 0 0 0 1382611142 20470251 4144054272 482803712 14766080 14039680 10397995 2962106 3956433 15750958
1790334163150 0 113352 0 3325763229 3279836540 0 0 0 0 0 0 1382688331 20470638 4144717824 444571648 0 14334140 10603140 3037675 4026588 15934251
1790334164184 0 105085 492 3325899559 3279980855 0 0 0 0 0 0 1382746270 20470990 4143620096 443846656 3923968 14595204 10794619 3096679 4107994 16156546
1790334165212 0 107663 2117 3325994986 3280071995 0 0 0 0 0 0 1382791865 20471246 4143321088 441131008 19734528 14782593 10933673 3142874 4171181 16342021
1790334166237 0 88277 0 3326103914 3280202210 0 0 0 0 0 0 1382858002 20471556 4143915008 343990272 0 15000404 11096068 3206631 4238497 16712676
1790334167267 0 99774 54 3326238104 3280325111 0 0 0 0 0 0 1382921157 20471915 4144218112 392929280 0 15252908 11286251 3268853 4292422 16973797
1790334168291 0 94897 0 3326356142 3280447972 0 0 0 0 0 0 1382984460 20472256 4144525312 369369088 0 15505677 11461889 3333128 4409890 17273985
1790334169325 0 138441 0 3326468326 3280516583 0 0 0 0 0 0 1383028292 20472536 4143636480 547348480 0 15716233 11613927 3378653 4497551 17368200
1790334170350 0 117579 0 3326587787 3280656897 0 0 0 0 0 0 1383087000 20472860 4143837184 465076224 0 15950707 11784363 3434571 4574978 17589527
1790334171376 0 27610 0 3326689160 3280848311 0 0 0 0 0 0 1383131412 20473126 4142714880 96251904 0 16141252 11926043 3479790 4635839 18023568
1790334172404 0 135474 803 3326878163 3280928644 0 0 0 0 0 0 1383230881 20473655 4144181248 577097728 7258112 16518262 12209430 3581013 4716144 18207143
1790334173445 0 56935 1208 3326957587 3281086230 0 0 0 0 0 0 1383282505 20473903 4145766400 272846848 1499136 16697894 12335950 3632283 4788087 18518203
1790334174489 0 104486 0 3327111339 3281193406 0 0 0 0 0 0 1383363854 20474319 4147204096 410193920 0 17006675 12560000 3714619 4848914 18666800
1790334175511 0 113506 0 3327241139 3281314239 0 0 0 0 0 0 1383428383 20474675 4146409472 447467520 0 17272100 12747346 3778336 4942229 19029720
1790334176536 0 33859 0 3327318253 3281470956 0 0 0 0 0 0 1383478284 20474899 4146737152 119799808 0 17444011 12868789 3826927 5045486 19469781
1790334177566 0 121301 0 3327484526 3281549805 0 0 0 0 0 0 1383577239 20475370 4147802112 477655040 0 17796515 13125370 3926205 5152294 19673231
1790334178595 0 91618 0 3327577561 3281672687 0 0 0 0 0 0 1383617302 20475611 4146778112 358178816 0 17957867 13254585 3965833 5214126 19977509
1790334179622 0 102679 2207 3327705475 3281787283 0 0 0 0 0 0 1383677994 20475946 4146098176 443564032 9371648 18220558 13443385 4028483 5308277 20261807
1790334180649 0 91266 2036 3327830408 3281923828 0 0 0 0 0 0 1383740231 20476283 4145848320 378621952 15196160 18491351 13624748 4091155 5408414 20503492
1790334181676 0 87530 877 3327956783 3282055160 0 0 0 0 0 0 1383806058 20476629 4145635328 385097728 2801664 18735849 13808122 4156336 5471615 20795326
1790334182709 0 96079 0 3328072627 3282163195 0 0 0 0 0 0 1383865417 20476949 4145676288 374509568 0 18963259 13976401 4215686 5540366 21119473
1790334183745 0 84707 11 3328197471 3282299320 0 0 0 0 0 0 1383930370 20477296 4145786880 341463040 16031744 19216907 14163871 4281408 5626427 21399866
1790334184795 0 79287 2039 3328301923 3282407372 0 0 0 0 0 0 1383981766 20477577 4146274304 351285248 12607488 19433408 14316713 4332551 5718978 21569468
1790334185829 0 111362 0 3328439180 3282514439 0 0 0 0 0 0 1384046412 20477939 4146421760 437166080 0 19689814 14506656 4396157 5787691 21784629
1790334186857 0 13191 0 3328520620 3282694089 0 0 0 0 0 0 1384094571 20478163 4146290688 32931840 0 19860893 14629858 4442320 5859297 22216743
1790334187897 0 76509 1173 3328684304 3282793341 0 0 0 0 0 0 1384170754 20478595 4145508352 334581760 2367488 20168130 14867381 4521219 5958153 22511008
1790334188943 0 64869 850 3328798791 3282919839 0 0 0 0 0 0 1384219735 20478887 4144680960 300498944 2699264 20382905 15026961 4570130 6056368 22810250
1790334189987 0 115831 0 3328941769 3283012557 0 0 0 0 0 0 1384292191 20479274 4144447488 454668288 0 20665033 15231763 4641757 6161729 23017724
1790334191013 0 118194 0 3329081223 3283149777 0 0 0 0 0 0 1384367076 20479662 4145033216 466460672 0 20931687 15438696 4715484 6219262 23261764
1790334192038 0 97349 1373 3329199741 3283287884 0 0 0 0 0 0 1384425265 20479983 4145627136 419307520 1310720 21163308 15614558 4775608 6267531 23591572
1790334193075 1 105618 0 3329321752 3283402706 0 0 0 0 0 0 1384485199 20480348 4146040832 415526912 0 21395822 15788383 4835937 6341172 23783083
1790334194107 1 78890 1221 3329452004 3283558733 0 0 0 0 0 0 1384543812 20480710 4145352704 354226176 8409088 21650799 15972860 4894424 6422731 24082119
1790334195147 1 123320 2628 3329609108 3283669281 0 0 0 0 0 0 1384606413 20482274 4144701440 519979008 0 21951607 16184258 4957502 6478536 24254880
1790334196169 1 18267 0 3329670359 3283838416 0 0 0 0 0 0 1384632748 20482551 4144484352 57344000 0 22054903 16264993 4981812 6519282 24651451
1790334197202 1 74673 917 3329835179 3283945892 0 0 0 0 0 0 1384709409 20483027 4143468544 335740928 2256896 22364298 16501519 5059847 6565100 24812643
1790334198246 1 107949 0 3329959186 3284037399 0 0 0 0 0 0 1384778386 20484200 4144168960 424275968 0 22606136 16685298 5128228 6622433 25160270
1790334199288 1 89607 477 3330088893 3284185105 0 0 0 0 0 0 1384830654 20485107 4144332800 392028160 5689344 22849434 16863633 5180727 6684345 25410845
1790334200349 1 75515 0 3330212232 3284322818 0 0 0 0 0 0 1384896482 20486424 4145496064 325619712 1323008 23100603 17045941 5246782 6726633 25666733
1790334201373 1 73323 884 3330350542 3284462451 0 0 0 0 0 0 1384963705 20486790 4146786304 270688256 2822144 23359816 17229517 5314416 6773239 25893909
1790334202405 1 95254 646 3330495626 3284585928 0 0 0 0 0 0 1385023080 20487122 4146909184 400916480 1810432 23598241 17406056 5373573 6813088 26185861
1790334203432 1 84711 0 3330631812 3284733337 0 0 0 0 0 0 1385067092 20487389 4145885184 185831424 0 23789190 17544251 5417455 6856147 26594650
1790334204456 1 138044 1403 3330780182 3284827045 0 0 0 0 0 0 1385116258 20487716 4144775168 377327616 4763648 24034831 17725060 5466800 6912254 26822252
1790334205479 1 170007 360 3330916882 3284932711 0 0 0 0 0 0 1385172810 20488034 4144312320 451915776 2248704 24268812 17898361 5523488 6968800 27080765
1790334206504 1 105667 0 3331013536 3285093976 0 0 0 0 0 0 1385215584 20488251 4144803840 403935232 0 24425391 18015063 5564424 7023514 27488397
1790334207528 1 97428 58 3331124137 3285212772 0 0 0 0 0 0 1385251527 20488491 4144381952 308346880 0 24583476 18144062 5601931 7088408 27883634
1790334208552 1 107170 553 3331252971 3285331404 0 0 0 0 0 0 1385301823 20488781 4143845376 314556416 7127040 24801049 18307781 5652404 7135789 28200165
1790334209574 1 168127 23 3331416090 3285433906 0 0 0 0 0 0 1385356682 20489151 4143022080 486563840 0 25060561 18502528 5706942 7195859 28378193
1790334210600 1 186961 0 3331551695 3285550680 0 0 0 0 0 0 1385409314 20489464 4143427584 505466880 0 25279591 18671609 5760167 7262799 28631691
1790334211624 1 138842 66 3331648849 3285695991 0 0 0 0 0 0 1385447149 20489685 4143452160 365182976 0 25429696 18786460 5796088 7360960 28999246
1790334212649 1 137837 0 3331778845 3285827189 0 0 0 0 0 0 1385515329 20490010 4144623616 344629248 0 25660365 18967259 5865663 7401833 29250422
1790334213674 1 100801 881 3331893358 3285977682 0 0 0 0 0 0 1385574138 20490300 4145647616 169971712 1978368 25867818 19122638 5924236 7490069 29538293
1790334214703 1 186708 3741 3332060830 3286056723 0 0 0 0 0 0 1385636756 20490696 4145274880 530763776 4206592 26159537 19334445 5987437 7545962 29657646
1790334215730 1 186176 354 3332179317 3286178926 0 0 0 0 0 0 1385681406 20490963 4144861184 476344320 7143424 26358947 19478071 6031911 7653683 30020194
1790334216756 1 139154 3889 3332292003 3286335149 0 0 0 0 0 0 1385732403 20491242 4145860608 468619264 3051520 26561130 19623207 6082941 7705176 30275476
1790334217784 1 152972 678 3332415171 3286447727 0 0 0 0 0 0 1385784945 20491538 4145520640 595996672 2760704 26770507 19780499 6135697 7752454 30609445
1790334218808 1 91503 483 3332507821 3286602143 0 0 0 0 0 0 1385821758 20491742 4145455104 296964096 2105344 26914997 19889454 6172088 7788475 30943626
1790334219832 1 167104 0 3332675436 3286694506 0 0 0 0 0 0 1385891337 20492141 4144975872 528646144 0 27207958 20105350 6241548 7853850 31166479
1790334220856 1 196572 0 3332815504 3286805099 0 0 0 0 0 0 1385943922 20492468 4144988160 591216640 0 27441485 20277260 6293012 7897500 31417550
1790334221882 1 156386 1842 3332932385 3286960353 0 0 0 0 0 0 1385985797 20492727 4144803840 493248512 1409024 27633461 20420023 6336284 7949769 31782063
1790334222907 1 105671 0 3333037474 3287117755 0 0 0 0 0 0 1386025545 20492954 4144537600 371007488 0 27791551 20541776 6374045 8009710 32158396
1790334223935 1 90433 17 3333159325 3287254976 0 0 0 0 0 0 1386067407 20493232 4143575040 272265216 0 27981015 20688086 6417110 8068858 32489419
1790334224958 1 108346 1870 3333272838 3287349179 0 0 0 0 0 0 1386122632 20493519 4144361472 320036864 3543040 28178195 20843336 6473266 8102815 32759397
1790334225981 1 136071 0 3333418037 3287467920 0 0 0 0 0 0 1386183959 20493853 4144914432 354156544 0 28420534 21026757 6533707 8186881 33040656
1790334227005 1 161521 0 3333553873 3287578513 0 0 0 0 0 0 1386240630 20494173 4145840128 401440768 0 28650583 21199868 6590286 8221471 33284183
1790334228028 1 191459 0 3333694531 3287689106 0 0 0 0 0 0 1386298207 20494508 4146180096 468529152 0 28885994 21379797 6649003 8272627 33551362
1790334229051 1 103231 1038 3333780246 3287862175 0 0 0 0 0 0 1386336807 20494710 4146331648 428564480 6049792 29040450 21490591 6687361 8320327 33955930
1790334230074 1 23883 66 3333866820 3288028989 0 0 0 0 0 0 1386374824 20494905 4146946048 42590208 0 29177379 21591502 6722694 8358646 34599096
1790334231097 1 131214 994 3334038684 3288092587 0 0 0 0 0 0 1386458867 20495361 4147380224 461926400 5836800 29498958 21835256 6809473 8428920 34815630
1790334232118 1 120320 0 3334164263 3288222522 0 0 0 0 0 0 1386524293 20495683 4147339264 404082688 0 29723256 22004440 6872458 8493676 35237691
1790334233140 1 146758 1260 3334314192 3288344762 0 0 0 0 0 0 1386590001 20496051 4147163136 522944512 1531904 30005371 22210145 6940706 8549757 35534883
1790334234160 1 122527 5694 3334422947 3288466921 0 0 0 0 0 0 1386647853 20496332 4147261440 400293888 41193472 30219639 22363707 6998896 8622325 36037206
1790334235181 1 131891 1017 3334559008 3288591651 0 0 0 0 0 0 1386707465 20496657 4146806784 442068992 4247552 30463125 22544001 7057854 8663659 36282154
1790334236203 1 108399 0 3334692008 3288744190 0 0 0 0 0 0 1386771467 20497004 4146806784 309338112 0 30707717 22723397 7120438 8709408 36573997
1790334237226 1 152974 0 3334853759 3288858879 0 0 0 0 0 0 1386848185 20497420 4147400704 461029376 0 31007064 22946184 7197850 8797257 36892061
1790334238249 1 123598 2 3334969288 3289003922 0 0 0 0 0 0 1386896983 20497706 4146475008 428609536 0 31209927 23097071 7246372 8851372 37351718
1790334239270 1 138247 511 3335110947 3289130496 0 0 0 0 0 0 1386951937 20498046 4145610752 517210112 4206592 31463185 23283118 7302326 8934158 37592410
1790334240290 1 113067 660 3335240073 3289284530 0 0 0 0 0 0 1387012968 20498382 4144988160 389963776 2105344 31703895 23461002 7363378 8991667 37926399
1790334241311 1 136599 0 3335391119 3289412753 0 0 0 0 0 0 1387079222 20498763 4144771072 435826688 0 31967827 23659704 7426346 9050714 38206943
1790334242334 1 162829 0 3335536343 3289531538 0 0 0 0 0 0 1387139441 20499124 4144664576 514945024 0 32231330 23852083 7486342 9087519 38450222
1790334243356 1 158690 0 3335662750 3289650323 0 0 0 0 0 0 1387196493 20499451 4144926720 517824512 0 32472948 24026553 7546518 9125529 38786490
1790334244378 1 138567 0 3335781074 3289788565 0 0 0 0 0 0 1387250335 20499760 4145688576 491712512 0 32683742 24190205 7600641 9211842 39198169
1790334245401 1 162172 62 3335925256 3289909355 0 0 0 0 0 0 1387316542 20500137 4145999872 568631296 0 32950439 24388205 7665128 9250942 39417540
1790334246423 1 67683 817 3336011213 3290089199 0 0 0 0 0 0 1387352569 20500343 4145532928 206073856 4206592 33118122 24506166 7703139 9287286 39872411
1790334247443 1 160539 5694 3336187274 3290167738 0 0 0 0 0 0 1387431874 20500806 4146130944 585048064 6647808 33443908 24748838 7782731 9353123 40153689
1790334248463 1 175152 1256 3336314009 3290283757 0 0 0 0 0 0 1387488715 20501135 4145758208 612139008 4038656 33676546 24922516 7839568 9413852 40558410
1790334249483 1 176124 3343 3336441099 3290407889 0 0 0 0 0 0 1387544726 20501452 4145373184 618962944 3264512 33911869 25096063 7895432 9458627 40913544
1790334250503 1 171175 1683 3336574885 3290548187 0 0 0 0 0 0 1387601350 20501790 4144734208 562139136 3424256 34143115 25276695 7951914 9537737 41226854
1790334251523 1 136327 0 3336672326 3290682322 0 0 0 0 0 0 1387654368 20502056 4145266688 526106624 0 34321342 25413495 8002655 9584047 41616196
1790334252545 1 59758 958 3336749254 3290833293 0 0 0 0 0 0 1387695787 20502263 4146184192 219758592 2105344 34471449 25526331 8046082 9659704 42135120
1790334253564 1 138337 12556 3336919704 3290913239 0 0 0 0 0 0 1387770922 20502709 4146151424 557953024 10510336 34790130 25760442 8121925 9709787 42364277
1790334254585 1 166083 2581 3337046929 3291022746 0 0 0 0 0 0 1387833332 20503044 4146380800 598896640 12038144 35036805 25937848 8184006 9761276 42719545
1790334255605 1 164378 0 3337156265 3291136441 0 0 0 0 0 0 1387886660 20503333 4145917952 538095616 0 35248583 26084572 8236269 9807369 43207020
1790334256627 1 150038 0 3337271468 3291265929 0 0 0 0 0 0 1387944249 20503639 4147408896 497348608 0 35463828 26247066 8294917 9928842 43643706
1790334257648 1 73290 1763 3337363781 3291433244 0 0 0 0 0 0 1387980270 20503859 4146114560 216018944 5693440 35629536 26369296 8330933 9984580 44210164
1790334258666 1 173794 803 3337537207 3291507185 0 0 0 0 0 0 1388058646 20504305 4145496064 599412736 3731456 35957624 26607032 8408695 10048936 44439334
1790334259687 1 169837 1095 3337663118 3291622046 0 0 0 0 0 0 1388123308 20504639 4146790400 608976896 4206592 36197647 26783132 8473720 10132741 44899881
1790334260706 1 119265 428 3337759353 3291769464 0 0 0 0 0 0 1388166815 20504867 4145827840 424501248 2191360 36366452 26911706 8517263 10217997 45407826
1790334261727 1 105079 1286 3337878460 3291901813 0 0 0 0 0 0 1388213516 20505159 4145836032 434184192 6307840 36575696 27067645 8564343 10288821 45845498
1790334262746 1 100472 354 3338001543 3292030537 0 0 0 0 0 0 1388270617 20505482 4144947200 395665408 1212416 36809728 27237814 8621524 10336161 46211899
1790334263768 1 137160 0 3338151315 3292143724 0 0 0 0 0 0 1388339252 20505877 4145868800 501637120 0 37083147 27439413 8687902 10420064 46510321
1790334264789 1 121076 516 3338273705 3292281304 0 0 0 0 0 0 1388407292 20506207 4146102272 466665472 2080768 37336047 27624162 8757410 10495440 46852475
1790334265808 1 104733 1033 3338403887 3292427267 0 0 0 0 0 0 1388466436 20506532 4145836032 426905600 4030464 37553741 27799464 8817177 10575180 47272046
1790334266829 1 94524 1079 3338520588 3292553238 0 0 0 0 0 0 1388527531 20506848 4146700288 367136768 4124672 37791667 27964645 8877752 10621419 47743398
1790334267849 1 122254 556 3338655230 3292658239 0 0 0 0 0 0 1388586298 20507198 4146176000 460812288 4206592 38041813 28146464 8936779 10675951 48128014
1790334268868 1 70916 0 3338748479 3292799039 0 0 0 0 0 0 1388623987 20507417 4146892800 202493952 0 38195490 28258119 8972954 10744150 48645276
1790334269889 1 102760 1025 3338892708 3292908261 0 0 0 0 0 0 1388686284 20507791 4145188864 357867520 2105344 38470156 28461565 9036892 10797949 48956804
1790334270908 1 103948 1690 3339001503 3293015301 0 0 0 0 0 0 1388758666 20508125 4146720768 367812608 5369856 38712030 28638833 9109222 10841009 49327302
1790334271927 1 106635 735 3339132467 3293144340 0 0 0 0 0 0 1388813974 20508455 4145885184 437477376 2105344 38952551 28817881 9164628 10895098 49721677
1790334272947 1 100050 1089 3339231138 3293249398 0 0 0 0 0 0 1388863198 20508729 4146475008 409804800 13770752 39148351 28964131 9214121 10967882 50116054
1790334273967 1 84062 58 3339347858 3293383145 0 0 0 0 0 0 1388917527 20509034 4145905664 326234112 0 39377730 29124437 9266794 11032901 50479413
1790334274988 1 149399 0 3339492018 3293462075 0 0 0 0 0 0 1388985654 20509426 4146204672 594808832 0 39657232 29331132 9334947 11079764 50800007
1790334276009 1 130492 0 3339592089 3293580860 0 0 0 0 0 0 1389035943 20509708 4146348032 517537792 0 39847572 29476960 9385020 11133085 51269601
1790334277030 1 131196 0 3339709371 3293697597 0 0 0 0 0 0 1389093355 20510026 4145901568 520372224 0 40083810 29647262 9442474 11201081 51669864
1790334278049 1 129144 1022 3339854903 3293843982 0 0 0 0 0 0 1389154717 20510406 4145631232 542121984 5574656 40361803 29853309 9505403 11250950 51946070
1790334279069 1 23676 0 3339929654 3294025278 0 0 0 0 0 0 1389189677 20510603 4146020352 78745600 0 40499904 29954583 9539173 11309125 52414779
1790334280090 1 93891 531 3340088887 3294113826 0 0 0 0 0 0 1389262138 20511036 4145192960 393097216 2088960 40806776 30184208 9612073 11364644 52721077
1790334281110 1 33 0 3340099705 3294219073 0 0 0 0 0 0 1389304686 20511195 4176998400 4096 0 40853198 30227637 9652485 11383369 52815002
1790334282129 1 106 0 3340099815 3294219073 0 0 0 0 0 0 1389474039 20511593 4184092672 4096 0 41031835 30395707 9822287 11424783 52881579
1790334283151 1 130 0 3340099804 3294219073 0 0 0 0 0 0 1389629266 20511898 4192096256 4096 0 41214160 30549007 9977541 11476995 52955691
1790334284172 1 159 0 3340099833 3294219073 0 0 0 0 0 0 1389786663 20512188 4200738816 4096 0 41412459 30704767 10135411 11525154 53032926
1790334285192 1 267 0 3340099941 3294219073 0 0 0 0 0 0 1389828274 20512262 1330659328 8192 0 41730285 30748506 10179165 11559395 53046507
