1790326100028 0 0 0 2664436313 2618635570 0 0 0 0 0 0 1085650684 19534347 - - - - - - - -
1790326101318 0 109765 0 2664652810 2618742160 0 0 0 0 0 0 1085650725 19534432 859058176 422027264 0 0 0 8 0 2140
1790326102368 0 154932 2029 2664837073 2618879316 0 0 0 0 0 0 1085650725 19534433 1638178816 635006976 12525568 0 0 8 0 2140
1790326103398 0 100725 1914 2664956973 2619053423 0 0 0 0 0 0 1085650725 19534435 2118598656 431919104 8192000 0 0 8 0 19156
1790326104445 0 86578 20406 2665127278 2619219352 0 0 0 0 0 0 1085650725 19534435 2818875392 425959424 59232256 0 0 8 0 35284
1790326105477 0 147723 2030 2665219361 2619268633 0 0 0 0 0 0 1085650725 19534435 3185524736 601096192 8388608 0 0 8 0 35284
1790326106502 0 151503 4104 2665417514 2619461136 0 0 0 0 0 0 1085650725 19534435 3997835264 617574400 15720448 0 0 8 0 78771
1790326107528 0 79362 20543 2665595148 2619694647 0 0 0 0 0 0 1085655986 19534446 4139327488 407044096 38252544 279528 150648 5348 33793 228260
1790326108554 0 102385 1786 2665761453 2619856445 0 0 0 0 0 0 1085669997 19534472 4138536960 419737600 15687680 541902 333893 19353 73579 423178
1790326109599 0 147474 3896 2665880189 2619928125 0 0 0 0 0 0 1085680183 19534491 4138061824 592416768 32976896 710163 460103 29444 118766 558142
1790326110626 0 137976 0 2665960052 2620021289 0 0 0 0 0 0 1085691000 19534507 4138057728 547672064 0 824047 548701 39763 165107 726107
1790326111651 0 16023 20480 2666002918 2620165672 0 0 0 0 0 0 1085700468 19534523 4138409984 65335296 83886080 893561 605671 49687 193564 1148838
1790326112679 0 118819 0 2666123879 2620204215 0 0 0 0 0 0 1085721339 19534558 4139335680 471957504 0 1099288 743686 70691 263464 1208826
1790326113702 0 108635 0 2666234437 2620325050 0 0 0 0 0 0 1085744430 19534596 4140306432 428609536 0 1319541 876748 93770 310694 1564009
1790326114722 0 83950 0 2666327519 2620442810 0 0 0 0 0 0 1085768903 19534645 4141551616 324554752 0 1496497 991148 116122 356436 2072795
1790326115751 0 146796 0 2666449093 2620501289 0 0 0 0 0 0 1085812834 19534720 4144635904 585175040 0 1722801 1157245 160976 411682 2257252
1790326116785 0 51983 8168 2666506048 2620645154 0 0 0 0 0 0 1085825834 19534746 4145291264 228573184 24784896 1825763 1231157 175058 453583 2705915
1790326117824 0 116638 12288 2666650600 2620720931 0 0 0 0 0 0 1085877950 19534830 4148633600 536756224 33554432 2082356 1425236 226223 491066 2852724
1790326118865 0 149847 0 2666753897 2620803353 0 0 0 0 0 0 1085918538 19534894 4150403072 600977408 0 2283235 1563658 262882 542855 3125582
1790326119886 0 147811 3709 2666867772 2620915516 0 0 0 0 0 0 1085960538 19534962 4152909824 621125632 0 2518350 1723069 309449 589136 3477701
1790326120906 0 147490 0 2666968706 2621020443 0 0 0 0 0 0 1086005454 19535037 4154847232 587726848 0 2732990 1867892 354348 640169 3839024
1790326121926 0 27371 3495 2666991310 2621160078 0 0 0 0 0 0 1086015381 19535054 4155060224 124416000 8388608 2785165 1903373 364231 669595 4269979
1790326122953 0 125194 4333 2667157282 2621226944 0 0 0 0 0 0 1086086865 19535173 4156485632 534536192 41943040 3125242 2139820 435326 726255 4438201
1790326124003 0 139461 12337 2667261427 2621308948 0 0 0 0 0 0 1086143671 19535267 4157808640 571133952 50331648 3367587 2302354 493018 783715 4732162
1790326125023 0 117886 0 2667329754 2621410999 0 0 0 0 0 0 1086184024 19535334 4159078400 468267008 0 3513301 2403093 529478 838642 4999260
1790326126046 0 115259 0 2667431639 2621515448 0 0 0 0 0 0 1086237841 19535424 4160032768 456065024 0 3730027 2561599 586709 918747 5334764
1790326127077 0 693 22472 2667487173 2621663265 0 0 0 0 0 0 1086273290 19535491 4160585728 72986624 43741184 3872018 2655319 622484 965154 5747812
1790326128108 0 130135 2920 2667652497 2621718692 0 0 0 0 0 0 1086395130 19535699 4164034560 552529920 15003648 4309984 2942001 743724 1043921 5924883
1790326129141 0 117058 7519 2667748551 2621823102 0 0 0 0 0 0 1086459782 19535812 4164562944 508063744 14675968 4549552 3102438 808922 1117839 6269864
1790326130179 0 126903 3869 2667848807 2621917391 0 0 0 0 0 0 1086539750 19535945 4165656576 559812608 14479360 4842104 3282151 887921 1205715 6652218
1790326131222 0 131436 1680 2667953612 2622019747 0 0 0 0 0 0 1086631464 19536104 4167151616 538550272 30986240 5139360 3479821 980704 1308452 7024978
1790326132262 0 115183 4883 2668051143 2622130368 0 0 0 0 0 0 1086713810 19536246 4167610368 502812672 13225984 5402445 3658472 1062194 1415275 7341756
1790326133302 0 48961 0 2668118387 2622268586 0 0 0 0 0 0 1086773055 19536348 4167741440 185647104 0 5593336 3781199 1121339 1467691 7810773
1790326134328 0 61711 21 2668231540 2622368957 0 0 0 0 0 0 1086869650 19536518 4167688192 249847808 8388608 5905429 3990750 1215745 1524595 8153795
1790326135352 0 82482 60 2668352592 2622469401 0 0 0 0 0 0 1086988258 19536719 4168024064 326717440 0 6282672 4226374 1331533 1591695 8412851
1790326136374 0 85428 0 2668456032 2622569726 0 0 0 0 0 0 1087103629 19536916 4169334784 336674816 0 6635207 4446570 1449266 1699656 8656928
1790326137395 0 91021 0 2668561878 2622670079 0 0 0 0 0 0 1087209317 19537096 4168896512 358256640 0 6961895 4658140 1555110 1793195 8968838
1790326138429 0 15725 1583 2668645037 2622826952 0 0 0 0 0 0 1087289905 19537252 4167602176 100278272 8388608 7223969 4827474 1638531 1884445 9421977
1790326139481 0 97338 730 2668802381 2622903441 0 0 0 0 0 0 1087463035 19537822 4167688192 413474816 35618816 7733855 5149427 1811143 1973680 9660005
1790326140533 0 93228 3023 2668912251 2623015188 0 0 0 0 0 0 1087575259 19538194 4167434240 393490432 10297344 8081402 5368075 1924409 2062229 9960840
1790326141558 0 91574 2007 2669007734 2623113284 0 0 0 0 0 0 1087674247 19538527 4166520832 387608576 2052096 8379514 5556577 2022796 2124209 10222079
1790326142581 0 59797 5585 2669080092 2623214024 0 0 0 0 0 0 1087754562 19538789 4166066176 266526720 11919360 8618346 5707441 2103757 2254148 10700750
1790326143602 0 43563 65 2669153557 2623309115 0 0 0 0 0 0 1087837540 19539056 4166901760 162603008 0 8836722 5851819 2182622 2358853 11050938
1790326144629 0 82188 3230 2669276808 2623390987 0 0 0 0 0 0 1087959421 19539478 4165390336 346185728 9940992 9231925 6097963 2308662 2435689 11418996
1790326145655 0 55576 4007 2669349894 2623489641 0 0 0 0 0 0 1088040552 19539734 4165693440 264617984 0 9477744 6246556 2389029 2532912 11737361
1790326146687 0 78812 0 2669439638 2623560078 0 0 0 0 0 0 1088153747 19540094 4165869568 310693888 0 9786797 6438691 2497510 2630512 11997127
1790326147707 0 33292 1734 2669502698 2623666881 0 0 0 0 0 0 1088213934 19540301 4165611520 136372224 19218432 9992510 6567060 2563185 2729125 12423534
1790326148728 0 113018 0 2669638939 2623725066 0 0 0 0 0 0 1088411827 19540870 4165988352 452210688 0 10489922 6884633 2754485 2818664 12633897
1790326149753 0 88244 0 2669723603 2623834649 0 0 0 0 0 0 1088508386 19541184 4166455296 345026560 0 10771037 7061583 2852259 2923382 13102260
1790326150780 0 58652 16 2669796396 2623937011 0 0 0 0 0 0 1088585561 19541440 4165537792 233951232 5730304 11034971 7212868 2931777 3020929 13407005
1790326151809 0 69294 0 2669885946 2624015896 0 0 0 0 0 0 1088704938 19541801 4165832704 274681856 0 11366865 7410673 3045673 3093182 13569435
1790326152832 0 115299 803 2670009646 2624093157 0 0 0 0 0 0 1088854828 19542283 4164087808 472944640 0 11795189 7681641 3199016 3176188 13898857
1790326153856 0 34024 0 2670063171 2624228466 0 0 0 0 0 0 1088927066 19542491 4164653056 123891712 0 11991168 7802220 3270184 3293201 14274192
1790326154896 0 101548 914 2670200915 2624297684 0 0 0 0 0 0 1089079333 19543008 4164288512 446570496 1961984 12450409 8091432 3428013 3440949 14519754
1790326155953 0 92739 2764 2670300086 2624404097 0 0 0 0 0 0 1089198432 19543385 4163088384 409735168 2830336 12816792 8305395 3546891 3535115 14813646
1790326156997 0 41761 3577 2670363841 2624517837 0 0 0 0 0 0 1089291818 19543660 4164440064 197541888 0 13060720 8458977 3639445 3626780 15147334
1790326158022 0 118169 10249 2670507086 2624578006 0 0 0 0 0 0 1089485606 19544263 4164878336 543956992 15577088 13597189 8791701 3834552 3708098 15294313
1790326159073 0 207 959 2670539017 2624737154 0 0 0 0 0 0 1089526831 19544400 4164796416 35856384 6488064 13715571 8862276 3875309 3766389 15891709
1790326160123 0 104041 1299 2670698719 2624792734 0 0 0 0 0 0 1089733938 19545065 4164046848 456204288 3182592 14317764 9220154 4082233 3875650 16055499
1790326161160 0 89688 0 2670786565 2624896141 0 0 0 0 0 0 1089841858 19545413 4162715648 355188736 0 14609465 9406628 4186548 3957275 16461609
1790326162184 0 86131 0 2670877281 2624990350 0 0 0 0 0 0 1089960619 19545772 4162072576 340836352 0 14932157 9609464 4303022 4026256 16793997
1790326163208 0 51766 0 2670949400 2625096879 0 0 0 0 0 0 1090046423 19546053 4162441216 196116480 0 15193933 9766683 4392740 4127058 17063856
1790326164241 0 55913 2954 2671061376 2625201697 0 0 0 0 0 0 1090199097 19546516 4162756608 247697408 4173824 15639223 10031228 4548111 4218126 17382014
1790326165260 0 130962 0 2671201377 2625269589 0 0 0 0 0 0 1090341967 19547024 4160937984 523591680 0 16069357 10302414 4688341 4292060 17650167
1790326166284 0 82925 1095 2671281859 2625397469 0 0 0 0 0 0 1090437781 19547334 4160077824 339591168 18014208 16372801 10481140 4787186 4400821 18013336
1790326167313 0 51408 0 2671347072 2625494882 0 0 0 0 0 0 1090517744 19547593 4160749568 194224128 0 16580060 10615994 4863715 4479111 18258659
1790326168337 0 150005 0 2671509136 2625558372 0 0 0 0 0 0 1090701259 19548204 4160610304 599474176 0 17125235 10956116 5048631 4573207 18407622
1790326169361 0 25118 3440 2671531647 2625702370 0 0 0 0 0 0 1090741561 19548315 4161236992 119328768 7811072 17237529 11023262 5090766 4683078 19115413
1790326170381 0 135469 803 2671695580 2625758625 0 0 0 0 0 0 1090919957 19548906 4161089536 567009280 9863168 17769046 11358245 5268874 4769165 19288510
1790326171409 0 107311 0 2671771105 2625863021 0 0 0 0 0 0 1090980793 19549131 4159234048 420888576 0 17967285 11483422 5326089 4902902 19703296
1790326172436 0 52427 0 2671838218 2625984882 0 0 0 0 0 0 1091045550 19549370 4158439424 210128896 3211264 18196036 11618408 5393483 4995745 20126985
1790326173455 0 100141 761 2671963841 2626062113 0 0 0 0 0 0 1091199847 19549856 4160151552 420528128 4358144 18616059 11894488 5549264 5062642 20307164
1790326174480 0 77754 28 2672044617 2626166100 0 0 0 0 0 0 1091280108 19550137 4159877120 305188864 0 18840013 12045162 5625200 5127843 20733784
1790326175506 0 38532 515 2672119370 2626279539 0 0 0 0 0 0 1091382308 19550451 4161540096 163364864 4706304 19141372 12224719 5731172 5239769 21249995
1790326176527 0 131439 0 2672268445 2626336151 0 0 0 0 0 0 1091539662 19550976 4162174976 523898880 0 19639585 12516679 5883813 5331284 21473666
1790326177550 0 86476 2853 2672342687 2626452426 0 0 0 0 0 0 1091612819 19551235 4160974848 352727040 24518656 19878987 12669356 5962232 5411460 21849472
1790326178574 0 74595 25 2672423474 2626548085 0 0 0 0 0 0 1091708685 19551550 4161658880 289722368 0 20145564 12835660 6054402 5558538 22197790
1790326179595 0 147088 1387 2672567532 2626618417 0 0 0 0 0 0 1091864231 19552063 4161351680 609976320 4861952 20612754 13135074 6213516 5641523 22373775
1790326180616 0 20108 1689 2672595263 2626772998 0 0 0 0 0 0 1091891780 19552170 4160380928 101236736 3403776 20706961 13190053 6240693 5743751 22898320
1790326181641 0 120097 3796 2672753674 2626829047 0 0 0 0 0 0 1092051608 19552741 4160581632 506056704 11911168 21201163 13501634 6400959 5843036 23116853
1790326182680 0 78730 949 2672825953 2626945470 0 0 0 0 0 0 1092146920 19553040 4161048576 346501120 1339392 21443904 13661936 6494443 5948276 23616887
1790326183723 0 60422 40 2672910114 2627048838 0 0 0 0 0 0 1092262008 19553389 4162387968 232087552 0 21742437 13855023 6608981 6040505 23826182
1790326184764 0 75765 622 2673018917 2627142182 0 0 0 0 0 0 1092378689 19553794 4162138112 328921088 2433024 22115106 14076783 6725212 6184784 24225766
1790326185817 0 6407 68 2673070703 2627263456 0 0 0 0 0 0 1092433499 19553992 4162015232 14794752 2101248 22296625 14180219 6779761 6267524 24642451
1790326186853 0 98775 520 2673227131 2627327052 0 0 0 0 0 0 1092587515 19554547 4160487424 402956288 13893632 22778201 14489463 6936776 6379390 24856706
1790326187877 0 65245 4 2673299381 2627433467 0 0 0 0 0 0 1092668692 19554819 4159279104 255283200 0 23004217 14634401 7014590 6474870 25230103
1790326188909 0 120836 564 2673421297 2627499178 0 0 0 0 0 0 1092800378 19555268 4160446464 503308288 4206592 23400749 14887114 7148741 6577413 25509969
1790326189940 0 91614 799 2673502944 2627609746 0 0 0 0 0 0 1092894404 19555579 4160913408 390733824 6717440 23671273 15059346 7243381 6687158 25895521
1790326190981 0 24663 0 2673555469 2627730054 0 0 0 0 0 0 1092966681 19555801 4161720320 86540288 0 23852753 15174357 7310807 6764378 26482032
1790326192008 0 99425 663 2673692218 2627791417 0 0 0 0 0 0 1093144152 19556348 4163227648 411811840 2105344 24348732 15488912 7492834 6837652 26737127
1790326193027 0 61069 9695 2673757759 2627886306 0 0 0 0 0 0 1093220107 19556598 4162826240 250138624 51515392 24595038 15630053 7569582 6956003 27132387
1790326194054 0 109709 8028 2673872467 2627954150 0 0 0 0 0 0 1093350544 19557034 4162629632 449445888 49664000 24997537 15869930 7699805 7020260 27274892
1790326195086 0 108130 19418 2673968322 2628040064 0 0 0 0 0 0 1093466474 19557405 4162330624 506941440 23879680 25317132 16077561 7815601 7104630 27587891
1790326196115 0 7549 4464 2673991092 2628178442 0 0 0 0 0 0 1093508285 19557512 4163477504 55066624 8409088 25427356 16140227 7857404 7195826 28038238
1790326197136 0 81019 0 2674131545 2628249715 0 0 0 0 0 0 1093651319 19558011 4161482752 315351040 0 25851557 16412669 7998147 7354708 28256355
1790326198161 0 74964 18 2674220685 2628344890 0 0 0 0 0 0 1093765884 19558376 4161810432 312500224 1466368 26205095 16618087 8114742 7429084 28540615
1790326199192 0 94201 596 2674323472 2628427894 0 0 0 0 0 0 1093873028 19558740 4161572864 377757696 3620864 26508637 16818117 8218277 7558874 28864576
1790326200219 0 79850 5905 2674413584 2628527194 0 0 0 0 0 0 1093976149 19559076 4160532480 357142528 13832192 26820668 17014314 8325012 7646792 29206816
1790326201247 0 41651 3 2674488733 2628646306 0 0 0 0 0 0 1094055416 19559341 4160294912 158507008 1875968 27046537 17160527 8402263 7732204 29691508
1790326202290 0 82382 517 2674613082 2628729471 0 0 0 0 0 0 1094196253 19559807 4161310720 358395904 3313664 27470160 17421478 8543718 7793777 29908900
1790326203333 0 64373 6570 2674690581 2628818975 0 0 0 0 0 0 1094286811 19560110 4162392064 298168320 0 27740759 17587961 8635498 7885472 30187779
1790326204363 0 115699 17882 2674815949 2628881671 0 0 0 0 0 0 1094420382 19560561 4162228224 520425472 39624704 28157880 17843203 8769569 7962289 30369187
1790326205392 0 66017 0 2674874601 2629007819 0 0 0 0 0 0 1094480010 19560772 4161376256 255700992 0 28332002 17952410 8825319 8034391 30779683
1790326206414 0 60008 0 2674962876 2629102054 0 0 0 0 0 0 1094575690 19561095 4161523712 230969344 0 28613145 18132882 8921326 8180462 31145299
1790326207435 0 134296 0 2675100588 2629165553 0 0 0 0 0 0 1094744968 19561642 4162318336 535396352 0 29088144 18434729 9091266 8255580 31392357
1790326208457 0 106396 0 2675185376 2629278198 0 0 0 0 0 0 1094840279 19561964 4161904640 423161856 0 29373596 18609203 9184084 8395462 31786365
1790326209478 0 77710 808 2675265077 2629385700 0 0 0 0 0 0 1094931282 19562270 4162441216 327815168 1146880 29668485 18783563 9279776 8454711 32074628
1790326210499 0 74821 0 2675349436 2629473789 0 0 0 0 0 0 1095037710 19562602 4163276800 294076416 0 29969471 18964619 9382693 8557953 32336361
1790326211524 0 31148 0 2675419250 2629587188 0 0 0 0 0 0 1095111922 19562860 4162981888 112119808 0 30198464 19108083 9460084 8649409 32699408
1790326212548 0 97995 1606 2675554408 2629654114 0 0 0 0 0 0 1095266791 19563369 4162551808 413278208 3936256 30667959 19397581 9615931 8730671 32975885
1790326213566 0 62854 3707 2675627916 2629760670 0 0 0 0 0 0 1095353568 19563658 4162785280 257724416 24735744 30929121 19554771 9702807 8803784 33298276
1790326214597 0 87703 1602 2675738382 2629848409 0 0 0 0 0 0 1095470483 19564060 4162449408 386600960 3973120 31286518 19776031 9819109 8965994 33680928
1790326215644 0 75965 1606 2675832756 2629954393 0 0 0 0 0 0 1095575675 19564435 4162736128 327577600 0 31598987 19969777 9923571 9065805 33966754
1790326216669 0 14505 0 2675887256 2630071890 0 0 0 0 0 0 1095641456 19564648 4162936832 44310528 0 31784048 20083833 9986970 9161380 34527783
1790326217715 0 119004 347 2676040631 2630120663 0 0 0 0 0 0 1095816533 19565233 4163383296 500379648 1589248 32306603 20410292 10163726 9256998 34744684
1790326218743 0 37198 6584 2676081910 2630237396 0 0 0 0 0 0 1095861673 19565386 4162424832 150454272 39485440 32447209 20497895 10210840 9337750 35296870
1790326219783 0 126690 389 2676218336 2630290651 0 0 0 0 0 0 1096045990 19565961 4164743168 533725184 2256896 32960095 20809852 10393653 9421944 35484018
1790326220815 0 51227 10 2676272055 2630420045 0 0 0 0 0 0 1096124439 19566193 4165533696 209846272 7499776 33180526 20939913 10470665 9563837 35964882
1790326221842 0 13067 0 2676337689 2630523803 0 0 0 0 0 0 1096199881 19566454 4165050368 38334464 0 33401093 21075183 10546565 9660896 36375245
1790326222870 0 107737 589 2676485895 2630576929 0 0 0 0 0 0 1096376174 19567030 4163842048 463429632 913408 33917750 21398303 10724146 9776756 36599693
1790326223907 0 54479 6197 2676545925 2630684479 0 0 0 0 0 0 1096446602 19567254 4163190784 223145984 34385920 34127137 21528054 10795949 9921384 37101214
1790326224931 0 115113 280 2676670806 2630754716 0 0 0 0 0 0 1096575207 19567704 4162424832 477331456 2134016 34523071 21774233 10923705 10033383 37346460
1790326225955 0 101316 4138 2676750368 2630844182 0 0 0 0 0 0 1096666731 19568000 4162306048 415096832 24748032 34796279 21944212 11016105 10123485 37639625
1790326226978 0 17366 1339 2676793100 2630973737 0 0 0 0 0 0 1096728233 19568189 4163252224 82792448 2105344 34960340 22045638 11077309 10214167 38230580
1790326227998 0 139310 0 2676948450 2631008429 0 0 0 0 0 0 1096922874 19568807 4163780608 558505984 0 35487503 22381697 11267011 10322175 38432927
1790326229027 0 63163 16 2676993138 2631129259 0 0 0 0 0 0 1096976300 19568978 4164034560 264163328 13246464 35665024 22485332 11324794 10421292 38914390
1790326230079 0 109009 503 2677109125 2631198854 0 0 0 0 0 0 1097101182 19569403 4163420160 467546112 6328320 36042998 22720068 11448242 10497957 39167251
1790326231132 0 74410 17 2677177460 2631302340 0 0 0 0 0 0 1097187624 19569680 4162998272 317390848 8220672 36288310 22873247 11535624 10596625 39702549
1790326232172 0 49665 0 2677253578 2631403059 0 0 0 0 0 0 1097288629 19569993 4163657728 193437696 0 36551805 23040502 11632251 10699879 40095477
1790326233199 0 85329 1027 2677371855 2631484712 0 0 0 0 0 0 1097409525 19570417 4163178496 355008512 2105344 36956912 23281033 11758215 10803552 40391942
1790326234220 0 87578 0 2677457461 2631568953 0 0 0 0 0 0 1097514434 19570745 4163600384 343736320 0 37263024 23462927 11860452 10899129 40680815
1790326235261 0 75495 61 2677547581 2631671365 0 0 0 0 0 0 1097628998 19571099 4164022272 316129280 1044480 37569418 23662677 11971943 10995325 41028670
1790326236309 0 77425 1593 2677642681 2631762937 0 0 0 0 0 0 1097736310 19571462 4163141632 317190144 23625728 37905569 23870088 12085768 11070400 41246517
1790326237335 0 39738 865 2677716663 2631875395 0 0 0 0 0 0 1097827302 19571764 4163682304 176529408 1609728 38177053 24031148 12175797 11179642 41744911
1790326238358 0 144260 0 2677863972 2631919046 0 0 0 0 0 0 1098006107 19572346 4163268608 575684608 0 38680619 24347348 12354127 11241032 41953528
1790326239379 0 86700 4672 2677927788 2632035756 0 0 0 0 0 0 1098070316 19572583 4161740800 369840128 0 38891838 24472731 12417135 11322119 42393455
1790326240400 0 113420 0 2678033049 2632118734 0 0 0 0 0 0 1098185275 19572983 4162650112 448331776 0 39242818 24687642 12532229 11404189 42634100
1790326241420 0 137334 1971 2678150840 2632210918 0 0 0 0 0 0 1098310772 19573415 4161863680 564334592 0 39618986 24928150 12658493 11483461 42882813
1790326242447 0 5874 0 2678177120 2632370430 0 0 0 0 0 0 1098349314 19573532 4162850816 10428416 0 39719182 24987628 12692926 11576374 43501750
1790326243474 0 109840 2847 2678331837 2632418390 0 0 0 0 0 0 1098538568 19574145 4163510272 466513920 5320704 40266794 25334150 12887769 11673707 43683152
1790326244500 0 59319 0 2678386141 2632526031 0 0 0 0 0 0 1098612809 19574370 4163534848 235036672 2252800 40468103 25453809 12957641 11765092 44103626
1790326245550 0 114717 12189 2678520092 2632592346 0 0 0 0 0 0 1098760813 19574871 4163207168 536911872 18915328 40918803 25736019 13109400 11859886 44299946
1790326246601 0 101464 2117 2678599545 2632695443 0 0 0 0 0 0 1098855062 19575183 4162297856 416837632 0 41186881 25901562 13200783 11980763 44767927
1790326247623 0 38029 0 2678655228 2632816434 0 0 0 0 0 0 1098922511 19575402 4162256896 141623296 0 41381344 26020061 13266564 12109792 45214336
1790326248650 0 88309 1846 2678781818 2632890758 0 0 0 0 0 0 1099077304 19575896 4163608576 373825536 2105344 41836616 26303778 13426514 12186330 45489798
1790326249669 0 71024 0 2678858105 2632986391 0 0 0 0 0 0 1099163683 19576188 4163739648 274989056 0 42097945 26458755 13511143 12252246 45730542
1790326250695 0 80279 0 2678950447 2633069376 0 0 0 0 0 0 1099282471 19576566 4163739648 315334656 0 42420141 26662963 13626330 12363119 46129235
1790326251724 0 71233 6497 2679034494 2633156138 0 0 0 0 0 0 1099387390 19576908 4163907584 325238784 0 42722433 26853784 13735373 12463945 46529882
1790326252753 0 89990 683 2679129577 2633237914 0 0 0 0 0 0 1099486353 19577247 4162658304 383553536 2121728 43033630 27044977 13834084 12542359 46936562
1790326253788 0 26699 0 2679182637 2633355074 0 0 0 0 0 0 1099548753 19577459 4162113536 99471360 0 43212698 27152550 13892190 12650883 47385349
1790326254814 0 98292 0 2679314458 2633415492 0 0 0 0 0 0 1099696954 19577939 4162355200 392482816 0 43644996 27427454 14040442 12735818 47638804
1790326255851 0 53079 5044 2679378903 2633520088 0 0 0 0 0 0 1099780115 19578197 4162752512 247963648 0 43872946 27574918 14125847 12806063 48031088
1790326256881 0 87968 476 2679484135 2633595007 0 0 0 0 0 0 1099924560 19578625 4164403200 365608960 2105344 44265021 27823379 14272983 12890043 48402670
1790326257910 0 72177 2872 2679567015 2633691206 0 0 0 0 0 0 1100010176 19578920 4164210688 306749440 12632064 44550018 27989642 14359327 12957732 48697957
1790326258934 0 66399 0 2679652648 2633785368 0 0 0 0 0 0 1100135799 19579288 4165554176 259457024 0 44889186 28188798 14479338 13097849 49132465
1790326259959 0 89558 538 2679754213 2633863323 0 0 0 0 0 0 1100266704 19579697 4165099520 376922112 1527808 45243142 28425629 14615383 13166860 49412418
1790326260982 0 45528 1481 2679808746 2633961057 0 0 0 0 0 0 1100339429 19579918 4164534272 186343424 15200256 45454960 28550925 14688648 13279820 49858200
1790326262005 0 114428 1362 2679921701 2634005293 0 0 0 0 0 0 1100483519 19580364 4165312512 472875008 2097152 45871099 28802143 14832409 13366152 50159849
1790326263029 0 81175 13138 2679969090 2634074134 0 0 0 0 0 0 1100542519 19580554 4165406720 330399744 66404352 46057010 28907460 14891770 13457067 50713260
1790326264081 0 37205 566 2679994242 2634155805 0 0 0 0 0 0 1100565619 19580642 4164542464 163774464 3182592 46126620 28952708 14913587 13540421 51185438
1790326265129 0 79324 0 2680081907 2634201727 0 0 0 0 0 0 1100692105 19581023 4165160960 312061952 0 46463622 29157062 15036099 13642567 51550991
1790326266155 0 103453 1368 2680171591 2634266097 0 0 0 0 0 0 1100786302 19581349 4164153344 432074752 4190208 46765623 29346073 15135350 13758584 52005467
1790326267181 0 68198 318 2680208138 2634339004 0 0 0 0 0 0 1100831699 19581495 4163543040 280240128 2191360 46904758 29425622 15180759 13835623 52530473
1790326268205 0 40758 569 2680261657 2634419530 0 0 0 0 0 0 1100893356 19581700 4163862528 171278336 1560576 47087315 29537994 15242360 13932516 52896228
1790326269227 0 105934 0 2680384642 2634477875 0 0 0 0 0 0 1101038505 19582173 4163686400 420315136 0 47488933 29794352 15382591 14017983 53151432
1790326270271 0 105676 0 2680447801 2634541329 0 0 0 0 0 0 1101127615 19582438 4164333568 417189888 0 47746144 29943558 15471561 14117176 53698944
1790326271312 0 58722 5580 2680482721 2634617693 0 0 0 0 0 0 1101170917 19582581 4164173824 252174336 16871424 47895183 30029329 15520244 14222253 54252008
1790326272335 0 98811 514 2680570410 2634670494 0 0 0 0 0 0 1101266590 19582911 4164251648 405725184 1118208 48177721 30207155 15615213 14270940 54483974
1790326273358 0 106301 1533 2680645509 2634736956 0 0 0 0 0 0 1101361787 19583200 4164214784 448618496 0 48450313 30373794 15709793 14355379 54858819
1790326274395 0 6533 544 2680673361 2634865572 0 0 0 0 0 0 1101394134 19583308 4163895296 45797376 1089536 48542029 30433126 15742581 14425211 55340778
1790326275454 0 79900 0 2680799426 2634918709 0 0 0 0 0 0 1101554055 19583823 4164845568 320532480 4206592 48980652 30707498 15897693 14499289 55610038
1790326276508 0 63795 1146 2680884068 2635018326 0 0 0 0 0 0 1101655127 19584155 4163919872 253390848 0 49282494 30891921 16001202 14585684 55988834
1790326277533 0 111784 9031 2680988380 2635066857 0 0 0 0 0 0 1101775363 19584553 4163661824 455983104 44163072 49654285 31118384 16124661 14669363 56220287
1790326278572 0 124245 4024 2681062439 2635133032 0 0 0 0 0 0 1101866691 19584837 4163792896 531722240 11575296 49908888 31279950 16216129 14734874 56527783
1790326279639 0 59476 294 2681089127 2635228710 0 0 0 0 0 0 1101892049 19584930 4163108864 252882944 2105344 49995723 31328689 16239477 14798014 57054247
1790326280686 0 35111 20 2681138531 2635302717 0 0 0 0 0 0 1101948739 19585117 4163321856 127434752 0 50147202 31431005 16296327 14901582 57595991
1790326281711 0 122665 803 2681263366 2635339255 0 0 0 0 0 0 1102106804 19585621 4163223552 508596224 3190784 50603597 31714076 16456000 15003392 57868942
1790326282735 0 77339 882 2681304636 2635425866 0 0 0 0 0 0 1102165223 19585803 4163784704 325472256 2031616 50768462 31811709 16514253 15139776 58442875
1790326283758 0 36928 581 2681340597 2635502388 0 0 0 0 0 0 1102212626 19585943 4164349952 155443200 4198400 50894984 31893392 16561484 15238546 59027441
1790326284779 0 79679 0 2681431214 2635550770 0 0 0 0 0 0 1102338389 19586322 4164694016 314138624 0 51227393 32097442 16681914 15318483 59334043
1790326285805 0 106001 1735 2681515948 2635607406 0 0 0 0 0 0 1102449287 19586664 4165283840 441352192 6316032 51563926 32298182 16798392 15395333 59739978
1790326286828 0 51111 775 2681539540 2635687003 0 0 0 0 0 0 1102481866 19586760 4165763072 212348928 1081344 51659136 32352242 16830835 15514099 60315077
1790326287850 0 115257 0 2681644117 2635727932 0 0 0 0 0 0 1102603448 19587152 4165021696 457592832 0 52024666 32567854 16948483 15603193 60561171
1790326288872 0 111932 0 2681710278 2635797565 0 0 0 0 0 0 1102686345 19587415 4164042752 447717376 0 52252965 32715198 17031051 15708090 61062984
1790326289912 0 49847 1609 2681740978 2635888964 0 0 0 0 0 0 1102723710 19587536 4163428352 212328448 3969024 52367325 32786351 17072001 15785593 61767722
1790326290936 0 46350 0 2681808067 2635960918 0 0 0 0 0 0 1102791399 19587772 4162818048 175378432 0 52574962 32915869 17138530 15882888 62249140
1790326291975 0 116381 2861 2681927177 2636007269 0 0 0 0 0 0 1102928083 19588215 4161966080 495800320 7000064 52989831 33171709 17277053 15961381 62532447
1790326293036 0 87847 0 2681972335 2636083790 0 0 0 0 0 0 1102984645 19588392 4162424832 366907392 5791744 53147556 33269941 17332016 16050972 63071737
1790326294081 0 90537 16191 2682054062 2636146527 0 0 0 0 0 0 1103071979 19588686 4162179072 368746496 73551872 53427977 33438064 17421230 16174277 63456325
1790326295106 0 32490 762 2682073174 2636239190 0 0 0 0 0 0 1103096118 19588765 4162375680 137248768 2105344 53488098 33480147 17445065 16278768 64143295
1790326296126 0 91596 0 2682179775 2636287318 0 0 0 0 0 0 1103218177 19589165 4162101248 359202816 0 53837913 33699734 17565631 16381663 64509855
1790326297152 0 99900 3568 2682256747 2636352549 0 0 0 0 0 0 1103298339 19589436 4162400256 409214976 19996672 54094675 33859491 17647660 16509269 64936249
1790326298190 0 75720 31 2682309164 2636432733 0 0 0 0 0 0 1103357109 19589636 4162445312 320311296 5222400 54259141 33966766 17705612 16593039 65421598
1790326299240 0 80079 782 2682372307 2636490795 0 0 0 0 0 0 1103453211 19589914 4163305472 333668352 2093056 54516682 34124227 17801914 16691849 65820207
1790326300275 0 6734 485 2682396633 2636588726 0 0 0 0 0 0 1103480833 19590008 4164038656 32165888 5234688 54599829 34173566 17829103 16777584 66466141
1790326301305 0 135164 4127 2682559601 2636619490 0 0 0 0 0 0 1103687704 19590656 4164489216 581099520 11546624 55192121 34537955 18036668 16872356 66647237
1790326302352 0 80530 0 2682590413 2636709049 0 0 0 0 0 0 1103733817 19590789 4164018176 329932800 4288512 55322602 34611906 18080449 16971835 67158676
1790326303384 0 54551 39 2682639153 2636783804 0 0 0 0 0 0 1103793422 19590969 4165173248 206905344 0 55499607 34711107 18136983 17098459 67587196
1790326304408 0 1 0 2682641320 2636840594 0 0 0 0 0 0 1103850593 19591084 4191514624 4096 0 55571399 34770659 18197030 17108892 67778397
1790326305428 0 2 0 2682641321 2636840594 0 0 0 0 0 0 1104043113 19591443 4193603584 4096 0 55782101 34962556 18389437 17181030 67940914
1790326306447 0 2 0 2682641321 2636840594 0 0 0 0 0 0 1104230370 19591769 4197273600 4096 0 56009672 35149650 18577427 17250358 68096421
1790326307466 0 2 0 2682641321 2636840594 0 0 0 0 0 0 1104391234 19592040 4199649280 4096 0 56566314 35310019 18738376 17370741 68201669
1790326308485 0 2 0 2682641321 2636840594 0 0 0 0 0 0 1104565050 19592365 4198113280 4096 0 56902530 35483351 18911333 17459611 68283243
1790326309499 0 309 0 2682641628 2636840594 0 0 0 0 0 0 1104594032 19592433 - - - - - - - -
