1790320594584 0 0 0 2239938837 2194176686 0 0 0 0 0 0 883457119 18897922 - - - - - - - -
1790320595918 0 108955 4 2240181114 2194309967 0 0 0 0 0 0 883457152 18898014 965222400 419119104 0 0 0 0 0 3562
1790320596980 0 96866 0 2240342145 2194483005 0 0 0 0 0 0 883457152 18898017 1627250688 377884672 29655040 0 0 0 0 3633
1790320598035 0 101464 8 2240528994 2194665218 0 0 0 0 0 0 883457152 18898017 2393513984 413220864 8192000 0 0 0 0 30172
1790320599074 0 101651 3945 2240751233 2194883355 0 0 0 0 0 0 883457152 18898017 3314040832 444383232 67108864 0 0 0 0 53746
1790320600116 0 124631 2024 2240974876 2195086152 0 0 0 0 0 0 883457152 18898017 4140204032 511782912 16777216 54349 21595 0 6521 53778
1790320601140 0 126125 0 2241185420 2195297158 0 0 0 0 0 0 883467785 18898037 4138696704 497422336 0 421012 241602 10195 54553 175470
1790320602176 0 35049 0 2241270294 2195472976 0 0 0 0 0 0 883477661 18898054 4138536960 124465152 0 545529 336713 20552 92859 286341
1790320603205 0 87345 21 2241453632 2195604012 0 0 0 0 0 0 883498025 18898091 4138340352 340103168 0 814284 540804 40938 140191 456679
1790320604229 0 79916 0 2241580393 2195738194 0 0 0 0 0 0 883518840 18898128 4139024384 309997568 0 995392 688168 61688 182745 591976
1790320605252 0 120593 8391 2241727225 2195835948 0 0 0 0 0 0 883550296 18898180 4140195840 529629184 50331648 1305956 868408 92966 238063 679078
1790320606290 0 97322 6166 2241799790 2195934283 0 0 0 0 0 0 883566617 18898208 4141019136 398147584 25165824 1449797 959104 109467 283433 867611
1790320607316 0 34663 2190 2241878641 2196079685 0 0 0 0 0 0 883593038 18898257 4142891008 156295168 7110656 1592394 1062476 135439 328470 1322853
1790320608342 0 124733 14333 2242044556 2196143273 0 0 0 0 0 0 883645132 18898341 4146151424 520040448 47845376 1891594 1280550 187980 382951 1543493
1790320609366 0 75463 6144 2242130454 2196286635 0 0 0 0 0 0 883674697 18898390 4148195328 339525632 24018944 2040962 1394889 217264 427832 1835109
1790320610431 0 99166 73 2242248715 2196387471 0 0 0 0 0 0 883722584 18898470 4150489088 388128768 0 2266609 1554425 262737 469886 2074996
1790320611477 0 55032 12288 2242329204 2196499739 0 0 0 0 0 0 883747557 18898512 4151599104 225587200 50331648 2424714 1666732 290428 526759 2453443
1790320612507 0 71512 1821 2242447873 2196612381 0 0 0 0 0 0 883803345 18898605 4154773504 296349696 65458176 2685093 1837588 345468 562880 2756882
1790320613528 0 110931 0 2242580115 2196706948 0 0 0 0 0 0 883859739 18898700 4155813888 438136832 0 2954334 2022501 400416 623297 3080456
1790320614553 0 107371 13790 2242687876 2196805032 0 0 0 0 0 0 883907738 18898777 4156940288 442593280 100663296 3182686 2183437 450306 674000 3395753
1790320615593 0 103221 8136 2242805418 2196931871 0 0 0 0 0 0 883972701 18898885 4158697472 472911872 58720256 3447666 2365338 514642 735438 3693065
1790320616650 0 75647 2048 2242886391 2197046560 0 0 0 0 0 0 884019978 18898969 4159987712 309989376 33554432 3631577 2494373 562936 806102 4002316
1790320617686 0 60593 14336 2242988089 2197151009 0 0 0 0 0 0 884090988 18899093 4161114112 247963648 58720256 3878085 2666527 633772 853201 4375134
1790320618707 0 106430 0 2243099615 2197231012 0 0 0 0 0 0 884171079 18899221 4163420160 420597760 0 4160779 2851690 711806 924249 4698183
1790320619728 0 87395 0 2243193232 2197343653 0 0 0 0 0 0 884234764 18899335 4164870144 342564864 0 4405074 3009004 775939 992449 5119628
1790320620749 0 97546 0 2243313096 2197453318 0 0 0 0 0 0 884322020 18899488 4165455872 384933888 0 4718718 3215412 862569 1101249 5505053
1790320621789 0 118707 9806 2243424876 2197534265 0 0 0 0 0 0 884431896 18899682 4168007680 526286848 50331648 5068239 3441898 974254 1168952 5769296
1790320622844 0 65941 1742 2243495233 2197665246 0 0 0 0 0 0 884481233 18899784 4168310784 273633280 8388608 5250667 3558442 1023530 1259582 6212525
1790320623865 0 111335 0 2243615750 2197742248 0 0 0 0 0 0 884580446 18899957 4167925760 440823808 0 5568634 3774266 1119589 1342586 6543001
1790320624889 0 84076 0 2243694951 2197848745 0 0 0 0 0 0 884650864 18900080 4168048640 329162752 0 5807767 3925157 1191310 1433604 7104142
1790320625912 0 74561 0 2243791981 2197955242 0 0 0 0 0 0 884746600 18900243 4169039872 288649216 0 6088512 4117443 1287244 1513015 7455663
1790320626935 0 75109 0 2243897130 2198059691 0 0 0 0 0 0 884841199 18900413 4168253440 290017280 0 6405630 4316179 1381009 1611855 7867646
1790320627972 0 42908 3837 2243994647 2198185743 0 0 0 0 0 0 884952582 18900603 4168564736 205627392 10616832 6742788 4529072 1494190 1670413 8141112
1790320629009 0 142740 0 2244143048 2198238054 0 0 0 0 0 0 885111694 18900884 4167581696 570499072 0 7212903 4831897 1649969 1782938 8422520
1790320630034 0 150884 0 2244255606 2198342592 0 0 0 0 0 0 885231450 18901266 4167831552 603389952 0 7565867 5058519 1769250 1905989 8725800
1790320631056 0 123674 0 2244345225 2198459331 0 0 0 0 0 0 885328002 18901580 4167774208 490876928 0 7855315 5243428 1869235 1985898 9118772
1790320632077 0 127578 0 2244453689 2198563780 0 0 0 0 0 0 885447386 18901962 4167061504 509505536 0 8198473 5462653 1984567 2052520 9413593
1790320633111 0 22871 3199 2244497478 2198709313 0 0 0 0 0 0 885499065 18902127 4166914048 119390208 4034560 8356259 5563813 2041069 2169747 10039677
1790320634138 0 126855 11169 2244651677 2198751542 0 0 0 0 0 0 885650228 18902655 4166656000 565743616 10043392 8836649 5862099 2192990 2269633 10299974
1790320635158 0 144307 0 2244747284 2198840840 0 0 0 0 0 0 885755622 18902997 4165783552 576913408 0 9140311 6049548 2293143 2415734 10757704
1790320636183 0 99824 1971 2244820182 2198956278 0 0 0 0 0 0 885825594 18903238 4165758976 425689088 6119424 9367115 6196752 2368121 2468051 11123275
1790320637210 0 62697 0 2244882763 2199057943 0 0 0 0 0 0 885919376 18903504 4166598656 240234496 0 9603438 6341633 2457138 2593389 11614252
1790320638235 1 18520 2386 2244951756 2199168797 0 0 0 0 0 0 885993647 18903800 4166123520 87240704 7524352 9833439 6488681 2536365 2653602 11862511
1790320639260 1 107306 22767 2245105794 2199213650 0 0 0 0 0 0 886192258 18904434 4166221824 439414784 110821376 10389063 6835235 2735100 2758367 12072822
1790320640304 1 81388 751 2245176879 2199332178 0 0 0 0 0 0 886290291 18904741 4168400896 348631040 3633152 10632916 6994521 2831596 2851624 12422312
1790320641333 1 94684 704 2245289175 2199424209 0 0 0 0 0 0 886399567 18905106 4166750208 400273408 2088960 10969243 7199146 2941864 2932518 12813052
1790320642359 1 39202 0 2245349338 2199540534 0 0 0 0 0 0 886479300 18906562 4166225920 149864448 0 11203478 7331107 3018100 3004387 13136768
1790320643384 1 74030 1531 2245470360 2199625058 0 0 0 0 0 0 886622246 18907131 4166524928 301723648 18673664 11625774 7594062 3164948 3070600 13401494
1790320644407 1 40780 0 2245541638 2199731069 0 0 0 0 0 0 886719071 18907799 4165820416 152051712 0 11868595 7749057 3256623 3173757 13699415
1790320645440 1 75368 980 2245660571 2199815071 0 0 0 0 0 0 886867572 18908747 4166348800 312729600 3530752 12303550 8016119 3409754 3249815 14050251
1790320646473 1 23612 0 2245725217 2199931890 0 0 0 0 0 0 886940221 18909058 4165103616 82751488 0 12521836 8144485 3477314 3400768 14598221
1790320647499 1 121258 17583 2245888621 2199979906 0 0 0 0 0 0 887133155 18910187 4164554752 496304128 84713472 13091721 8501583 3676006 3538197 14760059
1790320648539 1 22233 943 2245926115 2200133315 0 0 0 0 0 0 887187810 18910517 4164411392 115568640 23117824 13234349 8589439 3728682 3594865 15270822
1790320649591 1 141789 0 2246069100 2200157466 0 0 0 0 0 0 887385526 18911135 4166062080 567447552 0 13761907 8918145 3924848 3704549 15432784
1790320650615 1 135681 0 2246159098 2200253723 0 0 0 0 0 0 887510535 18911526 4166291456 541655040 0 14123676 9127975 4049201 3803795 15707231
1790320651651 1 112927 5484 2246245120 2200357164 0 0 0 0 0 0 887594659 18911828 4164481024 479326208 23044096 14424743 9301119 4137491 3894236 16070413
1790320652680 1 20267 0 2246295958 2200505892 0 0 0 0 0 0 887656612 18912056 4163530752 82366464 16646144 14598219 9411570 4199311 3962891 16493395
1790320653707 1 99624 427 2246434405 2200564662 0 0 0 0 0 0 887854274 18912671 4163514368 431108096 2170880 15101937 9739188 4395806 4074303 16681931
1790320654742 1 60191 0 2246510247 2200680165 0 0 0 0 0 0 887945244 18912971 4163153920 229941248 0 15367542 9896075 4484384 4213091 17169763
1790320655764 1 86170 0 2246630298 2200774374 0 0 0 0 0 0 888092152 18913438 4163796992 339320832 0 15807577 10157414 4630868 4330903 17479918
1790320656790 0 77913 1736 2246725243 2200875852 0 0 0 0 0 0 888190902 18913781 4161232896 324259840 11616256 16120889 10353816 4733548 4447658 17900866
1790320657813 0 81127 884 2246823198 2200971475 0 0 0 0 0 0 888289570 18914133 4159209472 343969792 3846144 16436909 10546112 4831720 4510053 18166922
1790320658835 1 24277 0 2246890819 2201096827 0 0 0 0 0 0 888392357 18914438 4161478656 87281664 0 16693551 10703757 4928195 4599549 18540149
1790320659874 1 91119 898 2247028594 2201166872 0 0 0 0 0 0 888556198 18914971 4162027520 393777152 2945024 17174483 11005885 5097436 4661453 18706728
1790320660911 1 581 13380 2247088064 2201304482 0 0 0 0 0 0 888620995 18915205 4162011136 2310144 69365760 17392279 11129578 5163721 4724836 19028641
1790320661947 1 43939 1050 2247204487 2201389803 0 0 0 0 0 0 888740119 18915611 4162129920 207523840 5427200 17750577 11356323 5281929 4795022 19293662
1790320662990 1 138910 0 2247351381 2201442580 0 0 0 0 0 0 888879683 18916111 4159979520 551960576 0 18183065 11634081 5421682 4872446 19566799
1790320664017 1 85250 2457 2247425446 2201567903 0 0 0 0 0 0 888960630 18916422 4159864832 359366656 16928768 18430786 11790253 5503200 4934906 19868805
1790320665043 1 81975 0 2247526608 2201674756 0 0 0 0 0 0 889069650 18916808 4160593920 321060864 0 18735321 11989199 5609284 5019299 20267241
1790320666066 1 78793 0 2247621735 2201773064 0 0 0 0 0 0 889196946 18917196 4162588672 308314112 0 19077615 12206099 5735763 5107859 20677579
1790320667089 1 89480 0 2247724562 2201865261 0 0 0 0 0 0 889316105 18917588 4163944448 352735232 0 19437847 12422921 5854421 5203909 21082009
1790320668110 1 88134 42 2247821445 2201963521 0 0 0 0 0 0 889415639 18917936 4162867200 343805952 0 19758737 12615120 5954511 5262315 21410786
1790320669141 0 47336 6204 2247908248 2202085007 0 0 0 0 0 0 889502121 18918250 4162035712 191885312 58212352 20048545 12791935 6044627 5399809 21792010
1790320670178 0 140797 0 2248053485 2202142898 0 0 0 0 0 0 889667538 18918798 4161806336 565620736 0 20507643 13089312 6205224 5527463 22098242
1790320671214 0 96861 368 2248128761 2202261767 0 0 0 0 0 0 889745988 18919080 4160757760 407384064 0 20738815 13242466 6285223 5613903 22519844
1790320672244 0 96696 0 2248225384 2202358970 0 0 0 0 0 0 889847587 18919432 4161634304 380121088 0 21062540 13434828 6387431 5697830 22750590
1790320673276 0 105108 365 2248336827 2202461638 0 0 0 0 0 0 889977298 18919854 4162207744 449527808 4153344 21444321 13673874 6517630 5821718 23160249
1790320674321 0 0 4345 2248375465 2202601413 0 0 0 0 0 0 890020485 18919998 4161961984 0 45142016 21577212 13757878 6563266 5917815 23508430
1790320675374 0 118588 3139 2248531223 2202639938 0 0 0 0 0 0 890215179 18920619 4162797568 484827136 25219072 22116567 14100923 6757930 6015009 23644501
1790320676398 0 82871 1708 2248604745 2202750434 0 0 0 0 0 0 890280905 18920865 4162199552 339439616 22953984 22334086 14237325 6823639 6129677 24031999
1790320677424 0 122613 59 2248718230 2202825850 0 0 0 0 0 0 890394776 18921266 4161056768 487137280 0 22675123 14452074 6933156 6230486 24294897
1790320678445 0 114605 0 2248806426 2202922139 0 0 0 0 0 0 890504479 18921628 4161802240 453332992 0 22985441 14646528 7043655 6341351 24594709
1790320679474 0 95692 10137 2248896854 2203021231 0 0 0 0 0 0 890595527 18921949 4161003520 402288640 41705472 23281558 14831390 7138231 6426058 24996305
1790320680505 0 51997 0 2248971204 2203149441 0 0 0 0 0 0 890684315 18922241 4160884736 200101888 0 23515944 14983508 7221934 6535671 25459298
1790320681541 0 68643 0 2249084160 2203245698 0 0 0 0 0 0 890823800 18922688 4162883584 284655616 5890048 23916980 15234774 7364528 6625956 25784239
1790320682595 0 57067 121 2249162602 2203335739 0 0 0 0 0 0 890922924 18923006 4163059712 219144192 0 24188933 15402023 7458008 6696869 26026178
1790320683643 0 71281 876 2249273461 2203431883 0 0 0 0 0 0 891051459 18923431 4163538944 310468608 5832704 24578734 15642654 7591111 6819073 26440371
1790320684691 0 83477 349 2249370156 2203516719 0 0 0 0 0 0 891164784 18923808 4163342336 351047680 3739648 24927159 15852416 7706863 6887295 26728719
1790320685714 0 79661 0 2249464427 2203614933 0 0 0 0 0 0 891286438 18924185 4163502080 316186624 0 25244100 16057160 7823602 6954918 27095101
1790320686738 0 123908 0 2249575172 2203681495 0 0 0 0 0 0 891420202 18924614 4162691072 493338624 0 25619865 16298140 7959283 7057163 27384238
1790320687778 0 46980 2 2249633410 2203816701 0 0 0 0 0 0 891484289 18924826 4162658304 188882944 22126592 25824635 16420032 8023399 7138988 27914538
1790320688834 0 84268 0 2249750559 2203896546 0 0 0 0 0 0 891606998 18925245 4162682880 328417280 0 26216738 16653924 8147347 7231012 28241319
1790320689870 0 65230 1864 2249833856 2203997026 0 0 0 0 0 0 891693196 18925548 4161617920 295776256 2105344 26495593 16824624 8235329 7317485 28634203
1790320690910 0 99237 0 2249941834 2204072840 0 0 0 0 0 0 891806439 18925945 4161429504 391864320 0 26809714 17035427 8345172 7391748 28972789
1790320691932 0 86642 55 2250023456 2204166987 0 0 0 0 0 0 891911538 18926259 4162027520 338718720 0 27110303 17220468 8452516 7472350 29376178
1790320692954 0 68062 0 2250106256 2204268431 0 0 0 0 0 0 892005312 18926570 4162854912 266371072 0 27389194 17391738 8543750 7582155 29719542
1790320693980 0 62948 508 2250206945 2204373817 0 0 0 0 0 0 892111566 18926945 4163112960 257835008 3276800 27735833 17601708 8654332 7703270 30076317
1790320695015 0 52272 17297 2250293718 2204454547 0 0 0 0 0 0 892198045 18927249 4162244608 246177792 55332864 28008896 17771437 8740769 7780956 30405843
1790320696038 0 68541 0 2250373671 2204535380 0 0 0 0 0 0 892284649 18927536 4161974272 265723904 0 28263256 17927776 8824069 7850328 30794231
1790320697070 0 78987 445 2250470574 2204621362 0 0 0 0 0 0 892399438 18927909 4163264512 336130048 10510336 28603096 18140019 8941756 7924863 31220660
1790320698113 0 43500 10 2250550355 2204737046 0 0 0 0 0 0 892489824 18928208 4162662400 170913792 0 28860833 18303600 9028641 8024001 31568857
1790320699143 0 86477 126 2250668141 2204811786 0 0 0 0 0 0 892634259 18928685 4163141632 362496000 2105344 29271242 18563035 9174365 8158927 31880447
1790320700191 0 15492 652 2250728894 2204943037 0 0 0 0 0 0 892706253 18928934 4163010560 90431488 9342976 29487259 18695828 9248058 8220271 32262244
1790320701254 0 130386 365 2250888758 2204988254 0 0 0 0 0 0 892896969 18929537 4163936256 558907392 3211264 30049125 19037053 9437665 8353974 32525328
1790320702299 0 52319 5408 2250938505 2205111028 0 0 0 0 0 0 892950247 18929716 4163637248 214597632 33247232 30222585 19141763 9493076 8409742 32811354
1790320703331 0 73337 18841 2251053120 2205191422 0 0 0 0 0 0 893091596 18930178 4164489216 391925760 5914624 30620310 19391584 9634134 8520916 33057142
1790320704359 0 79100 365 2251144441 2205295338 0 0 0 0 0 0 893183114 18930507 4163747840 331976704 2174976 30906199 19569019 9724629 8613438 33482970
1790320705394 0 38884 498 2251210994 2205401775 0 0 0 0 0 0 893258493 18930755 4164075520 164016128 1519616 31145632 19709269 9800921 8698248 33895979
1790320706414 0 127816 0 2251353263 2205455669 0 0 0 0 0 0 893409773 18931285 4163305472 507457536 0 31604502 19992795 9949875 8795685 34089203
1790320707438 0 88966 1429 2251423854 2205563824 0 0 0 0 0 0 893494969 18931557 4163448832 361611264 0 31848149 20147775 10036806 8869774 34530451
1790320708462 0 103953 0 2251520840 2205647193 0 0 0 0 0 0 893606234 18931941 4163284992 409006080 0 32163235 20348422 10144698 9004714 34782303
1790320709485 0 105127 5986 2251622515 2205741723 0 0 0 0 0 0 893716988 18932318 4163264512 452780032 0 32510243 20560721 10258257 9089581 35141175
1790320710525 0 30704 527 2251665791 2205864931 0 0 0 0 0 0 893777423 18932513 4163739648 154312704 1531904 32681658 20661504 10317434 9233597 35642601
1790320711573 0 149569 1825 2251824948 2205903657 0 0 0 0 0 0 893982739 18933164 4165574656 610881536 0 33258225 21017348 10521606 9351999 35895368
1790320712597 0 38699 2813 2251860624 2206049390 0 0 0 0 0 0 894030469 18933312 4165390336 158695424 26890240 33412264 21106152 10573075 9419861 36287326
1790320713624 0 121464 9418 2252002266 2206101604 0 0 0 0 0 0 894203931 18933883 4165091328 497975296 48328704 33912115 21416003 10746738 9530167 36576868
1790320714663 0 62450 0 2252054345 2206222179 0 0 0 0 0 0 894266625 18934092 4164239360 243109888 0 34077568 21520205 10803904 9638949 36914452
1790320715700 0 59692 600 2252139085 2206309136 0 0 0 0 0 0 894348624 18934382 4162727936 254447616 1900544 34345238 21689926 10889906 9736983 37239905
1790320716721 1 92237 0 2252245285 2206383303 0 0 0 0 0 0 894466910 18934776 4162195456 362639360 0 34677335 21901970 11002986 9790034 37563212
1790320717746 1 88472 0 2252334882 2206476118 0 0 0 0 0 0 894596156 18935159 4164333568 348250112 0 35017823 22118262 11134747 9885476 37984762
1790320718769 1 95431 0 2252430063 2206564313 0 0 0 0 0 0 894720428 18935538 4165242880 377626624 0 35356275 22332904 11258274 9959097 38282656
1790320719791 1 85579 114 2252513705 2206657730 0 0 0 0 0 0 894807865 18935851 4164554752 349724672 2641920 35643847 22505887 11349163 10020400 38660693
1790320720812 1 1037 19 2252561760 2206790373 0 0 0 0 0 0 894879184 18936065 4165120000 0 2142208 35840706 22620452 11417996 10118169 39106807
1790320721835 1 96858 10334 2252715671 2206838260 0 0 0 0 0 0 895052166 18936640 4163981312 396079104 58777600 36352950 22945955 11594868 10199369 39315574
1790320722868 1 40371 1606 2252780512 2206968425 0 0 0 0 0 0 895123680 18936884 4162555904 192053248 2232320 36571969 23079248 11666342 10286812 39700523
1790320723897 1 117300 709 2252914809 2207026659 0 0 0 0 0 0 895286212 18937409 4163227648 485015552 3239936 37035229 23368602 11828314 10364176 39921391
1790320724931 1 10935 0 2252948924 2207167645 0 0 0 0 0 0 895317509 18937523 4163346432 26226688 0 37120409 23424007 11856918 10461489 40514243
1790320725986 1 121555 507 2253111232 2207218907 0 0 0 0 0 0 895523788 18938172 4163653632 517701632 12935168 37708830 23788457 12063889 10534862 40661723
1790320727042 1 6985 4 2253146404 2207368989 0 0 0 0 0 0 895560004 18938286 4164300800 8069120 0 37808567 23849811 12098035 10640627 41259165
1790320728073 1 124067 635 2253308875 2207413915 0 0 0 0 0 0 895746403 18938892 4163096576 508981248 2236416 38366628 24196666 12287764 10741814 41423318
1790320729110 1 51734 0 2253355230 2207533113 0 0 0 0 0 0 895808910 18939085 4163997696 202989568 17399808 38534358 24298545 12349889 10798604 41809098
1790320730171 1 133264 5694 2253494807 2207585580 0 0 0 0 0 0 895962164 18939603 4163530752 537051136 56737792 39006060 24586481 12504920 10928497 41991725
1790320731226 1 33394 1605 2253535416 2207730449 0 0 0 0 0 0 895994823 18939727 4162469888 157077504 3223552 39124404 24654078 12536735 11079345 42434828
1790320732270 1 145056 0 2253687178 2207771721 0 0 0 0 0 0 896165357 18940292 4162670592 564330496 0 39600778 24959628 12701711 11177680 42646712
1790320733316 1 78602 11534 2253760968 2207900585 0 0 0 0 0 0 896242401 18940562 4161953792 361132032 21884928 39846688 25113654 12785093 11284964 43091817
1790320734362 1 124669 0 2253865811 2207970896 0 0 0 0 0 0 896364948 18940958 4163358720 491134976 0 40193066 25328016 12904831 11372220 43450673
1790320735385 1 95628 6 2253943399 2208077327 0 0 0 0 0 0 896461743 18941247 4164186112 371200000 0 40462172 25492417 12997502 11474346 43792070
1790320736426 1 13762 1171 2253999651 2208214556 0 0 0 0 0 0 896520463 18941454 4164231168 69406720 1245184 40653350 25607383 13061639 11606381 44381189
1790320737482 1 135815 584 2254162011 2208255403 0 0 0 0 0 0 896710420 18942061 4163796992 563236864 9502720 41213631 25952426 13251983 11706786 44555060
1790320738532 1 64503 5983 2254215366 2208374403 0 0 0 0 0 0 896779961 18942281 4164427776 294359040 0 41387586 26067322 13318772 11787972 44984706
1790320739555 1 140172 0 2254340517 2208429990 0 0 0 0 0 0 896928916 18942754 4164907008 552714240 0 41828231 26331635 13468679 11918567 45220215
1790320740578 1 109802 3960 2254413859 2208529850 0 0 0 0 0 0 896996980 18943007 4163858432 476372992 0 42068158 26472564 13538508 11993475 45522198
1790320741601 1 7628 57 2254464162 2208686202 0 0 0 0 0 0 897062290 18943220 4164317184 25550848 2269184 42239509 26583796 13603328 12080298 46067739
1790320742643 1 116045 1049 2254623745 2208736182 0 0 0 0 0 0 897243039 18943827 4163723264 487460864 1224704 42774574 26914384 13783845 12183126 46255858
1790320743694 1 42515 6588 2254676759 2208857538 0 0 0 0 0 0 897307858 18944037 4164227072 203444224 0 42960722 27024704 13846281 12284288 46831423
1790320744721 1 153327 0 2254825544 2208901777 0 0 0 0 0 0 897447355 18944557 4162445312 609128448 0 43410093 27305685 13987563 12349194 46929647
1790320745760 1 79515 4779 2254887742 2209033183 0 0 0 0 0 0 897530037 18944802 4162899968 362500096 3174400 43642036 27449512 14072421 12481539 47363424
1790320746792 1 31348 0 2254945811 2209144072 0 0 0 0 0 0 897608815 18945049 4164079616 105852928 0 43826867 27573774 14146473 12559944 47842883
1790320747816 1 108219 0 2255084966 2209206538 0 0 0 0 0 0 897772622 18945587 4163506176 412336128 0 44296845 27868033 14309964 12655065 48051673
1790320748843 1 45706 84 2255144978 2209328874 0 0 0 0 0 0 897851323 18945829 4165189632 173977600 0 44536921 28001087 14388161 12731454 48439082
1790320749895 1 104507 2628 2255283107 2209405700 0 0 0 0 0 0 898011773 18946337 4164575232 468090880 5632000 45001296 28298641 14553077 12820846 48702194
1790320750938 1 65665 292 2255349305 2209513100 0 0 0 0 0 0 898095119 18946584 4163878912 271171584 10485760 45232070 28440560 14634553 12874967 48930713
1790320751983 1 51686 479 2255438662 2209616140 0 0 0 0 0 0 898220791 18946960 4165005312 231694336 2105344 45576338 28651269 14762676 12946319 49241482
1790320753020 1 118472 0 2255573757 2209684912 0 0 0 0 0 0 898383096 18947486 4165206016 454230016 0 46035151 28933198 14920897 13054418 49522734
1790320754055 1 80099 5842 2255651836 2209795728 0 0 0 0 0 0 898473902 18947779 4164997120 341114880 0 46317023 29101273 15015171 13149198 49856061
1790320755081 1 92791 0 2255738268 2209875154 0 0 0 0 0 0 898586390 18948126 4165861376 359362560 0 46625902 29291598 15127830 13288708 50254160
1790320756103 1 106506 0 2255842086 2209965304 0 0 0 0 0 0 898691528 18948491 4163862528 406523904 0 46945280 29493253 15231027 13397886 50629599
1790320757126 1 14990 0 2255886108 2210100777 0 0 0 0 0 0 898744286 18948660 4163768320 38350848 0 47093180 29581133 15279929 13482934 51223317
1790320758166 1 95671 1144 2256030139 2210163080 0 0 0 0 0 0 898921307 18949227 4164640768 402505728 1142784 47607876 29901591 15462563 13585637 51443335
1790320759207 1 46496 425 2256093287 2210276230 0 0 0 0 0 0 898994254 18949464 4164907008 188207104 15261696 47833107 30034092 15536860 13684390 51935173
1790320760237 1 97964 688 2256213817 2210345050 0 0 0 0 0 0 899137648 18949914 4164857856 415936512 2285568 48253484 30289103 15678927 13765944 52189300
1790320761272 1 61751 2993 2256284559 2210449679 0 0 0 0 0 0 899225143 18950183 4164747264 249712640 24207360 48500954 30443168 15767815 13871553 52595144
1790320762293 1 38386 0 2256365827 2210557251 0 0 0 0 0 0 899319778 18950483 4165427200 134803456 0 48763051 30606029 15858933 13972798 52882190
1790320763331 1 118414 504 2256499975 2210610762 0 0 0 0 0 0 899461974 18950974 4163776512 480268288 2650112 49203261 30879146 16002653 14066033 53196248
1790320764381 1 64036 6853 2256538952 2210697861 0 0 0 0 0 0 899510054 18951116 4164026368 267616256 19173376 49347376 30963617 16052773 14152105 53744922
1790320765411 1 117969 0 2256639066 2210750794 0 0 0 0 0 0 899611532 18951467 4163440640 457506816 0 49644711 31152094 16151115 14230929 54055612
1790320766451 1 117948 880 2256712431 2210823377 0 0 0 0 0 0 899706497 18951754 4164042752 484700160 7102464 49913786 31319253 16248537 14327572 54435085
1790320767504 1 40621 1757 2256736409 2210923791 0 0 0 0 0 0 899734840 18951842 4164145152 171331584 3096576 49993881 31366950 16276317 14427838 55116934
1790320768544 1 118331 0 2256855002 2210966247 0 0 0 0 0 0 899867810 18952285 4164341760 446603264 0 50363438 31604492 16405222 14502627 55404381
1790320769588 1 99887 39 2256920363 2211050212 0 0 0 0 0 0 899945692 18952528 4163944448 369950720 1077248 50588794 31743434 16483909 14615324 55913785
1790320770639 1 37733 5037 2256961986 2211148945 0 0 0 0 0 0 900000162 18952691 4164546560 177065984 0 50752677 31836463 16539074 14668155 56355192
1790320771695 1 130850 5445 2257099122 2211192539 0 0 0 0 0 0 900178272 18953255 4165230592 531730432 47321088 51249570 32149197 16720901 14775424 56590847
1790320772756 1 51791 552 2257133994 2211311302 0 0 0 0 0 0 900204050 18953357 4164820992 214011904 8048640 51336309 32203477 16746325 14836413 57100762
1790320773802 1 80716 0 2257222567 2211371501 0 0 0 0 0 0 900327030 18953728 4165529600 295264256 0 51667764 32403110 16865968 14948252 57533886
1790320774829 1 114970 824 2257321342 2211435316 0 0 0 0 0 0 900435119 18954087 4165607424 449781760 2101248 52009762 32610667 16977689 15033234 57887934
1790320775860 1 47652 1460 2257349147 2211529780 0 0 0 0 0 0 900461834 18954181 4164845568 187019264 25624576 52100022 32661153 17004472 15103035 58481833
1790320776921 1 82319 857 2257441163 2211587720 0 0 0 0 0 0 900576746 18954540 4164591616 347664384 3133440 52420367 32858943 17117277 15177523 58756546
1790320777974 1 108950 1784 2257538593 2211657540 0 0 0 0 0 0 900678758 18954880 4163686400 450887680 4206592 52728486 33052943 17220244 15287620 59177044
1790320779009 1 46112 0 2257601162 2211784712 0 0 0 0 0 0 900757063 18955125 4163424256 145539072 0 52932271 33181808 17294418 15353313 59563856
1790320780051 1 133848 812 2257735288 2211830341 0 0 0 0 0 0 900885718 18955598 4163354624 515813376 2105344 53358032 33441143 17427299 15425766 59805306
1790320781113 1 82057 2954 2257773648 2211918316 0 0 0 0 0 0 900917322 18955719 4162957312 341598208 7311360 53474396 33510111 17459545 15524290 60432269
1790320782179 1 57783 46 2257818588 2211990506 0 0 0 0 0 0 900972838 18955890 4162949120 217219072 0 53625135 33600294 17513723 15645720 60903008
1790320783225 1 64003 545 2257902325 2212067463 0 0 0 0 0 0 901057667 18956184 4162408448 265969664 4206592 53873054 33766412 17599122 15738809 61313564
1790320784264 1 39222 0 2257959748 2212150256 0 0 0 0 0 0 901124920 18956391 4162850816 128249856 0 54050561 33878533 17661178 15838548 61764693
1790320785304 1 124774 511 2258093865 2212198216 0 0 0 0 0 0 901289589 18956911 4164878336 495235072 1814528 54529149 34175256 17830451 15932827 62047996
1790320786353 1 73195 1347 2258133319 2212288606 0 0 0 0 0 0 901325303 18957035 4163878912 299646976 11595776 54655310 34249538 17868005 15997132 62550462
1790320787374 1 84487 0 2258203767 2212349009 0 0 0 0 0 0 901415526 18957329 4165050368 329428992 0 54894168 34399045 17954016 16045621 62849416
1790320788397 1 103948 484 2258291011 2212416356 0 0 0 0 0 0 901525711 18957685 4164608000 431984640 1024000 55236483 34600967 18067824 16092263 63170428
1790320789416 1 47578 563 2258324484 2212506140 0 0 0 0 0 0 901561415 18957807 4165083136 197124096 2088960 55336818 34667888 18103813 16193701 63914906
1790320790438 1 106835 0 2258445418 2212568180 0 0 0 0 0 0 901671259 18958126 4165787648 240644096 0 55628564 34842384 18208318 16279734 64273020
1790320791459 1 273858 1022 2258666710 2212621590 0 0 0 0 0 0 901793801 18958541 4165296128 489816064 1314816 56003578 35078815 18336222 16344370 64651259
1790320792480 1 344049 822 2258830692 2212715334 0 0 0 0 0 0 901832374 18958669 4164780032 293617664 3104768 56126889 35149145 18375153 16376828 65142963
1790320793499 1 395796 1784 2258973431 2212805497 0 0 0 0 0 0 901862010 18958768 4164685824 114597888 2101248 56216828 35200926 18404324 16559085 65838199
1790320794519 1 450033 13927 2259125808 2212891500 0 0 0 0 0 0 901895581 18958867 4164890624 2097152 63041536 56311682 35257659 18438365 16603240 66293867
1790320795540 1 406581 2384 2259147836 2212968591 0 0 0 0 0 0 901895663 18958881 4164890624 4096 0 56311682 35257659 18438365 16603240 66293867
1790320796564 1 309336 3156 2259147838 2213065027 0 0 0 0 0 0 901895663 18958881 4164890624 4096 0 56311682 35257659 18438365 16603240 66293867
1790320797600 1 198123 14336 2259147838 2213165096 0 0 0 0 0 0 901895663 18958881 4164890624 4096 0 56311682 35257659 18438365 16603240 66293867
1790320798626 1 91000 15683 2259147838 2213270957 0 0 0 0 0 0 901895663 18958881 4164890624 4096 0 56311682 35257659 18438365 16603240 66293867
1790320799653 1 4967 146 2259148056 2213372724 0 0 0 0 0 0 901895663 18958881 4164890624 4096 0 56311682 35257659 18438365 16603240 66293867
1790320800676 1 10104 0 2259158381 2213377920 0 0 0 0 0 0 902019892 18959162 4192743424 8192 0 56428952 35372082 18559588 16648133 66431669
1790320801699 1 59124 0 2259207424 2213377920 0 0 0 0 0 0 902181264 18959499 4195225600 8192 0 56610767 35533343 18721455 16726018 66634855
1790320802721 1 63856 0 2259212394 2213378257 0 0 0 0 0 0 902254434 18959633 4196696064 8192 0 56701613 35606939 18795410 16818658 66920261
1790320803749 1 63397 0 2259212398 2213378716 0 0 0 0 0 0 902323880 18959751 4198612992 8192 0 56794736 35675948 18864887 16935652 67199694
1790320804771 1 16549 0 2259212432 2213425598 0 0 0 0 0 0 902390928 18959887 4200075264 8192 0 56885848 35741220 18930526 17027593 67657095
1790320805793 1 16421 0 2259212522 2213425816 0 0 0 0 0 0 902519809 18960112 4200923136 8192 0 57478542 35871199 19060709 17169028 67746575
1790320806819 1 16429 0 2259212531 2213425817 0 0 0 0 0 0 902646599 18960339 4199579648 8192 0 57660524 35997941 19187116 17255911 67790027
1790320807852 1 16570 0 2259212672 2213425817 0 0 0 0 0 0 902681979 18960403 2129739776 12288 0 57711831 36035581 19224681 17278501 67801740
