1790339246504 0 3 0 3623298903 3577349038 0 0 0 0 0 0 1550150258 20989686 - - - - - - - -
1790339248206 0 155015 425 3623686153 3577581009 0 0 0 0 0 0 1550150291 20989746 1554640896 630620160 839680 0 0 0 0 173996
1790339249231 0 153811 956 3623843758 3577739002 0 0 0 0 0 0 1550150291 20989746 2218557440 619642880 10506240 0 0 0 0 399666
1790339250250 0 148348 4628 3623994130 3577891399 0 0 0 0 0 0 1550150291 20989746 2836750336 611594240 12607488 0 0 0 0 635500
1790339251269 0 151795 295 3624141283 3578039481 0 0 0 0 0 0 1550150291 20989746 3446108160 626348032 1101824 0 0 0 0 874368
1790339252293 0 145194 4061 3624286541 3578187404 0 0 0 0 0 0 1550150291 20989746 4029534208 600076288 8404992 0 0 0 0 1077960
1790339253314 0 118329 0 3624380776 3578312611 0 0 0 0 0 0 1550152195 20989746 4160561152 469671936 0 64256 64218 1842 34241 1372918
1790339254334 0 109088 18 3624473211 3578414102 0 0 0 0 0 0 1550161391 20989746 4160266240 432857088 0 166240 166202 11135 116785 1761396
1790339255353 0 147699 0 3624594278 3578496744 0 0 0 0 0 0 1550171986 20989746 4159700992 592744448 0 298592 298554 21695 161492 1958850
1790339256372 1 140613 2575 3624685646 3578592734 0 0 0 0 0 0 1550184085 20989790 4159700992 588349440 6303744 404896 404858 33638 186365 2129864
1790339257402 1 121392 2012 3624768551 3578695198 0 0 0 0 0 0 1550195280 20989807 4159660032 521109504 2101248 496672 496634 44337 241466 2480294
1790339258445 1 106285 1522 3624850350 3578792270 0 0 0 0 0 0 1550210583 20989862 4160098304 451592192 2277376 593856 593818 59517 286570 2710193
1790339259470 1 116726 1571 3624959984 3578891739 0 0 0 0 0 0 1550230831 20989897 4160921600 472780800 6303744 720800 720762 80465 341423 2969584
1790339260492 1 131864 457 3625066930 3578984158 0 0 0 0 0 0 1550257643 20989897 4162199552 545296384 2113536 855840 855770 107240 403800 3233360
1790339261514 1 116998 1539 3625158216 3579089307 0 0 0 0 0 0 1550279442 20989897 4163264512 479084544 23113728 970496 970444 129069 449984 3464798
1790339262543 1 112535 2428 3625249502 3579184035 0 0 0 0 0 0 1550308866 20989897 4164702208 472322048 4661248 1089600 1089541 158224 496024 3659287
1790339263574 1 119547 1573 3625338712 3579267246 0 0 0 0 0 0 1550340792 20989897 4166561792 497811456 2285568 1208064 1207971 189412 558789 3914055
1790339264600 1 106656 3573 3625413485 3579353002 0 0 0 0 0 0 1550373848 20989900 4168630272 450826240 11448320 1318112 1318051 223522 597617 4160722
1790339265631 1 123131 517 3625505615 3579431559 0 0 0 0 0 0 1550408494 20989900 4170014720 514805760 3334144 1443744 1443683 257650 631039 4317455
1790339266654 1 104609 582 3625585378 3579529909 0 0 0 0 0 0 1550439929 20989900 4171239424 432857088 1880064 1553856 1553795 289556 690118 4634000
1790339267673 1 100979 1321 3625670572 3579617951 0 0 0 0 0 0 1550473222 20990312 4172038144 412209152 3837952 1670624 1670562 322885 738389 4875322
1790339268693 1 118456 68 3625764493 3579695559 0 0 0 0 0 0 1550513176 20990337 4172513280 479084544 0 1803808 1803744 360726 813938 5188224
1790339269712 1 128580 21 3625853136 3579774085 0 0 0 0 0 0 1550558946 20990337 4173975552 516907008 0 1938368 1938294 407902 869327 5460228
1790339270731 0 142418 24 3625941361 3579848517 0 0 0 0 0 0 1550597653 20990339 4174585856 571289600 0 2064800 2064726 446817 961558 5828656
1790339271750 0 138625 600 3626024832 3579935126 0 0 0 0 0 0 1550631994 20990339 4175138816 565051392 1732608 2182144 2182070 481628 1032346 6103220
1790339272770 0 110934 511 3626103162 3580041374 0 0 0 0 0 0 1550660368 20990339 4174983168 453443584 14581760 2292160 2292084 510023 1142767 6467594
1790339273791 0 148596 1752 3626200658 3580099873 0 0 0 0 0 0 1550720284 20990339 4176977920 626171904 0 2447520 2447434 568887 1198532 6629957
1790339274813 0 120062 1036 3626265720 3580194233 0 0 0 0 0 0 1550758154 20990339 4177424384 491692032 18911232 2552032 2551946 607809 1274331 6938277
1790339275834 0 95388 0 3626338054 3580292294 0 0 0 0 0 0 1550794481 20990339 4177854464 382631936 0 2657056 2656923 642584 1362006 7349428
1790339276853 0 132003 0 3626433129 3580350776 0 0 0 0 0 0 1550844742 20990339 4178894848 529211392 0 2801504 2801403 693415 1431682 7510463
1790339277872 0 134119 0 3626516397 3580431834 0 0 0 0 0 0 1550891120 20990339 4179738624 537436160 0 2930720 2930619 739741 1498375 7710982
1790339278896 0 132992 2935 3626600489 3580514179 0 0 0 0 0 0 1550943437 20990339 4179853312 553738240 6279168 3068992 3068855 793074 1574469 7951685
1790339279918 0 118034 1415 3626672165 3580602336 0 0 0 0 0 0 1550986940 20990339 4180303872 498192384 4005888 3184992 3184881 835617 1693063 8331815
1790339280944 0 110801 3082 3626748211 3580683871 0 0 0 0 0 0 1551040422 20990339 4181495808 472780800 8404992 3314848 3314700 889818 1782154 8523119
1790339281969 0 102688 0 3626811391 3580758301 0 0 0 0 0 0 1551100196 20990339 4183707648 413663232 0 3433600 3433475 948049 1873045 8897130
1790339282989 0 122775 0 3626893033 3580819861 0 0 0 0 0 0 1551160387 20990339 4184399872 493015040 0 3575264 3575132 1008926 2042057 9273833
1790339284008 0 121568 1 3626960640 3580888710 0 0 0 0 0 0 1551221247 20990339 4185915392 488411136 0 3703360 3703222 1069829 2096649 9434526
1790339285028 0 139492 0 3627046837 3580956940 0 0 0 0 0 0 1551272806 20990339 4185161728 561033216 0 3841056 3840914 1121344 2209494 9770228
1790339286047 0 149784 1453 3627128374 3581026682 0 0 0 0 0 0 1551336005 20990339 4185128960 626171904 0 3986556 3986366 1184214 2288958 10045513
1790339287071 0 119221 12775 3627189623 3581107285 0 0 0 0 0 0 1551391844 20990339 4185399296 487313408 71131136 4105884 4105724 1241471 2383955 10397995
1790339288101 0 115023 2059 3627260885 3581193407 0 0 0 0 0 0 1551441910 20990339 4185436160 469491712 20992000 4227093 4226930 1291563 2494089 10832947
1790339289126 0 115251 1791 3627333224 3581265872 0 0 0 0 0 0 1551498565 20990339 4185583616 489590784 2097152 4354965 4354797 1347905 2568854 11044999
1790339290152 0 95419 1026 3627396395 3581349670 0 0 0 0 0 0 1551565989 20990339 4186525696 401338368 2101248 4485804 4485589 1414790 2616207 11271073
1790339291171 0 96115 926 3627468183 3581420887 0 0 0 0 0 0 1551629279 20990339 4186701824 403259392 8290304 4621676 4621484 1478894 2691206 11491456
1790339292197 0 96132 3139 3627537112 3581487558 0 0 0 0 0 0 1551701410 20990341 4188311552 392974336 24879104 4761676 4761479 1551037 2749839 11738046
1790339293217 0 104282 0 3627608967 3581554216 0 0 0 0 0 0 1551771614 20990341 4188856320 420290560 0 4900460 4900247 1619653 2840356 12022970
1790339294237 0 118466 1 3627688976 3581620067 0 0 0 0 0 0 1551841690 20990341 4189843456 483287040 0 5050700 5050480 1689071 2882470 12197031
1790339295256 0 142477 0 3627777738 3581684706 0 0 0 0 0 0 1551914704 20990341 4189474816 579944448 0 5211980 5211720 1761999 2950902 12337397
1790339296275 0 148265 1028 3627853638 3581753922 0 0 0 0 0 0 1551988772 20990341 4191084544 624070656 4202496 5364204 5363973 1837679 3020628 12508793
1790339297304 0 107045 1006 3627919618 3581861178 0 0 0 0 0 0 1552044834 20990341 4191801344 456196096 4202496 5485676 5485439 1894169 3132658 12894980
1790339298324 0 81034 42001 3627995016 3581921515 0 0 0 0 0 0 1552113822 20990342 4193366016 466477056 48328704 5630060 5629807 1963508 3185063 13032407
1790339299347 0 145639 1 3628063716 3581967689 0 0 0 0 0 0 1552185960 20990342 4194430976 582045696 0 5766937 5766679 2035488 3221862 13344245
1790339300376 0 135881 504 3628128801 3582041954 0 0 0 0 0 0 1552247300 20990342 4195180544 565235712 6303744 5897262 5894947 2096734 3255777 13501472
1790339301401 0 93451 5198 3628181250 3582132239 0 0 0 0 0 0 1552298742 20990342 4195917824 382484480 33562624 6003114 6000266 2148367 3306838 13866008
1790339302434 0 90637 64 3628233404 3582192368 0 0 0 0 0 0 1552360177 20990342 4197289984 360910848 0 6113297 6108396 2207761 3337744 14027072
1790339303455 0 92836 24 3628305777 3582262546 0 0 0 0 0 0 1552422149 20990342 4196958208 371920896 0 6248852 6243430 2270204 3505615 14278892
1790339304476 0 102200 0 3628377258 3582324649 0 0 0 0 0 0 1552495290 20990342 4197445632 411844608 0 6394793 6387825 2342897 3560899 14507225
1790339305500 0 95929 3940 3628442822 3582392507 0 0 0 0 0 0 1552564475 20990342 4198883328 411291648 6852608 6535108 6525061 2413793 3637674 14697872
1790339306519 0 102576 0 3628503787 3582450850 0 0 0 0 0 0 1552623581 20990342 4199383040 416047104 0 6655354 6642733 2471052 3734742 15096148
1790339307539 0 83331 0 3628564177 3582530366 0 0 0 0 0 0 1552668060 20990342 4198686720 332214272 0 6759730 6746588 2516253 3790539 15468583
1790339308558 0 119074 104 3628649898 3582580523 0 0 0 0 0 0 1552747386 20990342 4199690240 479084544 0 6925369 6911437 2595676 3895747 15649651
1790339309582 0 88701 49 3628708288 3582669268 0 0 0 0 0 0 1552801317 20990342 4199591936 357634048 1679360 7040586 7024526 2649745 3962931 15800297
1790339310609 0 102178 0 3628780783 3582728245 0 0 0 0 0 0 1552874621 20990342 4200591360 409468928 0 7186641 7169543 2723249 4021230 15909909
1790339311631 0 121909 64 3628856095 3582783647 0 0 0 0 0 0 1552941604 20990342 4200701952 491868160 0 7330469 7310773 2789549 4176051 16111543
1790339312655 0 60983 7182 3628908401 3582889847 0 0 0 0 0 0 1552987096 20990342 4200411136 248123392 39923712 7432609 7411888 2836721 4300227 16610365
1790339313679 0 84051 5195 3628987299 3582947773 0 0 0 0 0 0 1553048803 20990342 4200505344 359313408 4202496 7571335 7549566 2898498 4388434 16848058
1790339314698 0 117465 63 3629061316 3582993443 0 0 0 0 0 0 1553130757 20990342 4201758720 479084544 0 7727060 7704760 2977561 4609023 17101182
1790339315718 0 103576 0 3629129435 3583075492 0 0 0 0 0 0 1553184036 20990342 4201885696 416047104 0 7855226 7826396 3032538 4722135 17305586
1790339316746 0 101633 1969 3629202866 3583148841 0 0 0 0 0 0 1553257557 20990342 4201861120 437223424 6303744 8005347 7974954 3106705 4815156 17502253
1790339317769 0 106685 0 3629275161 3583218108 0 0 0 0 0 0 1553327581 20990342 4202098688 430919680 0 8147000 8114479 3174989 4852928 17592901
1790339318789 0 120032 0 3629344911 3583274538 0 0 0 0 0 0 1553400596 20990342 4202479616 483196928 0 8291781 8257178 3249053 4942325 17755861
1790339319808 0 108793 0 3629416417 3583357132 0 0 0 0 0 0 1553455802 20990342 4201889792 441827328 0 8420813 8383599 3302837 4985578 17949954
1790339320834 0 100056 0 3629496936 3583446395 0 0 0 0 0 0 1553516374 20990342 4201472000 399237120 0 8562960 8524706 3364977 5050858 18192451
1790339321862 0 81197 2 3629560096 3583528508 0 0 0 0 0 0 1553597142 20990342 4203724800 328085504 4202496 8710384 8669561 3446256 5103533 18411511
1790339322885 0 100158 0 3629639092 3583588498 0 0 0 0 0 0 1553670212 20990342 4203139072 399527936 0 8863152 8819219 3518307 5160908 18572015
1790339323905 0 116386 0 3629713979 3583647126 0 0 0 0 0 0 1553741029 20990342 4203032576 471482368 0 9011529 8965525 3588980 5200974 18692904
1790339324925 0 33273 0 3629750343 3583766656 0 0 0 0 0 0 1553779579 20990342 4203196416 126074880 0 9085929 9039401 3627695 5342914 19080970
1790339325948 0 103253 0 3629846418 3583792820 0 0 0 0 0 0 1553865977 20990342 4202864640 418148352 0 9271440 9223362 3714105 5430918 19245665
1790339326968 0 119067 0 3629923856 3583854381 0 0 0 0 0 0 1553934865 20990342 4202668032 477368320 0 9417303 9368195 3783479 5514038 19560087
1790339327987 0 118727 1435 3629999748 3583929292 0 0 0 0 0 0 1554012823 20990342 4202962944 496349184 3739648 9576098 9523582 3861987 5655364 19766905
1790339329008 0 95366 0 3630056712 3584010945 0 0 0 0 0 0 1554061164 20990342 4203151360 384528384 0 9681632 9626846 3908867 5814593 19982300
1790339330027 0 22100 0 3630107103 3584134579 0 0 0 0 0 0 1554101168 20990342 4202762240 84049920 0 9772484 9717181 3948833 5917127 20257887
1790339331047 0 111338 423 3630209589 3584147629 0 0 0 0 0 0 1554204729 20990342 4203708416 459927552 3035136 9980406 9924094 4053889 5989041 20347207
1790339332066 0 105380 0 3630283789 3584227947 0 0 0 0 0 0 1554281551 20990342 4203855872 420786176 0 10131379 10073507 4130492 6036632 20453798
1790339333090 0 97017 854 3630357599 3584309311 0 0 0 0 0 0 1554352128 20990342 4204392448 399216640 9908224 10279323 10219394 4201248 6115013 20616521
1790339334110 0 104089 0 3630420679 3584366223 0 0 0 0 0 0 1554427274 20990342 4204593152 419074048 0 10419941 10354881 4274847 6186754 20815473
1790339335130 0 13750 0 3630450410 3584486267 0 0 0 0 0 0 1554456247 20990342 4204793856 50946048 0 10479759 10413528 4303376 6232656 21230990
1790339336150 0 112423 962 3630557188 3584493462 0 0 0 0 0 0 1554564108 20990342 4204244992 470679552 4202496 10698164 10631412 4413009 6353195 21377789
1790339337170 0 90497 0 3630617928 3584577070 0 0 0 0 0 0 1554622727 20990342 4204625920 364072960 0 10814730 10746420 4469628 6548988 21837454
1790339338190 0 116951 51 3630706689 3584639399 0 0 0 0 0 0 1554699596 20990342 4204023808 466849792 0 10980981 10911555 4547830 6589867 21932309
1790339339210 0 100605 912 3630770329 3584718348 0 0 0 0 0 0 1554769700 20990342 4204638208 416129024 14626816 11120546 11049092 4618915 6760112 22287733
1790339340243 0 24189 408 3630808806 3584833840 0 0 0 0 0 0 1554807640 20990342 4204507136 113467392 1568768 11196576 11124607 4655923 6966884 22778006
1790339341271 0 114846 0 3630910354 3584845092 0 0 0 0 0 0 1554906660 20990342 4204752896 459694080 0 11394996 11322982 4755474 7040717 22879812
1790339342290 0 114172 86 3630976357 3584911765 0 0 0 0 0 0 1554978410 20990342 4204511232 456552448 0 11532397 11459370 4826527 7121390 23043751
1790339343309 0 65734 32276 3631045109 3584996720 0 0 0 0 0 0 1555028058 20990342 4204040192 269373440 142471168 11658887 11581493 4877741 7216193 23315887
1790339344332 0 109316 657 3631121524 3585061318 0 0 0 0 0 0 1555086127 20990342 4202905600 454242304 1728512 11793310 11715386 4935433 7264096 23497672
1790339345351 0 126120 0 3631202027 3585125500 0 0 0 0 0 0 1555157634 20990342 4203429888 508502016 0 11943033 11864581 5005753 7374052 23740651
1790339346371 0 109786 844 3631264667 3585203685 0 0 0 0 0 0 1555233530 20990342 4205518848 466296832 2482176 12087735 12005172 5082216 7444634 23975471
1790339347394 0 101068 1886 3631330052 3585276591 0 0 0 0 0 0 1555295510 20990342 4205445120 421470208 7417856 12214471 12130866 5144736 7525185 24173899
1790339348413 0 102530 0 3631399296 3585346277 0 0 0 0 0 0 1555342166 20990342 4203610112 410546176 0 12330966 12245286 5190853 7698549 24407559
1790339349434 0 115294 3459 3631471564 3585402413 0 0 0 0 0 0 1555414306 20990342 4203470848 472780800 26152960 12480746 12392967 5263798 7798320 24586488
1790339350458 0 15897 498 3631517223 3585550500 0 0 0 0 0 0 1555464805 20990342 4205051904 73543680 2867200 12578236 12487884 5313957 7878226 24873549
1790339351477 0 116952 0 3631621357 3585554044 0 0 0 0 0 0 1555566377 20990342 4205330432 470679552 0 12781857 12691486 5415026 7935514 24954822
1790339352496 0 113889 114 3631693825 3585629546 0 0 0 0 0 0 1555628501 20990342 4204507136 460369920 0 12917107 12825170 5476640 8033022 25309306
1790339353520 0 33480 1263 3631724273 3585739075 0 0 0 0 0 0 1555654422 20990344 4204597248 144441344 6295552 12976283 12883832 5504079 8073542 25532109
1790339354539 0 73858 16 3631798364 3585773908 0 0 0 0 0 0 1555723839 20990344 4204871680 298377216 0 13116396 13023938 5571406 8123165 25594755
1790339355564 0 48552 1014 3631867986 3585868064 0 0 0 0 0 0 1555779549 20990344 4204269568 210157568 9420800 13245400 13152421 5628948 8227029 25811173
1790339356586 0 113354 0 3631964356 3585900691 0 0 0 0 0 0 1555857785 20990344 4203671552 455970816 0 13416938 13323952 5705941 8309599 25924620
1790339357605 0 106682 62 3632036750 3585979644 0 0 0 0 0 0 1555933715 20990344 4204728320 432857088 0 13566289 13472369 5781257 8373398 26059949
1790339358625 0 104119 0 3632114244 3586059723 0 0 0 0 0 0 1556000933 20990344 4204900352 420249600 0 13713758 13617257 5849237 8444470 26236009
1790339359644 0 105365 69 3632180189 3586124398 0 0 0 0 0 0 1556070820 20990344 4205219840 420749312 0 13848446 13750401 5918334 8624169 26591323
1790339360670 0 49599 405 3632230399 3586230062 0 0 0 0 0 0 1556123761 20990344 4205879296 215478272 4009984 13958488 13856839 5972885 8690437 26779314
1790339361693 0 97438 36 3632318689 3586270777 0 0 0 0 0 0 1556213295 20990344 4205821952 397578240 3112960 14137815 14033581 6062124 8772992 26974050
1790339362714 0 118441 27 3632394037 3586325215 0 0 0 0 0 0 1556284958 20990344 4205215744 481185792 0 14284690 14178909 6131893 8826772 27115596
1790339363732 0 111176 70 3632465418 3586403743 0 0 0 0 0 0 1556346164 20990414 4204634112 457887744 1916928 14422596 14313738 6195272 8924334 27379056
1790339364757 0 110500 1506 3632539569 3586477110 0 0 0 0 0 0 1556413290 20990414 4204929024 467550208 1118208 14566349 14453900 6262372 8990114 27578572
1790339365776 0 52831 55 3632592528 3586589243 0 0 0 0 0 0 1556463383 20990414 4205043712 209100800 0 14668786 14554277 6311500 9035993 27679117
1790339366798 0 99094 0 3632682250 3586632747 0 0 0 0 0 0 1556541444 20990414 4205039616 397135872 0 14838276 14721709 6389933 9098672 27793588
1790339367819 0 93863 1118 3632752663 3586707412 0 0 0 0 0 0 1556603259 20990414 4204826624 390565888 2367488 14972091 14854493 6452384 9217440 28083439
1790339368846 0 109283 0 3632826870 3586767179 0 0 0 0 0 0 1556685554 20990414 4206043136 441262080 0 15128648 15008979 6532780 9284908 28282840
1790339369868 0 119471 0 3632906526 3586836619 0 0 0 0 0 0 1556752091 20990414 4205527040 475631616 0 15275964 15154208 6600933 9361667 28468721
1790339370891 0 42692 0 3632951260 3586958220 0 0 0 0 0 0 1556797022 20990414 4205424640 176705536 8204288 15369335 15245568 6646098 9439515 28725757
1790339371932 0 84120 0 3633032205 3586997710 0 0 0 0 0 0 1556880966 20990414 4205895680 338931712 0 15532319 15407007 6727470 9537391 28935843
1790339372953 0 108749 0 3633113062 3587053878 0 0 0 0 0 0 1556950927 20990414 4205473792 442839040 0 15685300 15558938 6798013 9600952 29031671
1790339373973 0 117447 0 3633185630 3587117754 0 0 0 0 0 0 1557018798 20990414 4205166592 469360640 0 15824702 15696792 6866409 9684257 29205122
1790339374998 0 110686 0 3633251544 3587190450 0 0 0 0 0 0 1557092469 20990414 4206350336 440717312 0 15965966 15836507 6941073 9738217 29404779
1790339376025 0 53914 2797 3633300498 3587293363 0 0 0 0 0 0 1557136298 20990414 4205875200 220839936 20803584 16064213 15932566 6985905 9796579 29554364
1790339377046 0 108725 1076 3633390586 3587330429 0 0 0 0 0 0 1557219428 20990414 4206096384 452038656 5308416 16240079 16103960 7068781 9873987 29651084
1790339378070 0 88802 3031 3633450886 3587408932 0 0 0 0 0 0 1557272620 20990414 4204969984 382693376 2076672 16356070 16218387 7121709 9951416 29879022
1790339379096 0 119360 716 3633525962 3587455351 0 0 0 0 0 0 1557342308 20990414 4205256704 490659840 12259328 16500601 16360848 7191393 10104566 30104248
1790339380119 0 103950 0 3633588264 3587533919 0 0 0 0 0 0 1557404305 20990414 4205715456 416768000 0 16623409 16482597 7252206 10168499 30258879
1790339381146 0 71502 128 3633647019 3587624979 0 0 0 0 0 0 1557463816 20990414 4205920256 300736512 14012416 16744945 16602576 7313240 10246100 30545740
1790339382191 0 110572 980 3633736419 3587674348 0 0 0 0 0 0 1557540021 20990414 4205273088 458215424 880640 16910311 16767425 7389182 10309452 30647496
1790339383210 0 124694 0 3633815362 3587740193 0 0 0 0 0 0 1557605734 20990414 4204736512 506400768 0 17056157 16910186 7452810 10410383 30830545
1790339384235 0 109075 146 3633886097 3587826723 0 0 0 0 0 0 1557654379 20990414 4204249088 435568640 0 17177764 17028701 7502977 10526618 31154732
1790339385261 0 103320 6 3633948977 3587895190 0 0 0 0 0 0 1557724027 20990414 4205072384 415125504 0 17311574 17161450 7572710 10640020 31437694
1790339386280 0 73314 20044 3634011370 3587967537 0 0 0 0 0 0 1557780701 20990414 4205858816 300150784 92782592 17434535 17282381 7630339 10688929 31653046
1790339387299 0 108021 0 3634085991 3588027569 0 0 0 0 0 0 1557858295 20990414 4205948928 434417664 0 17583298 17431138 7706401 10765524 31843842
1790339388324 0 88196 8216 3634154580 3588107780 0 0 0 0 0 0 1557925065 20990414 4206063616 361414656 45379584 17723191 17568973 7774364 10859869 32057562
1790339389350 0 97313 947 3634230565 3588181863 0 0 0 0 0 0 1557976662 20990414 4204380160 407392256 344064 17850440 17694668 7825263 10945424 32342255
1790339390369 0 104422 0 3634297437 3588242573 0 0 0 0 0 0 1558042673 20990414 4204691456 416772096 0 17983484 17825656 7891689 10994825 32492610
1790339391389 0 119580 506 3634376281 3588305682 0 0 0 0 0 0 1558112158 20990414 4205387776 491786240 3104768 18133959 17973043 7961245 11070543 32644870
1790339392409 0 92719 0 3634435648 3588392498 0 0 0 0 0 0 1558161832 20990414 4204810240 374022144 0 18242707 18081775 8009326 11136092 32813578
1790339393428 0 114382 9 3634511733 3588446871 0 0 0 0 0 0 1558237978 20990414 4205154304 464375808 0 18397449 18233946 8085657 11224397 33055364
1790339394453 0 103580 1864 3634574285 3588518426 0 0 0 0 0 0 1558299306 20990414 4205858816 435597312 2101248 18524610 18358003 8148839 11319574 33236471
1790339395479 0 99839 3372 3634648533 3588594900 0 0 0 0 0 0 1558352757 20990414 4204482560 429469696 15994880 18654245 18486591 8202193 11401263 33428022
1790339396512 0 100983 8 3634713797 3588662333 0 0 0 0 0 0 1558413466 20990414 4204576768 405540864 0 18778795 18609597 8262123 11460146 33608558
1790339397532 0 103849 64 3634791243 3588736884 0 0 0 0 0 0 1558482559 20990414 4205568000 416047104 0 18925475 18755246 8331064 11529607 33762888
1790339398557 0 90854 5538 3634867267 3588820443 0 0 0 0 0 0 1558539288 20990414 4204900352 372375552 31064064 19063996 18891196 8388875 11653118 34103637
1790339399577 0 130806 134 3634946219 3588865152 0 0 0 0 0 0 1558604511 20990414 4204027904 530280448 0 19204770 19031438 8451954 11784742 34318219
1790339400602 0 94968 459 3635001882 3588956131 0 0 0 0 0 0 1558653728 20990414 4205047808 397021184 1392640 19312240 19137865 8503323 11976630 34628925
1790339401632 0 94928 1381 3635078565 3589031958 0 0 0 0 0 0 1558711442 20990417 4204969984 392282112 5492736 19445791 19269619 8560780 12046344 34780798
1790339402656 0 57441 54 3635129632 3589121727 0 0 0 0 0 0 1558751411 20990427 4204535808 230473728 2764800 19536885 19360194 8599745 12080093 34964942
1790339403678 0 95426 2 3635211204 3589165274 0 0 0 0 0 0 1558839615 20990427 4205912064 384528384 0 19707376 19529132 8687452 12170969 35126329
1790339404698 0 105338 32 3635282761 3589226978 0 0 0 0 0 0 1558901073 20990427 4205940736 424452096 0 19841235 19660925 8749484 12238195 35397679
1790339405719 0 104097 14 3635354142 3589299631 0 0 0 0 0 0 1558956154 20990427 4205142016 419278848 0 19969018 19786644 8803938 12322122 35560120
1790339406739 0 115943 55 3635424680 3589358364 0 0 0 0 0 0 1559034604 20990427 4205928448 466477056 0 20119131 19935201 8882682 12365205 35710884
1790339407759 0 39582 0 3635466481 3589476535 0 0 0 0 0 0 1559073283 20990427 4206084096 155160576 0 20202346 20015328 8920861 12424030 36025006
1790339408785 0 75449 239 3635556674 3589530778 0 0 0 0 0 0 1559156134 20990427 4205645824 298926080 3764224 20377740 20189173 9005770 12485404 36228538
1790339409810 0 90792 0 3635632395 3589591182 0 0 0 0 0 0 1559233694 20990427 4206604288 369131520 0 20530276 20339637 9080712 12601436 36449453
1790339410829 0 115497 0 3635707112 3589641145 0 0 0 0 0 0 1559305337 20990427 4206239744 464375808 0 20678670 20485438 9153410 12669347 36606952
1790339411854 0 96323 10 3635760201 3589713333 0 0 0 0 0 0 1559371562 20990427 4206788608 386633728 0 20799691 20604380 9219646 12751196 36861923
1790339412876 0 81634 886 3635821540 3589788667 0 0 0 0 0 0 1559420836 20990427 4205928448 344604672 2101248 20914020 20717666 9270137 12879160 37018023
1790339413903 0 104700 558 3635899927 3589844221 0 0 0 0 0 0 1559508963 20990427 4206047232 428654592 12607488 21081620 20884227 9358238 12931793 37121924
1790339414923 0 102292 0 3635975327 3589922556 0 0 0 0 0 0 1559569762 20990427 4205305856 410501120 0 21214996 21015512 9417009 13005295 37319075
1790339415947 0 110834 1971 3636045932 3589982825 0 0 0 0 0 0 1559643429 20990427 4205846528 466202624 1822720 21362143 21161099 9492000 13048548 37446490
1790339416967 0 103756 0 3636116699 3590062428 0 0 0 0 0 0 1559700073 20990427 4205473792 418148352 0 21489009 21286422 9547397 13110003 37676587
1790339417991 0 69913 519 3636166553 3590145792 0 0 0 0 0 0 1559761580 20990427 4206231552 292876288 2572288 21604976 21400844 9610704 13178129 37866926
1790339419010 0 100965 0 3636243365 3590191890 0 0 0 0 0 0 1559842652 20990427 4207067136 404254720 0 21759166 21554018 9690723 13233536 37974297
1790339420030 0 112259 0 3636310785 3590248084 0 0 0 0 0 0 1559913899 20990427 4206850048 450482176 0 21899129 21691921 9761370 13281462 38167359
1790339421054 0 77575 14273 3636376223 3590334001 0 0 0 0 0 0 1559968254 20990427 4206014464 317734912 66793472 22025055 21815272 9817827 13317931 38415910
1790339422074 0 121241 6919 3636460149 3590381640 0 0 0 0 0 0 1560040480 20990427 4205182976 531615744 0 22179859 21969548 9889307 13370466 38506106
1790339423102 0 68379 857 3636510063 3590490403 0 0 0 0 0 0 1560081981 20990427 4205314048 289693696 3686400 22273954 22061075 9931298 13424253 38692258
1790339424123 0 103116 1455 3636598696 3590543720 0 0 0 0 0 0 1560161076 20990428 4205584384 431538176 6303744 22442700 22228275 10010648 13462075 38782427
1790339425147 0 98384 73 3636677713 3590628859 0 0 0 0 0 0 1560231116 20990428 4205740032 396558336 2543616 22592760 22375255 10079690 13534804 39005741
1790339426167 0 119559 11 3636763389 3590693425 0 0 0 0 0 0 1560304618 20990431 4205953024 478711808 0 22754514 22532976 10153422 13596949 39127153
1790339427191 0 104676 3650 3636829121 3590770398 0 0 0 0 0 0 1560368757 20990431 4205961216 443387904 9388032 22888897 22665251 10217886 13737844 39439676
1790339428222 0 95605 3395 3636890134 3590840827 0 0 0 0 0 0 1560437031 20990431 4206886912 409743360 13398016 23023027 22795272 10286579 13816713 39606195
1790339429245 0 106010 31 3636959742 3590903377 0 0 0 0 0 0 1560502176 20990431 4206686208 425295872 0 23154640 22925336 10349904 13953034 39906041
1790339430266 0 111395 1906 3637031639 3590967943 0 0 0 0 0 0 1560568536 20990431 4205895680 457617408 11804672 23296912 23065562 10417604 14026122 40084494
1790339431290 0 94910 465 3637095227 3591049464 0 0 0 0 0 0 1560627311 20990431 4205805568 403320832 1945600 23421324 23188413 10475795 14116081 40296010
1790339432318 0 104103 15 3637161488 3591106881 0 0 0 0 0 0 1560695503 20990431 4206383104 418148352 0 23554645 23319673 10543071 14180828 40438193
1790339433338 0 94905 90 3637227063 3591181789 0 0 0 0 0 0 1560749088 20990431 4205903872 382545920 0 23676137 23439617 10596692 14300983 40804382
1790339434362 0 99660 806 3637307061 3591256205 0 0 0 0 0 0 1560817467 20990431 4205604864 413888512 1404928 23827364 23588785 10666747 14352922 40968870
1790339435386 0 90872 22572 3637386077 3591322162 0 0 0 0 0 0 1560876456 20990431 4204994560 460173312 10448896 23968211 23728045 10725897 14495848 41164496
1790339436405 0 109815 73 3637453191 3591393121 0 0 0 0 0 0 1560944215 20990431 4204851200 447315968 0 24101396 23859677 10790865 14564903 41350501
1790339437424 0 119998 13 3637528103 3591457681 0 0 0 0 0 0 1561010410 20990431 4205801472 487489536 0 24245267 24000944 10857930 14681141 41571197
1790339438444 0 115325 3577 3637605548 3591536319 0 0 0 0 0 0 1561068808 20990431 4205072384 468152320 25329664 24386427 24138772 10918095 14739259 41715472
1790339439463 0 108692 73 3637662033 3591602841 0 0 0 0 0 0 1561132306 20990431 4205821952 442089472 0 24504384 24255691 10979290 14833715 42037321
1790339440487 0 105072 1333 3637731710 3591674890 0 0 0 0 0 0 1561194474 20990431 4206157824 437293056 6897664 24640123 24389871 11043783 14874107 42170854
1790339441513 0 93873 0 3637792777 3591748413 0 0 0 0 0 0 1561265833 20990431 4206358528 382427136 0 24772636 24519282 11112709 15042002 42489737
1790339442535 0 114854 515 3637869183 3591803318 0 0 0 0 0 0 1561335553 20990431 4206100480 479084544 2101248 24927982 24668527 11184941 15098585 42669322
1790339443555 0 86729 6570 3637927663 3591884112 0 0 0 0 0 0 1561401551 20990431 4206190592 355110912 41455616 25054688 24793167 11251121 15196298 42915074
1790339444584 0 83429 3085 3637994216 3591957416 0 0 0 0 0 0 1561448933 20990431 4205748224 338509824 21643264 25170409 24905808 11298503 15248811 43173187
1790339445603 0 65585 74 3638057846 3592041735 0 0 0 0 0 0 1561500214 20990431 4204158976 263745536 0 25282917 25018305 11348273 15352256 43455147
1790339446623 0 114361 36 3638145586 3592080767 0 0 0 0 0 0 1561587696 20990431 4205821952 455847936 0 25457446 25192279 11436767 15400084 43522967
1790339447647 0 95968 11571 3638207672 3592149866 0 0 0 0 0 0 1561656664 20990431 4206153728 393084928 58683392 25595262 25326848 11506234 15509937 43869539
1790339448666 0 110838 0 3638276014 3592214705 0 0 0 0 0 0 1561718662 20990431 4205907968 445464576 0 25723909 25453950 11567098 15626339 44114091
1790339449686 0 107757 0 3638341647 3592283448 0 0 0 0 0 0 1561770576 20990431 4205076480 427790336 0 25840580 25569593 11618835 15784318 44430979
1790339450711 0 100793 830 3638400580 3592348701 0 0 0 0 0 0 1561827150 20990431 4205215744 416968704 3280896 25958883 25686865 11676211 15897563 44771445
1790339451730 0 115862 575 3638473456 3592406610 0 0 0 0 0 0 1561897437 20990431 4205883392 481828864 5660672 26104774 25831723 11746847 16027243 45029198
1790339452752 0 95934 1036 3638528797 3592481477 0 0 0 0 0 0 1561962997 20990431 4206653440 402243584 3297280 26225413 25951327 11811748 16076262 45170063
1790339453773 0 112293 0 3638601598 3592538979 0 0 0 0 0 0 1562033363 20990431 4206231552 458072064 0 26369577 26092913 11880385 16159342 45420319
1790339454796 0 82540 1034 3638663763 3592629800 0 0 0 0 0 0 1562097163 20990431 4206931968 346288128 3317760 26500626 26219846 11946442 16303610 45725995
1790339455822 0 101041 0 3638735045 3592683602 0 0 0 0 0 0 1562156183 20990431 4206080000 404180992 0 26630620 26347778 12005243 16395597 45947130
1790339456845 0 104636 0 3638802698 3592747728 0 0 0 0 0 0 1562221510 20990431 4205305856 422350848 0 26765731 26480318 12069033 16585735 46263690
1790339457866 0 113333 0 3638871484 3592807750 0 0 0 0 0 0 1562291705 20990431 4206612480 455970816 0 26906939 26619453 12140258 16636348 46473564
1790339458892 0 105268 627 3638943863 3592887612 0 0 0 0 0 0 1562352420 20990431 4205600768 447647744 5079040 27043845 26753790 12201502 16697383 46704449
1790339459931 0 125597 0 3639027401 3592951390 0 0 0 0 0 0 1562411346 20990431 4204625920 508502016 0 27184308 26893736 12258617 16847693 46898674
1790339460950 0 108179 0 3639092113 3593033455 0 0 0 0 0 0 1562477469 20990431 4205182976 437059584 0 27317590 27024604 12325496 16925624 47072508
1790339461969 0 119520 0 3639166477 3593096555 0 0 0 0 0 0 1562543179 20990431 4206047232 479084544 0 27459057 27164523 12392267 16971821 47193624
1790339462997 0 118147 1022 3639235694 3593166214 0 0 0 0 0 0 1562600874 20990431 4205506560 500097024 1327104 27589232 27293146 12449964 17032549 47407677
1790339464024 0 101862 0 3639296033 3593243788 0 0 0 0 0 0 1562655492 20990431 4205572096 411844608 0 27707044 27408058 12504871 17192682 47785110
1790339465045 0 119601 0 3639369470 3593299567 0 0 0 0 0 0 1562726160 20990431 4206395392 482844672 0 27847945 27547916 12573623 17281877 47932258
1790339466065 0 114180 0 3639433491 3593368824 0 0 0 0 0 0 1562797137 20990431 4206534656 457814016 0 27983694 27683144 12645741 17366354 48124374
1790339467090 0 103570 552 3639504684 3593450099 0 0 0 0 0 0 1562847455 20990431 4205473792 426885120 3104768 28109077 27805953 12696516 17417812 48398002
1790339468109 0 123953 932 3639586095 3593511030 0 0 0 0 0 0 1562914888 20990431 4204597248 516030464 6094848 28262310 27957123 12764452 17463907 48478079
1790339469128 0 100356 40 3639648062 3593597213 0 0 0 0 0 0 1562964703 20990431 4204642304 405540864 0 28372187 28065969 12812689 17615424 48803944
1790339470148 0 100809 69 3639714594 3593663507 0 0 0 0 0 0 1563029363 20990431 4205158400 401780736 0 28504059 28195769 12878048 17673170 48923868
1790339471175 0 105999 7167 3639798240 3593734677 0 0 0 0 0 0 1563110883 20990431 4205633536 465506304 14311424 28672985 28363644 12960297 17727901 49026295
1790339472202 0 122540 30 3639867980 3593795034 0 0 0 0 0 0 1563170288 20990431 4205772800 494030848 0 28798755 28488358 13017842 17798062 49162246
1790339473222 0 118071 1933 3639938276 3593867891 0 0 0 0 0 0 1563230860 20990431 4205420544 494776320 5558272 28935829 28622849 13080427 17905796 49356399
1790339474251 0 61037 4225 3639981914 3593966350 0 0 0 0 0 0 1563268317 20990432 4205297664 267161600 5226496 29017962 28702918 13117887 17941063 49429411
1790339475270 0 1 0 3639981965 3594031575 0 0 0 0 0 0 1563303835 20990432 4201537536 0 0 29052082 28737037 13151088 17956447 49469991
1790339476291 0 1 0 3639981965 3594031575 0 0 0 0 0 0 1563447510 20990432 4209913856 0 0 29192621 28877573 13293669 18054346 49681678
1790339477313 0 1 0 3639981965 3594031575 0 0 0 0 0 0 1563625871 20990432 4213604352 0 0 29370550 29055465 13472462 18134436 49843289
1790339478333 0 1 0 3639981965 3594031575 0 0 0 0 0 0 1563808792 20990432 4213510144 0 0 29553517 29238381 13655355 18188658 49949317
1790339479352 0 1 1 3639981966 3594031575 0 0 0 0 0 0 1563953966 20990434 3705901056 4096 0 29702539 29387360 13803594 18246199 50053869
