1790337863195 0 0 0 3549980726 3504050349 0 0 0 0 0 0 1506496023 20876435 - - - - - - - -
1790337864237 0 7844 0 3549988704 3504050446 0 0 0 0 0 0 1506496023 20876483 9506816 8404992 0 0 0 0 0 55
1790337865267 0 153372 307 3550213354 3504129097 0 0 0 0 0 0 1506496023 20876484 933941248 625401856 1773568 0 0 0 0 68604
1790337866289 0 154951 556 3550377884 3504291998 0 0 0 0 0 0 1506496023 20876484 1611206656 629075968 2228224 0 0 0 0 263114
1790337867319 0 148298 3591 3550542040 3504459820 0 0 0 0 0 0 1506496023 20876484 2283716608 603058176 16666624 0 0 0 0 397021
1790337868342 0 152287 471 3550674542 3504591398 0 0 0 0 0 0 1506496023 20876484 2838614016 628744192 2101248 0 0 0 0 496559
1790337869362 0 151285 2116 3550802470 3504718746 0 0 0 0 0 0 1506496023 20876484 3354316800 616538112 8404992 0 0 0 0 864405
1790337870381 0 127210 22589 3550926166 3504846032 0 0 0 0 0 0 1506496023 20876484 3870425088 617910272 1957888 0 0 0 0 1331003
1790337871399 0 132632 1257 3551036622 3504972336 0 0 0 0 0 0 1506497539 20876484 4160716800 546697216 5599232 40576 40539 1603 28111 1665472
1790337872420 0 143417 5870 3551141166 3505061488 0 0 0 0 0 0 1506505339 20876484 4160151552 598855680 14151680 152128 152091 9358 76168 1869869
1790337873444 0 102419 3 3551216885 3505184111 0 0 0 0 0 0 1506512319 20876484 4159938560 403542016 0 232864 232827 16330 134497 2221291
1790337874468 0 104272 1074 3551321121 3505285457 0 0 0 0 0 0 1506523081 20876484 4159635456 426905600 1396736 348224 348187 26788 219229 2624207
1790337875488 0 103960 707 3551414645 3505379718 0 0 0 0 0 0 1506534406 20876484 4159352832 430649344 2207744 455360 455323 37884 300713 2992492
1790337876508 0 121060 11 3551503718 3505452242 0 0 0 0 0 0 1506549919 20876484 4159799296 487542784 0 557440 557403 52322 342855 3205965
1790337877528 0 102423 55 3551586239 3505553340 0 0 0 0 0 0 1506567339 20876484 4160557056 407859200 0 657408 657371 70855 398915 3471040
1790337878550 0 100520 75 3551680121 3505649247 0 0 0 0 0 0 1506583349 20876484 4160999424 402300928 6303744 768000 767963 87199 467828 3821278
1790337879582 0 107101 1064 3551776389 3505737858 0 0 0 0 0 0 1506612639 20876484 4162846720 447565824 4202496 893472 893429 116129 565609 4196088
1790337880611 0 96944 132 3551863095 3505835745 0 0 0 0 0 0 1506634557 20876484 4163825664 388730880 0 1001504 1001456 138209 644513 4482100
1790337881634 0 125637 4 3551961146 3505905129 0 0 0 0 0 0 1506670538 20876484 4165726208 506400768 0 1133856 1133800 173019 699829 4712170
1790337882653 0 137653 0 3552056900 3505988737 0 0 0 0 0 0 1506705599 20876484 4167749632 553185280 0 1264096 1264040 208685 733910 4849303
1790337883673 0 148857 1022 3552146315 3506066456 0 0 0 0 0 0 1506742152 20876484 4169670656 611463168 4202496 1390976 1390920 245876 789374 5037773
1790337884705 0 122608 12872 3552225809 3506159982 0 0 0 0 0 0 1506770466 20876484 4170698752 502198272 67239936 1500352 1500295 274443 873026 5407870
1790337885726 0 101511 15907 3552302745 3506254904 0 0 0 0 0 0 1506799499 20876484 4171259904 455651328 37937152 1606080 1606022 303349 906855 5619573
1790337886756 0 103506 47 3552373450 3506339555 0 0 0 0 0 0 1506829807 20876484 4172595200 413040640 0 1704256 1704198 333830 981370 6070250
1790337887778 0 111288 8 3552454511 3506412941 0 0 0 0 0 0 1506862163 20876484 4172767232 443363328 0 1816800 1816741 365635 1042894 6350105
1790337888797 0 126612 0 3552534555 3506477547 0 0 0 0 0 0 1506904847 20876484 4173991936 507920384 0 1939040 1938977 408127 1086662 6547451
1790337889820 0 101840 0 3552602201 3506569834 0 0 0 0 0 0 1506936164 20876484 4174471168 406712320 0 2036896 2036829 438574 1124547 6864028
1790337890841 0 119326 0 3552688289 3506638576 0 0 0 0 0 0 1506974868 20876484 4175323136 479084544 0 2162336 2162268 477806 1215327 7249500
1790337891860 0 107265 0 3552771678 3506733994 0 0 0 0 0 0 1506999214 20876484 4174929920 428654592 0 2270976 2270897 503231 1283087 7601127
1790337892880 0 125897 0 3552855958 3506799658 0 0 0 0 0 0 1507048772 20876484 4175998976 510603264 0 2403872 2403793 550705 1344150 7877913
1790337893900 0 127800 0 3552934753 3506876608 0 0 0 0 0 0 1507097390 20876484 4177448960 510005248 0 2530464 2530385 601198 1484798 8252962
1790337894923 0 119176 0 3553009994 3506960327 0 0 0 0 0 0 1507129144 20876484 4177334272 477319168 0 2637472 2637380 632658 1526791 8478046
1790337895943 0 138465 0 3553096967 3507028045 0 0 0 0 0 0 1507177152 20876484 4178157568 558931968 0 2771808 2771716 679513 1603581 8775865
1790337896962 0 142874 0 3553170167 3507096787 0 0 0 0 0 0 1507221595 20876484 4179816448 577716224 0 2889312 2889220 724092 1702510 9172660
1790337897981 0 146169 1059 3553245192 3507167581 0 0 0 0 0 0 1507272481 20876484 4180353024 602914816 3891200 3016448 3016333 775490 1859902 9597127
1790337899001 0 141731 1572 3553318587 3507244929 0 0 0 0 0 0 1507311432 20876484 4179935232 592396288 3559424 3129984 3129868 814936 1896701 9712751
1790337900021 0 144137 5767 3553395077 3507314741 0 0 0 0 0 0 1507357622 20876484 4180254720 617148416 5382144 3252928 3252808 861577 1966115 9998337
1790337901040 0 133315 0 3553454038 3507390314 0 0 0 0 0 0 1507407567 20876484 4182044672 540020736 0 3358368 3358244 909896 2054731 10420368
1790337902060 0 134995 0 3553519362 3507453927 0 0 0 0 0 0 1507463490 20876484 4183736320 544223232 0 3479200 3479071 966494 2126347 10735113
1790337903080 0 151172 0 3553599643 3507518052 0 0 0 0 0 0 1507528629 20876484 4184846336 612741120 0 3623776 3623640 1030474 2244131 11115176
1790337904099 0 147787 2555 3553672200 3507591449 0 0 0 0 0 0 1507582970 20876484 4185722880 615424000 8286208 3753120 3752981 1086972 2348532 11422410
1790337905118 0 144738 1947 3553745504 3507668425 0 0 0 0 0 0 1507628061 20876484 4184772608 606179328 2097152 3872352 3872209 1132083 2408653 11719830
1790337906140 0 139874 759 3553810047 3507739153 0 0 0 0 0 0 1507681621 20876484 4185161728 579641344 1355776 3988028 3987877 1185310 2560180 12042719
1790337907160 0 142605 0 3553874285 3507801304 0 0 0 0 0 0 1507743869 20876484 4185387008 582045696 0 4112988 4112797 1244568 2660784 12447633
1790337908184 0 146755 1971 3553954356 3507875221 0 0 0 0 0 0 1507794483 20876484 4185522176 611926016 3895296 4245493 4245328 1297967 2756605 12816210
1790337909208 0 126885 2482 3554016599 3507956787 0 0 0 0 0 0 1507847526 20876484 4185657344 533336064 4083712 4361077 4360878 1351099 2788399 12988575
1790337910233 0 126352 2020 3554080619 3508022033 0 0 0 0 0 0 1507919839 20876484 4187066368 531480576 3207168 4498177 4497991 1423821 2857400 13229011
1790337911252 0 136413 0 3554152923 3508086157 0 0 0 0 0 0 1507978361 20876484 4186882048 550526976 0 4625301 4625109 1480577 2897118 13356891
1790337912272 0 109768 0 3554207875 3508167724 0 0 0 0 0 0 1508036102 20876499 4187787264 443150336 0 4738389 4738187 1538482 2993960 13839655
1790337913291 0 111303 0 3554276572 3508234927 0 0 0 0 0 0 1508104078 20876499 4188950528 447565824 0 4874805 4874598 1606892 3059865 14106304
1790337914315 0 104873 0 3554342003 3508306748 0 0 0 0 0 0 1508161707 20876499 4189802496 424599552 0 4996373 4996164 1663000 3105528 14324148
1790337915335 0 116396 0 3554410823 3508363970 0 0 0 0 0 0 1508223476 20876499 4190097408 468578304 0 5126914 5126678 1725869 3209957 14689944
1790337916355 0 121009 64 3554482598 3508431106 0 0 0 0 0 0 1508281363 20876499 4190208000 489590784 0 5257058 5256822 1783706 3288633 14955213
1790337917380 0 129247 0 3554552322 3508492733 0 0 0 0 0 0 1508347406 20876499 4191203328 519008256 0 5391629 5391381 1849765 3331139 15103085
1790337918401 0 139798 0 3554623530 3508553267 0 0 0 0 0 0 1508411184 20876499 4192182272 563347456 0 5525997 5525749 1913578 3427241 15407948
1790337919421 0 135182 0 3554687642 3508622009 0 0 0 0 0 0 1508468692 20876499 4193308672 546537472 0 5647661 5647411 1970877 3490968 15763003
1790337920445 0 133146 0 3554742400 3508678761 0 0 0 0 0 0 1508531394 20876499 4194648064 535818240 0 5764109 5763855 2033782 3541214 15985826
1790337921467 0 115524 0 3554800479 3508754685 0 0 0 0 0 0 1508583312 20876499 4194918400 468578304 0 5875213 5874951 2085434 3595189 16178666
1790337922486 0 111797 0 3554863090 3508820863 0 0 0 0 0 0 1508647886 20876499 4196122624 453869568 0 6002457 6001162 2149352 3632628 16334875
1790337923506 0 118807 15 3554924411 3508875262 0 0 0 0 0 0 1508714405 20876499 4197318656 475770880 0 6129960 6127632 2216931 3687545 16519125
1790337924529 0 102878 1411 3554990571 3508955885 0 0 0 0 0 0 1508772772 20876499 4197044224 420487168 16695296 6259431 6256070 2276748 3727097 16673799
1790337925553 0 118487 30 3555059890 3509010968 0 0 0 0 0 0 1508844326 20876499 4197683200 479084544 0 6398411 6393502 2346619 3818923 16853474
1790337926575 0 98997 0 3555112168 3509082808 0 0 0 0 0 0 1508905534 20876499 4199079936 399237120 0 6512704 6506766 2407897 3925072 17293757
1790337927597 0 106600 0 3555180857 3509143856 0 0 0 0 0 0 1508965281 20876499 4199305216 434958336 0 6642678 6634626 2466075 3985484 17548244
1790337928622 0 95464 3957 3555248528 3509218729 0 0 0 0 0 0 1509016094 20876499 4198977536 387395584 28651520 6768236 6755084 2519696 4095356 17785349
1790337929640 0 119876 102 3555318284 3509268036 0 0 0 0 0 0 1509084092 20876499 4199669760 483532800 0 6904158 6890480 2586552 4154668 18029927
1790337930665 0 98429 1971 3555379863 3509349019 0 0 0 0 0 0 1509142445 20876499 4199993344 428195840 2441216 7027840 7012085 2645649 4263094 18369334
1790337931699 0 99509 32 3555451112 3509421232 0 0 0 0 0 0 1509209335 20876499 4200583168 406454272 0 7168638 7149266 2711440 4305134 18483297
1790337932722 0 76427 1539 3555510117 3509501822 0 0 0 0 0 0 1509268766 20876499 4201144320 324583424 4202496 7288512 7268080 2771891 4360767 18682272
1790337933743 0 94493 2 3555585841 3509560824 0 0 0 0 0 0 1509333745 20876499 4200644608 379424768 0 7428833 7406386 2836212 4422013 18950432
1790337934763 0 125746 881 3555673271 3509616255 0 0 0 0 0 0 1509401510 20876499 4200771584 513536000 7819264 7586540 7562534 2904901 4565094 19205422
1790337935782 0 108223 0 3555725086 3509686473 0 0 0 0 0 0 1509466792 20876499 4201992192 439160832 0 7702105 7677545 2967884 4727412 19561254
1790337936806 0 99056 4578 3555798453 3509764469 0 0 0 0 0 0 1509520581 20876499 4201914368 405733376 31326208 7835156 7808540 3024475 4890004 19878179
1790337937830 0 84353 659 3555858994 3509843585 0 0 0 0 0 0 1509584968 20876499 4202168320 349949952 2359296 7959569 7930887 3088402 4935077 20049220
1790337938849 0 109330 7662 3555943626 3509896227 0 0 0 0 0 0 1509660189 20876499 4202319872 445702144 42569728 8121454 8092240 3164121 5019133 20208351
1790337939867 0 98456 0 3555997009 3509968150 0 0 0 0 0 0 1509724060 20876499 4202848256 397135872 0 8235028 8205271 3225468 5113229 20569666
1790337940887 0 109292 0 3556071555 3510031763 0 0 0 0 0 0 1509785172 20876499 4202942464 437059584 0 8372412 8341566 3288427 5271088 20924049
1790337941907 0 112293 0 3556144761 3510102045 0 0 0 0 0 0 1509842066 20876499 4201336832 453869568 0 8504182 8472288 3344371 5357639 21293010
1790337942935 0 96968 3284 3556205804 3510175142 0 0 0 0 0 0 1509903654 20876499 4202426368 405852160 15060992 8628884 8595954 3407256 5406274 21480730
1790337943959 0 106240 0 3556274063 3510237478 0 0 0 0 0 0 1509974116 20876499 4203573248 426786816 0 8764765 8731784 3476161 5482564 21756303
1790337944985 0 119153 0 3556347698 3510298083 0 0 0 0 0 0 1510042659 20876499 4202938368 480272384 0 8908539 8873479 3544564 5624792 22064502
1790337946010 0 69303 35349 3556400316 3510365287 0 0 0 0 0 0 1510099240 20876499 4203261952 382427136 54632448 9025226 8986570 3603134 5723715 22304102
1790337947031 0 103683 0 3556458433 3510424283 0 0 0 0 0 0 1510153109 20876499 4203393024 419946496 0 9134043 9094802 3654529 5792441 22507914
1790337948051 0 118948 0 3556531644 3510482253 0 0 0 0 0 0 1510220225 20876499 4202754048 485388288 0 9276502 9236224 3721849 5867347 22686893
1790337949070 0 81020 0 3556590101 3510578698 0 0 0 0 0 0 1510272150 20876499 4202954752 321667072 0 9386604 9345296 3775053 5972309 22921440
1790337950090 0 69215 0 3556652683 3510653065 0 0 0 0 0 0 1510331211 20876499 4203290624 277364736 0 9507789 9465955 3832694 6038277 23282280
1790337951109 0 117353 0 3556737745 3510690002 0 0 0 0 0 0 1510409369 20876499 4203167744 474882048 0 9674682 9629867 3911450 6087081 23386334
1790337952132 0 104645 0 3556798403 3510763363 0 0 0 0 0 0 1510462834 20876499 4202733568 422350848 0 9790538 9743190 3964101 6157587 23680051
1790337953152 0 101447 0 3556867012 3510835184 0 0 0 0 0 0 1510527303 20876499 4203249664 406040576 0 9928014 9876548 4029747 6314761 24035010
1790337954172 0 73188 0 3556927976 3510924447 0 0 0 0 0 0 1510587583 20876499 4203327488 293486592 0 10050935 9997368 4089460 6387152 24333696
1790337955198 0 97433 0 3557001126 3510973325 0 0 0 0 0 0 1510663082 20876499 4204048384 394575872 0 10200213 10145636 4164855 6535940 24598513
1790337956219 0 81369 62 3557052416 3511040490 0 0 0 0 0 0 1510712712 20876499 4203941888 325693440 0 10302845 10246206 4215014 6697417 24812780
1790337957239 0 98388 0 3557113017 3511084135 0 0 0 0 0 0 1510785922 20876499 4204711936 392933376 0 10438630 10379873 4288847 6752335 24996589
1790337958265 0 96013 3497 3557181263 3511151281 0 0 0 0 0 0 1510850393 20876499 4204277760 393359360 28991488 10578394 10516028 4354102 6806778 25202839
1790337959304 0 11899 48 3557215904 3511273615 0 0 0 0 0 0 1510885403 20876499 4204400640 63234048 2658304 10645389 10582507 4388805 6884161 25669885
1790337960345 0 116090 0 3557320177 3511273645 0 0 0 0 0 0 1510989688 20876499 4204462080 468578304 0 10853096 10790211 4492385 6947865 25753993
1790337961364 0 118140 388 3557387923 3511338868 0 0 0 0 0 0 1511048827 20876499 4204019712 485662720 6025216 10987362 10919840 4552650 6991076 25893255
1790337962383 0 90794 106 3557434835 3511413698 0 0 0 0 0 0 1511104306 20876499 4204236800 369819648 0 11087205 11019146 4605326 7053377 26159416
1790337963403 0 114615 0 3557507429 3511462432 0 0 0 0 0 0 1511175216 20876499 4204986368 458608640 0 11231314 11161691 4678286 7121844 26300177
1790337964426 0 17446 2453 3557545947 3511595767 0 0 0 0 0 0 1511216700 20876499 4205096960 86700032 7094272 11315261 11244087 4720182 7229179 26577729
1790337965454 0 100512 0 3557641827 3511610953 0 0 0 0 0 0 1511307866 20876499 4204519424 405540864 0 11499138 11427908 4809497 7336816 26741132
1790337966475 0 122584 0 3557722539 3511669436 0 0 0 0 0 0 1511369833 20876499 4204130304 493793280 0 11643680 11570894 4872344 7412310 26891618
1790337967499 0 90483 756 3557784949 3511763444 0 0 0 0 0 0 1511417577 20876499 4203061248 379273216 5971968 11761881 11684647 4921187 7484998 27096123
1790337968518 0 122730 81 3557863652 3511810472 0 0 0 0 0 0 1511488343 20876499 4203487232 496431104 0 11907073 11829486 4989686 7545249 27326162
1790337969546 0 67281 15573 3557910953 3511897641 0 0 0 0 0 0 1511541564 20876499 4204679168 338362368 10383360 12012548 11932392 5045180 7604511 27580691
1790337970567 0 62026 10 3557969338 3511976935 0 0 0 0 0 0 1511599694 20876499 4205400064 244600832 0 12125949 12045782 5102107 7717139 27904831
1790337971599 0 107411 5057 3558061705 3512018986 0 0 0 0 0 0 1511676054 20876499 4204040192 474882048 2101248 12299930 12218202 5179499 7780420 28073331
1790337972621 0 118959 0 3558130911 3512081605 0 0 0 0 0 0 1511737526 20876499 4203827200 480088064 0 12428001 12345228 5240050 7863451 28326128
1790337973645 0 98703 0 3558185573 3512156508 0 0 0 0 0 0 1511796045 20876499 4204797952 399237120 0 12543161 12458310 5298211 7921400 28631212
1790337974665 0 110307 55 3558255166 3512214408 0 0 0 0 0 0 1511870053 20876499 4205588480 443363328 0 12687496 12601613 5372964 7982909 28811598
1790337975686 0 119581 19 3558332569 3512282740 0 0 0 0 0 0 1511931244 20876499 4204531712 485388288 0 12826932 12739975 5432579 8044993 28951450
1790337976711 0 111892 455 3558400844 3512358120 0 0 0 0 0 0 1511997826 20876499 4204552192 462344192 8175616 12967669 12878075 5501428 8191631 29177200
1790337977738 0 16373 54 3558421679 3512474999 0 0 0 0 0 0 1512015819 20876501 4204466176 60936192 0 13002375 12912781 5518158 8243430 29318441
1790337978762 0 122582 962 3558534143 3512480204 0 0 0 0 0 0 1512113694 20876501 4204584960 506859520 1753088 13213691 13123566 5616625 8330622 29407345
1790337979786 0 74381 3709 3558585368 3512577054 0 0 0 0 0 0 1512155296 20876501 4204265472 323694592 4546560 13309250 13218609 5658750 8467040 29657418
1790337980816 0 98229 1170 3558669284 3512639453 0 0 0 0 0 0 1512229222 20876501 4204228608 418148352 3747840 13468372 13375653 5732680 8557448 29844115
1790337981840 0 81641 3039 3558732647 3512717643 0 0 0 0 0 0 1512294048 20876501 4205096960 334401536 24911872 13599618 13504828 5797942 8650887 30121870
1790337982863 0 97705 2598 3558809810 3512779174 0 0 0 0 0 0 1512367375 20876501 4205322240 397684736 25120768 13750877 13654024 5871269 8698233 30276834
1790337983886 0 113043 0 3558880053 3512836643 0 0 0 0 0 0 1512437018 20876501 4205510656 452222976 0 13887462 13790093 5939155 8751695 30547254
1790337984911 0 92203 627 3558936555 3512913379 0 0 0 0 0 0 1512487908 20876501 4205207552 384745472 2932736 14000637 13900021 5991040 8950053 30851779
1790337985931 0 112726 4190 3559006297 3512959278 0 0 0 0 0 0 1512566433 20876501 4205776896 483287040 0 14148096 14047470 6069885 9027170 30973550
1790337986954 0 116604 0 3559068659 3513021538 0 0 0 0 0 0 1512625412 20876501 4205686784 474349568 0 14270688 14167492 6126915 9099742 31259964
1790337987976 0 85573 12801 3559134354 3513105636 0 0 0 0 0 0 1512683779 20876594 4205117440 345579520 62795776 14398873 14293104 6187620 9197866 31508047
1790337988996 0 120470 0 3559208951 3513158040 0 0 0 0 0 0 1512749862 20876594 4204654592 486010880 0 14537359 14430462 6251021 9249718 31699743
1790337990023 0 99604 492 3559265247 3513234815 0 0 0 0 0 0 1512801729 20876594 4205084672 415637504 3903488 14647058 14539367 6304771 9387301 32087724
1790337991057 0 44801 0 3559304884 3513329714 0 0 0 0 0 0 1512839686 20876594 4205092864 174403584 0 14723998 14616297 6342542 9514545 32563066
1790337992081 0 96259 6 3559393815 3513367065 0 0 0 0 0 0 1512915109 20876594 4204814336 390832128 0 14888067 14779847 6416249 9570928 32755484
1790337993108 0 97232 0 3559472465 3513444829 0 0 0 0 0 0 1512989242 20876594 4205207552 390078464 0 15041948 14930646 6490523 9624080 32897425
1790337994132 0 97303 134 3559537832 3513509998 0 0 0 0 0 0 1513060868 20876594 4206108672 407642112 0 15183031 15070181 6564283 9697068 33104346
1790337995152 0 112002 62 3559608985 3513566699 0 0 0 0 0 0 1513123485 20876594 4205580288 451432448 0 15315391 15200970 6625257 9754146 33286380
1790337996179 0 96032 60 3559664053 3513637700 0 0 0 0 0 0 1513174170 20876594 4205350912 382427136 0 15422705 15307256 6677540 9829329 33671941
1790337997200 0 119448 15 3559735603 3513685723 0 0 0 0 0 0 1513248224 20876594 4205613056 483287040 0 15569765 15452530 6750545 9959924 33955487
1790337998225 0 98639 13009 3559804579 3513762518 0 0 0 0 0 0 1513306538 20876594 4205543424 444977152 20180992 15703854 15580421 6810190 10081384 34250534
1790337999257 0 93873 8 3559867434 3513843210 0 0 0 0 0 0 1513368290 20876594 4205215744 380325888 12607488 15828808 15703306 6870922 10123310 34372603
1790338000304 0 102079 0 3559933372 3513900873 0 0 0 0 0 0 1513445507 20876594 4206403584 416047104 0 15972625 15844039 6945768 10235804 34561919
1790338001323 0 101546 5844 3560001296 3513963815 0 0 0 0 0 0 1513510858 20876594 4206481408 416047104 33533952 16111599 15980950 7014469 10293813 34701279
1790338002344 0 97423 706 3560064743 3514036364 0 0 0 0 0 0 1513565291 20876594 4206133248 413945856 2101248 16231593 16098375 7068710 10341651 34941378
1790338003367 0 106303 0 3560138115 3514101321 0 0 0 0 0 0 1513625044 20876594 4204994560 422064128 0 16363088 16227420 7128447 10460405 35149794
1790338004392 0 105474 1321 3560205172 3514168108 0 0 0 0 0 0 1513689606 20876594 4205584384 436330496 2490368 16496769 16359525 7193084 10537064 35446760
1790338005415 0 104163 32 3560267537 3514232986 0 0 0 0 0 0 1513752693 20876594 4205809664 432037888 4161536 16625252 16486453 7256124 10625041 35672426
1790338006443 0 104050 0 3560328353 3514293835 0 0 0 0 0 0 1513814041 20876594 4206043136 418148352 0 16746081 16604847 7316093 10741407 35863387
1790338007471 0 101092 15886 3560400855 3514353612 0 0 0 0 0 0 1513872292 20876594 4205301760 414158848 73797632 16884864 16739520 7376200 10794062 36018441
1790338008499 0 119402 7690 3560469188 3514411705 0 0 0 0 0 0 1513929295 20876594 4204957696 527224832 0 17007432 16861538 7432684 10861560 36249720
1790338009524 0 96515 1539 3560527964 3514499499 0 0 0 0 0 0 1513982018 20876594 4205056000 405692416 8253440 17123430 16974308 7485756 10996310 36603116
1790338010543 0 129448 73 3560615338 3514555628 0 0 0 0 0 0 1514054675 20876594 4204666880 521109504 0 17281248 17130581 7556776 11055513 36796768
1790338011563 0 104113 0 3560674586 3514640090 0 0 0 0 0 0 1514108126 20876594 4204961792 418148352 0 17395868 17243147 7610419 11129169 36945475
1790338012582 0 112899 2482 3560745212 3514699424 0 0 0 0 0 0 1514181035 20876594 4205449216 472780800 8404992 17545652 17389334 7684390 11193482 37127443
1790338013607 0 108504 1018 3560808489 3514768480 0 0 0 0 0 0 1514250038 20876594 4206395392 451092480 5242880 17677109 17519754 7753959 11248360 37325421
1790338014628 0 101515 11 3560876218 3514844459 0 0 0 0 0 0 1514298799 20876594 4205273088 406794240 0 17793100 17634195 7802190 11298997 37452360
1790338015649 0 125125 1315 3560959820 3514903227 0 0 0 0 0 0 1514369918 20876594 4204539904 513716224 5292032 17950971 17789492 7873482 11343306 37620747
1790338016668 0 101185 13 3561012357 3514980829 0 0 0 0 0 0 1514428179 20876594 4205539328 409743360 0 18060722 17898216 7929610 11390790 37787672
1790338017688 0 124877 0 3561096574 3515041111 0 0 0 0 0 0 1514489695 20876594 4205117440 502870016 0 18206897 18042844 7992055 11461299 37937224
1790338018707 0 106630 7 3561155485 3515118431 0 0 0 0 0 0 1514544513 20876594 4205137920 425828352 0 18322406 18155238 8046328 11528075 38172535
1790338019726 1 106432 873 3561222888 3515185178 0 0 0 0 0 0 1514615444 20876626 4206288896 441778176 3518464 18465432 18296222 8119008 11616460 38472110
1790338020746 1 113367 39 3561287869 3515243948 0 0 0 0 0 0 1514676475 20876649 4206120960 458072064 0 18592058 18419758 8178891 11656446 38579448
1790338021766 1 94512 0 3561351921 3515326511 0 0 0 0 0 0 1514716209 20877531 4204515328 378224640 0 18698518 18522414 8219082 11694906 38799562
1790338022786 1 63103 5049 3561406768 3515407652 0 0 0 0 0 0 1514767950 20877921 4204650496 255180800 26959872 18808156 18629982 8271792 11770272 38988079
1790338023806 1 72093 0 3561461431 3515458347 0 0 0 0 0 0 1514818021 20877921 4205268992 287870976 0 18909014 18730826 8319948 11824690 39238918
1790338024830 1 47911 876 3561519151 3515539434 0 0 0 0 0 0 1514864252 20877923 4205121536 206024704 2101248 19014878 18836685 8367802 11935532 39389487
1790338025855 1 141 95 3561558259 3515627162 0 0 0 0 0 0 1514893947 20878077 4205334528 8409088 0 19079754 18901561 8395794 11972437 39596513
1790338026877 1 105468 0 3561664108 3515627625 0 0 0 0 0 0 1514985316 20878826 4205305856 420798464 0 19274684 19096491 8487604 12056235 39666949
1790338027902 1 112040 2969 3561738303 3515692492 0 0 0 0 0 0 1515043859 20878851 4205228032 471310336 9728000 19410885 19230127 8547349 12123940 39933678
1790338028928 1 120587 0 3561809186 3515757596 0 0 0 0 0 0 1515095808 20878851 4204797952 472633344 0 19528987 19348229 8598143 12173887 40044700
1790338029966 1 89059 8072 3561870480 3515842401 0 0 0 0 0 0 1515157039 20878851 4205445120 411844608 7270400 19653367 19471581 8660606 12281586 40256765
1790338030996 1 118052 262 3561953345 3515904004 0 0 0 0 0 0 1515223450 20878851 4205608960 485466112 2023424 19799954 19617136 8727199 12316340 40331633
1790338032016 1 113677 30 3562018506 3515973833 0 0 0 0 0 0 1515280075 20878851 4205178880 446951424 0 19918658 19733761 8782309 12432516 40502892
1790338033053 1 92061 1074 3562081322 3516057351 0 0 0 0 0 0 1515339385 20878851 4205883392 381648896 5935104 20038742 19852370 8841878 12523468 40681847
1790338034088 1 59899 0 3562132199 3516141356 0 0 0 0 0 0 1515391618 20878851 4206379008 210124800 0 20136720 19950343 8893356 12596734 40866347
1790338035109 1 106687 0 3562221115 3516183378 0 0 0 0 0 0 1515467304 20878851 4205383680 403439616 0 20300500 20111557 8967630 12634253 40949338
1790338036142 1 100489 2509 3562290625 3516256591 0 0 0 0 0 0 1515534311 20878851 4206178304 439402496 3960832 20438873 20247358 9037448 12690903 41112412
1790338037205 1 97537 0 3562356895 3516328217 0 0 0 0 0 0 1515598733 20878851 4206166016 386629632 0 20567262 20372655 9100669 12742280 41234827
1790338038236 1 104740 10 3562427814 3516392163 0 0 0 0 0 0 1515666746 20878851 4206292992 414711808 0 20704198 20507016 9167345 12909457 41443550
1790338039256 1 88353 18 3562487545 3516468192 0 0 0 0 0 0 1515734017 20878851 4207087616 342794240 0 20830888 20630593 9235641 12953421 41565710
1790338040277 1 96492 0 3562562047 3516534656 0 0 0 0 0 0 1515799497 20878851 4206481408 369819648 0 20967955 20766627 9300804 13010500 41715428
1790338041320 1 86145 422 3562626267 3516608732 0 0 0 0 0 0 1515867971 20878851 4206784512 379375616 2060288 21104521 20897529 9370733 13080648 42009650
1790338042393 1 89087 106 3562703799 3516683742 0 0 0 0 0 0 1515928983 20878851 4205916160 357527552 3887104 21241141 21032579 9432212 13183885 42217689
1790338043454 1 109531 3107 3562794200 3516750782 0 0 0 0 0 0 1516014817 20878851 4206125056 469270528 6303744 21414839 21204724 9517710 13240793 42319123
1790338044485 1 66386 29 3562855863 3516858464 0 0 0 0 0 0 1516066484 20878851 4206100480 239124480 0 21523268 21313148 9568773 13356419 42589170
1790338045505 1 111135 2818 3562945935 3516901263 0 0 0 0 0 0 1516156441 20878851 4206854144 432685056 21184512 21705470 21493292 9660251 13437483 42744098
1790338046526 1 96085 143 3563000138 3516973047 0 0 0 0 0 0 1516215504 20878851 4207267840 386551808 0 21815935 21599922 9716726 13508374 42947150
1790338047568 1 91038 0 3563064812 3517042689 0 0 0 0 0 0 1516281956 20878851 4207525888 355110912 0 21944248 21726675 9784016 13650657 43362568
1790338048620 1 90684 13312 3563141283 3517106419 0 0 0 0 0 0 1516346013 20878851 4206616576 379359232 49979392 22086246 21867130 9849864 13744128 43629825
1790338049650 1 113620 0 3563210194 3517165478 0 0 0 0 0 0 1516399238 20878855 4205228032 441810944 0 22202578 21982929 9900552 13838232 43770286
1790338050677 1 186042 732 3563353271 3517235558 0 0 0 0 0 0 1516457572 20878857 4205604864 466673664 8208384 22327807 22106614 9960851 13906164 44142156
1790338051725 1 171119 12171 3563419715 3517305496 0 0 0 0 0 0 1516515562 20878857 4205985792 507707392 0 22447063 22225864 10017802 14034187 44493999
1790338052748 1 129640 16 3563466342 3517405621 0 0 0 0 0 0 1516535928 20878857 4205436928 490344448 0 22508315 22286601 10037664 14080785 44756268
1790338053767 1 72065 4709 3563523957 3517512206 0 0 0 0 0 0 1516575419 20878863 4205670400 292618240 1556480 22586433 22363169 10078912 14152389 45068370
1790338054787 1 20750 0 3563556688 3517600949 0 0 0 0 0 0 1516602949 20878919 4205637632 73232384 0 22642339 22419072 10105754 14207552 45558950
1790338055808 1 107839 21295 3563678883 3517614811 0 0 0 0 0 0 1516699734 20879031 4205883392 455536640 47558656 22852605 22627286 10203545 14284173 45644806
1790338056833 1 119381 952 3563742161 3517686808 0 0 0 0 0 0 1516761101 20879032 4205998080 472297472 1466368 22973475 22747643 10264402 14353247 45827278
1790338057857 1 108864 473 3563795340 3517751005 0 0 0 0 0 0 1516811318 20879033 4207161344 443813888 8142848 23068349 22842004 10314949 14425498 46201619
1790338058885 1 96233 2086 3563849529 3517816263 0 0 0 0 0 0 1516865920 20879033 4207222784 400961536 9732096 23177271 22950410 10369505 14536680 46428873
1790338059908 1 96980 1890 3563924504 3517890613 0 0 0 0 0 0 1516930734 20879033 4206157824 397135872 14708736 23319984 23090639 10434576 14596411 46602277
1790338060928 1 97798 0 3563992630 3517959778 0 0 0 0 0 0 1516993486 20879166 4205948928 392933376 0 23448491 23218100 10495809 14679716 46794180
1790338061947 1 85669 0 3564056023 3518035413 0 0 0 0 0 0 1517057255 20879167 4206764032 349380608 3629056 23579143 23346695 10559965 14763026 47225181
1790338062967 1 115976 2490 3564141230 3518087838 0 0 0 0 0 0 1517130175 20879167 4205953024 475197440 17895424 23741124 23506595 10633996 14847299 47432997
1790338063986 1 95863 0 3564203323 3518172471 0 0 0 0 0 0 1517186116 20879167 4206149632 383160320 0 23854966 23619409 10687863 15006764 47925913
1790338065006 1 125801 807 3564291636 3518230008 0 0 0 0 0 0 1517251669 20879167 4205178880 521629696 7622656 24014158 23776543 10754985 15076886 48053680
1790338066033 1 95918 0 3564339416 3518308604 0 0 0 0 0 0 1517300437 20879167 4205236224 388730880 0 24108846 23870199 10801972 15283303 48409260
1790338067056 1 116887 219 3564420168 3518368143 0 0 0 0 0 0 1517373661 20879169 4206297088 486068224 1421312 24265247 24025499 10876990 15390787 48592036
1790338068076 1 128611 0 3564495071 3518431395 0 0 0 0 0 0 1517429789 20879180 4205383680 515538944 0 24392814 24152547 10931505 15535519 48952540
1790338069096 1 108609 0 3564548295 3518504759 0 0 0 0 0 0 1517490718 20879180 4206075904 442089472 0 24511544 24268182 10991882 15590032 49108611
1790338070116 1 109300 6 3564618232 3518573886 0 0 0 0 0 0 1517553055 20879180 4206215168 445464576 0 24644124 24399205 11053683 15665984 49414474
1790338071136 1 112592 803 3564680268 3518632000 0 0 0 0 0 0 1517626861 20879180 4206931968 477310976 0 24782543 24536580 11129673 15751822 49609478
1790338072156 1 120576 60 3564748563 3518692966 0 0 0 0 0 0 1517688223 20879180 4206305280 485715968 0 24912403 24663820 11190070 15801909 49892865
1790338073176 1 86207 6234 3564805981 3518778647 0 0 0 0 0 0 1517757805 20879180 4206915584 353009664 37265408 25045808 24794222 11261626 15948161 50304876
1790338074200 1 91314 0 3564883930 3518857691 0 0 0 0 0 0 1517814082 20879180 4206039040 365617152 0 25179238 24925596 11316862 15994370 50397052
1790338075224 1 125211 0 3564968229 3518907969 0 0 0 0 0 0 1517885114 20879180 4205248512 508502016 0 25334702 25080537 11386452 16088625 50551598
1790338076244 1 38382 50 3565009134 3519035650 0 0 0 0 0 0 1517928475 20879180 4206338048 139563008 0 25417696 25163088 11432318 16204322 50984354
1790338077264 1 96456 64 3565100954 3519069500 0 0 0 0 0 0 1518024620 20879180 4206817280 386629632 0 25606546 25350385 11526381 16265947 51148483
1790338078284 1 106105 0 3565167612 3519126458 0 0 0 0 0 0 1518081744 20879180 4206206976 428654592 0 25733592 25475377 11584020 16357550 51481348
1790338079304 1 121604 40 3565246188 3519189558 0 0 0 0 0 0 1518151665 20879180 4205588480 491692032 0 25884841 25623032 11653035 16506509 51837143
1790338080324 1 111774 0 3565305692 3519258828 0 0 0 0 0 0 1518200385 20879180 4205608960 453627904 0 25997047 25732156 11702202 16601757 52174942
1790338081347 1 101045 27 3565361496 3519325445 0 0 0 0 0 0 1518261384 20879180 4206317568 413945856 0 26114757 25847295 11762051 16664535 52342682
1790338082367 1 101145 3288 3565430227 3519391058 0 0 0 0 0 0 1518326932 20879180 4206637056 428937216 3543040 26256903 25984467 11830559 16744105 52664285
1790338083387 1 105641 17 3565489757 3519449100 0 0 0 0 0 0 1518392964 20879180 4206710784 430755840 0 26380486 26107016 11894131 16825354 52955496
1790338084407 1 94836 61 3565547763 3519517856 0 0 0 0 0 0 1518456396 20879180 4207140864 382427136 0 26504461 26227211 11957488 16920863 53212302
1790338085427 1 95404 670 3565618573 3519587588 0 0 0 0 0 0 1518515216 20879180 4206456832 393211904 10227712 26641365 26360421 12018711 17029947 53486292
1790338086447 1 120017 0 3565692861 3519637822 0 0 0 0 0 0 1518585145 20879180 4205768704 485388288 0 26782647 26500155 12086457 17102794 53826223
1790338087467 1 116080 87 3565755674 3519704399 0 0 0 0 0 0 1518647946 20879180 4206538752 468844544 0 26909965 26626437 12150276 17201155 54136019
1790338088486 1 103641 7850 3565825214 3519778819 0 0 0 0 0 0 1518705755 20879180 4205580288 424452096 43536384 27042757 26757169 12209532 17276516 54482613
1790338089506 1 114891 0 3565894970 3519845097 0 0 0 0 0 0 1518758147 20879180 4204978176 466477056 0 27162494 26875876 12259350 17350921 54655910
1790338090526 1 97185 1431 3565957572 3519924081 0 0 0 0 0 0 1518810966 20879180 4205244416 397758464 18288640 27283026 26994865 12314792 17460955 54929025
1790338091550 1 45432 1019 3566003661 3520022571 0 0 0 0 0 0 1518858115 20879180 4205989888 189788160 6303744 27376282 27086235 12361713 17526576 55138666
1790338092569 1 102536 0 3566097526 3520059997 0 0 0 0 0 0 1518946413 20879180 4206043136 411844608 0 27554854 27264797 12448461 17571417 55334273
1790338093589 1 105605 68 3566172441 3520131774 0 0 0 0 0 0 1519006611 20879180 4205678592 426553344 0 27691862 27400248 12508412 17643365 55529803
1790338094609 1 94895 35 3566233014 3520203136 0 0 0 0 0 0 1519066873 20879180 4205821952 382427136 0 27814328 27521164 12568829 17707567 55778191
1790338095630 1 90373 0 3566293649 3520268302 0 0 0 0 0 0 1519121463 20879180 4206247936 357642240 0 27929557 27635327 12624690 17851372 56041742
1790338096653 1 111686 61 3566370496 3520323660 0 0 0 0 0 0 1519191278 20879180 4206039040 446967808 0 28077309 27781012 12693099 17914306 56245297
1790338097684 1 83766 2426 3566429952 3520408804 0 0 0 0 0 0 1519233592 20879181 4204969984 343105536 24612864 28184192 27886904 12737369 17957048 56453827
1790338098704 1 68 49 3566431005 3520495956 0 0 0 0 0 0 1519285699 20879181 4201160704 0 0 28234632 27937335 12786870 17966442 56670731
1790338099724 1 9 0 3566431013 3520496021 0 0 0 0 0 0 1519467940 20879181 4213342208 0 0 28413939 28116640 12969149 18038936 56795895
1790338100744 1 11 0 3566431016 3520496022 0 0 0 0 0 0 1519653677 20879181 4213866496 0 0 28598936 28301542 13154179 18156208 57047082
1790338101767 1 14 0 3566431020 3520496023 0 0 0 0 0 0 1519830143 20879181 4213784576 0 0 28775729 28478243 13330860 18201705 57127398
1790338102787 1 18 0 3566431024 3520496023 0 0 0 0 0 0 1519907153 20879182 1461846016 4096 0 28856601 28559082 13410930 18223222 57176126
