1790337231954 0 0 0 3530053097 3484153953 0 0 0 0 0 0 1494348633 20822874 - - - - - - - -
1790337233652 0 113559 2287 3530333802 3484318760 0 0 0 0 0 0 1494348641 20822979 1078628352 437895168 10485760 0 0 8 0 193128
1790337234690 0 153874 952 3530521160 3484467097 0 0 0 0 0 0 1494348641 20822979 1886216192 618713088 12673024 0 0 8 0 410192
1790337235709 0 149590 4096 3530686784 3484633877 0 0 0 0 0 0 1494348641 20822979 2567757824 608632832 16642048 0 0 8 0 726977
1790337236742 0 150270 1542 3530841207 3484790181 0 0 0 0 0 0 1494348641 20822979 3192758272 617385984 8388608 0 0 8 0 957778
1790337237771 0 150215 2179 3530972316 3484920790 0 0 0 0 0 0 1494348641 20822979 3731324928 604946432 12140544 0 0 8 0 1395934
1790337238796 0 151642 2144 3531101122 3485048175 0 0 0 0 0 0 1494348641 20822979 4160262144 614379520 8388608 61925 23724 8 29616 1698171
1790337239821 0 127665 10240 3531200682 3485163701 0 0 0 0 0 0 1494353229 20822986 4159401984 522915840 41943040 245431 131639 4601 81502 1849616
1790337240841 0 148481 1995 3531354258 3485304583 0 0 0 0 0 0 1494363290 20822994 4158590976 609968128 14733312 485709 294494 14155 196092 2036193
1790337241860 0 158605 2044 3531496959 3485437146 0 0 0 0 0 0 1494374458 20823011 4157980672 643362816 8388608 693411 445077 25825 239945 2133756
1790337242879 0 118892 4084 3531601247 3485579127 0 0 0 0 0 0 1494384604 20823028 4157587456 499220480 8388608 845966 559776 35970 306549 2352534
1790337243898 0 114278 2705 3531695214 3485679087 0 0 0 0 0 0 1494397284 20823046 4157890560 478908416 8388608 979520 668663 48154 378601 2534375
1790337244917 0 45270 0 3531759324 3485814913 0 0 0 0 0 0 1494407367 20823103 4158205952 177381376 0 1102155 739692 57301 490701 2980533
1790337245942 0 101237 3016 3531882202 3485878805 0 0 0 0 0 0 1494434105 20823278 4159533056 426971136 14032896 1358930 891965 85471 575109 3132179
1790337246967 0 133686 3577 3531989519 3485953185 0 0 0 0 0 0 1494469880 20823440 4161789952 540925952 22798336 1559632 1032673 121247 701323 3372613
1790337247987 0 106117 0 3532058867 3486053593 0 0 0 0 0 0 1494497690 20823549 4163801088 426360832 0 1687101 1126928 147380 812306 3858708
1790337249012 0 55656 0 3532123190 3486168281 0 0 0 0 0 0 1494519611 20823642 4165120000 222420992 0 1809261 1212866 168928 861568 4020687
1790337250043 0 84038 7540 3532233475 3486242847 0 0 0 0 0 0 1494562669 20823797 4168540160 388554752 8388608 2019242 1368058 213522 925244 4145692
1790337251066 0 60084 0 3532306062 3486346746 0 0 0 0 0 0 1494588308 20823884 4170055680 237789184 0 2146501 1462466 238148 1051355 4511350
1790337252096 0 94600 4582 3532417930 3486419549 0 0 0 0 0 0 1494633522 20824082 4172644352 387477504 27123712 2369085 1622249 284889 1143221 4644194
1790337253119 0 114597 5340 3532512981 3486493872 0 0 0 0 0 0 1494663815 20824236 4173852672 468905984 30212096 2563150 1746977 315182 1318905 4947623
1790337254137 0 133256 0 3532596249 3486563834 0 0 0 0 0 0 1494710426 20824410 4176289792 541212672 0 2743482 1872935 359807 1450855 5336206
1790337255157 0 92380 0 3532657852 3486666234 0 0 0 0 0 0 1494729936 20824485 4176519168 365826048 0 2868245 1953301 380835 1553976 5761737
1790337256182 0 54475 2040 3532725096 3486769437 0 0 0 0 0 0 1494756673 20824586 4176900096 236539904 62857216 2997356 2049548 407527 1611441 5938755
1790337257203 0 96098 0 3532834528 3486839280 0 0 0 0 0 0 1494795651 20824745 4176642048 383135744 0 3213722 2194622 445528 1722471 6119930
1790337258225 0 77889 0 3532914677 3486937672 0 0 0 0 0 0 1494834648 20824863 4177334272 308789248 0 3380557 2313310 484499 1873270 6378361
1790337259250 0 72752 3350 3532994351 3487019103 0 0 0 0 0 0 1494882386 20824995 4178272256 304062464 62177280 3573564 2442360 533753 1938586 6507577
1790337260274 0 105896 1122 3533093964 3487087738 0 0 0 0 0 0 1494927439 20825149 4178345984 434425856 8388608 3784160 2587675 578874 2099296 6773892
1790337261297 0 115760 1993 3533182310 3487165406 0 0 0 0 0 0 1494973153 20825291 4178980864 477437952 13766656 3973779 2721752 624520 2240146 7135161
1790337262317 0 12399 0 3533223985 3487312462 0 0 0 0 0 0 1494989545 20825346 4179517440 42016768 0 4056670 2776893 639908 2310222 7379999
1790337263342 0 126129 9636 3533365258 3487330340 0 0 0 0 0 0 1495073653 20825603 4181053440 555524096 30863360 4402829 3004548 725021 2515777 7478379
1790337264361 0 150310 0 3533454125 3487404624 0 0 0 0 0 0 1495125780 20825749 4182073344 606216192 0 4612175 3141379 775791 2626313 7626179
1790337265381 0 115453 0 3533521704 3487507079 0 0 0 0 0 0 1495177866 20825879 4182724608 465420288 0 4783813 3261429 828186 2780680 7967573
1790337266400 0 99998 0 3533594245 3487595143 0 0 0 0 0 0 1495241888 20826050 4184301568 399196160 0 4996393 3396645 892097 2931982 8215873
1790337267420 0 16473 7 3533650848 3487735224 0 0 0 0 0 0 1495285980 20826168 4184846336 58408960 0 5142208 3496956 935873 3084373 8548918
1790337268439 0 145040 4418 3533789065 3487740463 0 0 0 0 0 0 1495390126 20826425 4186710016 603336704 23314432 5514434 3741564 1041491 3313913 8568610
1790337269463 0 95842 2048 3533852711 3487855718 0 0 0 0 0 0 1495447056 20826575 4187029504 404828160 7630848 5696764 3861948 1097949 3401359 8732424
1790337270483 0 115745 7061 3533948289 3487926366 0 0 0 0 0 0 1495525033 20826763 4187267072 486109184 25165824 5959293 4033532 1176399 3584241 8895706
1790337271502 0 89869 47 3534023209 3488034275 0 0 0 0 0 0 1495580195 20826895 4187217920 358354944 0 6134017 4151104 1230264 3684821 9078046
1790337272522 0 32987 0 3534091750 3488159583 0 0 0 0 0 0 1495633882 20827024 4187275264 124395520 0 6310533 4264630 1284108 3819052 9319821
1790337273541 0 69645 73 3534195950 3488227163 0 0 0 0 0 0 1495719407 20827243 4187058176 274636800 0 6569604 4430744 1369260 3954465 9419990
1790337274561 0 103651 0 3534297686 3488294804 0 0 0 0 0 0 1495798598 20827514 4186615808 418512896 0 6819210 4591858 1447351 4251831 9657951
1790337275585 0 71646 0 3534372157 3488401301 0 0 0 0 0 0 1495864412 20827705 4186656768 289497088 0 7009581 4708973 1512789 4338469 9829339
1790337276610 0 76563 29397 3534463000 3488457904 0 0 0 0 0 0 1495935784 20827920 4185370624 313700352 120287232 7233949 4853311 1587220 4472324 10064921
1790337277633 0 43722 0 3534539145 3488596300 0 0 0 0 0 0 1495984615 20828063 4184211456 168509440 0 7384451 4949439 1634453 4590732 10347084
1790337278665 0 76063 1606 3534652131 3488675543 0 0 0 0 0 0 1496050347 20828267 4180770816 332345344 8359936 7617267 5093767 1701713 4727257 10528502
1790337279684 0 118012 0 3534762036 3488744782 0 0 0 0 0 0 1496116514 20828465 4178317312 473821184 0 7839112 5231725 1766858 4828783 10677374
1790337280708 0 91126 1553 3534847376 3488855533 0 0 0 0 0 0 1496173452 20828614 4176572416 377348096 10207232 8029581 5349386 1824307 4936226 11008456
1790337281728 0 86993 0 3534939870 3488953680 0 0 0 0 0 0 1496234709 20828796 4175310848 343789568 0 8232689 5471911 1885106 5048922 11189976
1790337282749 0 58098 70 3535016913 3489059748 0 0 0 0 0 0 1496292433 20828949 4174639104 227434496 0 8407949 5583785 1942583 5183633 11503470
1790337283769 0 46613 0 3535103824 3489158040 0 0 0 0 0 0 1496351696 20829107 4172795904 182562816 0 8612831 5704546 2001456 5299221 11806502
1790337284800 0 65874 0 3535203982 3489238937 0 0 0 0 0 0 1496412178 20829293 4171771904 257785856 0 8820526 5837132 2062521 5457630 12031352
1790337285823 0 94872 0 3535300565 3489306522 0 0 0 0 0 0 1496488574 20829498 4170330112 380248064 0 9057240 5988095 2138541 5606662 12231870
1790337286844 0 93613 0 3535395522 3489402779 0 0 0 0 0 0 1496550202 20829679 4169351168 377188352 0 9260712 6119945 2199027 5736751 12511210
1790337287864 0 51473 0 3535474661 3489523940 0 0 0 0 0 0 1496608170 20829827 4168548352 205479936 0 9442471 6235988 2257002 5849645 12700415
1790337288883 0 108791 34 3535592379 3489584381 0 0 0 0 0 0 1496687157 20830048 4168384512 433160192 0 9709635 6409583 2338061 5933631 12789725
1790337289908 0 83134 0 3535678303 3489695974 0 0 0 0 0 0 1496738000 20830180 4167114752 330895360 0 9881490 6524499 2387837 6066941 13052491
1790337290928 0 73458 0 3535757755 3489785063 0 0 0 0 0 0 1496808030 20830370 4167348224 292372480 0 10079430 6659291 2457108 6171444 13271993
1790337291947 0 76893 29 3535848135 3489872069 0 0 0 0 0 0 1496871928 20830554 4166832128 308674560 0 10287152 6796870 2521760 6339550 13604990
1790337292968 0 34932 0 3535927816 3489993706 0 0 0 0 0 0 1496921181 20830692 4166569984 133586944 0 10442044 6908311 2570513 6431929 13849242
1790337293987 0 107528 0 3536050617 3490043885 0 0 0 0 0 0 1496996084 20830893 4166385664 432238592 0 10717888 7089706 2646601 6506449 13914232
1790337295018 0 62793 17 3536130764 3490168786 0 0 0 0 0 0 1497050603 20831062 4166836224 270282752 10199040 10898933 7212463 2701390 6702307 14298745
1790337296041 0 78361 17228 3536208792 3490214026 0 0 0 0 0 0 1497099332 20831248 4166557696 404942848 0 11064147 7329282 2750716 6810586 14537343
1790337297060 0 71938 0 3536290507 3490319344 0 0 0 0 0 0 1497158839 20831438 4166631424 284389376 0 11247511 7451752 2809231 6960282 14801428
1790337298081 0 55567 64 3536375835 3490421106 0 0 0 0 0 0 1497221501 20831649 4167843840 217194496 0 11437346 7582244 2871852 7073047 14960296
1790337299101 0 82062 0 3536483248 3490502008 0 0 0 0 0 0 1497287734 20831864 4167557120 334032896 0 11680291 7739650 2937054 7283611 15235216
1790337300126 0 103223 0 3536587350 3490584953 0 0 0 0 0 0 1497356537 20832069 4167798784 417120256 0 11905911 7895414 3005862 7490860 15534109
1790337301147 0 48246 0 3536651100 3490703738 0 0 0 0 0 0 1497401704 20832215 4167991296 192778240 0 12058153 7993597 3051048 7677313 15972959
1790337302168 0 107476 0 3536763586 3490756987 0 0 0 0 0 0 1497477097 20832446 4168060928 434053120 0 12305332 8164416 3125966 7778696 16079249
1790337303187 0 41095 1477 3536835141 3490893425 0 0 0 0 0 0 1497513599 20832557 4168097792 187080704 0 12457820 8265854 3163939 7984202 16561657
1790337304207 0 89028 380 3536944028 3490955875 0 0 0 0 0 0 1497601319 20832784 4169203712 364658688 18817024 12726018 8448518 3252685 8094300 16706811
1790337305224 0 72392 2242 3537025697 3491052004 0 0 0 0 0 0 1497663919 20832952 4170469376 296517632 24813568 12920384 8583506 3315285 8272332 17033984
1790337306244 0 110512 0 3537119133 3491109458 0 0 0 0 0 0 1497741322 20833152 4171755520 448667648 0 13158733 8737433 3389668 8485854 17327743
1790337307263 0 86736 0 3537197766 3491211859 0 0 0 0 0 0 1497793684 20833305 4172238848 346103808 0 13353388 8861658 3444594 8546235 17490187
1790337308283 0 40212 0 3537270806 3491331423 0 0 0 0 0 0 1497844083 20833445 4172124160 158445568 0 13528983 8974103 3493335 8677125 17715127
1790337309302 0 78445 0 3537382835 3491405152 0 0 0 0 0 0 1497925421 20833657 4171808768 311029760 0 13792227 9153815 3575199 8866708 17897282
1790337310322 0 82843 0 3537476241 3491494241 0 0 0 0 0 0 1497994586 20833859 4171788288 331288576 0 14026243 9307108 3643964 8982396 18080899
1790337311342 0 82601 1825 3537563053 3491579499 0 0 0 0 0 0 1498059112 20834042 4172455936 336379904 21491712 14238354 9451245 3709995 9079033 18241418
1790337312364 0 36290 13039 3537650935 3491702366 0 0 0 0 0 0 1498121749 20834229 4173066240 148656128 69058560 14445374 9591001 3773116 9281049 18581369
1790337313383 0 96167 0 3537757327 3491762001 0 0 0 0 0 0 1498205660 20834441 4174888960 385429504 0 14708070 9769739 3855025 9569219 18795462
1790337314403 0 55495 4309 3537844663 3491885739 0 0 0 0 0 0 1498268799 20834616 4175167488 252981248 0 14931950 9917899 3920179 9710923 19079728
1790337315423 0 126959 0 3537957130 3491930980 0 0 0 0 0 0 1498362656 20834857 4176117760 513814528 0 15208509 10107059 4012450 9963325 19243483
1790337316450 0 72942 0 3538034193 3492062053 0 0 0 0 0 0 1498420061 20835037 4176379904 288399360 0 15392869 10231787 4070694 10079856 19510127
1790337317476 0 44708 23012 3538124590 3492157812 0 0 0 0 0 0 1498499152 20835241 4177534976 292261888 5070848 15646818 10390164 4150007 10157395 19614869
1790337318496 0 45661 3358 3538211527 3492263301 0 0 0 0 0 0 1498570409 20835418 4178042880 202690560 0 15856205 10531460 4220290 10368836 19899679
1790337319521 0 101532 104 3538320435 3492319727 0 0 0 0 0 0 1498649542 20835679 4177637376 408133632 0 16112792 10705525 4298864 10629750 20137985
1790337320541 1 70589 0 3538412371 3492442644 0 0 0 0 0 0 1498714664 20835950 4177207296 278192128 0 16335505 10848573 4365812 10752003 20357499
1790337321561 1 7385 18 3538483031 3492576126 0 0 0 0 0 0 1498756075 20836095 4176150528 26746880 0 16490413 10943940 4405867 10795821 20391518
1790337322589 1 25851 9629 3538587138 3492651989 0 0 0 0 0 0 1498834184 20837580 4176404480 105844736 65826816 16742256 11113187 4485417 10980431 20601501
1790337323611 1 82825 0 3538697677 3492715128 0 0 0 0 0 0 1498908789 20837837 4175282176 326774784 0 16965349 11269014 4559074 11086348 20721526
1790337324631 1 3123 5378 3538761921 3492853758 0 0 0 0 0 0 1498951407 20838140 4174831616 32481280 17784832 17110214 11366487 4602184 11161990 20852645
1790337325658 1 61313 0 3538866804 3492905761 0 0 0 0 0 0 1499023980 20839119 4174540800 249049088 12419072 17350116 11515681 4672990 11245859 20908117
1790337326699 1 96658 0 3538975505 3492979133 0 0 0 0 0 0 1499106400 20839405 4174155776 388055040 0 17589908 11676146 4755610 11446604 21113333
1790337327732 1 75387 736 3539078268 3493102483 0 0 0 0 0 0 1499176273 20839623 4172795904 358612992 3080192 17811493 11825481 4826093 11541349 21216182
1790337328773 1 49154 0 3539170807 3493221929 0 0 0 0 0 0 1499235810 20839825 4171857920 192360448 0 18023285 11954700 4885476 11648430 21370615
1790337329794 1 87468 0 3539281608 3493294331 0 0 0 0 0 0 1499321501 20840064 4172136448 344784896 0 18274585 12121657 4971674 11853247 21595935
1790337330814 1 102375 4599 3539386734 3493380428 0 0 0 0 0 0 1499404063 20840304 4171767808 434159616 0 18505907 12279334 5053006 11971367 21789604
1790337331835 1 88315 0 3539476150 3493488051 0 0 0 0 0 0 1499461914 20840534 4169658368 351461376 0 18692200 12395746 5111078 12125327 22085202
1790337332856 1 125168 0 3539592205 3493567258 0 0 0 0 0 0 1499526564 20840746 4168613888 497586176 0 18936099 12550634 5176142 12213345 22200745
1790337333877 1 44200 0 3539656393 3493712524 0 0 0 0 0 0 1499561735 20840872 4168019968 155918336 0 19061721 12632391 5211691 12303673 22479560
1790337334907 1 98579 0 3539774518 3493776218 0 0 0 0 0 0 1499640555 20841129 4166881280 394387456 7172096 19306025 12801277 5290216 12468482 22603722
1790337335941 1 105923 0 3539874923 3493869243 0 0 0 0 0 0 1499714915 20841350 4166656000 422084608 0 19528080 12952272 5365132 12547387 22681329
1790337336962 1 104566 28 3539981523 3493977179 0 0 0 0 0 0 1499769073 20841543 4164730880 418050048 0 19729193 13083674 5418551 12715599 22997811
1790337337984 1 65607 0 3540061810 3494096494 0 0 0 0 0 0 1499819188 20841706 4164833280 257638400 0 19912056 13199687 5469081 12787785 23175293
1790337339006 1 73724 0 3540168180 3494194627 0 0 0 0 0 0 1499900610 20841960 4165210112 286539776 0 20152184 13365422 5549939 12906959 23293624
1790337340026 1 90688 0 3540275843 3494285391 0 0 0 0 0 0 1499972976 20842198 4165025792 354762752 0 20380331 13521139 5623714 12988000 23380524
1790337341047 1 77502 16 3540369558 3494392279 0 0 0 0 0 0 1500038679 20842422 4165230592 310702080 0 20586091 13660093 5687851 13182542 23675947
1790337342068 1 102746 1460 3540474601 3494470698 0 0 0 0 0 0 1500111578 20842679 4165324800 433065984 0 20818558 13816278 5760762 13278586 23811082
1790337343089 1 68753 6376 3540553983 3494579152 0 0 0 0 0 0 1500172837 20842901 4166250496 322658304 8540160 21004325 13941710 5823523 13424231 23982542
1790337344110 1 27373 3170 3540641709 3494711377 0 0 0 0 0 0 1500229005 20843121 4165779456 137117696 0 21191226 14071746 5880198 13540712 24229001
1790337345133 1 62435 1168 3540749186 3494785891 0 0 0 0 0 0 1500295760 20843360 4164665344 277798912 3940352 21423068 14225273 5946441 13651629 24401418
1790337346165 1 82218 81 3540847968 3494866115 0 0 0 0 0 0 1500373264 20843624 4165947392 332742656 27959296 21650463 14385406 6023963 13826512 24621807
1790337347208 1 87523 12 3540941464 3494954203 0 0 0 0 0 0 1500448188 20843865 4166385664 340189184 0 21859317 14530276 6099332 13933806 24797843
1790337348229 1 117347 0 3541083835 3495066844 0 0 0 0 0 0 1500499706 20844075 4165734400 242741248 0 22039420 14647749 6150107 13977979 24900281
1790337349250 1 113562 0 3541188921 3495175525 0 0 0 0 0 0 1500549480 20844249 4165136384 260567040 0 22228573 14767958 6198647 14089519 25141602
1790337350280 1 58625 0 3541261333 3495302945 0 0 0 0 0 0 1500600390 20844435 4165287936 230662144 0 22386191 14876719 6249973 14157530 25274397
1790337351308 1 46772 11258 3541346507 3495388773 0 0 0 0 0 0 1500665511 20844660 4165963776 189964288 60170240 22591268 15014390 6316706 14267234 25422752
1790337352331 1 16381 1581 3541437821 3495520385 0 0 0 0 0 0 1500717046 20844839 4166909952 39710720 4489216 22742035 15122806 6367507 14345906 25717202
1790337353365 1 58247 59 3541540103 3495582121 0 0 0 0 0 0 1500785051 20845184 4167749632 232198144 0 22969047 15270194 6433733 14427822 25794301
1790337354386 1 56335 6 3541625431 3495669417 0 0 0 0 0 0 1500849590 20845399 4168687616 216985600 0 23181434 15406667 6499786 14532965 25984171
1790337355407 1 79455 7446 3541715854 3495729387 0 0 0 0 0 0 1500918895 20845769 4168888320 375484416 0 23408837 15559418 6569160 14722180 26195278
1790337356428 1 77814 44 3541789555 3495812065 0 0 0 0 0 0 1500995293 20845993 4170629120 309760000 0 23614173 15697334 6643958 14827696 26374765
1790337357448 1 68720 2706 3541879410 3495908376 0 0 0 0 0 0 1501056960 20846225 4170268672 299020288 7806976 23823156 15837308 6707644 14967586 26572140
1790337358468 1 79794 73 3541969815 3495990324 0 0 0 0 0 0 1501121344 20846440 4170321920 313946112 0 24040584 15976927 6771524 15120377 26903964
1790337359489 1 22801 5633 3542036134 3496107955 0 0 0 0 0 0 1501167963 20846641 4170653696 120315904 0 24190910 16080395 6817783 15247625 27174505
1790337360526 1 87013 3577 3542143119 3496153248 0 0 0 0 0 0 1501249611 20846944 4170416128 355692544 37879808 24447593 16253436 6900805 15450301 27397604
1790337361555 1 85815 0 3542231364 3496245871 0 0 0 0 0 0 1501305032 20847180 4169584640 349315072 0 24636058 16379518 6952987 15563605 27595139
1790337362577 1 62018 18 3542309494 3496347694 0 0 0 0 0 0 1501358489 20847371 4170080256 241238016 0 24822836 16498589 7008725 15657463 27894415
1790337363601 1 81180 39 3542400925 3496419943 0 0 0 0 0 0 1501420297 20847632 4169535488 330547200 11735040 25030398 16638776 7070980 15796861 28067230
1790337364622 1 60081 0 3542477042 3496517154 0 0 0 0 0 0 1501481294 20847846 4170293248 238002176 0 25205300 16761933 7129831 15899857 28328399
1790337365643 1 97526 0 3542572615 3496575354 0 0 0 0 0 0 1501551926 20848102 4170244096 388169728 0 25419103 16905875 7201608 16113289 28555639
1790337366669 1 68864 0 3542644985 3496676296 0 0 0 0 0 0 1501606365 20848311 4171030528 280121344 7057408 25589657 17021523 7256546 16248145 28872873
1790337367694 1 98680 8539 3542748137 3496741158 0 0 0 0 0 0 1501680835 20848581 4170399744 404082688 53329920 25829473 17179039 7332030 16481920 29124522
1790337368717 1 85827 36 3542835855 3496850192 0 0 0 0 0 0 1501729681 20848770 4169572352 343363584 0 26016782 17296178 7378854 16649787 29528011
1790337369739 1 42624 0 3542899659 3496957294 0 0 0 0 0 0 1501783580 20848966 4169408512 166690816 0 26176380 17403416 7431748 16700571 29672491
1790337370760 1 122648 0 3543023577 3497001143 0 0 0 0 0 0 1501858630 20849290 4168998912 488869888 0 26434364 17583906 7509327 16817223 29761682
1790337371780 1 100196 0 3543101148 3497101232 0 0 0 0 0 0 1501909451 20849490 4168323072 405987328 0 26623691 17701086 7559310 16943988 29982226
1790337372800 1 90976 2261 3543182487 3497189619 0 0 0 0 0 0 1501970062 20849715 4168318976 393592832 3317760 26831073 17832147 7621278 17088475 30335906
1790337373820 1 113055 0 3543285351 3497272591 0 0 0 0 0 0 1502040018 20849992 4168560640 453361664 0 27041937 17981216 7689810 17191904 30512550
1790337374841 1 55753 0 3543353041 3497397559 0 0 0 0 0 0 1502086370 20850188 4168777728 218386432 0 27208385 18085313 7736543 17322766 30909622
1790337375863 1 97787 20716 3543471361 3497453117 0 0 0 0 0 0 1502155699 20850444 4167852032 496451584 5529600 27459398 18249785 7806894 17441260 31064187
1790337376882 1 61266 840 3543534929 3497573551 0 0 0 0 0 0 1502200891 20850618 4168187904 250769408 17432576 27612094 18342365 7852086 17568246 31461533
1790337377902 1 99986 8615 3543641821 3497633635 0 0 0 0 0 0 1502276345 20850886 4167938048 465068032 0 27843279 18499502 7927539 17719129 31665565
1790337378935 1 66309 0 3543713092 3497747059 0 0 0 0 0 0 1502323079 20851067 4167426048 259321856 0 27993822 18602362 7973766 17868784 32025771
1790337379962 1 70449 0 3543803233 3497833017 0 0 0 0 0 0 1502385198 20851303 4166791168 282193920 0 28201803 18731658 8033840 18005047 32245474
1790337380982 1 75879 5837 3543902639 3497921210 0 0 0 0 0 0 1502453446 20851542 4166668288 343425024 9961472 28425740 18876093 8104656 18150222 32405923
1790337382002 1 91009 7607 3543997983 3497999803 0 0 0 0 0 0 1502519129 20851782 4166066176 421584896 4337664 28632477 19018936 8170395 18296927 32644021
1790337383022 1 66645 0 3544070335 3498103954 0 0 0 0 0 0 1502574103 20851990 4165713920 260562944 0 28800865 19128112 8223793 18463249 32935143
1790337384044 1 64097 20889 3544168341 3498183781 0 0 0 0 0 0 1502641469 20852207 4165988352 367452160 0 29016294 19272282 8292668 18648302 33229340
1790337385066 1 74863 0 3544257208 3498282641 0 0 0 0 0 0 1502696925 20852429 4164734976 294924288 0 29211213 19395950 8346097 18749529 33492323
1790337386089 1 58180 2887 3544337806 3498377497 0 0 0 0 0 0 1502757990 20852653 4165574656 241856512 0 29391287 19518840 8407714 18826633 33678830
1790337387113 1 76638 18000 3544438574 3498444217 0 0 0 0 0 0 1502836547 20852954 4165853184 332152832 72466432 29628025 19685771 8487798 18929571 33787432
1790337388141 1 93807 36 3544524731 3498531118 0 0 0 0 0 0 1502904343 20853186 4166418432 376160256 0 29833297 19816314 8554006 19048038 33971687
1790337389162 1 79356 8906 3544609396 3498621461 0 0 0 0 0 0 1502975183 20853432 4167307264 364716032 0 30046990 19953471 8625368 19252417 34257102
1790337390182 1 47953 0 3544677660 3498729946 0 0 0 0 0 0 1503026468 20853630 4166451200 185724928 0 30194885 20057206 8675165 19363861 34448308
1790337391202 1 89139 0 3544771532 3498782663 0 0 0 0 0 0 1503114266 20853915 4167348224 356872192 0 30447320 20223120 8762475 19550515 34580264
1790337392228 1 75621 0 3544847981 3498872706 0 0 0 0 0 0 1503171299 20854140 4167675904 299089920 0 30630872 20340361 8821467 19691705 34823513
1790337393254 1 63072 3964 3544929747 3498963221 0 0 0 0 0 0 1503239565 20854390 4168478720 258269184 37654528 30856132 20482632 8890244 19964072 35178459
1790337394282 1 41711 2555 3545006324 3499062491 0 0 0 0 0 0 1503293989 20854603 4168630272 170594304 26284032 31041047 20603536 8945178 20117855 35432057
1790337395307 1 59740 32 3545100483 3499141058 0 0 0 0 0 0 1503360676 20854879 4167184384 244781056 5812224 31252407 20744328 9010914 20225969 35666475
1790337396332 1 75828 729 3545194484 3499218298 0 0 0 0 0 0 1503423396 20855128 4167426048 319754240 6049792 31454200 20883698 9074079 20366613 35877182
1790337397353 1 42309 0 3545260318 3499318307 0 0 0 0 0 0 1503476237 20855335 4167086080 165122048 0 31615458 20986768 9125894 20460930 36102275
1790337398384 1 57590 1679 3545351320 3499392410 0 0 0 0 0 0 1503547648 20855611 4168159232 235708416 28852224 31843793 21139794 9198837 20705588 36425473
1790337399413 1 19642 17082 3545423785 3499487501 0 0 0 0 0 0 1503605663 20855823 4168413184 115871744 51281920 32023526 21259669 9256853 20931745 36749792
1790337400439 1 43872 0 3545509692 3499566062 0 0 0 0 0 0 1503660607 20856046 4167921664 173314048 0 32214622 21384674 9310092 21105610 37120375
1790337401461 1 72360 0 3545597482 3499625606 0 0 0 0 0 0 1503726836 20856277 4167995392 289853440 0 32426848 21521613 9376454 21270420 37318077
1790337402487 1 69430 6587 3545682731 3499707045 0 0 0 0 0 0 1503781264 20856496 4167737344 325095424 0 32615226 21649521 9432484 21445245 37618393
1790337403509 1 106944 9636 3545783506 3499767208 0 0 0 0 0 0 1503844494 20856767 4166844416 482959360 0 32833071 21798717 9494658 21595952 37822466
1790337404531 1 74057 0 3545846177 3499872346 0 0 0 0 0 0 1503890606 20856917 4167286784 288735232 0 32974186 21895454 9541332 21712412 38148947
1790337405552 1 60110 0 3545923777 3499963961 0 0 0 0 0 0 1503942002 20857123 4167655424 238084096 0 33157936 22013783 9592195 21804166 38406461
1790337406572 1 109266 0 3546023043 3500014151 0 0 0 0 0 0 1504016493 20857404 4168208384 434450432 0 33394062 22173063 9667169 22011656 38671014
1790337407593 1 124747 0 3546106124 3500081739 0 0 0 0 0 0 1504082660 20857622 4168286208 504737792 0 33601564 22310893 9732868 22193125 38987293
1790337408613 1 81368 0 3546170391 3500189275 0 0 0 0 0 0 1504123748 20857783 4168241152 323162112 0 33744549 22404690 9773438 22418613 39468942
1790337409639 2 78976 0 3546249849 3500271212 0 0 0 0 0 0 1504183873 20858052 4167729152 315781120 0 33929179 22530421 9833025 22610439 39811526
1790337410667 2 60111 2336 3546332207 3500370106 0 0 0 0 0 0 1504238303 20858272 4167966720 256696320 9068544 34110149 22652472 9889495 22826284 40186625
1790337411690 2 70125 3545 3546438878 3500461108 0 0 0 0 0 0 1504295259 20858510 4167196672 276623360 26947584 34305915 22787504 9945991 22971428 40363239
1790337412709 2 1580 0 3546491793 3500583112 0 0 0 0 0 0 1504329507 20858640 4167323648 2129920 4096 34415200 22862098 9980186 23099302 40796737
1790337413738 2 28386 527 3546581771 3500645751 0 0 0 0 0 0 1504391660 20858929 4166918144 117669888 41811968 34620222 23002647 10042338 23198489 40961851
1790337414793 2 63311 0 3546668268 3500697793 0 0 0 0 0 0 1504455325 20859912 4167036928 253087744 0 34804337 23133309 10103949 23365196 41190736
1790337415817 2 103283 869 3546768186 3500756886 0 0 0 0 0 0 1504517978 20860691 4166103040 435613696 1499136 35008412 23279094 10168651 23526181 41465754
1790337416838 2 24712 0 3546814008 3500882179 0 0 0 0 0 0 1504553860 20861040 4166545408 90722304 0 35125805 23352787 10204067 23606790 41666571
1790337417860 2 113629 0 3546921435 3500900629 0 0 0 0 0 0 1504621669 20861337 4166631424 459239424 0 35366364 23512690 10270845 23666400 41696007
1790337418882 2 75994 8560 3546989270 3500997599 0 0 0 0 0 0 1504669470 20861521 4167081984 352014336 7503872 35526861 23620209 10320142 23816147 42080458
1790337419902 2 71576 0 3547057850 3501079059 0 0 0 0 0 0 1504716006 20861731 4166623232 282832896 0 35683757 23719744 10365841 23932211 42313359
1790337420933 2 75645 384 3547145223 3501161978 0 0 0 0 0 0 1504777316 20861979 4166823936 316841984 2842624 35870140 23851756 10428335 24030545 42463126
1790337421954 2 57992 0 3547223819 3501258614 0 0 0 0 0 0 1504830705 20862178 4166918144 220053504 0 36041384 23967481 10481901 24225206 42803794
1790337422974 2 92849 0 3547318085 3501318016 0 0 0 0 0 0 1504902631 20862481 4167987200 367144960 0 36269941 24116729 10553354 24362095 42949014
1790337423995 1 77420 0 3547391695 3501407131 0 0 0 0 0 0 1504953479 20862697 4167979008 310812672 0 36437086 24224728 10603182 24466548 43131093
1790337425016 1 68053 22 3547463381 3501488088 0 0 0 0 0 0 1505005881 20862894 4168519680 270520320 0 36612598 24333799 10655947 24610681 43476605
1790337426036 2 56453 441 3547537153 3501573084 0 0 0 0 0 0 1505064435 20863107 4169003008 237084672 6594560 36790431 24453728 10715108 24698035 43642479
1790337427056 2 12069 0 3547604980 3501685297 0 0 0 0 0 0 1505106159 20863264 4168290304 49328128 3817472 36936873 24547672 10755663 24793850 43906307
1790337428086 2 4 21 3547673136 3501765390 0 0 0 0 0 0 1505159921 20863472 4168560640 4096 20557824 37098337 24657805 10811103 24899802 44118825
1790337429128 2 72108 0 3547776676 3501796946 0 0 0 0 0 0 1505239007 20863789 4169101312 286318592 0 37354747 24820177 10889175 25065106 44246283
1790337430168 2 47746 31 3547844937 3501889464 0 0 0 0 0 0 1505289835 20863980 4168773632 208044032 3063808 37523193 24930447 10939996 25125543 44411228
1790337431222 2 16942 0 3547901380 3501976666 0 0 0 0 0 0 1505321668 20864625 4167925760 59109376 0 37632585 25003462 10971873 25217243 44716173
1790337432246 2 90762 2 3548010634 3502011957 0 0 0 0 0 0 1505387080 20864945 4167540736 360480768 0 37874844 25159883 11036085 25273444 44771216
1790337433268 2 72252 73 3548091465 3502111335 0 0 0 0 0 0 1505422999 20865096 4167553024 231137280 0 38005257 25241367 11072034 25327387 44965859
1790337434292 2 74629 73 3548177116 3502194778 0 0 0 0 0 0 1505486011 20865343 4169146368 242532352 0 38175417 25357311 11134156 25392700 45127747
1790337435320 2 62197 68 3548236474 3502266402 0 0 0 0 0 0 1505522992 20865528 4168654848 247566336 0 38308587 25445599 11172668 25527497 45350000
1790337436359 2 97821 337 3548329241 3502323535 0 0 0 0 0 0 1505584103 20865761 4167651328 413347840 1302528 38500755 25579684 11235286 25594218 45469160
1790337437380 2 42667 0 3548380200 3502429738 0 0 0 0 0 0 1505621513 20865903 4167745536 162258944 0 38620252 25651807 11271728 25755452 46015031
1790337438402 2 72654 50 3548473733 3502493277 0 0 0 0 0 0 1505696957 20866175 4168523776 297869312 7593984 38865454 25805299 11348151 25978241 46293316
1790337439423 2 59634 36 3548549830 3502582473 0 0 0 0 0 0 1505747467 20866385 4168478720 233017344 0 39037561 25919033 11398148 26115657 46610584
1790337440448 2 66097 2772 3548631020 3502654449 0 0 0 0 0 0 1505821421 20866658 4168232960 270598144 24633344 39250691 26064402 11472605 26229957 46833511
1790337441475 2 82293 2555 3548717588 3502725065 0 0 0 0 0 0 1505877850 20866886 4167995392 334991360 21467136 39433666 26191034 11529075 26333951 47025630
1790337442496 2 9 32 3548717947 3502810230 0 0 0 0 0 0 1505922163 20867137 4194521088 131072 0 39470673 26226598 11570606 26360410 47052924
1790337443518 2 169 6 3548719918 3502811991 0 0 0 0 0 0 1506082244 20867909 4195020800 98304 0 39641860 26385552 11729672 26389824 47086444
1790337444541 2 5598 0 3548725348 3502811998 0 0 0 0 0 0 1506266722 20868627 4199616512 131072 0 39873279 26568612 11913854 26478188 47112874
1790337445563 2 11572 0 3548731455 3502812036 0 0 0 0 0 0 1506393034 20871698 4202942464 131072 0 40351350 26696517 12042571 26560529 47134515
1790337446584 2 21064 0 3548740894 3502812036 0 0 0 0 0 0 1506495996 20872058 2822860800 86016 0 40491367 26801380 12147180 26647159 47161140
