1790339521740 0 3 0 3639984471 3594034079 0 0 0 0 0 0 1563954058 20990442 - - - - - - - -
1790339523379 0 153670 1973 3640289005 3594182944 0 0 0 0 0 0 1563954058 20990516 1203871744 634609664 4198400 0 0 0 0 239855
1790339524436 0 150317 3186 3640443006 3594339113 0 0 0 0 0 0 1563954058 20990516 1849835520 613113856 8388608 0 0 0 0 510833
1790339525462 0 150498 2012 3640605238 3594502323 0 0 0 0 0 0 1563954058 20990516 2511179776 607887360 8241152 0 0 0 0 891695
1790339526483 0 151731 2027 3640772124 3594668003 0 0 0 0 0 0 1563954058 20990516 3197022208 610504704 14782464 0 0 0 0 1111708
1790339527507 0 107258 7575 3640898221 3594833049 0 0 0 0 0 0 1563954058 20990516 3724492800 439328768 33783808 0 0 0 0 1197593
1790339528525 0 146402 2048 3641065797 3594966970 0 0 0 0 0 0 1563954058 20990516 4159631360 605663232 8388608 125095 58276 0 55249 1322149
1790339529545 0 100915 1955 3641200635 3595147297 0 0 0 0 0 0 1563963623 20990527 4159078400 412680192 10469376 361627 201390 9623 128849 1442998
1790339530564 0 114120 8079 3641363140 3595290616 0 0 0 0 0 0 1563973275 20990540 4158128128 452546560 41488384 592939 373427 19217 247239 1567627
1790339531591 0 106662 687 3641474066 3595416320 0 0 0 0 0 0 1563983929 20990556 4157800448 446668800 8388608 765617 496813 29872 315170 1646519
1790339532618 0 84763 2040 3641601496 3595564310 0 0 0 0 0 0 1564000151 20990578 4158025728 346943488 29687808 942510 637407 46093 428501 1866945
1790339533649 0 47288 11945 3641709394 3595699772 0 0 0 0 0 0 1564017009 20990671 4158443520 235528192 18673664 1147459 765789 62950 569595 2109228
1790339534671 0 137226 14 3641854823 3595767104 0 0 0 0 0 0 1564052741 20990868 4160430080 549220352 0 1438856 942933 98742 733875 2204304
1790339535690 0 103273 38 3641947830 3595894101 0 0 0 0 0 0 1564085473 20991014 4162396160 414105600 0 1606865 1066920 129505 860938 2498404
1790339536715 0 104665 8003 3642061242 3595998097 0 0 0 0 0 0 1564129116 20991193 4165713920 461279232 39309312 1828924 1226363 174545 1005861 2776822
1790339537735 0 147812 0 3642179913 3596081652 0 0 0 0 0 0 1564174928 20991353 4169015296 590905344 0 2042745 1385894 220185 1130107 2863662
1790339538756 0 52889 2067 3642259523 3596254152 0 0 0 0 0 0 1564199375 20991442 4170297344 240050176 49152 2188312 1492642 244804 1308557 3231643
1790339539780 0 127142 7 3642393383 3596315738 0 0 0 0 0 0 1564252241 20991690 4173324288 509251584 0 2451626 1675907 297725 1469912 3299508
1790339540802 0 100689 0 3642488780 3596437637 0 0 0 0 0 0 1564295311 20991866 4175446016 403423232 0 2654604 1812688 339270 1548173 3426553
1790339541827 0 102422 13132 3642603599 3596537656 0 0 0 0 0 0 1564340530 20992037 4176748544 463634432 24928256 2900939 1975294 386471 1660035 3533511
1790339542852 0 97820 21348 3642720756 3596651172 0 0 0 0 0 0 1564385197 20992225 4176936960 500936704 78036992 3127876 2135956 431139 1819550 3714824
1790339543876 0 41851 6659 3642789036 3596790132 0 0 0 0 0 0 1564411382 20992316 4176834560 201945088 33554432 3263074 2231489 456814 1915934 3987341
1790339544895 0 129719 0 3642920846 3596840638 0 0 0 0 0 0 1564485740 20992526 4178206720 518574080 0 3562514 2433742 531180 2013034 4033073
1790339545925 0 89608 2028 3643015579 3596973554 0 0 0 0 0 0 1564524735 20992668 4178071552 388239360 9531392 3757907 2570351 570163 2103022 4175037
1790339546952 0 107079 1178 3643121373 3597062767 0 0 0 0 0 0 1564581127 20992837 4179161088 439136256 7434240 3984505 2729399 627067 2210994 4294748
1790339547980 0 142388 1992 3643229241 3597134385 0 0 0 0 0 0 1564639586 20993019 4180037632 597639168 7819264 4248097 2897222 685014 2345320 4438347
1790339549003 0 132154 0 3643316549 3597233953 0 0 0 0 0 0 1564693388 20993178 4181360640 533086208 0 4443594 3035095 737725 2469409 4619159
1790339550025 0 1578 0 3643358649 3597406670 0 0 0 0 0 0 1564716513 20993247 4181835776 15286272 1638400 4551177 3101730 761437 2594411 5037121
1790339551045 0 142240 0 3643499402 3597406754 0 0 0 0 0 0 1564825604 20993523 4183408640 576057344 0 4916703 3348613 869039 2731119 5058039
1790339552064 0 106669 0 3643572369 3597515298 0 0 0 0 0 0 1564883087 20993684 4184555520 430735360 0 5112230 3478631 926502 2901299 5380863
1790339553084 0 96699 7 3643649461 3597602400 0 0 0 0 0 0 1564953346 20993848 4186910720 385515520 0 5336001 3625645 998308 2991118 5499462
1790339554103 0 79752 0 3643732928 3597702754 0 0 0 0 0 0 1565007290 20994013 4186595328 317349888 0 5543251 3762499 1051622 3087200 5620556
1790339555123 0 40919 0 3643802482 3597811076 0 0 0 0 0 0 1565065775 20994159 4187291648 153841664 0 5739815 3890447 1111635 3254601 5911985
1790339556149 0 120960 2019 3643922163 3597848632 0 0 0 0 0 0 1565167330 20994402 4187758592 503758848 25165824 6061043 4105044 1213190 3400982 6003045
1790339557172 0 61836 0 3643992374 3597980098 0 0 0 0 0 0 1565213996 20994514 4187299840 248569856 0 6223622 4211845 1256932 3486631 6168367
1790339558191 0 121480 17735 3644111847 3598022155 0 0 0 0 0 0 1565311501 20994751 4186767360 524972032 45367296 6527023 4409203 1357362 3645847 6260220
1790339559215 0 68132 8026 3644169889 3598143342 0 0 0 0 0 0 1565353616 20994892 4187009024 280870912 31072256 6668557 4499370 1399472 3847653 6647672
1790339560234 0 66800 0 3644247004 3598229793 0 0 0 0 0 0 1565418781 20995106 4186624000 265367552 0 6854542 4618391 1462094 4102263 6950209
1790339561253 0 85052 5329 3644332799 3598292043 0 0 0 0 0 0 1565495259 20995329 4185821184 359583744 20709376 7085283 4760047 1541114 4213488 7144167
1790339562276 0 76028 71 3644410903 3598384490 0 0 0 0 0 0 1565552705 20995500 4185255936 305131520 10858496 7262367 4873432 1598077 4289217 7326769
1790339563295 0 64597 30503 3644506926 3598462002 0 0 0 0 0 0 1565614264 20995689 4183060480 264413184 137416704 7463882 5002528 1660118 4428101 7662148
1790339564316 0 82760 852 3644598815 3598564876 0 0 0 0 0 0 1565664037 20995837 4180316160 339046400 16105472 7639739 5110280 1709900 4536646 8000865
1790339565335 0 44812 4496 3644670382 3598670684 0 0 0 0 0 0 1565705527 20995965 4178870272 210759680 0 7783584 5201302 1750943 4684994 8438439
1790339566358 0 85334 1150 3644776679 3598739772 0 0 0 0 0 0 1565776401 20996160 4176760832 357163008 6995968 8022461 5345264 1822255 4855018 8761426
1790339567381 0 67541 1798 3644854721 3598835032 0 0 0 0 0 0 1565829261 20996313 4175503360 282382336 10764288 8192561 5450633 1875117 4918986 8923060
1790339568402 0 90297 18536 3644956454 3598897221 0 0 0 0 0 0 1565906241 20996524 4174807040 369856512 88731648 8434543 5601454 1952095 5109299 9179554
1790339569423 0 93692 0 3645037851 3598993651 0 0 0 0 0 0 1565960535 20996671 4172984320 379006976 0 8621309 5710538 2003923 5194886 9372478
1790339570443 0 46874 0 3645113711 3599116460 0 0 0 0 0 0 1566004784 20996805 4172177408 187678720 0 8775234 5808635 2048588 5368561 9791866
1790339571467 0 69189 51 3645209767 3599190162 0 0 0 0 0 0 1566077476 20997005 4171038720 275058688 0 8999824 5952487 2121531 5576678 10078512
1790339572490 0 72982 33420 3645312020 3599255229 0 0 0 0 0 0 1566146474 20997195 4169646080 414593024 32141312 9228504 6101403 2192328 5787258 10340809
1790339573516 0 78448 61 3645384957 3599356135 0 0 0 0 0 0 1566201130 20997334 4169416704 310898688 7032832 9393800 6209056 2246694 5982187 10747843
1790339574538 0 73274 27 3645464836 3599441076 0 0 0 0 0 0 1566257229 20997490 4168798208 287698944 0 9580767 6325541 2302627 6100441 10986646
1790339575558 0 13427 36 3645525758 3599561926 0 0 0 0 0 0 1566296797 20997598 4168261632 55017472 6176768 9709724 6415343 2341632 6241437 11436193
1790339576581 0 78888 0 3645644470 3599615134 0 0 0 0 0 0 1566371211 20997802 4166701056 320901120 0 9952814 6578272 2414106 6420278 11714767
1790339577606 0 75521 9438 3645730185 3599694846 0 0 0 0 0 0 1566437904 20997981 4166737920 307240960 51519488 10154188 6717550 2483784 6512552 11897825
1790339578626 0 93216 6972 3645820562 3599770048 0 0 0 0 0 0 1566505128 20998170 4167335936 417587200 0 10369299 6859359 2550490 6688445 12215227
1790339579653 0 97111 66 3645912503 3599865061 0 0 0 0 0 0 1566562116 20998331 4166713344 387284992 2654208 10573070 6989163 2606436 6835322 12554134
1790339580684 0 29756 9 3645980369 3600000167 0 0 0 0 0 0 1566602129 20998433 4166692864 111775744 0 10713986 7086515 2646455 6999402 13018061
1790339581704 0 88733 0 3646088484 3600049337 0 0 0 0 0 0 1566672446 20998657 4166451200 356478976 0 10947039 7248528 2716786 7195673 13242860
1790339582724 0 81616 5514 3646168392 3600130862 0 0 0 0 0 0 1566729966 20998841 4166889472 368500736 0 11136758 7374652 2775321 7387824 13614527
1790339583743 0 76191 0 3646245945 3600219342 0 0 0 0 0 0 1566791026 20999050 4167614464 308215808 0 11307336 7493256 2833841 7517926 13871189
1790339584762 0 72982 1391 3646340992 3600316263 0 0 0 0 0 0 1566843424 20999244 4167688192 296931328 19623936 11510891 7628538 2889294 7697145 14131117
1790339585780 0 38276 0 3646407100 3600418389 0 0 0 0 0 0 1566894206 20999389 4168019968 149622784 0 11671817 7731717 2938292 7883478 14561671
1790339586800 0 101431 8273 3646529602 3600469470 0 0 0 0 0 0 1566972386 20999622 4168044544 457388032 0 11932648 7914025 3017215 7989284 14660479
1790339587822 0 63229 0 3646590765 3600577113 0 0 0 0 0 0 1567018069 20999762 4168646656 254791680 0 12083284 8010752 3062899 8094200 14941672
1790339588843 0 86329 26759 3646696524 3600633003 0 0 0 0 0 0 1567089692 20999983 4168622080 393515008 80941056 12320817 8175034 3135546 8226541 15115618
1790339589861 0 103211 0 3646783317 3600729691 0 0 0 0 0 0 1567140683 21000138 4168511488 414543872 0 12508509 8299592 3184867 8394517 15480213
1790339590881 0 32364 0 3646853770 3600870970 0 0 0 0 0 0 1567191262 21000282 4169486336 122286080 0 12670566 8412094 3236152 8501148 15800780
1790339591905 0 72748 7811 3646961656 3600930805 0 0 0 0 0 0 1567281532 21000509 4170891264 297816064 47022080 12945313 8597177 3327385 8617739 15907539
1790339592923 0 61382 923 3647020731 3601008005 0 0 0 0 0 0 1567329230 21000630 4171878400 254603264 14946304 13093390 8696950 3374687 8670085 16083920
1790339593941 0 90612 4417 3647120804 3601075440 0 0 0 0 0 0 1567402069 21000836 4172705792 391483392 15183872 13350051 8857584 3447974 8774907 16227067
1790339594961 0 65575 27 3647206531 3601190464 0 0 0 0 0 0 1567460599 21000988 4172443648 263208960 11808768 13562193 8988307 3505942 8932158 16584716
1790339595982 0 61680 0 3647298148 3601286052 0 0 0 0 0 0 1567525243 21001169 4172050432 238329856 0 13770736 9132445 3570596 9156123 16887700
1790339597002 0 89250 0 3647398432 3601358757 0 0 0 0 0 0 1567601162 21001394 4172234752 356913152 0 14019114 9298174 3645821 9348717 17157015
1790339598022 0 96139 0 3647488260 3601441704 0 0 0 0 0 0 1567668127 21001577 4172877824 385269760 0 14235759 9445080 3713005 9445086 17343382
1790339599041 0 77938 634 3647570384 3601541432 0 0 0 0 0 0 1567728743 21001755 4173778944 319234048 21975040 14436633 9579140 3774597 9625337 17692917
1790339600064 0 81186 720 3647663853 3601631558 0 0 0 0 0 0 1567799559 21001939 4174598144 332537856 18980864 14672242 9735760 3845413 9844027 18005296
1790339601084 0 17227 0 3647730916 3601763306 0 0 0 0 0 0 1567853387 21002086 4175368192 67555328 0 14837714 9849397 3896266 9909727 18127845
1790339602107 0 80892 21746 3647854478 3601801508 0 0 0 0 0 0 1567945213 21002334 4176224256 331300864 107044864 15142172 10055129 3991123 10108571 18256953
1790339603126 0 90755 12 3647941733 3601900517 0 0 0 0 0 0 1568018235 21002540 4176949248 363958272 0 15361124 10202552 4061932 10214748 18418156
1790339604146 0 87056 70 3648035298 3601997810 0 0 0 0 0 0 1568094633 21002751 4177719296 356864000 15941632 15599113 10361410 4140021 10390485 18696373
1790339605165 0 66152 30 3648112721 3602096092 0 0 0 0 0 0 1568155212 21002898 4177793024 267669504 8351744 15793699 10483856 4200044 10597326 19040912
1790339606192 0 7116 499 3648177664 3602219819 0 0 0 0 0 0 1568213220 21003064 4178841600 50655232 2957312 15964153 10598433 4258592 10811424 19415769
1790339607212 0 105397 0 3648301515 3602245647 0 0 0 0 0 0 1568298492 21003359 4177502208 425484288 0 16242671 10790531 4343351 10970881 19516249
1790339608234 0 69788 0 3648381615 3602361398 0 0 0 0 0 0 1568346522 21003518 4176474112 275546112 0 16429760 10901817 4391428 11138427 19774675
1790339609257 0 46302 66 3648459268 3602462504 0 0 0 0 0 0 1568405339 21003725 4177190912 174985216 0 16620325 11024148 4450975 11204460 19839315
1790339610277 0 86758 14 3648568410 3602531149 0 0 0 0 0 0 1568483140 21003974 4176048128 348372992 0 16857999 11191024 4527999 11373691 20025756
1790339611297 0 11839 0 3648641161 3602678912 0 0 0 0 0 0 1568530328 21004122 4175183872 31735808 0 17012330 11294719 4576203 11551046 20400097
1790339612317 0 74562 0 3648760189 3602735265 0 0 0 0 0 0 1568612440 21004382 4174712832 297590784 0 17279572 11464986 4656271 11744981 20568989
1790339613336 0 70351 2 3648851226 3602830436 0 0 0 0 0 0 1568678106 21004584 4174512128 282058752 4988928 17487385 11602348 4723461 11873734 20757855
1790339614363 0 63684 18615 3648952469 3602919653 0 0 0 0 0 0 1568759264 21004830 4173553664 344690688 16695296 17730501 11761937 4805118 12060736 20970602
1790339615384 0 102779 0 3649052557 3602999430 0 0 0 0 0 0 1568830903 21005052 4172873728 410476544 0 17958098 11908390 4875667 12303688 21240542
1790339616404 0 5334 0 3649108426 3603152582 0 0 0 0 0 0 1568860375 21005169 4171776000 14839808 0 18079311 11983774 4904704 12474956 21700944
1790339617424 0 100285 0 3649237089 3603186375 0 0 0 0 0 0 1568962757 21005453 4171575296 398340096 0 18385459 12179046 5006825 12708830 21828454
1790339618443 0 79113 3280 3649333679 3603300879 0 0 0 0 0 0 1569039744 21005686 4171075584 339939328 17186816 18602331 12330622 5085595 12889122 22092426
1790339619462 0 80031 0 3649432867 3603402380 0 0 0 0 0 0 1569100340 21005974 4168781824 323465216 0 18796729 12459325 5143628 12979713 22253459
1790339620482 0 86310 0 3649531749 3603494984 0 0 0 0 0 0 1569158387 21006165 4168273920 344793088 0 19022860 12595105 5202708 13128379 22468344
1790339621502 0 28730 14454 3649618996 3603625521 0 0 0 0 0 0 1569216442 21006367 4167467008 117489664 74653696 19205257 12723640 5262258 13311952 22836289
1790339622522 0 70150 0 3649721286 3603700717 0 0 0 0 0 0 1569285712 21006585 4166127616 280629248 0 19422789 12871046 5329499 13510333 23082497
1790339623542 0 83169 0 3649823891 3603790290 0 0 0 0 0 0 1569353317 21006803 4165812224 328007680 0 19645283 13020609 5398275 13636745 23288004
1790339624562 0 54795 5183 3649918784 3603908388 0 0 0 0 0 0 1569407391 21006984 4164923392 255688704 0 19847615 13150436 5453218 13764901 23604830
1790339625582 0 119817 0 3650037367 3603967168 0 0 0 0 0 0 1569485408 21007246 4164472832 483512320 0 20114015 13326274 5529694 13886380 23728657
1790339626607 0 2668 73 3650103512 3604150516 0 0 0 0 0 0 1569541836 21007417 4165033984 2129920 0 20265625 13432875 5586165 14031186 24096057
1790339627627 0 82391 0 3650226791 3604193903 0 0 0 0 0 0 1569628672 21007719 4164943872 326909952 0 20537224 13618954 5673429 14138990 24162318
1790339628646 0 93449 2060 3650329579 3604283622 0 0 0 0 0 0 1569701529 21007962 4165570560 398446592 23035904 20776409 13778191 5746836 14351558 24426208
1790339629665 0 115308 0 3650425536 3604359709 0 0 0 0 0 0 1569776296 21008243 4166250496 462352384 0 20995849 13928412 5821293 14494914 24653061
1790339630685 0 81204 0 3650508527 3604476941 0 0 0 0 0 0 1569830369 21008446 4165394432 322117632 0 21175239 14053493 5875197 14599848 24916687
1790339631712 0 10918 2409 3650575187 3604611711 0 0 0 0 0 0 1569875071 21008602 4165349376 69087232 5308416 21332352 14157544 5920887 14810537 25347942
1790339632735 0 115797 0 3650700502 3604634237 0 0 0 0 0 0 1569965393 21008918 4165713920 465272832 0 21617231 14352940 6009388 14955781 25430297
1790339633764 0 69999 0 3650770165 3604749608 0 0 0 0 0 0 1570031557 21009122 4166938624 279560192 0 21788751 14470787 6074820 15040901 25678133
1790339634787 0 78336 0 3650870949 3604842175 0 0 0 0 0 0 1570090119 21009350 4165857280 311037952 0 22005675 14614569 6134408 15159531 25868514
1790339635807 0 75007 0 3650959133 3604933705 0 0 0 0 0 0 1570150709 21009556 4165255168 302292992 0 22217044 14748117 6194477 15298045 26138999
1790339636832 0 23519 481 3651038078 3605063701 0 0 0 0 0 0 1570205649 21009751 4165353472 110075904 5832704 22387835 14869736 6250950 15478852 26496874
1790339637864 0 62786 0 3651138822 3605125555 0 0 0 0 0 0 1570282637 21010018 4165767168 244822016 0 22626339 15031594 6327941 15608254 26611511
1790339638888 0 60029 0 3651218226 3605207829 0 0 0 0 0 0 1570345605 21010225 4167290880 239656960 0 22817710 15163458 6389530 15731596 26786764
1790339639910 0 61135 0 3651309911 3605298397 0 0 0 0 0 0 1570416075 21010458 4167938048 242946048 0 23039114 15311990 6459416 15833984 26938060
1790339640935 0 92813 0 3651408713 3605365457 0 0 0 0 0 0 1570491267 21010708 4168851456 370671616 0 23290460 15472314 6535333 15972701 27103973
1790339641964 0 3622 4 3651472693 3605518692 0 0 0 0 0 0 1570541088 21010887 4169338880 6377472 0 23448526 15578639 6585131 16083458 27408907
1790339642987 0 83417 0 3651587876 3605554094 0 0 0 0 0 0 1570638056 21011205 4169867264 332476416 0 23735500 15774355 6682362 16200554 27479598
1790339644009 0 86774 53 3651680835 3605643654 0 0 0 0 0 0 1570708434 21011451 4170547200 349159424 12587008 23974076 15926105 6753736 16301658 27649596
1790339645057 0 87126 7811 3651772246 3605727295 0 0 0 0 0 0 1570776743 21011699 4170817536 356745216 56975360 24195887 16073674 6822556 16409313 27822747
1790339646077 0 128511 0 3651869759 3605790893 0 0 0 0 0 0 1570851129 21011969 4170711040 522166272 0 24419491 16226121 6893921 16498824 27964427
1790339647101 0 5113 26 3651920797 3605965283 0 0 0 0 0 0 1570879504 21012093 4170383360 6393856 0 24529271 16297772 6924742 16606514 28297984
1790339648125 0 72171 0 3652039535 3606016996 0 0 0 0 0 0 1570960929 21012404 4170076160 285822976 0 24807607 16479318 7005725 16744311 28402128
1790339649145 0 58775 0 3652122990 3606113703 0 0 0 0 0 0 1571026137 21012652 4170797056 229425152 0 24999106 16614295 7071451 16936602 28687908
1790339650170 0 90901 438 3652223300 3606181585 0 0 0 0 0 0 1571100104 21012926 4171165696 380542976 1773568 25233024 16775682 7145405 17123302 28965056
1790339651191 0 96073 0 3652309452 3606262845 0 0 0 0 0 0 1571162713 21013144 4170887168 387084288 0 25416760 16900325 7205821 17230804 29102741
1790339652215 0 37790 1241 3652373988 3606384567 0 0 0 0 0 0 1571209409 21013338 4171341824 162488320 3235840 25564197 17003431 7254273 17371583 29540154
1790339653240 0 69474 0 3652469107 3606449224 0 0 0 0 0 0 1571288003 21013615 4171776000 278347776 1781760 25799000 17158618 7333318 17477218 29666232
1790339654260 0 74964 0 3652564985 3606539656 0 0 0 0 0 0 1571339505 21013827 4170702848 298446848 0 26008792 17287649 7384308 17567103 29844866
1790339655281 0 87129 0 3652656465 3606618838 0 0 0 0 0 0 1571407797 21014099 4170362880 347828224 0 26228181 17430740 7452089 17683261 30089708
1790339656310 0 98163 1363 3652748630 3606698744 0 0 0 0 0 0 1571465862 21014332 4169924608 400011264 28188672 26426829 17568258 7511675 17781550 30303670
1790339657338 0 67506 874 3652827987 3606809250 0 0 0 0 0 0 1571507974 21014510 4168704000 299483136 2207744 26596254 17678535 7553784 17841009 30481263
1790339658358 0 74103 0 3652914728 3606890241 0 0 0 0 0 0 1571573049 21014768 4168507392 294957056 0 26806335 17814992 7617323 18000440 30669679
1790339659377 0 78950 3323 3653005087 3606972458 0 0 0 0 0 0 1571633145 21015016 4168589312 321286144 25509888 27005696 17948764 7678958 18100587 30864455
1790339660396 0 104697 0 3653094581 3607039521 0 0 0 0 0 0 1571699388 21015275 4169334784 414638080 0 27215678 18087495 7745204 18319058 31163364
1790339661416 0 63096 0 3653180418 3607166884 0 0 0 0 0 0 1571749648 21015466 4168519680 248053760 0 27393126 18204523 7793472 18421836 31334540
1790339662455 0 36460 438 3653263460 3607276200 0 0 0 0 0 0 1571802650 21015668 4168261632 172945408 27316224 27587759 18326029 7847902 18611687 31750125
1790339663499 0 87327 1168 3653373933 3607335034 0 0 0 0 0 0 1571883654 21015962 4167925760 356134912 0 27819408 18487144 7927089 18809010 31961741
1790339664524 0 120294 6219 3653476033 3607399175 0 0 0 0 0 0 1571945354 21016195 4166856704 492736512 43487232 28049263 18637443 7990655 18918966 32133757
1790339665551 0 60862 19053 3653545728 3607515414 0 0 0 0 0 0 1571995609 21016389 4166848512 315715584 21729280 28210486 18738911 8041470 18997453 32274325
1790339666570 0 77185 0 3653629979 3607602389 0 0 0 0 0 0 1572056071 21016607 4166537216 304816128 0 28400377 18858755 8100364 19172496 32611125
1790339667595 0 58009 5534 3653720704 3607706929 0 0 0 0 0 0 1572120759 21016831 4166082560 235929600 42852352 28599875 18999814 8166612 19317837 32858014
1790339668622 0 44332 5840 3653805870 3607805319 0 0 0 0 0 0 1572181397 21017071 4166148096 215322624 4431872 28790817 19127420 8226699 19502381 33102296
1790339669646 0 93644 0 3653907752 3607863790 0 0 0 0 0 0 1572254187 21017306 4166496256 382320640 11157504 29013816 19278392 8300000 19700768 33397606
1790339670674 0 101757 64 3654005455 3607953320 0 0 0 0 0 0 1572314286 21017542 4165496832 414965760 18378752 29229226 19416493 8359588 19896554 33691133
1790339671696 0 77475 48 3654072631 3608044766 0 0 0 0 0 0 1572367545 21017734 4165996544 317337600 11481088 29379543 19519413 8412993 20036902 34092292
1790339672720 0 80200 785 3654162387 3608131070 0 0 0 0 0 0 1572436497 21017998 4166225920 344985600 5541888 29587814 19661844 8482309 20176082 34270159
1790339673742 0 33167 0 3654230638 3608247118 0 0 0 0 0 0 1572491779 21018178 4166770688 126476288 0 29749821 19770750 8536091 20380255 34648080
1790339674761 0 56759 0 3654327650 3608320476 0 0 0 0 0 0 1572569838 21018475 4167221248 226369536 0 29994720 19925449 8615182 20577098 34917460
1790339675782 0 96080 65 3654426857 3608380459 0 0 0 0 0 0 1572649439 21018769 4166950912 389992448 0 30223612 20082001 8693200 20779944 35178651
1790339676801 0 86564 6947 3654510954 3608467104 0 0 0 0 0 0 1572722330 21019016 4167270400 392835072 0 30445051 20226957 8767638 20993716 35490477
1790339677820 0 88330 5827 3654592985 3608548523 0 0 0 0 0 0 1572787508 21019261 4167839744 404615168 3444736 30646272 20355432 8832936 21100638 35668115
1790339678839 0 25533 0 3654647084 3608671188 0 0 0 0 0 0 1572835703 21019437 4168691712 96927744 0 30795202 20447905 8880085 21340338 36141996
1790339679860 0 104384 0 3654763319 3608708494 0 0 0 0 0 0 1572915082 21019744 4168163328 422842368 0 31062612 20625614 8958878 21452871 36228107
1790339680879 0 92943 0 3654846293 3608803028 0 0 0 0 0 0 1572974926 21019977 4167045120 372281344 0 31253201 20751551 9019049 21718992 36626854
1790339681899 0 95760 49 3654937226 3608891069 0 0 0 0 0 0 1573034219 21020232 4167225344 381792256 0 31443652 20885664 9079503 21816882 36832421
1790339682918 0 77573 7 3655012258 3608984297 0 0 0 0 0 0 1573095779 21020468 4166971392 312811520 0 31634240 21008517 9139548 21940340 37043681
1790339683937 0 45587 73 3655096523 3609100741 0 0 0 0 0 0 1573161088 21020715 4168323072 178012160 0 31845149 21145905 9205427 22117628 37344102
1790339684957 0 112410 0 3655211636 3609148857 0 0 0 0 0 0 1573245334 21021040 4168441856 454217728 0 32120895 21327997 9289293 22369208 37517966
1790339685981 0 74646 803 3655290147 3609264485 0 0 0 0 0 0 1573297271 21021235 4168044544 311226368 5500928 32307319 21448895 9342552 22621535 37949110
1790339687003 0 82950 67 3655381823 3609348469 0 0 0 0 0 0 1573360152 21021472 4167618560 328470528 0 32511007 21584567 9405448 22791473 38235157
1790339688022 0 115824 0 3655483285 3609417111 0 0 0 0 0 0 1573427981 21021762 4167458816 466034688 0 32734085 21737378 9472253 22892787 38378674
1790339689041 0 15406 0 3655536799 3609570996 0 0 0 0 0 0 1573460529 21021894 4167036928 57982976 0 32851575 21816341 9503799 23006221 38663599
1790339690061 0 123405 0 3655665183 3609591441 0 0 0 0 0 0 1573548234 21022212 4167426048 496996352 0 33146969 22012894 9592714 23138448 38721942
1790339691081 0 69343 5343 3655725814 3609700862 0 0 0 0 0 0 1573592119 21022370 4167757824 316334080 0 33291087 22111451 9637912 23277252 39186102
1790339692102 0 91485 5236 3655814185 3609767157 0 0 0 0 0 0 1573661930 21022616 4167802880 372633600 39546880 33514851 22257793 9707723 23485843 39503442
1790339693124 0 88825 0 3655899926 3609860793 0 0 0 0 0 0 1573727127 21022848 4168286208 352825344 0 33712501 22391951 9771898 23660028 39827139
1790339694149 0 31006 967 3655964657 3609982461 0 0 0 0 0 0 1573771821 21023026 4168015872 144691200 7000064 33862485 22493506 9817100 23805812 40278985
1790339695171 0 103287 0 3656081813 3610028143 0 0 0 0 0 0 1573849306 21023322 4167397376 412803072 0 34113001 22661258 9894108 23994353 40426244
1790339696195 0 83738 14683 3656169107 3610120427 0 0 0 0 0 0 1573903394 21023546 4167024640 392134656 15593472 34300019 22789593 9949187 24139113 40715896
1790339697214 0 90520 0 3656248201 3610207393 0 0 0 0 0 0 1573954924 21023746 4166787072 360415232 0 34473041 22906716 9999722 24319406 41070038
1790339698234 0 101527 0 3656338118 3610286236 0 0 0 0 0 0 1574020180 21024005 4166709248 406175744 0 34681295 23047347 10064448 24465376 41261080
1790339699260 0 13393 4440 3656392076 3610423916 0 0 0 0 0 0 1574060754 21024145 4166332416 80637952 11517952 34802621 23134426 10106036 24626468 41761284
1790339700287 0 77684 49 3656496976 3610468911 0 0 0 0 0 0 1574126914 21024387 4165734400 309788672 0 35009132 23283314 10171369 24724311 41957692
1790339701308 0 94538 1898 3656568351 3610521522 0 0 0 0 0 0 1574182922 21024599 4166057984 390393856 0 35199769 23400481 10226687 24959016 42313543
1790339702332 0 67527 21 3656618977 3610601053 0 0 0 0 0 0 1574210187 21024727 4166336512 267333632 0 35310760 23473826 10255062 25101847 42835415
1790339703358 0 93381 370 3656699878 3610655755 0 0 0 0 0 0 1574265650 21024957 4167192576 383762432 2887680 35491082 23599593 10311442 25364410 43227707
1790339704389 0 47519 514 3656744052 3610745696 0 0 0 0 0 0 1574297856 21025068 4166934528 205344768 3239936 35600031 23668488 10342933 25500556 43775575
1790339705412 0 57095 0 3656816582 3610809138 0 0 0 0 0 0 1574343595 21025286 4166381568 225587200 0 35751317 23769355 10387855 25692583 44185723
1790339706431 0 96293 70 3656904940 3610858223 0 0 0 0 0 0 1574405750 21025530 4166344704 394416128 13381632 35947475 23904158 10451543 25842877 44364454
1790339707449 0 76009 801 3656978817 3610951719 0 0 0 0 0 0 1574460542 21025729 4167036928 322707456 4898816 36123585 24021033 10506380 25922233 44576491
1790339708480 0 92681 50 3657059975 3611017010 0 0 0 0 0 0 1574520693 21025985 4167487488 371949568 0 36321542 24145646 10564441 26041475 44800028
1790339709508 0 52237 409 3657107252 3611104213 0 0 0 0 0 0 1574550936 21026125 4167471104 218501120 3219456 36427875 24215724 10596812 26160052 45059307
1790339710527 0 63890 0 3657178395 3611164159 0 0 0 0 0 0 1574605442 21026324 4168105984 252727296 0 36600544 24322184 10649703 26412648 45418051
1790339711551 0 94186 0 3657260879 3611216385 0 0 0 0 0 0 1574668586 21026554 4168597504 377430016 0 36794219 24452245 10712856 26578419 45614579
1790339712572 0 68304 5715 3657331322 3611307363 0 0 0 0 0 0 1574713255 21026726 4167794688 308846592 0 36944278 24552797 10757523 26711316 46008521
1790339713592 0 81358 499 3657402691 3611370591 0 0 0 0 0 0 1574768192 21026933 4167966720 333230080 12554240 37128702 24670199 10813984 26889992 46333176
1790339714616 0 89575 340 3657473044 3611432833 0 0 0 0 0 0 1574823892 21027150 4168802304 376111104 1454080 37305438 24786595 10869685 27000782 46647158
1790339715636 0 27317 0 3657513916 3611536145 0 0 0 0 0 0 1574856668 21027282 4168839168 107552768 0 37398965 24850641 10900480 27188767 47161714
1790339716655 0 105951 0 3657621143 3611564802 0 0 0 0 0 0 1574929143 21027574 4168220672 425582592 0 37637694 25009167 10973909 27429345 47394848
1790339717674 0 77928 888 3657676073 3611646866 0 0 0 0 0 0 1574958386 21027708 4167340032 324268032 7446528 37768481 25091400 11004233 27513346 47665696
1790339718699 0 60274 322 3657757658 3611746778 0 0 0 0 0 0 1575011228 21027929 4167630848 260694016 1921024 37952273 25209150 11057072 27714376 47957471
1790339719717 0 85151 0 3657849159 3611813639 0 0 0 0 0 0 1575094961 21028262 4169297920 340516864 0 38187504 25367660 11139746 27826822 48105841
1790339720741 0 7549 2163 3657883569 3611923503 0 0 0 0 0 0 1575117067 21028345 4168712192 36593664 7962624 38263976 25420281 11162860 27987325 48711629
1790339721760 0 94110 2890 3657996143 3611948851 0 0 0 0 0 0 1575190912 21028637 4167368704 385474560 19169280 38505500 25585831 11236705 28198658 48911190
1790339722779 0 82285 0 3658059229 3612026465 0 0 0 0 0 0 1575241177 21028814 4168151040 333860864 0 38669489 25679808 11284317 28276931 49120437
1790339723798 0 72541 4438 3658134321 3612107055 0 0 0 0 0 0 1575301214 21029043 4168810496 315871232 9719808 38865077 25804239 11347005 28387486 49334562
1790339724817 0 84235 0 3658201424 3612166759 0 0 0 0 0 0 1575346909 21029214 4168658944 342028288 0 39010931 25902681 11390142 28541957 49769775
1790339725836 0 9697 0 3658238598 3612278527 0 0 0 0 0 0 1575373548 21029334 4168425472 31641600 0 39092688 25961685 11417898 28661418 50281902
1790339726856 0 67926 0 3658331604 3612313344 0 0 0 0 0 0 1575454720 21029615 4168241152 270094336 0 39335090 26123135 11499458 28856256 50537266
1790339727875 0 101834 1095 3658431612 3612378293 0 0 0 0 0 0 1575514806 21029863 4167688192 413921280 0 39540283 26267194 11559997 28947912 50698841
1790339728899 0 61650 3796 3658497026 3612481311 0 0 0 0 0 0 1575557490 21030037 4166365184 273383424 3526656 39703531 26365072 11603283 29125077 50994665
1790339729920 0 32 0 3658497061 3612546707 0 0 0 0 0 0 1575592535 21030240 4193800192 131072 0 39730802 26390855 11635752 29141101 51232089
1790339730940 0 33 0 3658497062 3612546707 0 0 0 0 0 0 1575784169 21031136 4195450880 131072 0 39944328 26581089 11826409 29271690 51330703
1790339731960 0 33 0 3658497062 3612546707 0 0 0 0 0 0 1575975153 21031872 4199596032 131072 0 40282489 26773071 12019383 29422457 51378194
1790339732980 0 33 0 3658497062 3612546707 0 0 0 0 0 0 1576147132 21033052 4201500672 131072 0 40723894 26943317 12190094 29615000 51418274
1790339734000 0 14 0 3658497063 3612546707 0 0 0 0 0 0 1576186554 21033696 246652928 4096 0 40783386 26985650 12232347 29630801 51429492
