1790338158952 0 4 0 3566437010 3520502007 0 0 0 0 0 0 1519907153 20879204 - - - - - - - -
1790338160634 0 151771 2121 3566721435 3520632880 0 0 0 0 0 0 1519907159 20879251 1118720000 621076480 10489856 0 0 6 0 274959
1790338161710 0 149457 5016 3566851747 3520762235 0 0 0 0 0 0 1519907159 20879251 1681911808 595439616 28917760 0 0 6 0 602003
1790338162731 0 132001 2032 3566968559 3520899453 0 0 0 0 0 0 1519907159 20879251 2159222784 522895360 16752640 0 0 6 0 729128
1790338163750 0 143472 10193 3567117170 3521028506 0 0 0 0 0 0 1519907159 20879251 2785624064 587251712 41943040 0 0 6 0 1044910
1790338164769 0 150209 2048 3567255074 3521167800 0 0 0 0 0 0 1519907159 20879251 3337838592 619397120 8388608 0 0 6 0 1293130
1790338165788 0 143613 4096 3567381616 3521298874 0 0 0 0 0 0 1519907159 20879251 3858030592 594341888 8388608 0 0 6 0 1488106
1790338166812 0 144700 4088 3567515810 3521431996 0 0 0 0 0 0 1519907159 20879251 4158304256 596545536 8388608 126939 60345 6 53805 1781918
1790338167834 0 151220 1046 3567611525 3521524157 0 0 0 0 0 0 1519914905 20879278 4158173184 615362560 7860224 299040 163502 7670 155668 2176273
1790338168853 0 81067 2041 3567671351 3521653158 0 0 0 0 0 0 1519919231 20879286 4157734912 326983680 8343552 394752 227826 11996 200006 2421355
1790338169873 0 123605 22528 3567799917 3521718785 0 0 0 0 0 0 1519927928 20879301 4157136896 552124416 50606080 582285 367486 20693 297977 2663841
1790338170892 0 133496 0 3567884522 3521816068 0 0 0 0 0 0 1519936190 20879316 4156948480 534204416 0 709986 458390 28955 343665 2733193
1790338171912 0 100353 0 3567955909 3521920518 0 0 0 0 0 0 1519942816 20879328 4156760064 398475264 0 813395 536084 35294 407618 3200442
1790338172936 0 65687 2084 3568024627 3522021882 0 0 0 0 0 0 1519954442 20879349 4157014016 262746112 8425472 917586 618218 47207 437614 3451821
1790338173960 0 93095 2040 3568135995 3522105861 0 0 0 0 0 0 1519970225 20879377 4157382656 393441280 12828672 1108720 746634 62850 561439 3714272
1790338174980 0 31265 0 3568183771 3522217479 0 0 0 0 0 0 1519985030 20879401 4158316544 117239808 0 1210187 806243 77542 611729 3992766
1790338176005 0 113022 964 3568308362 3522259484 0 0 0 0 0 0 1520019604 20879460 4160237568 466542592 12337152 1464737 966739 112330 748593 4210967
1790338177024 0 151895 0 3568406792 3522319880 0 0 0 0 0 0 1520058938 20879525 4163076096 611016704 0 1645583 1101768 151282 830292 4381547
1790338178043 0 113659 0 3568468903 3522420234 0 0 0 0 0 0 1520077933 20879559 4164411392 453046272 0 1758704 1182657 170716 932748 4882934
1790338179063 0 85165 24 3568536770 3522516526 0 0 0 0 0 0 1520112179 20879618 4166959104 337772544 0 1898118 1283833 204404 1050322 5300621
1790338180087 0 68989 11878 3568609709 3522594287 0 0 0 0 0 0 1520141796 20879664 4169080832 288571392 100663296 2037085 1388431 234497 1089539 5650300
1790338181107 0 74910 0 3568690228 3522680212 0 0 0 0 0 0 1520172889 20879714 4170887168 296611840 0 2185240 1497143 265159 1202786 6076863
1790338182132 0 61293 15084 3568770712 3522759337 0 0 0 0 0 0 1520209891 20879783 4173012992 312967168 75497472 2350589 1617191 302618 1254623 6335020
1790338183155 0 104405 12288 3568866327 3522814635 0 0 0 0 0 0 1520240145 20879848 4174209024 427012096 50331648 2547148 1742584 332880 1308606 6489785
1790338184184 0 135801 2058 3568955040 3522882195 0 0 0 0 0 0 1520292758 20879938 4176826368 572436480 8388608 2746746 1883014 385198 1431479 6741284
1790338185203 0 146041 0 3569033826 3522952720 0 0 0 0 0 0 1520325830 20879991 4177498112 587079680 0 2913835 1991647 417997 1554223 7130279
1790338186227 0 918 0 3569050437 3523114449 0 0 0 0 0 0 1520332534 20880003 4177133568 2121728 11190272 2951289 2017407 424758 1628357 7804685
1790338187247 0 143908 0 3569193360 3523114450 0 0 0 0 0 0 1520390709 20880103 4177379328 580997120 0 3238204 2216176 482353 1719445 7855291
1790338188266 0 134602 0 3569270149 3523200530 0 0 0 0 0 0 1520427228 20880163 4177838080 539082752 0 3395815 2329485 519999 1841152 8120671
1790338189286 0 119966 0 3569339443 3523284499 0 0 0 0 0 0 1520476704 20880249 4178399232 486871040 0 3579136 2447485 566918 1974427 8554672
1790338190306 0 115174 0 3569418626 3523368470 0 0 0 0 0 0 1520518450 20880319 4179202048 464826368 0 3752943 2568878 609925 2050397 8771801
1790338191328 0 4090 0 3569464705 3523525562 0 0 0 0 0 0 1520537689 20880352 4178800640 8470528 0 3846406 2634222 629514 2134608 9349084
1790338192348 0 135561 0 3569596121 3523525562 0 0 0 0 0 0 1520612258 20880484 4180176896 551006208 0 4146699 2840661 703929 2234338 9405987
1790338193368 0 130090 0 3569674618 3523609531 0 0 0 0 0 0 1520663801 20880571 4180955136 527601664 0 4345622 2969675 754884 2349833 9708335
1790338194388 0 124128 0 3569752666 3523693500 0 0 0 0 0 0 1520716968 20880656 4182609920 499884032 0 4534492 3100572 808990 2419794 9949278
1790338195408 0 121710 0 3569832189 3523775421 0 0 0 0 0 0 1520768224 20880745 4182409216 494264320 0 4731750 3231254 859078 2560293 10323129
1790338196432 0 1514 4 3569869638 3523933018 0 0 0 0 0 0 1520798438 20880801 4182859776 2125824 0 4826247 3298452 888933 2659434 10852117
1790338197451 0 110996 0 3569979049 3523933035 0 0 0 0 0 0 1520900408 20880979 4185198592 445747200 0 5140838 3509197 992058 2852483 10986641
1790338198471 0 99795 90 3570051870 3524017011 0 0 0 0 0 0 1520970595 20881103 4187193344 402571264 0 5348336 3651873 1061801 2931508 11200279
1790338199491 0 101293 9 3570135411 3524098998 0 0 0 0 0 0 1521041397 20881226 4188225536 409583616 0 5582485 3805944 1132500 3105993 11434721
1790338200510 0 101156 48 3570217148 3524180956 0 0 0 0 0 0 1521110003 20881341 4188135424 408174592 0 5805178 3957087 1202052 3232805 11718451
1790338201534 0 4691 26624 3570270505 3524304191 0 0 0 0 0 0 1521161974 20881429 4188209152 19210240 109051904 5974645 4064618 1254709 3408779 12178994
1790338202554 0 95477 0 3570366101 3524335505 0 0 0 0 0 0 1521256120 20881597 4188717056 384806912 0 6248312 4250844 1347225 3568987 12345541
1790338203573 0 85629 73 3570437851 3524417364 0 0 0 0 0 0 1521313477 20881699 4187856896 343277568 0 6445833 4380740 1405156 3747019 12672898
1790338204599 0 80001 10250 3570507720 3524482500 0 0 0 0 0 0 1521389705 20881832 4187971584 327348224 50331648 6660453 4529394 1482413 3830401 12815567
1790338205635 0 103309 10141 3570588231 3524539896 0 0 0 0 0 0 1521469532 20881972 4188663808 481107968 39772160 6903645 4689477 1562123 3958735 13049880
1790338206676 0 126940 10209 3570661207 3524589059 0 0 0 0 0 0 1521557023 20882149 4189487104 561758208 33554432 7158550 4849045 1649758 4153499 13329169
1790338207701 0 27079 30 3570696146 3524733945 0 0 0 0 0 0 1521610629 20882303 4189614080 105558016 0 7285177 4932240 1701014 4235987 13886404
1790338208728 0 78655 6700 3570794356 3524774621 0 0 0 0 0 0 1521708626 20882638 4189765632 322170880 56737792 7583686 5127468 1801297 4434634 14159798
1790338209771 0 81365 17 3570864061 3524847567 0 0 0 0 0 0 1521786421 20882887 4189417472 336924672 22577152 7810575 5271378 1878928 4648195 14514508
1790338210795 0 131850 0 3570950304 3524883469 0 0 0 0 0 0 1521867338 20883158 4188876800 530739200 0 8051718 5432693 1959521 4788440 14702878
1790338211827 0 113074 2623 3571015997 3524965421 0 0 0 0 0 0 1521929995 20883379 4188184576 476962816 17899520 8251719 5560683 2022718 4940800 15151634
1790338212846 0 28276 0 3571048375 3525085101 0 0 0 0 0 0 1521971038 20883506 4188209152 107581440 0 8350726 5629244 2062552 4980379 15493076
1790338213865 0 129421 0 3571149554 3525085101 0 0 0 0 0 0 1522088206 20883900 4188385280 523939840 0 8670739 5842182 2178937 5194285 15677411
1790338214884 0 78533 0 3571188761 3525175217 0 0 0 0 0 0 1522141259 20884049 4189163520 310349824 0 8806195 5932338 2233208 5246957 15862215
1790338215904 0 74332 0 3571246006 3525236662 0 0 0 0 0 0 1522203783 20884254 4188880896 302444544 0 8996514 6050091 2294160 5506885 16259457
1790338216924 0 23804 46154 3571300395 3525295431 0 0 0 0 0 0 1522274336 20884472 4189425664 97501184 195325952 9190514 6175158 2367071 5674496 16632420
1790338217944 0 49869 0 3571351315 3525366441 0 0 0 0 0 0 1522337289 20884664 4189487104 202297344 0 9363496 6283318 2427317 5819818 17137503
1790338218963 0 128689 780 3571443734 3525379218 0 0 0 0 0 0 1522449228 20885019 4189773824 527110144 13660160 9686354 6486066 2541963 5946881 17255582
1790338219989 0 73746 0 3571483758 3525474993 0 0 0 0 0 0 1522489869 20885151 4189007872 291614720 0 9793621 6561217 2581423 6079729 17829247
1790338221013 0 74877 0 3571535001 3525525173 0 0 0 0 0 0 1522575147 20885390 4189609984 306483200 0 10005786 6696220 2665289 6160528 18018203
1790338222037 0 17441 6227 3571579183 3525620544 0 0 0 0 0 0 1522619828 20885543 4189126656 71438336 37826560 10142455 6785667 2712563 6331166 18575226
1790338223057 0 66290 0 3571657361 3525656007 0 0 0 0 0 0 1522709971 20885829 4189401088 261300224 0 10382431 6946628 2801943 6548446 18887584
1790338224092 0 86477 0 3571726740 3525705162 0 0 0 0 0 0 1522793123 20886099 4189007872 347930624 0 10616770 7095139 2883573 6762238 19099180
1790338225129 0 55365 1241 3571777440 3525785849 0 0 0 0 0 0 1522840945 20886268 4188037120 226721792 14442496 10780050 7195301 2933680 6973945 19539184
1790338226150 0 31962 0 3571823715 3525856666 0 0 0 0 0 0 1522902338 20886459 4188454912 122671104 0 10931715 7296445 2992966 7068316 19759763
1790338227171 0 127266 0 3571919022 3525856729 0 0 0 0 0 0 1523025640 20886840 4188241920 520105984 0 11250807 7511766 3116266 7194546 19862456
1790338228191 0 27822 0 3571949659 3525986789 0 0 0 0 0 0 1523055405 20886946 4187774976 110546944 0 11349544 7569872 3145929 7224889 20060076
1790338229215 0 88473 2044 3572042017 3526016547 0 0 0 0 0 0 1523154261 20887286 4187922432 374444032 6234112 11643851 7759504 3246934 7343981 20210362
1790338230248 0 60999 0 3572092352 3526096366 0 0 0 0 0 0 1523199861 20887440 4186750976 241360896 0 11788018 7849313 3290787 7421289 20372630
1790338231274 0 28322 38 3572141615 3526178241 0 0 0 0 0 0 1523254300 20887620 4186591232 114118656 10305536 11950330 7953877 3347068 7531862 20632096
1790338232293 0 100803 0 3572228435 3526192633 0 0 0 0 0 0 1523357500 20887958 4186296320 402378752 0 12217991 8136709 3449505 7768672 20862056
1790338233313 0 24728 0 3572265532 3526305771 0 0 0 0 0 0 1523401914 20888101 4186693632 97075200 0 12353512 8216266 3492484 7948353 21462732
1790338234332 0 113089 1533 3572365136 3526315473 0 0 0 0 0 0 1523510375 20888472 4186370048 471355392 8409088 12664758 8421970 3603078 8057800 21559995
1790338235351 0 97830 0 3572419459 3526386671 0 0 0 0 0 0 1523581747 20888689 4186447872 394420224 0 12848541 8541904 3672303 8273324 21980307
1790338236375 0 80917 836 3572478495 3526461750 0 0 0 0 0 0 1523651334 20888916 4186181632 340123648 3162112 13041630 8670198 3743996 8419713 22332539
1790338237395 0 5133 39522 3572525711 3526546055 0 0 0 0 0 0 1523702372 20889093 4186263552 77864960 118726656 13198126 8767068 3795107 8623433 22794653
1790338238417 0 83909 0 3572610489 3526591622 0 0 0 0 0 0 1523780335 20889386 4185427968 331177984 0 13434436 8922761 3872879 8713938 22987056
1790338239441 0 99323 657 3572678285 3526643397 0 0 0 0 0 0 1523878332 20889682 4186300416 416645120 5169152 13681322 9087933 3970848 8829264 23247210
1790338240460 0 34614 0 3572718916 3526749330 0 0 0 0 0 0 1523919670 20889829 4186525696 137613312 0 13797113 9164650 4009934 8980263 23654696
1790338241480 0 111647 0 3572811366 3526764692 0 0 0 0 0 0 1524019208 20890183 4185157632 448954368 0 14080297 9351940 4110280 9124451 23771195
1790338242499 0 27216 22776 3572851372 3526866389 0 0 0 0 0 0 1524079134 20890356 4185571328 185913344 31301632 14243712 9453449 4171869 9282304 24260777
1790338243519 0 69398 0 3572922323 3526917940 0 0 0 0 0 0 1524158993 20890621 4186157056 274927616 0 14455602 9597960 4251156 9373107 24450519
1790338244538 0 95232 18813 3573004424 3526955352 0 0 0 0 0 0 1524256863 20890938 4185169920 463458304 18227200 14723853 9776445 4349595 9454002 24548631
1790338245557 0 29360 0 3573035836 3527071545 0 0 0 0 0 0 1524278848 20891034 4184322048 112369664 0 14806229 9825005 4369607 9617132 25156677
1790338246580 0 79202 0 3573116495 3527102274 0 0 0 0 0 0 1524374059 20891355 4184940544 311861248 0 15053472 9996900 4466173 9756290 25305563
1790338247607 0 77803 20403 3573191358 3527158159 0 0 0 0 0 0 1524458585 20891647 4184035328 318885888 96362496 15294251 10156771 4551320 9877747 25501358
1790338248626 0 42154 0 3573236721 3527259518 0 0 0 0 0 0 1524506103 20891809 4183830528 166526976 0 15424740 10244706 4597749 9957329 25791490
1790338249645 0 102154 0 3573320300 3527283077 0 0 0 0 0 0 1524612096 20892149 4184743936 412827648 0 15702995 10429514 4702743 10121643 25960962
1790338250665 0 119855 0 3573390197 3527335303 0 0 0 0 0 0 1524697379 20892421 4186214400 488939520 0 15947324 10582445 4788062 10337450 26329093
1790338251689 0 70461 4454 3573431935 3527421981 0 0 0 0 0 0 1524752517 20892589 4185927680 315674624 0 16110661 10678961 4844732 10474546 26775133
1790338252708 0 47559 0 3573484860 3527502275 0 0 0 0 0 0 1524814028 20892794 4186099712 188678144 0 16278796 10788625 4904959 10574960 26994677
1790338253729 0 34079 1025 3573543428 3527573432 0 0 0 0 0 0 1524894121 20893030 4186091520 156172288 4141056 16491986 10927127 4986641 10702613 27414937
1790338254758 0 57663 514 3573613905 3527620767 0 0 0 0 0 0 1524982473 20893304 4186382336 240160768 8409088 16731218 11082775 5075202 10824237 27580521
1790338255784 0 78287 10732 3573684711 3527660677 0 0 0 0 0 0 1525082408 20893603 4187303936 320659456 67596288 17002159 11250702 5175079 10938860 27743723
1790338256817 0 46622 34 3573722684 3527741096 0 0 0 0 0 0 1525130579 20893748 4186984448 190963712 7323648 17141589 11334775 5222958 11197385 28249394
1790338257836 0 79754 0 3573791786 3527776908 0 0 0 0 0 0 1525219750 20894034 4187492352 322150400 0 17370749 11486688 5310291 11352368 28452510
1790338258859 0 89027 3029 3573863447 3527836375 0 0 0 0 0 0 1525292367 20894288 4185686016 379904000 7512064 17585986 11631844 5385102 11581992 28858383
1790338259878 0 37569 0 3573905644 3527933083 0 0 0 0 0 0 1525347285 20894456 4185272320 149704704 0 17726603 11724466 5438213 11772343 29308504
1790338260897 0 110484 0 3573991886 3527946397 0 0 0 0 0 0 1525454636 20894796 4186537984 444215296 0 18022655 11913629 5546030 11842390 29371412
1790338261921 0 42125 3273 3574027268 3528046936 0 0 0 0 0 0 1525488126 20894912 4186234880 186597376 0 18139284 11982180 5579676 11982550 29963262
1790338262945 0 65734 4672 3574092529 3528087181 0 0 0 0 0 0 1525575952 20895177 4187258880 290054144 0 18358140 12131219 5667673 12199988 30291021
1790338263965 0 96128 0 3574170140 3528138926 0 0 0 0 0 0 1525644241 20895424 4185329664 388775936 0 18576540 12273788 5734738 12308614 30549946
1790338264989 0 12775 574 3574202455 3528254107 0 0 0 0 0 0 1525684627 20895550 4185620480 60887040 2191360 18688803 12348318 5777188 12353669 30805343
1790338266008 0 86038 0 3574295107 3528274036 0 0 0 0 0 0 1525776436 20895878 4184252416 348213248 0 18960717 12525624 5866794 12466075 30975299
1790338267032 0 86741 7905 3574359268 3528329689 0 0 0 0 0 0 1525854575 20896133 4185407488 355291136 42602496 19164008 12668108 5947246 12620264 31269471
1790338268053 0 48938 1026 3574398272 3528413261 0 0 0 0 0 0 1525896942 20896282 4185079808 223698944 1916928 19282576 12747715 5989410 12773557 31793271
1790338269073 0 72880 26 3574465292 3528457382 0 0 0 0 0 0 1525977553 20896542 4186132480 291639296 0 19499165 12889591 6069030 12966151 32141836
1790338270104 0 15888 1024 3574518026 3528566061 0 0 0 0 0 0 1526013826 20896696 4185042944 82677760 4206592 19638576 12979195 6106214 13133673 32703963
1790338271127 0 65442 0 3574596678 3528596177 0 0 0 0 0 0 1526110815 20897010 4186488832 260198400 0 19900217 13148161 6202379 13354921 32981204
1790338272151 0 88181 0 3574665443 3528642274 0 0 0 0 0 0 1526206960 20897303 4187906048 356995072 0 20146518 13309720 6297556 13461597 33137166
1790338273170 0 52946 27 3574710132 3528722182 0 0 0 0 0 0 1526262470 20897483 4187430912 214773760 4554752 20301514 13410411 6354972 13708710 33567260
1790338274189 0 96254 0 3574792308 3528761069 0 0 0 0 0 0 1526346244 20897771 4186464256 385445888 0 20552306 13570768 6438293 13901767 33901912
1790338275214 0 25884 529 3574835898 3528874559 0 0 0 0 0 0 1526389110 20897921 4186419200 105971712 5406720 20692780 13656454 6481820 13994386 34237996
1790338276234 0 56566 0 3574905483 3528913890 0 0 0 0 0 0 1526468305 20898181 4186021888 221257728 0 20914799 13800452 6560382 14081259 34357731
1790338277257 0 94700 0 3574984496 3528954875 0 0 0 0 0 0 1526554670 20898480 4185624576 379465728 0 21150083 13962662 6646227 14214551 34509723
1790338278277 0 113886 0 3575053903 3529005032 0 0 0 0 0 0 1526629972 20898739 4185780224 456937472 0 21372506 14104200 6721626 14297682 34641756
1790338279302 0 89197 803 3575108274 3529083356 0 0 0 0 0 0 1526695603 20898951 4186095616 365916160 13713408 21553700 14225288 6788371 14386814 34985206
1790338280320 0 14382 0 3575148424 3529199036 0 0 0 0 0 0 1526738491 20899095 4186509312 52846592 0 21672189 14302987 6829535 14524615 35528660
1790338281339 0 101278 0 3575243450 3529207213 0 0 0 0 0 0 1526845322 20899459 4186025984 408477696 0 21971900 14501289 6936473 14615241 35610419
1790338282359 0 70127 67 3575290144 3529285047 0 0 0 0 0 0 1526911217 20899664 4187586560 287256576 5615616 22147682 14614381 7003652 14696768 35808619
1790338283379 0 61680 1571 3575345232 3529346975 0 0 0 0 0 0 1526978756 20899885 4188008448 252641280 19017728 22336191 14734712 7071427 14820481 36022883
1790338284415 0 72625 0 3575415533 3529407959 0 0 0 0 0 0 1527065235 20900163 4187770880 289202176 0 22571739 14885105 7156271 14912383 36154760
1790338285439 0 2310 0 3575453891 3529516493 0 0 0 0 0 0 1527113132 20900320 4187631616 278528 0 22700800 14970690 7205503 14967619 36481453
1790338286458 0 93567 0 3575551246 3529522597 0 0 0 0 0 0 1527220467 20900681 4187017216 370679808 0 23001127 15170277 7312556 15150897 36657206
1790338287478 0 103545 0 3575616858 3529578275 0 0 0 0 0 0 1527292523 20901007 4186652672 419553280 0 23214706 15305046 7382865 15255764 36992674
1790338288509 0 69537 1533 3575664769 3529658774 0 0 0 0 0 0 1527343595 20901181 4186542080 296210432 2957312 23365544 15403391 7435648 15491874 37480737
1790338289533 0 86627 0 3575728424 3529706759 0 0 0 0 0 0 1527418648 20901412 4186906624 347615232 0 23573816 15537121 7509391 15611648 37713066
1790338290552 0 12190 0 3575762279 3529815148 0 0 0 0 0 0 1527460233 20901549 4187021312 40194048 0 23679485 15611540 7552336 15687356 37994701
1790338291572 0 95896 0 3575853555 3529822669 0 0 0 0 0 0 1527564045 20901906 4187062272 385323008 0 23964738 15801429 7654694 15844513 38153660
1790338292596 0 71161 3233 3575912385 3529903019 0 0 0 0 0 0 1527621526 20902113 4186456064 311975936 3211264 24154069 15918665 7714154 15908810 38371233
1790338293615 0 52878 0 3575955867 3529967932 0 0 0 0 0 0 1527686096 20902304 4187398144 211070976 0 24318366 16021362 7777085 16073033 38833790
1790338294635 0 104353 0 3576038401 3529998982 0 0 0 0 0 0 1527764022 20902581 4187140096 421552128 0 24545568 16177880 7854924 16304257 39124369
1790338295659 0 37303 876 3576077937 3530104712 0 0 0 0 0 0 1527810978 20902735 4187127808 164712448 1961984 24683351 16265318 7903442 16440876 39698645
1790338296678 0 69229 0 3576149644 3530145448 0 0 0 0 0 0 1527899686 20903022 4187848704 275918848 0 24927093 16419141 7990689 16654843 40022972
1790338297698 0 111636 38 3576226867 3530180158 0 0 0 0 0 0 1527987477 20903302 4187930624 450396160 0 25162742 16580470 8078722 16763113 40179051
1790338298717 0 33331 7 3576261519 3530293107 0 0 0 0 0 0 1528029571 20903438 4187762688 136728576 11124736 25286056 16658610 8122298 17062885 40751639
1790338299736 0 92320 0 3576340329 3530312938 0 0 0 0 0 0 1528123152 20903737 4187525120 375091200 0 25546789 16824292 8213683 17221792 40926977
1790338300764 0 45914 1029 3576387095 3530405307 0 0 0 0 0 0 1528184034 20903924 4188626944 206995456 1740800 25712264 16932200 8276498 17323120 41167238
1790338301786 0 57803 0 3576447173 3530454412 0 0 0 0 0 0 1528262803 20904172 4189159424 224628736 0 25927017 17064954 8354736 17430034 41480155
1790338302806 0 93781 0 3576524050 3530495140 0 0 0 0 0 0 1528343528 20904440 4188565504 376406016 0 26169205 17219232 8435112 17561385 41745966
1790338303826 0 80907 5329 3576582110 3530560900 0 0 0 0 0 0 1528403027 20904650 4187521024 362770432 0 26334885 17335841 8494908 17649831 41964707
1790338304845 0 68790 0 3576628566 3530624777 0 0 0 0 0 0 1528459693 20904833 4187762688 279396352 0 26495675 17434962 8549736 17791249 42233455
1790338305870 0 53420 2123 3576685943 3530695501 0 0 0 0 0 0 1528525627 20905050 4187545600 218529792 21016576 26677214 17558889 8618354 17908255 42632212
1790338306891 0 36251 0 3576732607 3530761303 0 0 0 0 0 0 1528584284 20905234 4188606464 145641472 0 26824165 17658626 8674492 18007668 42885032
1790338307915 0 97918 10287 3576824901 3530781723 0 0 0 0 0 0 1528679484 20905555 4188086272 401334272 54640640 27107804 17845157 8772179 18206644 43097937
1790338308935 0 65191 3697 3576870962 3530867102 0 0 0 0 0 0 1528721663 20905714 4187004928 267022336 23515136 27243000 17931473 8814390 18354273 43619098
1790338309954 0 61749 0 3576924119 3530927412 0 0 0 0 0 0 1528782452 20905918 4186853376 246636544 0 27406445 18039708 8873314 18465283 43934913
1790338310979 0 64894 967 3576991373 3530990579 0 0 0 0 0 0 1528847607 20906152 4187316224 276037632 1810432 27602782 18172049 8940174 18628198 44361462
1790338311997 0 49661 0 3577046246 3531061513 0 0 0 0 0 0 1528906686 20906357 4186906624 198107136 0 27760826 18280333 8997178 18735228 44736405
1790338313019 0 118090 2111 3577133512 3531078335 0 0 0 0 0 0 1529012979 20906704 4187045888 490483712 13819904 28045189 18473110 9105697 18946398 44946741
1790338314049 0 67730 57 3577171792 3531169068 0 0 0 0 0 0 1529057806 20906851 4188012544 273166336 0 28163319 18550274 9147677 19119204 45414495
1790338315080 0 56577 0 3577219363 3531227808 0 0 0 0 0 0 1529123608 20907057 4188647424 231825408 0 28345775 18662454 9213565 19223424 45603886
1790338316104 0 36735 1411 3577279994 3531306761 0 0 0 0 0 0 1529192407 20907280 4189245440 160399360 6078464 28543418 18791505 9285102 19359932 46039193
1790338317124 0 77492 0 3577358955 3531346465 0 0 0 0 0 0 1529265243 20907555 4188147712 305381376 0 28768174 18936473 9356828 19439592 46207941
1790338318143 0 107150 0 3577429231 3531387069 0 0 0 0 0 0 1529351323 20907846 4188413952 431869952 0 29001731 19089898 9442266 19626304 46521941
1790338319163 0 26200 42 3577457201 3531495987 0 0 0 0 0 0 1529389118 20907972 4188053504 103129088 0 29108937 19155248 9480440 19697613 46775843
1790338320183 0 86080 0 3577544928 3531523899 0 0 0 0 0 0 1529475514 20908279 4187631616 347557888 0 29353333 19325201 9566825 19847226 46974066
1790338321208 0 89594 1404 3577609066 3531583069 0 0 0 0 0 0 1529553592 20908536 4187725824 379023360 4206592 29574530 19466717 9646214 19977208 47250394
1790338322227 0 34185 0 3577646529 3531677182 0 0 0 0 0 0 1529603825 20908695 4188770304 133378048 0 29703809 19548801 9694394 20079816 47717696
1790338323246 0 120376 0 3577741384 3531685988 0 0 0 0 0 0 1529707664 20909038 4189241344 481071104 0 30006067 19743306 9799614 20159654 47782699
1790338324271 0 46694 2190 3577777636 3531793815 0 0 0 0 0 0 1529739315 20909154 4187901952 216252416 0 30118712 19813010 9831661 20429628 48340712
1790338325295 0 83245 0 3577848408 3531830137 0 0 0 0 0 0 1529811303 20909410 4187197440 332599296 0 30328719 19950432 9903515 20484655 48432669
1790338326326 0 94151 11388 3577918115 3531877675 0 0 0 0 0 0 1529885626 20909677 4187402240 385519616 60751872 30551582 20093562 9978354 20546608 48560865
1790338327346 0 32587 0 3577953757 3531986210 0 0 0 0 0 0 1529916700 20909791 4186886144 120233984 0 30637408 20155452 10009257 20633108 48868393
1790338328365 0 112625 8153 3578051871 3531996312 0 0 0 0 0 0 1530019655 20910152 4186636288 484794368 22028288 30927811 20355250 10112397 20801089 49008579
1790338329388 0 92698 0 3578096876 3532069132 0 0 0 0 0 0 1530074023 20910330 4186968064 367607808 0 31076086 20448809 10166051 20879512 49285927
1790338330409 0 60659 0 3578139777 3532144059 0 0 0 0 0 0 1530118078 20910484 4186861568 244084736 0 31205379 20534667 10209016 21014896 49638191
1790338331434 0 82342 3459 3578215678 3532194777 0 0 0 0 0 0 1530190101 20910743 4187070464 337526784 24625152 31425237 20682042 10282890 21102926 49873585
1790338332454 0 32046 0 3578253423 3532286302 0 0 0 0 0 0 1530228375 20910885 4186415104 126554112 0 31534847 20753492 10319180 21189186 50057934
1790338333474 0 100321 0 3578336674 3532301352 0 0 0 0 0 0 1530335451 20911227 4187574272 404332544 0 31812365 20939011 10426054 21416254 50297257
1790338334498 0 41045 4745 3578387295 3532406617 0 0 0 0 0 0 1530386276 20911404 4187656192 179204096 23269376 31966007 21041724 10478984 21570556 50805421
1790338335524 0 47847 0 3578439601 3532456696 0 0 0 0 0 0 1530448873 20911609 4188372992 187727872 0 32134023 21150481 10540056 21724282 51059070
1790338336545 0 122711 0 3578522869 3532465106 0 0 0 0 0 0 1530555648 20911957 4189167616 492527616 0 32415185 21337268 10647677 21871327 51189185
1790338337565 0 10308 0 3578541888 3532596538 0 0 0 0 0 0 1530577994 20912032 4189265920 33869824 0 32479976 21377254 10669478 21984620 51839081
1790338338585 0 107088 0 3578638597 3532596538 0 0 0 0 0 0 1530692763 20912393 4188033024 435724288 0 32787383 21585124 10782794 22110814 51938594
1790338339623 0 72539 1392 3578688722 3532679757 0 0 0 0 0 0 1530748083 20912583 4187897856 329064448 4206592 32963277 21690291 10840283 22238926 52270560
1790338340667 0 49355 0 3578730652 3532746285 0 0 0 0 0 0 1530797909 20912741 4188160000 202186752 0 33109343 21778855 10888869 22330306 52542071
1790338341687 0 67797 26353 3578806072 3532777024 0 0 0 0 0 0 1530893006 20913057 4188864512 395112448 0 33364484 21946282 10985702 22469513 52713302
1790338342706 0 25380 0 3578835175 3532874769 0 0 0 0 0 0 1530930814 20913177 4188909568 97181696 0 33451810 22009549 11021739 22598249 53334350
1790338343726 0 93142 0 3578916844 3532888612 0 0 0 0 0 0 1531037354 20913513 4189188096 377020416 0 33735882 22193834 11127748 22720378 53464572
1790338344752 0 57938 18 3578963008 3532969971 0 0 0 0 0 0 1531090308 20913695 4189044736 262512640 0 33897269 22293138 11182174 22835420 53716637
1790338345793 0 58632 0 3579018310 3533024679 0 0 0 0 0 0 1531162334 20913915 4189548544 233676800 0 34100297 22415061 11252948 23057783 54013627
1790338346818 0 99281 0 3579096178 3533061890 0 0 0 0 0 0 1531235993 20914173 4188590080 396189696 0 34323678 22563448 11327552 23237440 54298803
1790338347838 0 14797 0 3579119322 3533169550 0 0 0 0 0 0 1531273499 20914278 4189016064 52887552 0 34419388 22623395 11364970 23400244 55000829
1790338348858 0 93098 1022 3579213032 3533183951 0 0 0 0 0 0 1531375171 20914637 4187750400 381259776 14553088 34714825 22818344 11467884 23489513 55094863
1790338349884 0 80950 2209 3579266482 3533248290 0 0 0 0 0 0 1531436776 20914840 4188127232 358916096 0 34894847 22930582 11529432 23681139 55398937
1790338350905 0 59606 0 3579310612 3533316033 0 0 0 0 0 0 1531502649 20915030 4188745728 240066560 0 35062925 23036228 11593253 23859531 55778142
1790338351924 0 59672 21575 3579376382 3533360134 0 0 0 0 0 0 1531587087 20915298 4189921280 244416512 98877440 35291574 23186461 11679800 24068892 56088292
1790338352943 0 43718 0 3579421184 3533442425 0 0 0 0 0 0 1531649271 20915486 4190224384 168640512 0 35455552 23287943 11740841 24164372 56369450
1790338353962 0 87981 0 3579499176 3533476235 0 0 0 0 0 0 1531735040 20915764 4189229056 356184064 0 35706603 23449404 11825617 24362811 56618160
1790338354981 0 46137 0 3579544391 3533563281 0 0 0 0 0 0 1531787598 20915936 4189093888 178622464 0 35855772 23544995 11879384 24478033 56870771
1790338356001 0 88979 32 3579622129 3533598040 0 0 0 0 0 0 1531870809 20916219 4188229632 360050688 0 36096501 23704521 11962627 24639211 57117688
1790338357022 0 93292 865 3579679968 3533650876 0 0 0 0 0 0 1531953975 20916470 4188921856 392605696 3244032 36310648 23845297 12046639 24752987 57348943
1790338358041 0 28726 0 3579719061 3533755307 0 0 0 0 0 0 1531985666 20916589 4188446720 111915008 0 36409039 23911517 12076909 24892823 57773452
1790338359060 0 102784 0 3579809530 3533771692 0 0 0 0 0 0 1532087359 20916938 4188303360 412807168 0 36697082 24099632 12178720 24967315 57852340
1790338360092 0 67146 53 3579858836 3533856617 0 0 0 0 0 0 1532139245 20917117 4187660288 272916480 13930496 36855715 24201292 12231376 25118024 58164491
1790338361115 0 71995 0 3579921069 3533914039 0 0 0 0 0 0 1532200434 20917334 4187914240 288591872 0 37033259 24320455 12291937 25229465 58400259
1790338362155 0 85030 1493 3579984164 3533962610 0 0 0 0 0 0 1532277804 20917574 4188188672 348430336 24322048 37247068 24460968 12370559 25339597 58601499
1790338363178 0 10294 0 3580007382 3534062025 0 0 0 0 0 0 1532310170 20917671 4188372992 35975168 0 37331775 24512323 12401271 25382221 58823294
1790338364198 0 95588 0 3580096677 3534066123 0 0 0 0 0 0 1532425917 20918032 4189589504 387461120 0 37630588 24713623 12516659 25604701 59004537
1790338365218 0 97315 0 3580155742 3534123458 0 0 0 0 0 0 1532489682 20918264 4188958720 392171520 0 37811365 24834497 12581163 25744076 59323562
1790338366244 0 44156 0 3580188684 3534209493 0 0 0 0 0 0 1532527519 20918387 4189192192 178769920 0 37921762 24902929 12617191 25857133 59771461
1790338367267 0 100765 5616 3580271921 3534230498 0 0 0 0 0 0 1532626804 20918716 4189126656 443985920 0 38199054 25084147 12719420 26001050 59922740
1790338368286 0 16704 0 3580298866 3534347182 0 0 0 0 0 0 1532652989 20918808 4189011968 59305984 0 38272494 25134455 12744488 26118949 60488280
1790338369306 0 112781 803 3580399378 3534350779 0 0 0 0 0 0 1532762604 20919185 4188282880 471482368 0 38595351 25342139 12855190 26254116 60595680
1790338370330 0 79364 0 3580446569 3534432113 0 0 0 0 0 0 1532812729 20919360 4187676672 319528960 0 38734816 25436742 12903722 26632971 61154206
1790338371350 0 62694 0 3580497410 3534499769 0 0 0 0 0 0 1532865044 20919538 4187762688 246272000 0 38885220 25537682 12957071 26749988 61421607
1790338372369 0 89364 69 3580570265 3534545852 0 0 0 0 0 0 1532948928 20919816 4188114944 360407040 0 39125946 25691106 13039607 26833863 61607873
1790338373388 0 12340 0 3580611038 3534663642 0 0 0 0 0 0 1532983745 20919951 4187783168 41209856 0 39233931 25765069 13075287 26935286 62052104
1790338374407 0 112004 0 3580710660 3534663642 0 0 0 0 0 0 1533100796 20920326 4188782592 450985984 0 39563205 25977942 13192356 27176178 62236770
1790338375431 0 55312 876 3580755321 3534764176 0 0 0 0 0 0 1533150371 20920497 4188463104 226496512 13819904 39709532 26073603 13243084 27291017 62548878
1790338376450 0 50808 0 3580805074 3534819305 0 0 0 0 0 0 1533216825 20920713 4188676096 199667712 0 39871465 26185161 13308873 27394716 62773812
1790338377469 0 125806 0 3580890417 3534829542 0 0 0 0 0 0 1533328807 20921061 4189671424 513335296 0 40159698 26378801 13419376 27488173 62876923
1790338378493 0 503 47 3580905818 3534970237 0 0 0 0 0 0 1533344020 20921114 4189749248 2138112 4206592 40209360 26410475 13436260 27537895 63311140
1790338379512 0 69499 0 3580990117 3534985656 0 0 0 0 0 0 1533443780 20921446 4189995008 284536832 0 40500849 26589317 13533850 27731670 63511568
1790338380531 0 60914 0 3581049206 3535053237 0 0 0 0 0 0 1533516810 20921675 4189990912 257265664 3506176 40716789 26721313 13609154 27925033 63925188
1790338381550 0 80645 0 3581123140 3535107514 0 0 0 0 0 0 1533582331 20921929 4188798976 319905792 0 40919823 26855832 13674810 28053650 64111627
1790338382569 0 121220 0 3581200667 3535144381 0 0 0 0 0 0 1533666110 20922213 4187451392 492621824 0 41170034 27014373 13756929 28195089 64282188
1790338383589 0 9126 44 3581222821 3535278541 0 0 0 0 0 0 1533701445 20922317 4188270592 31752192 0 41248499 27070672 13792718 28309058 64647736
1790338384608 0 107299 0 3581320994 3535278554 0 0 0 0 0 0 1533819875 20922715 4189810688 427339776 0 41564076 27282304 13912110 28428780 64746149
1790338385629 0 68070 2422 3581367665 3535362142 0 0 0 0 0 0 1533873306 20922888 4189020160 278872064 22425600 41731913 27384125 13966040 28568414 65042571
1790338386648 0 60630 0 3581423773 3535428068 0 0 0 0 0 0 1533929228 20923092 4188860416 245841920 0 41891433 27490833 14019657 28797653 65497494
1790338387672 0 88341 1607 3581498169 3535473207 0 0 0 0 0 0 1534009169 20923364 4188463104 367230976 13910016 42135545 27645277 14101882 28966548 65787408
1790338388696 0 6902 1857 3581530022 3535586264 0 0 0 0 0 0 1534047338 20923492 4188446720 36667392 7614464 42235889 27714116 14140042 29123342 66147618
1790338389714 0 82739 0 3581612766 3535595024 0 0 0 0 0 0 1534157174 20923850 4189384704 326791168 0 42513378 27899748 14249272 29302248 66301825
1790338390733 0 84652 0 3581672080 3535652372 0 0 0 0 0 0 1534229880 20924079 4189310976 339185664 0 42707746 28029493 14320941 29428766 66647705
1790338391753 0 42122 0 3581712474 3535735331 0 0 0 0 0 0 1534277658 20924234 4189364224 170438656 0 42850582 28116246 14367625 29647030 67107901
1790338392772 0 119777 0 3581799424 3535744551 0 0 0 0 0 0 1534386201 20924586 4190113792 488185856 0 43150657 28308528 14476741 29767135 67227122
1790338393810 0 18644 709 3581826951 3535872939 0 0 0 0 0 0 1534413853 20924686 4189609984 107163648 2105344 43237215 28364965 14506054 29894230 67788211
1790338394858 0 72055 0 3581908255 3535901188 0 0 0 0 0 0 1534498723 20924983 4188831744 286695424 0 43479364 28525302 14590363 30072067 67996200
1790338395877 0 40177 42442 3581967792 3535950183 0 0 0 0 0 0 1534581917 20925236 4189003776 164564992 182145024 43703027 28668739 14674630 30208875 68166468
1790338396895 0 1 0 3581967796 3536032811 0 0 0 0 0 0 1534629404 20925325 4216971264 4096 0 43742012 28706879 14719598 30234810 68467059
1790338397915 0 2 0 3581967797 3536032811 0 0 0 0 0 0 1534817190 20925684 4220137472 4096 0 43944674 28894347 14907839 30371982 68754430
1790338398934 0 2 0 3581967797 3536032811 0 0 0 0 0 0 1535001838 20926009 4223205376 4096 0 44167191 29077161 15091402 30469001 68947733
1790338399954 0 2 0 3581967797 3536032811 0 0 0 0 0 0 1535165153 20926301 4222271488 4096 0 44708222 29241129 15255156 30626534 69051928
1790338400973 0 2 0 3581967797 3536032811 0 0 0 0 0 0 1535340743 20926618 4220280832 4096 0 44953821 29418018 15431545 30787354 69216014
