1790338432110 0 1 0 3581968181 3536033195 0 0 0 0 0 0 1535350286 20926651 - - - - - - - -
1790338433421 0 142791 0 3582220426 3536142638 0 0 0 0 0 0 1535350286 20926732 998952960 561696768 0 0 0 0 0 34378
1790338434442 0 151631 284 3582391402 3536304692 0 0 0 0 0 0 1535350286 20926732 1703657472 611491840 8298496 0 0 0 0 255611
1790338435462 0 147764 2021 3582554718 3536469862 0 0 0 0 0 0 1535350286 20926732 2366418944 592396288 8228864 0 0 0 0 510592
1790338436482 0 150686 3557 3582740339 3536651717 0 0 0 0 0 0 1535350286 20926732 3127775232 615321600 8257536 0 0 0 0 665049
1790338437507 0 122312 3608 3582899956 3536838962 0 0 0 0 0 0 1535350286 20926732 3781750784 504852480 34074624 0 0 0 0 823471
1790338438527 0 113742 2054 3583086082 3537035247 0 0 0 0 0 0 1535351806 20926735 4159516672 454901760 16777216 190772 96283 1519 54391 848848
1790338439547 0 144031 1998 3583237002 3537155993 0 0 0 0 0 0 1535362406 20926745 4158844928 583024640 8183808 438633 256370 12131 124842 961624
1790338440566 0 77437 1934 3583358210 3537343773 0 0 0 0 0 0 1535371037 20926758 4158074880 330022912 8388608 614695 388418 20239 240896 1170407
1790338441586 0 99741 73 3583506767 3537471835 0 0 0 0 0 0 1535386124 20926780 4157874176 396582912 0 832623 549638 35449 283873 1251601
1790338442606 0 98341 0 3583633388 3537599915 0 0 0 0 0 0 1535402953 20926806 4158242816 388386816 0 1006923 692415 52701 373173 1348618
1790338443631 0 134559 3431 3583757121 3537684172 0 0 0 0 0 0 1535428557 20926979 4159180800 561319936 16777216 1276785 843936 78306 460523 1509552
1790338444654 0 130006 0 3583861501 3537796524 0 0 0 0 0 0 1535458680 20927129 4161028096 519671808 0 1483870 974493 107417 608270 1737233
1790338445674 0 13749 0 3583917972 3537969114 0 0 0 0 0 0 1535474086 20927210 4162002944 41664512 0 1576382 1046325 123814 645626 1887960
1790338446695 0 102924 438 3584065496 3538027211 0 0 0 0 0 0 1535531509 20927431 4166115328 426508288 12738560 1860110 1250776 180711 800566 2006450
1790338447723 0 138703 12222 3584187997 3538102020 0 0 0 0 0 0 1535579180 20927599 4169629696 568102912 50331648 2088580 1422377 228894 934966 2168919
1790338448747 0 133284 0 3584293545 3538225233 0 0 0 0 0 0 1535616111 20927761 4171358208 537608192 0 2277659 1561074 264862 1095065 2472444
1790338449767 0 107452 0 3584391594 3538349137 0 0 0 0 0 0 1535650737 20927924 4173144064 425467904 0 2482192 1692345 300305 1272252 2643718
1790338450786 0 19463 0 3584466597 3538512070 0 0 0 0 0 0 1535686452 20928070 4175376384 68153344 0 2634319 1802076 335164 1398191 3089672
1790338451814 0 97848 4098 3584605267 3538568419 0 0 0 0 0 0 1535746514 20928288 4176658432 425472000 8081408 2937035 2002522 396227 1584813 3208124
1790338452835 0 85887 0 3584712152 3538691270 0 0 0 0 0 0 1535784995 20928453 4176826368 341245952 0 3140488 2144879 433194 1713025 3392445
1790338453859 0 128347 6144 3584840631 3538771155 0 0 0 0 0 0 1535842983 20928630 4177555456 546037760 70217728 3413620 2333754 492697 1834097 3523033
1790338454880 0 151472 0 3584953920 3538867399 0 0 0 0 0 0 1535903479 20928815 4178186240 608215040 0 3664152 2504540 552523 1954388 3626902
1790338455901 0 80204 2826 3585020253 3539002238 0 0 0 0 0 0 1535939916 20928924 4178550784 345088000 10465280 3813959 2609717 588663 2068998 3811230
1790338456924 0 95095 0 3585125692 3539095486 0 0 0 0 0 0 1535985530 20929078 4179296256 384589824 0 4031462 2758897 634252 2240753 4000372
1790338457944 0 144472 0 3585232408 3539152932 0 0 0 0 0 0 1536053168 20929284 4180611072 583569408 0 4298334 2931513 701536 2336774 4075895
1790338458964 0 96120 2090 3585305884 3539272702 0 0 0 0 0 0 1536090163 20929402 4181229568 400502784 16449536 4459975 3043956 739370 2418551 4331503
1790338459983 0 141594 1918 3585408051 3539329655 0 0 0 0 0 0 1536156345 20929585 4182142976 579964928 15949824 4713164 3212831 806059 2511414 4423607
1790338461007 0 91503 1898 3585463474 3539435102 0 0 0 0 0 0 1536202432 20929693 4183408640 373686272 8388608 4860435 3311732 852146 2601667 4721253
1790338462026 0 39025 0 3585514051 3539539838 0 0 0 0 0 0 1536246437 20929813 4184137728 151756800 0 5005332 3403944 894224 2682702 4968147
1790338463050 0 122761 16599 3585629996 3539555651 0 0 0 0 0 0 1536348083 20930060 4186959872 502587392 68038656 5333015 3624597 997795 2929131 5092915
1790338464076 0 103836 14200 3585699866 3539646845 0 0 0 0 0 0 1536387542 20930172 4186697728 425308160 58167296 5497959 3733758 1037254 3118791 5359541
1790338465097 0 89092 62 3585760577 3539736507 0 0 0 0 0 0 1536438297 20930310 4186873856 354058240 0 5658969 3840851 1086529 3275433 5762345
1790338466119 0 79051 2045 3585832380 3539816299 0 0 0 0 0 0 1536495760 20930439 4186828800 333754368 11304960 5871037 3971767 1145234 3440062 6168151
1790338467148 0 21 2847 3585871941 3539934154 0 0 0 0 0 0 1536526548 20930518 4186619904 17727488 22310912 5961051 4037148 1175749 3586726 6702866
1790338468172 0 114459 10930 3586010189 3539949815 0 0 0 0 0 0 1536605178 20930715 4185235456 468762624 44826624 6251717 4232340 1254373 3634253 6744449
1790338469195 0 105760 2342 3586086192 3540043669 0 0 0 0 0 0 1536645166 20930815 4183347200 433197056 19587072 6399927 4332692 1294884 3719305 6958028
1790338470220 0 91753 3123 3586163220 3540133359 0 0 0 0 0 0 1536674964 20930905 4181942272 375820288 19812352 6550511 4425262 1324670 3819081 7225087
1790338471244 0 98271 3139 3586252052 3540215759 0 0 0 0 0 0 1536706269 20931044 4179767296 415125504 4796416 6697987 4527276 1355517 3921973 7428123
1790338472270 0 4431 12 3586294192 3540354848 0 0 0 0 0 0 1536724801 20931120 4178927616 9691136 2420736 6770530 4575648 1374508 4118734 7988412
1790338473297 0 69390 50 3586423745 3540419299 0 0 0 0 0 0 1536767472 20931290 4175155200 279900160 7643136 6970868 4711855 1416667 4262728 8218564
1790338474320 0 79525 687 3586525881 3540510713 0 0 0 0 0 0 1536782379 20931371 4171194368 327299072 3469312 7102695 4805892 1432085 4511177 8707945
1790338475339 0 120139 37 3586648712 3540593439 0 0 0 0 0 0 1536804953 20931484 4167053312 475660288 0 7265485 4919280 1454200 4637299 8928211
1790338476363 0 115655 19515 3586759503 3540689340 0 0 0 0 0 0 1536817836 20931561 4162547712 473858048 89567232 7399911 5014581 1467553 4703531 9210362
1790338477388 0 25536 2280 3586802756 3540839955 0 0 0 0 0 0 1536820415 20931586 4160974848 117526528 2686976 7447019 5049782 1470120 4753736 9501251
1790338478406 0 98780 6 3586940989 3540907188 0 0 0 0 0 0 1536838000 20931669 4157063168 389877760 0 7613546 5169203 1487215 4868572 9773213
1790338479426 0 96893 0 3587041576 3541009613 0 0 0 0 0 0 1536848829 20931733 4153544704 382742528 0 7729575 5259206 1498536 4989628 10238674
1790338480450 0 88589 2402 3587145372 3541119396 0 0 0 0 0 0 1536862697 20931800 4150771712 370069504 4755456 7866743 5361277 1512407 5106840 10701934
1790338481470 0 109012 0 3587257464 3541213390 0 0 0 0 0 0 1536875002 20931860 4148502528 435703808 0 7999116 5464225 1524716 5237086 11052820
1790338482493 0 82431 2902 3587346149 3541326470 0 0 0 0 0 0 1536883217 20931914 4146745344 360902656 3612672 8105842 5546067 1532424 5382883 11562800
1790338483521 0 85925 0 3587442885 3541421982 0 0 0 0 0 0 1536900611 20932001 4145639424 336891904 0 8225462 5636513 1549890 5483229 11840194
1790338484550 0 74861 1020 3587541397 3541530708 0 0 0 0 0 0 1536914529 20932058 4144521216 317100032 16519168 8354638 5738950 1563723 5608406 12303082
1790338485574 0 77695 68 3587640552 3541627828 0 0 0 0 0 0 1536934661 20932128 4144963584 312049664 0 8489466 5842980 1582869 5762933 12742523
1790338486594 0 145645 0 3587771904 3541691295 0 0 0 0 0 0 1536958780 20932230 4144427008 581197824 0 8659341 5979645 1608038 5872308 13024862
1790338487619 0 78907 5611 3587847501 3541828426 0 0 0 0 0 0 1536972195 20932288 4144377856 321044480 34344960 8765363 6061830 1621901 5908310 13183209
1790338488638 0 72963 0 3587936416 3541928428 0 0 0 0 0 0 1536995841 20932373 4145491968 293068800 0 8894608 6165611 1643423 6009126 13564657
1790338489661 0 70605 0 3588032354 3542026746 0 0 0 0 0 0 1537017245 20932456 4146515968 277086208 0 9031232 6275772 1666375 6074412 13768150
1790338490680 0 68967 2510 3588127965 3542121548 0 0 0 0 0 0 1537050069 20932550 4148412416 282488832 19849216 9185193 6399246 1699693 6279964 14151341
1790338491704 0 72394 73 3588219488 3542211978 0 0 0 0 0 0 1537078794 20932647 4149805056 285687808 0 9319689 6510565 1728419 6412760 14569208
1790338492729 0 64376 0 3588309730 3542310383 0 0 0 0 0 0 1537112352 20932735 4151758848 251113472 0 9465410 6626440 1761302 6485567 14791206
1790338493760 0 67226 4659 3588408850 3542401975 0 0 0 0 0 0 1537139333 20932818 4152705024 294342656 11182080 9622706 6750727 1788957 6558898 14988675
1790338494779 0 78681 0 3588500369 3542486710 0 0 0 0 0 0 1537181391 20932939 4155207680 307593216 0 9780498 6876042 1831014 6709339 15340119
1790338495799 0 84829 0 3588604943 3542585014 0 0 0 0 0 0 1537214738 20933055 4155879424 335941632 0 9949552 7010523 1863854 6865507 15684892
1790338496820 0 65406 52 3588690857 3542690450 0 0 0 0 0 0 1537248384 20933156 4157521920 255401984 0 10088470 7125476 1897208 6993690 15956571
1790338497840 0 114338 0 3588795127 3542745784 0 0 0 0 0 0 1537301665 20933289 4160237568 459509760 0 10279972 7274636 1949905 7164524 16251266
1790338498864 0 74700 585 3588867061 3542856744 0 0 0 0 0 0 1537335150 20933381 4162170880 305971200 14852096 10414783 7382401 1984774 7272494 16627502
1790338499884 0 87599 0 3588970178 3542947513 0 0 0 0 0 0 1537374626 20933516 4163416064 349507584 0 10591451 7518385 2023282 7390953 16853854
1790338500904 0 94828 0 3589073602 3543043769 0 0 0 0 0 0 1537415195 20933644 4164562944 382205952 0 10786868 7658593 2062417 7517745 17147103
1790338501924 0 103268 0 3589164003 3543125690 0 0 0 0 0 0 1537474278 20933804 4167831552 416907264 0 10987232 7807046 2122034 7638011 17421365
1790338502946 0 70251 36 3589238399 3543233202 0 0 0 0 0 0 1537511804 20933899 4168626176 277282816 0 11128116 7917443 2159918 7789244 17859591
1790338503971 0 57123 4245 3589324725 3543328412 0 0 0 0 0 0 1537569312 20934051 4172029952 231772160 29806592 11328530 8063189 2218936 7870710 18011512
1790338504990 0 100141 0 3589431623 3543396451 0 0 0 0 0 0 1537626611 20934204 4174135296 402055168 0 11540335 8223557 2274849 8034948 18149109
1790338506010 0 83902 34 3589509644 3543490691 0 0 0 0 0 0 1537677555 20934358 4176420864 331702272 0 11719340 8351113 2326156 8132550 18368123
1790338507029 0 103813 0 3589611359 3543572580 0 0 0 0 0 0 1537729934 20934563 4177969152 415817728 0 11936100 8503741 2377537 8370383 18636770
1790338508052 0 87200 47 3589698150 3543675937 0 0 0 0 0 0 1537787535 20934748 4179320832 348790784 0 12135582 8648737 2436057 8594314 18992651
1790338509078 0 89986 0 3589778820 3543753831 0 0 0 0 0 0 1537854885 20934958 4182433792 360333312 0 12344434 8795582 2503268 8692168 19135821
1790338510098 0 31033 0 3589840834 3543874701 0 0 0 0 0 0 1537892279 20935075 4182577152 120135680 0 12481116 8892860 2540677 8765223 19357192
1790338511117 0 117133 25334 3589985371 3543907965 0 0 0 0 0 0 1537968224 20935296 4182347776 479776768 118665216 12781478 9095546 2617848 8952303 19493428
1790338512138 0 55020 0 3590035743 3544045711 0 0 0 0 0 0 1537993378 20935380 4182097920 217006080 0 12885143 9164285 2641980 9085842 19818297
1790338513160 0 109699 0 3590148848 3544104080 0 0 0 0 0 0 1538045724 20935562 4180373504 442667008 0 13103697 9314351 2693847 9261925 20097739
1790338514184 0 97649 597 3590242697 3544209432 0 0 0 0 0 0 1538089879 20935693 4179238912 410574848 1687552 13285542 9443278 2739502 9338931 20281073
1790338515203 0 89877 0 3590345023 3544320026 0 0 0 0 0 0 1538132397 20935838 4178141184 353615872 0 13463832 9570573 2781575 9554542 20613329
1790338516223 0 21754 0 3590410484 3544453590 0 0 0 0 0 0 1538159089 20935919 4177387520 78065664 0 13592927 9654741 2807716 9635059 20628649
1790338517247 0 74041 438 3590545765 3544536759 0 0 0 0 0 0 1538205276 20936059 4174770176 309354496 9613312 13798236 9810264 2854900 9757460 20883009
1790338518266 0 79181 42 3590652038 3544637935 0 0 0 0 0 0 1538239102 20936176 4172283904 326111232 3043328 13968556 9931200 2888725 9845046 21190776
1790338519295 0 76464 12028 3590772292 3544748847 0 0 0 0 0 0 1538268315 20936264 4169973760 378769408 2936832 14144401 10054537 2917464 9905062 21363810
1790338520319 0 10427 7 3590854724 3544909239 0 0 0 0 0 0 1538280106 20936315 4168003584 25378816 0 14230082 10124632 2929243 9959851 21627683
1790338521339 0 94256 1314 3591018883 3544988384 0 0 0 0 0 0 1538302762 20936428 4163174400 396472320 7843840 14435088 10277938 2951875 10054845 21822881
1790338522358 0 141240 0 3591155445 3545079200 0 0 0 0 0 0 1538323608 20936533 4159393792 566034432 0 14592042 10404301 2972400 10200109 22131017
1790338523384 0 86942 1480 3591247324 3545224022 0 0 0 0 0 0 1538336127 20936598 4156686336 369328128 8060928 14696698 10489779 2985751 10386357 22612516
1790338524405 0 140934 0 3591385507 3545309602 0 0 0 0 0 0 1538369392 20936725 4155408384 568684544 0 14877645 10637685 3018054 10514251 22805259
1790338525438 0 134878 4484 3591500546 3545426228 0 0 0 0 0 0 1538394545 20936827 4154888192 597303296 3207168 15038613 10765363 3043147 10589710 22976420
1790338526461 0 58603 0 3591573615 3545579960 0 0 0 0 0 0 1538414551 20936994 4155244544 227471360 0 15143924 10847704 3063633 10639975 23180083
1790338527481 0 104677 0 3591705961 3545666326 0 0 0 0 0 0 1538447896 20937140 4155076608 415768576 0 15329003 10999369 3096988 10846854 23496578
1790338528508 0 96788 1168 3591819706 3545786781 0 0 0 0 0 0 1538472054 20937251 4154798080 410480640 3145728 15484704 11129989 3121128 10980258 23864409
1790338529531 0 118252 0 3591942356 3545889009 0 0 0 0 0 0 1538513097 20937403 4155404288 475410432 0 15663194 11277114 3161355 11063758 24007987
1790338530551 0 103085 0 3592046169 3546008096 0 0 0 0 0 0 1538539250 20937498 4155764736 409702400 0 15798137 11390761 3187851 11160963 24236335
1790338531573 0 9332 571 3592120861 3546175970 0 0 0 0 0 0 1538560044 20937567 4156350464 52678656 3350528 15911423 11480976 3209634 11311493 24688050
1790338532593 0 127300 14381 3592291757 3546215187 0 0 0 0 0 0 1538596523 20937751 4155686912 520704000 72769536 16145507 11674785 3246109 11485683 24791328
1790338533612 0 66845 17 3592368980 3546367081 0 0 0 0 0 0 1538620600 20937846 4155932672 260149248 0 16248738 11764380 3269208 11565610 25047279
1790338534643 0 92750 1761 3592488818 3546459329 0 0 0 0 0 0 1538649372 20937996 4155994112 400818176 2854912 16424939 11908332 3298496 11655333 25347446
1790338535679 0 86088 642 3592597396 3546575723 0 0 0 0 0 0 1538684837 20938149 4157026304 351604736 21868544 16592817 12047429 3334423 11733877 25550149
1790338536703 0 75253 511 3592707538 3546696945 0 0 0 0 0 0 1538721746 20938311 4158648320 318787584 4485120 16764414 12191320 3370679 11854772 25801238
1790338537724 0 93589 5836 3592819989 3546785555 0 0 0 0 0 0 1538761557 20938474 4160151552 382955520 35561472 16945712 12337364 3411143 12002336 26076357
1790338538743 0 141303 2280 3592938360 3546860109 0 0 0 0 0 0 1538804723 20938681 4161548288 598401024 3657728 17133971 12491322 3454312 12177736 26362750
1790338539762 0 105317 0 3593009551 3546969254 0 0 0 0 0 0 1538839870 20938821 4163416064 422088704 0 17263671 12592094 3487954 12249000 26524344
1790338540782 0 106849 0 3593096531 3547054623 0 0 0 0 0 0 1538889676 20939017 4166008832 425312256 0 17430730 12724219 3538787 12376414 26905567
1790338541802 0 19064 9525 3593177099 3547213632 0 0 0 0 0 0 1538930302 20939191 4167524352 77987840 62623744 17586919 12845842 3579887 12485309 27227076
1790338542822 1 137102 0 3593314233 3547242114 0 0 0 0 0 0 1538988955 20939515 4168761344 546271232 0 17834162 13033047 3638070 12643632 27293454
1790338543859 1 62565 2825 3593388466 3547387809 0 0 0 0 0 0 1539024440 20939858 4169469952 283475968 21311488 17982784 13141755 3673514 12801643 27663833
1790338544906 1 81079 0 3593478499 3547461835 0 0 0 0 0 0 1539075324 20940303 4171702272 318337024 0 18159283 13277097 3723866 12944895 27933068
1790338545927 1 37884 0 3593549065 3547575653 0 0 0 0 0 0 1539124128 20941175 4173766656 146415616 0 18316978 13393445 3772129 13004558 28073716
1790338546952 1 93767 3777 3593666812 3547633833 0 0 0 0 0 0 1539189825 20942033 4176617472 381300736 31621120 18570127 13578774 3839360 13127854 28202041
1790338547973 1 19294 4056 3593720578 3547761769 0 0 0 0 0 0 1539215508 20943110 4176834560 77905920 35524608 18682461 13656632 3865044 13208107 28422171
1790338548994 1 106718 0 3593829564 3547787290 0 0 0 0 0 0 1539282013 20943902 4178649088 422518784 0 18913450 13823908 3930538 13305595 28522851
1790338550017 1 79765 12794 3593915574 3547887318 0 0 0 0 0 0 1539332684 20944083 4179894272 367624192 0 19087636 13948170 3981708 13361480 28662642
1790338551038 1 71580 14253 3594038236 3548016869 0 0 0 0 0 0 1539370163 20944231 4179787776 227475456 46133248 19235803 14056827 4019700 13418948 28849445
1790338552070 1 50019 1138 3594124627 3548137947 0 0 0 0 0 0 1539404116 20944397 4178907136 194605056 3481600 19377689 14155638 4053106 13486431 29067583
1790338553112 1 67962 56 3594210250 3548206604 0 0 0 0 0 0 1539438511 20944545 4177969152 250781696 0 19528179 14262595 4085620 13533243 29203194
1790338554164 1 78722 36 3594307348 3548292786 0 0 0 0 0 0 1539491852 20944741 4178120704 323764224 12697600 19725974 14402927 4140360 13628434 29359282
1790338555194 1 78776 0 3594406831 3548392426 0 0 0 0 0 0 1539529815 20944882 4176642048 307675136 0 19898461 14525932 4178792 13710028 29569388
1790338556216 1 89004 70 3594497306 3548472770 0 0 0 0 0 0 1539582215 20945066 4176687104 352477184 0 20090612 14658077 4230696 13764519 29678629
1790338557242 1 42731 11311 3594560474 3548570820 0 0 0 0 0 0 1539610938 20945169 4176191488 196907008 24535040 20219365 14748977 4260447 13859844 29963165
1790338558260 1 101550 0 3594669922 3548632625 0 0 0 0 0 0 1539676058 20945406 4176723968 406253568 0 20445651 14910294 4324114 13904377 30073353
1790338559281 1 83569 0 3594755021 3548735785 0 0 0 0 0 0 1539714627 20945553 4176646144 332636160 0 20602878 15020631 4362098 14024537 30297431
1790338560304 1 60197 16127 3594844846 3548833105 0 0 0 0 0 0 1539740832 20945657 4175314944 245846016 78585856 20758577 15125796 4390335 14079719 30432975
1790338561324 1 23855 69 3594917248 3548957784 0 0 0 0 0 0 1539755680 20945726 4172840960 86790144 0 20841103 15186205 4404116 14142242 30684309
1790338562367 1 105504 5152 3595065680 3549019453 0 0 0 0 0 0 1539791678 20945868 4169347072 424427520 63107072 21045677 15338501 4441180 14194229 30766637
1790338563407 1 39355 39 3595119936 3549144648 0 0 0 0 0 0 1539806230 20945926 4167958528 145772544 0 21114408 15394449 4455522 14253087 31022144
1790338564433 1 123245 824 3595260312 3549200775 0 0 0 0 0 0 1539834766 20946069 4164026368 476758016 4476928 21286564 15535142 4483250 14324180 31152430
1790338565458 1 64310 10090 3595343259 3549333494 0 0 0 0 0 0 1539855804 20946144 4162940928 313745408 0 21391922 15615323 4504802 14458735 31376197
1790338566479 1 121738 85 3595469754 3549412259 0 0 0 0 0 0 1539879377 20946239 4161421312 444997632 0 21536229 15726794 4528406 14546396 31627420
1790338567500 1 95011 2756 3595563243 3549529825 0 0 0 0 0 0 1539898407 20946329 4159557632 389505024 19660800 21653256 15819471 4547930 14646765 31989685
1790338568521 1 35006 0 3595647721 3549677050 0 0 0 0 0 0 1539909173 20946379 4158001152 124215296 0 21750735 15897649 4558680 14713928 32328977
1790338569544 1 133178 0 3595789921 3549721039 0 0 0 0 0 0 1539935870 20946533 4154781696 530337792 0 21926499 16038593 4584880 14777456 32410810
1790338570566 1 90901 6 3595876933 3549850382 0 0 0 0 0 0 1539954364 20946616 4153376768 358514688 0 22042024 16130893 4603363 14820129 32581544
1790338571587 1 110892 1446 3595992007 3549944100 0 0 0 0 0 0 1539974397 20946722 4151939072 457986048 3858432 22192733 16249090 4623930 14905296 32797714
1790338572608 1 62877 20367 3596071955 3550053099 0 0 0 0 0 0 1540006610 20946824 4152958976 257490944 96161792 22319390 16352024 4655675 14943570 33002085
1790338573629 1 56341 0 3596156650 3550164637 0 0 0 0 0 0 1540034319 20946907 4153552896 216985600 0 22447114 16454249 4682801 14992356 33230055
1790338574649 1 126158 5031 3596287004 3550220287 0 0 0 0 0 0 1540071753 20947062 4153827328 515538944 33710080 22644762 16611907 4721256 15098777 33417121
1790338575669 1 114610 0 3596376579 3550326331 0 0 0 0 0 0 1540095883 20947175 4153741312 458829824 0 22771197 16714388 4744370 15161386 33574834
1790338576693 1 76537 0 3596452223 3550440073 0 0 0 0 0 0 1540126190 20947295 4155146240 296136704 0 22898762 16817048 4775697 15260356 33953357
1790338577713 1 54707 1235 3596560828 3550569347 0 0 0 0 0 0 1540163680 20947437 4155334656 225427456 12374016 23061211 16951985 4812911 15349085 34139469
1790338578738 1 108072 0 3596679350 3550635660 0 0 0 0 0 0 1540199158 20947599 4155568128 422514688 0 23231933 17087290 4848588 15486283 34279099
1790338579767 1 68975 1002 3596759449 3550753619 0 0 0 0 0 0 1540217619 20947720 4155457536 292450304 4468736 23360374 17181235 4867122 15510754 34382097
1790338580790 1 89559 18106 3596857928 3550814534 0 0 0 0 0 0 1540243838 20947853 4155269120 409894912 49393664 23513793 17298627 4893341 15566996 34455101
1790338581827 1 78745 3098 3596940981 3550923142 0 0 0 0 0 0 1540273612 20947979 4156018688 351084544 1896448 23642290 17400738 4922604 15615916 34618318
1790338582858 1 24708 0 3597002503 3551041387 0 0 0 0 0 0 1540287382 20948044 4155400192 90689536 0 23723214 17469153 4936444 15681942 34881054
1790338583880 1 83515 0 3597118142 3551098254 0 0 0 0 0 0 1540323740 20948212 4155584512 330522624 0 23900488 17612390 4972733 15741476 35048332
1790338584901 1 78840 758 3597209710 3551193860 0 0 0 0 0 0 1540359677 20948356 4157116416 289878016 10088448 24052037 17729857 5009182 15779346 35148068
1790338585924 1 115456 1267 3597318416 3551265368 0 0 0 0 0 0 1540399206 20948528 4159143936 396021760 1867776 24203617 17854386 5048711 15831179 35274409
1790338586945 1 164354 0 3597432304 3551331387 0 0 0 0 0 0 1540445854 20948706 4161331200 591728640 0 24376411 17990476 5095239 15906715 35424411
1790338587965 1 110952 1730 3597503304 3551454293 0 0 0 0 0 0 1540467303 20948799 4161642496 340185088 13418496 24476537 18064698 5116802 15952005 35695380
1790338588995 1 81362 529 3597590419 3551571986 0 0 0 0 0 0 1540489896 20948905 4162674688 305852416 1855488 24592634 18155889 5139120 16066207 40385482
1790338590026 1 32973 0 3597635574 3551666062 0 0 0 0 0 0 1540507336 20948962 4163268608 42278912 0 24656463 18203323 5155981 16124222 40714406
1790338591047 1 171109 0 3597773556 3551666062 0 0 0 0 0 0 1540590935 20949246 4167077888 562704384 0 24933935 18410424 5239412 16307373 40778830
1790338592068 1 149449 1682 3597848089 3551760578 0 0 0 0 0 0 1540626891 20949379 4168224768 449757184 6963200 25065849 18511963 5275880 16373235 40951229
1790338593087 1 104682 2832 3597895955 3551852282 0 0 0 0 0 0 1540637141 20949427 4168105984 280678400 3518464 25126989 18553441 5286671 16412200 41244330
1790338594107 1 43426 2067 3597938762 3551956904 0 0 0 0 0 0 1540646932 20949461 4168204288 158011392 16154624 25167074 18582696 5296431 16502111 41882939
1790338595130 1 52503 876 3598003148 3552013741 0 0 0 0 0 0 1540675668 20949577 4168495104 200114176 0 25289735 18666651 5324147 16557573 42035587
1790338596153 1 58254 8090 3598070134 3552067386 0 0 0 0 0 0 1540707460 20949689 4169187328 238895104 40185856 25427538 18761777 5356989 16642765 42200162
1790338597177 1 52071 2195 3598131544 3552140836 0 0 0 0 0 0 1540731618 20949796 4169302016 221818880 4243456 25542873 18839626 5381117 16816772 42667661
1790338598206 1 5251 31 3598173827 3552232077 0 0 0 0 0 0 1540745956 20949853 4168826880 14643200 4198400 25608791 18888877 5394979 16889589 43141611
1790338599249 1 26683 508 3598251906 3552288323 0 0 0 0 0 0 1540780393 20950032 4168339456 119668736 2322432 25752614 18994968 5428869 16944118 43316377
1790338600273 1 49931 0 3598339608 3552353248 0 0 0 0 0 0 1540814239 20950171 4167819264 191291392 0 25910062 19107342 5463278 17019432 43524511
1790338601295 1 126158 0 3598458988 3552396302 0 0 0 0 0 0 1540875847 20950408 4169465856 502841344 0 26150751 19281027 5524843 17139375 43679239
1790338602322 1 112115 295 3598545154 3552496291 0 0 0 0 0 0 1540908683 20950533 4169232384 465108992 8138752 26297804 19389351 5557159 17245356 44047174
1790338603365 1 87565 2774 3598615743 3552589052 0 0 0 0 0 0 1540938430 20950932 4169801728 358535168 24932352 26421608 19480915 5587929 17312769 44347425
1790338604389 1 111770 0 3598697806 3552649629 0 0 0 0 0 0 1540968638 20951062 4169183232 447856640 0 26549078 19576141 5616460 17397970 44562476
1790338605409 1 50481 4263 3598741116 3552749955 0 0 0 0 0 0 1540987688 20951146 4169273344 221974528 8138752 26631866 19637799 5637187 17465048 44840295
1790338606429 1 46827 0 3598801811 3552818496 0 0 0 0 0 0 1541012824 20951255 4169244672 179343360 0 26736003 19717205 5661822 17529027 45096930
1790338607451 1 95829 16 3598915318 3552882991 0 0 0 0 0 0 1541052330 20951428 4168658944 379944960 0 26929217 19861303 5701354 17619210 45276493
1790338608486 1 73022 657 3598997043 3552986922 0 0 0 0 0 0 1541096445 20951562 4168732672 308006912 15298560 27091113 19980155 5745971 17700540 45467489
1790338609514 0 58936 4 3599072095 3553076632 0 0 0 0 0 0 1541141635 20951718 4169687040 235106304 0 27252519 20092736 5790109 17743041 45680613
1790338610550 0 67439 3934 3599164460 3553156723 0 0 0 0 0 0 1541191885 20951904 4170940416 300716032 7073792 27447301 20230726 5841384 17922555 46023417
1790338611575 0 90353 0 3599267722 3553240958 0 0 0 0 0 0 1541231412 20952060 4169637888 359669760 0 27624077 20357084 5879891 18064044 46251793
1790338612595 0 84609 0 3599353175 3553332083 0 0 0 0 0 0 1541268914 20952183 4169654272 335507456 0 27771980 20468803 5917912 18164564 46567349
1790338613619 0 60687 18 3599424542 3553427344 0 0 0 0 0 0 1541296593 20952304 4168499200 235745280 0 27893309 20552405 5945475 18333259 47089818
1790338614644 0 75190 2135 3599521934 3553508155 0 0 0 0 0 0 1541318157 20952409 4165918720 321404928 5828608 28025651 20654490 5967716 18425884 47321938
1790338615672 0 50570 1022 3599598039 3553610066 0 0 0 0 0 0 1541341433 20952507 4164157440 206823424 9224192 28144463 20736143 5990931 18569924 47625155
1790338616692 0 43684 0 3599658771 3553678593 0 0 0 0 0 0 1541360365 20952601 4162379776 168042496 0 28233987 20805148 6008842 18729705 48090074
1790338617715 0 99786 1318 3599775776 3553738371 0 0 0 0 0 0 1541397832 20952739 4160950272 417394688 7299072 28416585 20938120 6047331 18894676 48431419
1790338618735 0 146772 0 3599897990 3553814787 0 0 0 0 0 0 1541430999 20952867 4158922752 586608640 0 28583385 21065987 6079556 19052647 48769302
1790338619756 0 105927 0 3599948336 3553905924 0 0 0 0 0 0 1541447630 20952916 4158406656 419442688 0 28661402 21121377 6096950 19146440 49055772
1790338620781 0 64004 505 3600000735 3553999756 0 0 0 0 0 0 1541461315 20952969 4157341696 268005376 4259840 28738282 21181047 6110814 19278400 49617961
1790338621800 0 70442 0 3600082540 3554075613 0 0 0 0 0 0 1541478280 20953066 4156448768 275566592 0 28851409 21263159 6127271 19342319 49765231
1790338622821 0 101050 12590 3600197533 3554147467 0 0 0 0 0 0 1541511080 20953205 4155076608 413892608 68657152 29025490 21398718 6160578 19498097 50139417
1790338623848 0 97737 1290 3600295074 3554259640 0 0 0 0 0 0 1541537750 20953316 4154343424 409669632 4214784 29168461 21511354 6187248 19589994 50370306
1790338624872 0 100233 490 3600381905 3554344847 0 0 0 0 0 0 1541556234 20953419 4152852480 413216768 4759552 29281042 21604649 6205732 19685808 50666113
1790338625896 0 103552 788 3600460492 3554419602 0 0 0 0 0 0 1541577757 20953516 4152471552 423915520 7692288 29393147 21695922 6227256 19774684 50884790
1790338626920 0 78653 1188 3600523658 3554507434 0 0 0 0 0 0 1541596223 20953589 4152352768 323792896 5726208 29489191 21770151 6245721 19928604 51360868
1790338627940 0 94166 0 3600629762 3554599038 0 0 0 0 0 0 1541626465 20953742 4152401920 374669312 0 29638280 21894108 6275496 20026004 51532297
1790338628964 0 89814 2241 3600706524 3554678127 0 0 0 0 0 0 1541649116 20953843 4152594432 380411904 4874240 29757989 21991398 6298102 20169192 51978547
1790338629998 0 98110 1105 3600788686 3554752997 0 0 0 0 0 0 1541679922 20953968 4153442304 399761408 10682368 29893467 22096194 6329421 20283184 52291868
1790338631017 0 147467 0 3600898126 3554814079 0 0 0 0 0 0 1541723500 20954154 4154933248 594358272 0 30069579 22238900 6371505 20435486 52582125
1790338632041 0 87002 1793 3600952939 3554927755 0 0 0 0 0 0 1541747578 20954235 4155969536 356417536 15237120 30170079 22316838 6397086 20498523 52752377
1790338633060 0 33341 0 3600996167 3555026360 0 0 0 0 0 0 1541768102 20954324 4157005824 126488576 0 30249813 22375511 6417101 20587442 53164004
1790338634079 0 101348 584 3601120530 3555082168 0 0 0 0 0 0 1541821524 20954555 4158914560 425562112 2080768 30472317 22547737 6470512 20675599 53299195
1790338635101 0 84520 1321 3601199078 3555176834 0 0 0 0 0 0 1541856948 20954711 4160249856 354091008 3850240 30622398 22660137 6506446 20788727 53542838
1790338636122 0 98044 20075 3601289952 3555235483 0 0 0 0 0 0 1541887776 20954848 4160630784 505483264 0 30773399 22775373 6537308 20915118 53769933
1790338637142 0 33 0 3601290020 3555353555 0 0 0 0 0 0 1541916588 20954989 4184207360 131072 0 30794561 22796003 6563680 20926166 53918128
1790338638162 1 52 0 3601290039 3555353555 0 0 0 0 0 0 1542051541 20955622 4187152384 131072 0 30938611 22930382 6698779 21015691 54031004
1790338639183 1 70 0 3601290058 3555353556 0 0 0 0 0 0 1542196169 20956254 4193742848 131072 0 31114493 23072630 6842636 21093779 54066602
1790338640203 1 167 0 3601291817 3555354670 0 0 0 0 0 0 1542266712 20956527 2088062976 36864 0 31313375 23145362 6916280 21159868 54089722
