1790339012307 0 0 0 3602012617 3556062742 0 0 0 0 0 0 1542266800 20959837 - - - - - - - -
1790339013774 0 131556 10216 3602275625 3556183978 0 0 0 0 0 0 1542266805 20959885 982941696 619216896 12566528 0 0 5 0 87645
1790339014996 0 149861 1013 3602432628 3556331928 0 0 0 0 0 0 1542266805 20959885 1690525696 600707072 10727424 0 0 5 0 368904
1790339016018 0 151052 4070 3602572338 3556467314 0 0 0 0 0 0 1542266805 20959885 2261172224 618397696 8388608 0 0 5 0 815714
1790339017039 0 150115 2920 3602701132 3556598149 0 0 0 0 0 0 1542266805 20959885 2796044288 618758144 8073216 0 0 5 0 1174801
1790339018059 0 131631 13193 3602816784 3556722085 0 0 0 0 0 0 1542266805 20959885 3276337152 538873856 54038528 0 0 5 0 1473825
1790339019078 0 148519 2048 3602962090 3556861606 0 0 0 0 0 0 1542266805 20959885 3866398720 613404672 8388608 0 0 5 0 1622985
1790339020102 0 147913 2027 3603103032 3557003162 0 0 0 0 0 0 1542266805 20959885 4159627264 604295168 4055040 137464 65980 5 36659 1830603
1790339021122 0 149979 2484 3603242412 3557140040 0 0 0 0 0 0 1542277861 20959897 4158951424 617267200 10489856 383329 217881 10126 128868 1990203
1790339022142 0 142340 1738 3603365024 3557271096 0 0 0 0 0 0 1542284448 20959906 4158291968 578031616 7753728 557211 346165 17697 166287 2138383
1790339023163 0 105230 1991 3603480021 3557422875 0 0 0 0 0 0 1542294146 20959921 4157820928 424062976 7872512 725936 469803 27350 205840 2250408
1790339024188 0 23452 4161 3603562904 3557585519 0 0 0 0 0 0 1542304299 20959937 4157837312 118468608 32956416 855555 565777 37499 252323 2443281
1790339025207 0 103993 2044 3603712308 3557656534 0 0 0 0 0 0 1542323579 20959997 4158111744 437813248 6057984 1088143 732973 56779 345247 2645546
1790339026232 0 107617 21221 3603812455 3557733745 0 0 0 0 0 0 1542347669 20960147 4159340544 511315968 24797184 1301253 858150 80870 499541 2916173
1790339027255 0 78573 12479 3603880749 3557839822 0 0 0 0 0 0 1542365549 20960237 4160380928 346079232 26853376 1439217 943878 98749 584750 3190350
1790339028279 0 129376 8140 3603989617 3557902136 0 0 0 0 0 0 1542406481 20960415 4163190784 529731584 33554432 1640832 1092676 139681 683838 3335656
1790339029298 0 115032 0 3604068314 3558003373 0 0 0 0 0 0 1542429040 20960520 4164808704 458551296 0 1776113 1189634 161759 732146 3465740
1790339030324 0 60675 2435 3604129385 3558116394 0 0 0 0 0 0 1542455202 20960620 4166656000 245874688 16777216 1899928 1278805 188402 854279 3891563
1790339031344 0 93494 0 3604233775 3558190337 0 0 0 0 0 0 1542497684 20960756 4169625600 374755328 0 2086102 1422012 229411 933799 4015420
1790339032364 0 152201 0 3604347663 3558245633 0 0 0 0 0 0 1542541371 20960941 4171800576 614100992 0 2301805 1578073 272561 1060196 4250160
1790339033384 0 107404 0 3604411448 3558354177 0 0 0 0 0 0 1542563484 20961043 4173373440 429260800 0 2436424 1665049 296706 1157860 4526578
1790339034405 0 76277 1 3604484838 3558458673 0 0 0 0 0 0 1542589632 20961168 4174405632 304291840 0 2582938 1762603 320777 1310981 4887772
1790339035429 0 74976 4106 3604574754 3558545872 0 0 0 0 0 0 1542635310 20961335 4176535552 306868224 25165824 2788185 1901417 368454 1461039 5155529
1790339036449 0 74523 0 3604668319 3558643814 0 0 0 0 0 0 1542667110 20961460 4176875520 291041280 0 2961704 2022306 399816 1548270 5346085
1790339037473 0 64780 8030 3604758732 3558736355 0 0 0 0 0 0 1542701995 20961609 4176769024 295936000 59625472 3149561 2150960 435252 1613094 5552855
1790339038500 0 84854 2048 3604859843 3558823023 0 0 0 0 0 0 1542745150 20961748 4176908288 366743552 8388608 3348996 2293363 477841 1764194 5827028
1790339039532 0 103473 2044 3604955220 3558899755 0 0 0 0 0 0 1542801568 20961903 4178165760 426807296 16777216 3578195 2445233 534778 1872959 6019490
1790339040560 0 88447 14815 3605043761 3558990624 0 0 0 0 0 0 1542837995 20962038 4178206720 407859200 24043520 3757613 2571148 571194 1988464 6335493
1790339041579 0 65093 0 3605118786 3559103803 0 0 0 0 0 0 1542877988 20962161 4178456576 260571136 0 3915284 2681831 608617 2085179 6502828
1790339042600 0 86537 1898 3605224603 3559186316 0 0 0 0 0 0 1542930869 20962335 4179279872 362946560 7749632 4158583 2843509 663475 2254788 6721207
1790339043624 0 66753 0 3605310937 3559294227 0 0 0 0 0 0 1542986255 20962504 4180963328 288739328 16777216 4374491 2984506 718860 2335950 6854349
1790339044652 0 119889 0 3605423594 3559353726 0 0 0 0 0 0 1543053397 20962695 4182511616 480206848 0 4640065 3160395 785546 2521777 6987610
1790339045673 0 112629 56 3605510373 3559447872 0 0 0 0 0 0 1543121588 20962867 4183293952 453447680 0 4866394 3315250 853179 2639521 7191560
1790339046696 0 24546 2073 3605573830 3559597317 0 0 0 0 0 0 1543170813 20963001 4184276992 103190528 16396288 5037635 3428898 903426 2778452 7476879
1790339047718 0 109861 0 3605685857 3559626079 0 0 0 0 0 0 1543272310 20963245 4187111424 442007552 0 5358441 3639855 1003960 2901826 7556209
1790339048738 0 109529 73 3605779822 3559720255 0 0 0 0 0 0 1543332217 20963424 4186398720 438984704 0 5588274 3792597 1063337 3008932 7806053
1790339049759 0 100248 11 3605866784 3559816596 0 0 0 0 0 0 1543405490 20963589 4187033600 398213120 0 5837283 3951273 1137679 3163251 7933872
1790339050779 0 105634 0 3605964370 3559908761 0 0 0 0 0 0 1543477919 20963768 4186931200 419520512 0 6063978 4106887 1210013 3298959 8204415
1790339051804 0 43895 1932 3606059343 3560063742 0 0 0 0 0 0 1543524598 20963888 4185083904 194686976 16273408 6263773 4238465 1257716 3409421 8431133
1790339052823 0 96881 0 3606195328 3560148438 0 0 0 0 0 0 1543585627 20964050 4181889024 385593344 0 6512597 4405469 1317745 3619755 8636000
1790339053844 0 108288 0 3606312116 3560253965 0 0 0 0 0 0 1543629873 20964217 4179378176 434069504 0 6718938 4544668 1362427 3808319 8943847
1790339054864 0 86038 0 3606416881 3560380942 0 0 0 0 0 0 1543667315 20964367 4176572416 342122496 0 6886172 4657347 1399931 3942460 9180036
1790339055889 0 115556 13931 3606556053 3560476697 0 0 0 0 0 0 1543696458 20964509 4171059200 473317376 75972608 7081707 4793765 1429574 4144152 9504354
1790339056913 0 4490 0 3606620749 3560666313 0 0 0 0 0 0 1543710832 20964570 4169351168 8228864 0 7169546 4856097 1443436 4268006 9876940
1790339057932 0 115606 21097 3606804258 3560717649 0 0 0 0 0 0 1543734449 20964714 4162785280 471388160 92094464 7400417 5015979 1467596 4351613 9980845
1790339058955 0 98593 40 3606903269 3560854689 0 0 0 0 0 0 1543745783 20964785 4159455232 391446528 3612672 7517584 5103337 1478390 4416321 10292528
1790339059980 0 84239 1152 3607023952 3560988696 0 0 0 0 0 0 1543758116 20964852 4156104704 361971712 4923392 7661589 5210685 1490718 4516965 10662732
1790339061005 0 96980 4729 3607158077 3561106542 0 0 0 0 0 0 1543775585 20964938 4151726080 427732992 5029888 7822354 5333651 1508699 4623682 10929422
1790339062030 0 63983 3446 3607272079 3561254830 0 0 0 0 0 0 1543786892 20965002 4148682752 284200960 2736128 7956709 5435269 1520006 4727794 11143199
1790339063054 0 105785 24528 3607424183 3561344034 0 0 0 0 0 0 1543806358 20965106 4146479104 431333376 122056704 8145100 5581760 1539526 4824373 11413673
1790339064078 0 78599 2855 3607513567 3561482197 0 0 0 0 0 0 1543820273 20965175 4145254400 321941504 21311488 8250581 5664514 1553388 4917945 11940136
1790339065097 0 81762 0 3607628394 3561596709 0 0 0 0 0 0 1543839213 20965242 4144930816 322445312 0 8403703 5783227 1571317 5059347 12284278
1790339066128 0 82349 1996 3607743578 3561709467 0 0 0 0 0 0 1543862034 20965327 4145098752 350752768 16994304 8558759 5909367 1595149 5174563 12508614
1790339067152 0 59073 0 3607846277 3561837350 0 0 0 0 0 0 1543883303 20965415 4144652288 231550976 0 8696270 6014685 1614885 5321074 12916130
1790339068172 0 43297 0 3607963966 3561970808 0 0 0 0 0 0 1543908872 20965507 4145602560 171249664 0 8863130 6147279 1640176 5410189 13143627
1790339069192 0 147680 0 3608125742 3562028155 0 0 0 0 0 0 1543956338 20965653 4148240384 592822272 0 9100490 6342962 1687960 5523932 13229308
1790339070217 0 73858 0 3608196223 3562172492 0 0 0 0 0 0 1543980957 20965734 4149829632 288395264 0 9213761 6432918 1713598 5598668 13438315
1790339071238 0 48751 0 3608283911 3562285181 0 0 0 0 0 0 1544004068 20965814 4150730752 187199488 0 9345413 6537775 1736681 5690876 13711396
1790339072258 0 134779 0 3608427148 3562342525 0 0 0 0 0 0 1544055466 20965944 4153290752 543928320 0 9575201 6724844 1787500 5829195 13813447
1790339073286 0 33691 1314 3608497605 3562512859 0 0 0 0 0 0 1544079532 20966024 4154470400 158089216 10977280 9697300 6816266 1812137 5962692 14305628
1790339074308 0 136454 12410 3608652762 3562554043 0 0 0 0 0 0 1544134943 20966214 4156395520 615981056 0 9949747 7019163 1867543 6153990 14444853
1790339075328 0 138397 0 3608751320 3562663119 0 0 0 0 0 0 1544177989 20966335 4158619648 554328064 0 10119538 7155441 1910153 6217160 14673048
1790339076349 0 122799 0 3608847406 3562774705 0 0 0 0 0 0 1544225664 20966456 4160790528 494657536 0 10291613 7291427 1957074 6389376 14997478
1790339077380 0 86901 919 3608944433 3562906864 0 0 0 0 0 0 1544263681 20966570 4162953216 370118656 8790016 10461523 7426766 1996187 6515949 15266268
1790339078400 0 15046 2078 3609020305 3563053284 0 0 0 0 0 0 1544296551 20966682 4164141056 79245312 6885376 10603413 7533686 2029665 6626699 15621954
1790339079421 0 149308 0 3609170965 3563071770 0 0 0 0 0 0 1544369078 20966889 4167278592 601309184 0 10893789 7749840 2101171 6763317 15689933
1790339080445 0 29708 61 3609236713 3563257046 0 0 0 0 0 0 1544408064 20967002 4168871936 140214272 4939776 11037346 7856461 2141197 6850426 15931132
1790339081469 0 131518 3265 3609371301 3563286744 0 0 0 0 0 0 1544490646 20967211 4172431360 538697728 33320960 11325749 8072404 2223761 6957168 15999925
1790339082488 0 59701 73 3609443724 3563434240 0 0 0 0 0 0 1544523484 20967303 4173336576 255815680 6483968 11466526 8175681 2256599 7112885 16484915
1790339083508 0 129070 10403 3609568001 3563479191 0 0 0 0 0 0 1544604513 20967507 4176875520 528670720 62607360 11745827 8380785 2337628 7318874 16624403
1790339084528 0 72975 0 3609650821 3563627916 0 0 0 0 0 0 1544648612 20967661 4178526208 282198016 0 11916198 8502376 2381790 7473072 16946392
1790339085548 0 66915 0 3609749143 3563732338 0 0 0 0 0 0 1544715614 20967870 4180176896 268800000 0 12142339 8667309 2446254 7706692 17222278
1790339086568 0 109988 0 3609856781 3563796877 0 0 0 0 0 0 1544796235 20968130 4183224320 444248064 0 12399646 8854169 2526839 7898206 17446787
1790339087588 0 71911 33 3609952726 3563930989 0 0 0 0 0 0 1544840866 20968271 4182794240 290291712 0 12595187 8983925 2572011 8064449 17752353
1790339088613 0 36508 30607 3610063743 3564046719 0 0 0 0 0 0 1544901530 20968462 4182712320 286580736 7966720 12829533 9143025 2634134 8177200 17954695
1790339089637 0 96619 0 3610178777 3564132304 0 0 0 0 0 0 1544958498 20968644 4180971520 393728000 8916992 13059886 9301283 2690602 8335084 18177556
1790339090669 0 81853 4076 3610292257 3564256583 0 0 0 0 0 0 1545008777 20968807 4179468288 404066304 5931008 13279446 9453365 2740893 8469417 18446049
1790339091705 0 68666 0 3610406881 3564388306 0 0 0 0 0 0 1545058076 20968968 4178440192 266551296 0 13490621 9598076 2790677 8554260 18611095
1790339092725 0 84706 0 3610517835 3564483168 0 0 0 0 0 0 1545104181 20969101 4176588800 338948096 0 13688946 9739662 2835600 8641477 18691506
1790339093749 0 25891 5193 3610623664 3564642889 0 0 0 0 0 0 1545133882 20969214 4174700544 127332352 23048192 13846099 9854033 2867068 8728651 18916454
1790339094771 0 70978 1048 3610758746 3564736935 0 0 0 0 0 0 1545176028 20969341 4171886592 300908544 19091456 14049174 10002269 2908632 8842276 19075596
1790339095791 0 128619 0 3610916702 3564838103 0 0 0 0 0 0 1545200611 20969439 4167737344 513609728 0 14240267 10145774 2933226 8903641 19191905
1790339096811 0 142246 2229 3611058175 3564963886 0 0 0 0 0 0 1545221699 20969543 4163956736 582639616 26259456 14419083 10281400 2954814 8982907 19347631
1790339097835 0 83111 544 3611169052 3565135563 0 0 0 0 0 0 1545240164 20969633 4160966656 354213888 5693440 14554133 10388634 2973279 9085523 19714174
1790339098857 0 139526 0 3611337236 3565247723 0 0 0 0 0 0 1545265800 20969758 4156571648 558424064 0 14745560 10541759 2998932 9233547 19959394
1790339099878 0 84081 0 3611449513 3565415411 0 0 0 0 0 0 1545293500 20969864 4155232256 329797632 0 14898518 10666857 3026633 9318027 20143577
1790339100898 0 102591 0 3611583665 3565531125 0 0 0 0 0 0 1545323712 20969984 4154888192 412012544 0 15084912 10814076 3054803 9436568 20340651
1790339101917 0 90649 0 3611703820 3565663222 0 0 0 0 0 0 1545353438 20970107 4154974208 363048960 0 15257732 10952084 3084809 9497745 20491229
1790339102943 0 81855 531 3611834269 3565801974 0 0 0 0 0 0 1545383040 20970340 4154847232 340881408 27996160 15437535 11102476 3116117 9624271 20784950
1790339103966 0 110258 0 3611971233 3565911081 0 0 0 0 0 0 1545424586 20970503 4155133952 437297152 0 15628578 11260702 3156676 9783447 20994953
1790339104987 0 39917 0 3612073494 3566083661 0 0 0 0 0 0 1545451792 20970597 4155768832 149786624 0 15770899 11376485 3184554 9902380 21316386
1790339106007 0 108797 0 3612222457 3566163765 0 0 0 0 0 0 1545489717 20970734 4156084224 432742400 0 15980646 11546784 3222327 10013680 21511183
1790339107028 0 48610 43 3612330431 3566331964 0 0 0 0 0 0 1545511871 20970860 4155424768 192516096 16154624 16130272 11671357 3244950 10114420 21723235
1790339108056 0 107120 0 3612473100 3566416091 0 0 0 0 0 0 1545550376 20971040 4155416576 425312256 0 16325773 11837247 3282252 10287389 22006890
1790339109076 0 104367 0 3612593232 3566539007 0 0 0 0 0 0 1545582718 20971184 4155625472 414150656 0 16502484 11982307 3315282 10469526 22348017
1790339110103 0 103450 3443 3612713253 3566656476 0 0 0 0 0 0 1545624762 20971367 4157546496 450637824 24244224 16697288 12143795 3357904 10547242 22497636
1790339111125 0 95675 73 3612829453 3566783853 0 0 0 0 0 0 1545667969 20971552 4159602688 381198336 0 16881726 12294162 3399721 10660219 22779813
1790339112145 0 132807 898 3612963788 3566880266 0 0 0 0 0 0 1545713697 20971749 4160786432 556257280 8392704 17099434 12468407 3446774 10830491 23009213
1790339113165 0 115533 25949 3613074652 3566983284 0 0 0 0 0 0 1545772750 20971971 4163858432 531218432 72323072 17311122 12634225 3505312 10999390 23257197
1790339114185 0 139747 0 3613174601 3567084901 0 0 0 0 0 0 1545824062 20972191 4166082560 561999872 0 17492598 12778316 3556163 11112863 23489552
1790339115205 0 68836 19 3613259700 3567240981 0 0 0 0 0 0 1545864651 20972351 4167409664 275419136 0 17652403 12899878 3595696 11284932 23862926
1790339116225 0 77928 0 3613370573 3567342750 0 0 0 0 0 0 1545917003 20972582 4168581120 307421184 0 17867548 13059843 3648426 11471962 24099537
1790339117246 0 146306 0 3613498360 3567402142 0 0 0 0 0 0 1545984864 20972876 4170625024 585891840 0 18119767 13252750 3716425 11633136 24210212
1790339118266 0 94212 0 3613582526 3567538433 0 0 0 0 0 0 1546037348 20973079 4173217792 377176064 0 18306647 13387941 3768800 11701285 24337609
1790339119285 0 125558 876 3613692367 3567616392 0 0 0 0 0 0 1546100412 20973337 4175765504 537423872 4616192 18545454 13563113 3833482 11831593 24466927
1790339120304 0 98651 0 3613787238 3567738827 0 0 0 0 0 0 1546156355 20973556 4177395712 396582912 0 18760021 13709298 3887896 12012819 24801670
1790339121325 0 19762 0 3613854875 3567885291 0 0 0 0 0 0 1546198687 20973712 4178767872 70553600 0 18910797 13817318 3931003 12217378 25186841
1790339122345 0 105518 73 3613982334 3567926724 0 0 0 0 0 0 1546269464 20973972 4179513344 424714240 0 19162658 14000910 4001621 12390105 25305677
1790339123365 0 67458 0 3614072425 3568055105 0 0 0 0 0 0 1546305492 20974125 4178661376 261316608 0 19313490 14110550 4038092 12598526 25745964
1790339124385 0 115189 0 3614197192 3568132037 0 0 0 0 0 0 1546354302 20974319 4177825792 454934528 0 19534652 14264792 4087385 12760054 26039102
1790339125406 0 61223 0 3614280068 3568268737 0 0 0 0 0 0 1546402513 20974493 4178104320 240877568 0 19707158 14388724 4133931 12869713 26265598
1790339126426 0 66270 47 3614396481 3568380284 0 0 0 0 0 0 1546449879 20974664 4176310272 261242880 0 19910892 14538881 4182805 12973480 26427272
1790339127447 0 80176 0 3614500795 3568470676 0 0 0 0 0 0 1546512414 20974878 4176580608 317173760 0 20136780 14696258 4245037 13153072 26685685
1790339128467 0 50487 39 3614594556 3568594119 0 0 0 0 0 0 1546559801 20975040 4176601088 205987840 6529024 20322048 14828945 4292238 13222666 26816671
1790339129488 0 57565 0 3614690970 3568683403 0 0 0 0 0 0 1546614116 20975260 4177043456 223150080 0 20530845 14970288 4346166 13321824 26972431
1790339130511 0 65055 18846 3614819568 3568785884 0 0 0 0 0 0 1546658742 20975429 4175372288 305164288 61407232 20744284 15123631 4391864 13394883 27067688
1790339131533 0 88423 20 3614946869 3568908504 0 0 0 0 0 0 1546684445 20975532 4171243520 367284224 8499200 20909511 15241381 4417520 13471281 27270239
1790339132558 0 56059 4828 3615050795 3569040058 0 0 0 0 0 0 1546712694 20975650 4169228288 260710400 3866624 21060693 15354522 4445768 13655340 27682618
1790339133577 0 83498 9271 3615176340 3569133763 0 0 0 0 0 0 1546743940 20975785 4166062080 340951040 56254464 21226526 15488897 4477014 13761252 27964035
1790339134598 0 100974 0 3615309455 3569258450 0 0 0 0 0 0 1546774628 20975917 4162822144 397139968 0 21399457 15624642 4507821 13838910 28122926
1790339135618 0 123288 0 3615434106 3569360977 0 0 0 0 0 0 1546800364 20976025 4160946176 491991040 0 21560305 15751179 4532463 13972590 28412550
1790339136638 0 31087 3 3615513421 3569532434 0 0 0 0 0 0 1546817855 20976092 4159537152 109948928 0 21655611 15827316 4550946 14021742 28618716
1790339137662 0 101387 0 3615667996 3569616740 0 0 0 0 0 0 1546843019 20976201 4156547072 409628672 10084352 21841661 15979587 4576093 14153887 28924227
1790339138682 0 121431 40 3615804007 3569732687 0 0 0 0 0 0 1546869712 20976312 4154507264 482574336 0 22015665 16118838 4601761 14242101 29063708
1790339139705 0 66281 1820 3615897132 3569879154 0 0 0 0 0 0 1546889232 20976399 4153397248 271728640 28848128 22143116 16217616 4622305 14390781 29526638
1790339140727 0 99044 0 3616023720 3569974695 0 0 0 0 0 0 1546926295 20976534 4153942016 388976640 0 22324107 16361845 4659406 14507744 29737125
1790339141749 0 7686 0 3616101257 3570143670 0 0 0 0 0 0 1546952756 20976612 4154322944 19054592 0 22442243 16457804 4684310 14594830 30009709
1790339142774 0 90249 0 3616260200 3570220042 0 0 0 0 0 0 1546997971 20976794 4154638336 355336192 0 22677980 16647137 4730241 14716092 30156693
1790339143794 0 93102 0 3616375986 3570332934 0 0 0 0 0 0 1547038294 20976938 4155895808 372973568 0 22860955 16795176 4769722 14823682 30401406
1790339144816 0 75629 7344 3616491351 3570458553 0 0 0 0 0 0 1547081863 20977099 4157030400 349876224 13623296 23041217 16943010 4814425 14976478 30619437
1790339145837 0 107046 1168 3616618466 3570560568 0 0 0 0 0 0 1547119477 20977264 4156256256 445124608 0 23223825 17089377 4852598 15157088 30894108
1790339146857 0 69856 0 3616714037 3570694232 0 0 0 0 0 0 1547143674 20977400 4155883520 272277504 0 23369187 17200133 4876253 15257442 31075326
1790339147877 0 127984 0 3616854252 3570776302 0 0 0 0 0 0 1547185340 20977622 4156645376 508866560 0 23588899 17370088 4918414 15340661 31175764
1790339148897 0 142571 0 3616970592 3570878153 0 0 0 0 0 0 1547217652 20977757 4155469824 573902848 0 23756059 17508290 4949191 15504191 31481557
1790339149917 0 93158 0 3617051425 3571008413 0 0 0 0 0 0 1547243324 20977885 4155912192 366776320 0 23887383 17609185 4976415 15569614 31711531
1790339150937 0 77829 73 3617152406 3571124638 0 0 0 0 0 0 1547286452 20978072 4157792256 331927552 7749632 24067957 17750102 5019041 15680067 31984995
1790339151965 0 41719 1242 3617247290 3571254519 0 0 0 0 0 0 1547331673 20978256 4160430080 190005248 8962048 24237587 17886803 5064233 15746868 32182909
1790339152994 0 90963 0 3617363208 3571322326 0 0 0 0 0 0 1547379265 20978452 4161449984 364371968 0 24433089 18039573 5111835 15913294 32450965
1790339154015 0 120838 589 3617472966 3571401672 0 0 0 0 0 0 1547420859 20978630 4163227648 506642432 5627904 24634430 18189318 5153942 16006612 32631869
1790339155034 0 111176 0 3617567229 3571506119 0 0 0 0 0 0 1547482413 20978826 4166270976 446451712 0 24832926 18337131 5213973 16140270 32830922
1790339156054 0 103266 6716 3617663699 3571603842 0 0 0 0 0 0 1547538349 20979029 4168237056 460533760 0 25028280 18488057 5269581 16372819 33110085
1790339157080 0 13411 530 3617722017 3571758201 0 0 0 0 0 0 1547563926 20979128 4168581120 69730304 4104192 25134191 18567260 5296641 16533467 33542225
1790339158109 0 105979 0 3617856578 3571800657 0 0 0 0 0 0 1547622522 20979360 4169367552 424361984 0 25389499 18744544 5354630 16758782 33728022
1790339159129 0 124722 0 3617963656 3571888984 0 0 0 0 0 0 1547666710 20979549 4168851456 500367360 0 25585997 18882810 5398800 16935657 34042296
1790339160151 0 68297 16619 3618043626 3572009218 0 0 0 0 0 0 1547701954 20979706 4168445952 279400448 83578880 25736156 18993867 5435028 17023410 34257333
1790339161175 0 88977 10717 3618149710 3572100294 0 0 0 0 0 0 1547745588 20979875 4168585216 364175360 61952000 25925578 19133179 5478662 17149450 34448262
1790339162201 0 132079 775 3618256162 3572173700 0 0 0 0 0 0 1547802472 20980090 4170301440 558796800 1748992 26143349 19289524 5535082 17235749 34613947
1790339163223 0 62402 0 3618341996 3572329672 0 0 0 0 0 0 1547834284 20980204 4170158080 240078848 0 26280428 19389396 5566342 17353389 34947758
1790339164243 0 101981 0 3618466955 3572415059 0 0 0 0 0 0 1547879992 20980387 4170076160 407642112 0 26479625 19540649 5611539 17516296 35207893
1790339165273 0 62535 365 3618564996 3572552226 0 0 0 0 0 0 1547926709 20980578 4170702848 277782528 2502656 26667571 19679758 5659769 17642110 35435816
1790339166297 0 116485 0 3618697556 3572631183 0 0 0 0 0 0 1547973325 20980773 4170350592 463310848 0 26885747 19846437 5705931 17763814 35509821
1790339167327 0 45710 15020 3618777739 3572767164 0 0 0 0 0 0 1548015948 20980897 4170219520 272388096 7389184 27040348 19964142 5748496 17917879 35917038
1790339168355 0 97657 0 3618896412 3572848894 0 0 0 0 0 0 1548075838 20981127 4171284480 389541888 0 27271905 20131098 5807876 18025549 36069648
1790339169376 0 67281 584 3618986312 3572968534 0 0 0 0 0 0 1548127032 20981309 4172234752 292212736 0 27469745 20267252 5859284 18147477 36322847
1790339170396 0 79193 0 3619088930 3573059867 0 0 0 0 0 0 1548176265 20981486 4172242944 313843712 0 27653751 20401652 5908872 18251974 36507799
1790339171416 0 93031 0 3619194086 3573150982 0 0 0 0 0 0 1548217860 20981636 4170592256 370278400 0 27832384 20529228 5949420 18391440 36721122
1790339172440 0 70038 810 3619289355 3573268671 0 0 0 0 0 0 1548242015 20981748 4168392704 286875648 16814080 27970955 20634188 5975032 18453807 36904844
1790339173464 0 97659 0 3619416231 3573368745 0 0 0 0 0 0 1548277466 20981907 4165521408 387772416 0 28148183 20766084 6010525 18604653 37197255
1790339174487 0 88729 20 3619527178 3573488491 0 0 0 0 0 0 1548315360 20982048 4163796992 353124352 0 28329676 20896611 6047499 18682026 37388704
1790339175507 0 136446 2641 3619667903 3573579092 0 0 0 0 0 0 1548353926 20982196 4161208320 577118208 5386240 28529142 21048230 6086986 18773286 37539877
1790339176526 0 61239 73 3619743450 3573732274 0 0 0 0 0 0 1548377970 20982275 4160139264 266477568 1957888 28636718 21129868 6110558 18872316 37828389
1790339177550 0 83512 26 3619871144 3573837677 0 0 0 0 0 0 1548408306 20982407 4158525440 329465856 0 28815705 21263267 6140857 19057830 38157104
1790339178570 0 79609 0 3619982293 3573952754 0 0 0 0 0 0 1548440541 20982547 4157132800 312377344 0 28978034 21390394 6172648 19239173 38496856
1790339179597 0 102632 0 3620104633 3574052083 0 0 0 0 0 0 1548471335 20982689 4155686912 407494656 0 29155219 21528839 6203906 19334826 38668486
1790339180621 0 69006 0 3620207244 3574188276 0 0 0 0 0 0 1548498559 20982817 4154257408 276598784 0 29297441 21644942 6229577 19426169 38911528
1790339181645 0 106102 58 3620324177 3574268146 0 0 0 0 0 0 1548529866 20982964 4153675776 426876928 0 29468964 21781306 6261401 19575477 39269111
1790339182664 0 137005 511 3620434113 3574346847 0 0 0 0 0 0 1548559095 20983120 4153450496 568193024 3821568 29628496 21911521 6291714 19672740 39547257
1790339183694 0 15603 1461 3620493834 3574526826 0 0 0 0 0 0 1548577107 20983203 4153905152 57442304 0 29719326 21983117 6309678 19726544 39820167
1790339184721 0 104992 803 3620636600 3574580905 0 0 0 0 0 0 1548635638 20983433 4155588608 442949632 2232320 29958324 22173786 6368189 19827351 39950668
1790339185746 0 118231 1989 3620740403 3574670401 0 0 0 0 0 0 1548676174 20983604 4157030400 484261888 22499328 30132545 22312260 6409233 19931196 40119550
1790339186764 0 133989 10384 3620853893 3574759605 0 0 0 0 0 0 1548725432 20983826 4158455808 571723776 35991552 30339043 22469253 6458554 20040818 40302271
1790339187784 0 145866 3723 3620961136 3574861741 0 0 0 0 0 0 1548771426 20984029 4160589824 619020288 0 30528842 22615524 6504488 20277453 40596184
1790339188808 0 3647 4119 3621006441 3575048856 0 0 0 0 0 0 1548788504 20984099 4160733184 36057088 6893568 30607442 22675143 6521563 20432977 41163957
1790339189831 0 89544 0 3621134848 3575095477 0 0 0 0 0 0 1548834684 20984314 4160786432 355336192 0 30818132 22834683 6566780 20566668 41286235
1790339190854 0 88322 0 3621234000 3575195830 0 0 0 0 0 0 1548867112 20984473 4160602112 346865664 0 30966199 22953830 6599682 20698603 41632330
1790339191875 0 79393 50 3621330557 3575301320 0 0 0 0 0 0 1548906172 20984637 4161282048 314732544 0 31134841 23079759 6638721 20850713 41913844
1790339192896 0 102742 0 3621443001 3575390392 0 0 0 0 0 0 1548939512 20984807 4159791104 408432640 0 31300043 23209199 6672101 20948691 42062918
1790339193920 0 124895 1314 3621555989 3575480018 0 0 0 0 0 0 1548973504 20985003 4159668224 525922304 4669440 31485346 23351246 6706564 21030220 42265745
1790339194939 0 46288 0 3621622870 3575626721 0 0 0 0 0 0 1549001190 20985128 4160323584 179105792 0 31595683 23436013 6732744 21131843 42505730
1790339195965 0 96576 452 3621748696 3575701892 0 0 0 0 0 0 1549060748 20985353 4162727936 417087488 3526656 31827227 23613360 6793391 21221801 42623860
1790339197010 0 79724 23 3621841686 3575812102 0 0 0 0 0 0 1549095132 20985492 4163002368 311885824 2715648 31988303 23731031 6828191 21369993 42932778
1790339198034 0 80046 0 3621946518 3575916516 0 0 0 0 0 0 1549132570 20985670 4162912256 319664128 0 32168316 23863645 6864025 21455948 43075205
1790339199054 0 116746 0 3622062033 3575995365 0 0 0 0 0 0 1549182346 20985872 4163850240 465686528 0 32374740 24017847 6914668 21586891 43221887
1790339200073 0 6230 4728 3622111341 3576150550 0 0 0 0 0 0 1549209599 20985984 4164927488 46149632 11874304 32471096 24094745 6942659 21667289 43492561
1790339201094 0 109583 5084 3622250556 3576186031 0 0 0 0 0 0 1549271724 20986234 4165697536 449069056 39546880 32721822 24281101 7004808 21822907 43643851
1790339202115 0 87825 0 3622340440 3576302774 0 0 0 0 0 0 1549306634 20986377 4166152192 349253632 0 32872832 24390908 7038500 21938787 43888312
1790339203135 0 124031 0 3622448308 3576374441 0 0 0 0 0 0 1549349023 20986557 4166762496 496873472 0 33059173 24532516 7080547 22095931 44199652
1790339204155 0 91936 0 3622524845 3576483000 0 0 0 0 0 0 1549386992 20986724 4167270400 366252032 0 33202911 24640153 7119584 22173936 44412245
1790339205178 0 12331 689 3622585469 3576622816 0 0 0 0 0 0 1549417273 20986824 4167700480 57626624 5017600 33315953 24727103 7150333 22303482 44825678
1790339206200 0 69436 9636 3622710336 3576681514 0 0 0 0 0 0 1549468495 20987051 4168015872 284131328 51957760 33539253 24892392 7201555 22407862 45015611
1790339207220 0 91348 13 3622806409 3576765158 0 0 0 0 0 0 1549510059 20987219 4168560640 363696128 0 33710148 25016263 7241096 22504585 45282407
1790339208244 0 126897 5789 3622916786 3576834590 0 0 0 0 0 0 1549571217 20987461 4169396224 519770112 39649280 33936637 25185227 7304277 22608628 45472746
1790339209263 0 102168 68 3623001489 3576949496 0 0 0 0 0 0 1549626800 20987652 4170616832 411582464 0 34118210 25318428 7357603 22754745 45803436
1790339210283 0 59146 0 3623083964 3577074812 0 0 0 0 0 0 1549665569 20987806 4171284480 233803776 0 34297299 25433770 7397150 22850955 45991132
1790339211303 0 95329 0 3623192634 3577147493 0 0 0 0 0 0 1549726489 20988033 4171599872 379334656 0 34522901 25594434 7459256 23086019 46229056
1790339212323 0 76685 12895 3623298483 3577259121 0 0 0 0 0 0 1549769855 20988219 4169895936 314101760 71409664 34711885 25732346 7502915 23240225 46480870
1790339213344 0 32 0 3623298521 3577348629 0 0 0 0 0 0 1549843291 20988574 4193431552 131072 0 34782359 25798048 7574361 23256395 46523840
1790339214364 0 33 0 3623298522 3577348629 0 0 0 0 0 0 1550013046 20989240 4198330368 131072 0 34983998 25965060 7742569 23288125 46537660
1790339215383 0 33 0 3623298522 3577348647 0 0 0 0 0 0 1550150174 20989671 4204589056 131072 0 35343232 26104264 7883271 23465959 46572216
