1790432319466 0 0 0 686727811 653257221 0 0 0 0 0 0 339934196 5404935 - - - - - - - -
1790432321013 0 109914 0 686907224 653326755 0 0 0 0 0 0 339934201 5405002 693719040 423809024 6074368 0 0 5 0 10860
1790432322040 0 152627 3071 687053470 653427127 0 0 0 0 0 0 339934201 5405002 1305825280 621658112 8388608 0 0 5 0 234010
1790432323062 0 153711 1337 687170482 653544841 0 0 0 0 0 0 339934201 5405002 1790222336 624955392 11173888 0 0 5 0 593151
1790432324081 0 152759 341 687287954 653664291 0 0 0 0 0 0 339934201 5405002 2272489472 619556864 8273920 0 0 5 0 1003507
1790432325103 0 152428 1990 687397974 653772966 0 0 0 0 0 0 339934201 5405002 2720813056 624726016 8237056 0 0 5 0 1456223
1790432326127 0 149644 1690 687517526 653895553 0 0 0 0 0 0 339934201 5405002 3198713856 601513984 11407360 0 0 5 0 1761891
1790432327149 0 147657 4088 687633228 654010895 0 0 0 0 0 0 339934201 5405002 3687895040 619749376 8388608 0 0 5 0 2206260
1790432328167 0 149558 2021 687760382 654138135 0 0 0 0 0 0 339934201 5405002 4160389120 617148416 8388608 37584 10935 5 15688 2581929
1790432329192 0 118916 3969 687858627 654265138 0 0 0 0 0 0 339937769 5405008 4159508480 487075840 28815360 219517 113677 3573 67834 2772360
1790432330213 0 139810 8192 688011237 654392645 0 0 0 0 0 0 339947339 5405016 4158607360 572178432 33554432 460952 275549 13143 146225 2912975
1790432331232 0 137812 5986 688117515 654503243 0 0 0 0 0 0 339954441 5405028 4157943808 564019200 33034240 614988 388804 20245 223940 3020679
1790432332251 0 109719 4104 688219226 654634724 0 0 0 0 0 0 339964577 5405042 4157837312 460251136 10051584 768045 498816 30381 283532 3232659
1790432333271 0 143829 0 688333149 654718711 0 0 0 0 0 0 339978264 5405063 4157845504 574689280 0 927054 623624 43564 394307 3402273
1790432334290 0 98470 0 688396355 654827255 0 0 0 0 0 0 339986885 5405076 4158087168 389713920 0 1010864 695898 52706 458399 3550139
1790432335318 0 71026 72 688469934 654928202 0 0 0 0 0 0 340001747 5405180 4158668800 289341440 6225920 1173474 784642 67552 512346 3687795
1790432336346 0 103383 2059 688575112 654999127 0 0 0 0 0 0 340024696 5405321 4159709184 427016192 8065024 1393995 914233 90572 647304 3982568
1790432337369 0 132937 2044 688673743 655068127 0 0 0 0 0 0 340058015 5405478 4162060288 559083520 3993600 1574334 1044385 123818 724820 4147260
1790432338405 0 33940 1033 688695830 655190301 0 0 0 0 0 0 340068753 5405510 4162940928 135684096 13299712 1620382 1076413 134556 795530 4580866
1790432339424 0 113992 0 688816101 655231433 0 0 0 0 0 0 340113365 5405695 4165992448 456142848 0 1845040 1238394 178148 930014 4758200
1790432340448 0 74069 2098 688876816 655330019 0 0 0 0 0 0 340136418 5405778 4167671808 308842496 8900608 1962879 1324702 202221 993394 4930410
1790432341483 0 93086 2040 688973344 655407608 0 0 0 0 0 0 340169771 5405892 4170014720 384520192 8388608 2130348 1450959 235575 1071427 5118981
1790432342510 0 106915 3000 689061136 655480658 0 0 0 0 0 0 340206247 5406053 4171849728 447488000 8835072 2301931 1577336 272050 1274501 5477249
1790432343534 0 115674 13930 689156121 655555927 0 0 0 0 0 0 340235536 5406199 4173234176 497299456 35856384 2493773 1701528 301339 1385707 5650434
1790432344553 0 13392 0 689187456 655703521 0 0 0 0 0 0 340247584 5406253 4173737984 44367872 0 2556099 1740836 312095 1498151 6162312
1790432345577 0 128567 4088 689330734 655727610 0 0 0 0 0 0 340314974 5406500 4176506880 541155328 8388608 2868996 1953800 380828 1621105 6249249
1790432346598 0 152815 0 689421249 655797791 0 0 0 0 0 0 340349897 5406631 4176957440 612020224 0 3033726 2075256 415207 1665730 6365067
1790432347617 0 131521 0 689492054 655889951 0 0 0 0 0 0 340374549 5406736 4176478208 527572992 0 3181276 2170863 439354 1760092 6557413
1790432348637 0 120505 0 689571191 655980063 0 0 0 0 0 0 340408935 5406854 4176637952 485490688 0 3335273 2283812 472726 1893471 6896265
1790432349661 0 34505 4392 689613568 656104362 0 0 0 0 0 0 340433561 5406914 4177252352 144932864 25165824 3448754 2354306 499372 1998900 7290707
1790432350681 0 117080 0 689738256 656150552 0 0 0 0 0 0 340495484 5407118 4178083840 469004288 0 3712112 2536867 560275 2090383 7376308
1790432351701 0 118904 0 689828265 656238654 0 0 0 0 0 0 340539551 5407254 4178284544 477532160 0 3903353 2670814 604390 2245642 7659664
1790432352721 0 115513 0 689912737 656326718 0 0 0 0 0 0 340580199 5407383 4179193856 464867328 0 4086170 2795453 644518 2326195 7837581
1790432353745 0 49922 11161 689960599 656428914 0 0 0 0 0 0 340610496 5407471 4179603456 204406784 45572096 4216160 2876804 676300 2460397 8363982
1790432354764 0 83845 77 690047961 656493461 0 0 0 0 0 0 340665310 5407636 4181123072 337321984 0 4418558 3014246 728601 2605170 8719175
1790432355788 0 86298 1440 690130104 656571724 0 0 0 0 0 0 340711502 5407770 4182024192 353521664 18649088 4618907 3146229 777340 2687149 8936139
1790432356812 0 99734 3948 690207711 656633484 0 0 0 0 0 0 340775315 5407928 4183412736 413888512 19034112 4823664 3286986 841119 2835457 9228102
1790432357835 0 19266 0 690238467 656748492 0 0 0 0 0 0 340800418 5407996 4183146496 78217216 15523840 4911366 3342367 866222 2942575 9582059
1790432358859 0 133530 12288 690366424 656750016 0 0 0 0 0 0 340911747 5408288 4186120192 546938880 50331648 5264459 3580981 977551 3164492 9646155
1790432359882 0 28843 1925 690382332 656881015 0 0 0 0 0 0 340924056 5408312 4186615808 126160896 36864 5308297 3608685 989860 3266473 10246786
1790432360901 0 106857 0 690490321 656912820 0 0 0 0 0 0 340995775 5408511 4186259456 430239744 0 5581356 3785067 1060110 3381675 10401600
1790432361924 0 94357 0 690559756 656994780 0 0 0 0 0 0 341054303 5408649 4187213824 377802752 0 5777789 3912217 1118570 3544732 10747056
1790432362955 0 43831 5183 690613591 657094079 0 0 0 0 0 0 341096361 5408747 4186804224 192061440 16396288 5925607 4007621 1161650 3647098 11046925
1790432363979 0 91301 1314 690714746 657151541 0 0 0 0 0 0 341158537 5408907 4185907200 379351040 8388608 6135532 4153407 1223749 3781138 11365369
1790432365004 0 132718 2473 690823111 657217357 0 0 0 0 0 0 341216418 5409053 4183711744 548024320 11984896 6359398 4302513 1282218 3948155 11560842
1790432366029 0 20088 4159 690851937 657357193 0 0 0 0 0 0 341229236 5409087 4182839296 82280448 31387648 6408743 4336527 1294523 4081011 12089254
1790432367059 0 10735 0 690933517 657452098 0 0 0 0 0 0 341261074 5409184 4181831680 32038912 7438336 6562547 4431427 1326362 4266538 12367174
1790432368086 0 56204 1704 691043698 657515166 0 0 0 0 0 0 341305261 5409372 4179128320 228974592 12775424 6757651 4564452 1370038 4496586 12688416
1790432369106 0 51672 0 691125941 657603652 0 0 0 0 0 0 341331977 5409487 4176883712 197931008 0 6877539 4648523 1397263 4638926 13185281
1790432370125 0 24392 0 691204115 657709125 0 0 0 0 0 0 341353048 5409560 4174290944 84234240 0 6994943 4726815 1418352 4765936 13471598
1790432371145 0 20276 1990 691306457 657813449 0 0 0 0 0 0 341369149 5409658 4170309632 92332032 6955008 7130280 4825998 1434436 4866450 13634479
1790432372170 0 72673 4061 691436499 657889164 0 0 0 0 0 0 341391318 5409782 4165734400 309329920 14839808 7301960 4944460 1456553 5033099 13940799
1790432373189 0 87170 0 691557815 657999934 0 0 0 0 0 0 341403615 5409864 4161077248 342663168 0 7435573 5042350 1468867 5127450 14258088
1790432374209 0 83600 4953 691658988 658099791 0 0 0 0 0 0 341418544 5409927 4157980672 364007424 6967296 7567848 5136856 1483780 5273778 14655944
1790432375230 0 63437 1338 691752975 658217610 0 0 0 0 0 0 341425254 5409980 4155621376 261165056 5029888 7675811 5218889 1490487 5327904 14896129
1790432376252 0 104667 1401 691882895 658306847 0 0 0 0 0 0 341443730 5410061 4151574528 427945984 4313088 7834307 5338689 1509480 5454393 15117139
1790432377271 0 49959 578 691972852 658451814 0 0 0 0 0 0 341452999 5410116 4149215232 211255296 5337088 7944374 5420574 1518741 5587678 15622331
1790432378291 0 84994 79 692105401 658549811 0 0 0 0 0 0 341465869 5410191 4146925568 331976704 0 8098083 5540988 1531571 5662509 15802810
1790432379310 0 95876 1197 692224004 658656458 0 0 0 0 0 0 341485908 5410293 4145262592 399810560 6238208 8246034 5656486 1551601 5772536 16016645
1790432380329 0 150464 0 692357307 658736212 0 0 0 0 0 0 341507413 5410368 4144951296 602619904 0 8427825 5794788 1572598 5931408 16321864
1790432381349 0 139097 2482 692457128 658844991 0 0 0 0 0 0 341528430 5410449 4145156096 578322432 6766592 8559628 5904505 1594171 6032457 16589251
1790432382370 0 10894 8039 692498293 659008808 0 0 0 0 0 0 341539254 5410487 4145123328 73764864 12693504 8621367 5949940 1604948 6091785 17116150
1790432383399 0 59150 918 692626097 659095470 0 0 0 0 0 0 341560314 5410581 4144533504 243212288 11653120 8783785 6081241 1626008 6279443 17450543
1790432384428 0 109282 2117 692752044 659170172 0 0 0 0 0 0 341590716 5410688 4146282496 458452992 5689344 8970428 6229999 1655898 6435894 17705705
1790432385452 0 120221 1957 692852735 659260007 0 0 0 0 0 0 341624566 5410868 4147970048 493953024 11841536 9123966 6354054 1689749 6524390 17898227
1790432386478 0 87251 12265 692934913 659364827 0 0 0 0 0 0 341653646 5410963 4149616640 357335040 66056192 9251867 6460552 1719340 6651821 18208419
1790432387501 0 3520 26 692980750 659506511 0 0 0 0 0 0 341664914 5411007 4150349824 20688896 3047424 9322049 6515251 1730632 6762624 18427611
1790432388525 0 116148 7665 693135314 659540945 0 0 0 0 0 0 341720171 5411145 4153204736 475553792 37781504 9569224 6715641 1785354 6984505 18618110
1790432389543 0 129924 12996 693235952 659622373 0 0 0 0 0 0 341758395 5411260 4155097088 532447232 62201856 9739287 6849171 1824113 7077509 18846263
1790432390563 0 140262 0 693322120 659711324 0 0 0 0 0 0 341785763 5411364 4156198912 562139136 0 9878041 6956970 1851291 7213754 19267992
1790432391582 0 136253 1 693416567 659809628 0 0 0 0 0 0 341821178 5411477 4157288448 550481920 0 10031304 7080827 1884859 7432995 19637963
1790432392606 0 17001 912 693455805 659967366 0 0 0 0 0 0 341836606 5411518 4158078976 81141760 5345280 10097863 7138083 1901789 7574096 20184269
1790432393626 0 142862 0 693603450 659989847 0 0 0 0 0 0 341908891 5411709 4161683456 574459904 0 10363667 7347144 1973491 7751853 20285884
1790432394650 0 7767 3607 693636079 660154458 0 0 0 0 0 0 341922253 5411748 4162498560 32862208 23343104 10421795 7394687 1987954 7836684 20586101
1790432395673 0 118753 3286 693782534 660190049 0 0 0 0 0 0 341980658 5411948 4164485120 486129664 22142976 10696157 7595948 2046352 7967091 20692696
1790432396696 0 98064 6260 693869848 660294963 0 0 0 0 0 0 342021186 5412061 4166238208 401670144 35479552 10861439 7721556 2086880 8112390 21111359
1790432397715 0 131216 48 693971563 660369705 0 0 0 0 0 0 342082179 5412222 4168781824 526983168 0 11065267 7878945 2146596 8291844 21299734
1790432398738 0 6 0 694004968 660534378 0 0 0 0 0 0 342107291 5412279 4169678848 10620928 6316032 11145931 7940523 2172531 8355655 21595766
1790432399761 0 41863 0 694112422 660599914 0 0 0 0 0 0 342167217 5412438 4172398592 161984512 0 11365466 8102828 2231382 8480167 21781878
1790432400785 0 102278 5037 694228482 660650709 0 0 0 0 0 0 342235452 5412627 4175958016 436400128 13791232 11616943 8289320 2300635 8589962 21913493
1790432401810 0 33514 1998 694279886 660774002 0 0 0 0 0 0 342267788 5412734 4177137664 146690048 14721024 11735076 8372161 2332968 8779902 22308964
1790432402843 0 124187 6205 694411870 660810962 0 0 0 0 0 0 342343293 5413011 4178722816 542924800 8212480 12015831 8578769 2408473 8896092 22391572
1790432403865 0 52712 1168 694474323 660949838 0 0 0 0 0 0 342388403 5413149 4180480000 226770944 10158080 12162880 8684954 2453641 9025799 22743994
1790432404887 0 102227 0 694582544 661009626 0 0 0 0 0 0 342466503 5413397 4183277568 410091520 0 12417362 8867724 2530683 9249607 22924536
1790432405911 0 29806 3187 694656434 661152812 0 0 0 0 0 0 342502449 5413507 4183007232 122089472 36548608 12570947 8970368 2568143 9484927 23342913
1790432406939 0 147917 0 694798153 661179612 0 0 0 0 0 0 342579735 5413738 4182351872 597716992 0 12860715 9169369 2643086 9667644 23393820
1790432407959 0 46359 0 694866546 661349597 0 0 0 0 0 0 342609226 5413840 4181135360 177258496 0 12986199 9257810 2674402 9841474 23874527
1790432408979 0 52286 0 694961541 661438686 0 0 0 0 0 0 342662472 5413998 4180426752 203739136 0 13188582 9396684 2726858 10020546 24181520
1790432410005 0 55922 2595 695068909 661539800 0 0 0 0 0 0 342700186 5414127 4178853888 245202944 22335488 13375867 9529771 2765369 10106795 24322953
1790432411050 0 10153 1205 695149617 661667616 0 0 0 0 0 0 342739362 5414238 4178444288 70856704 5754880 13537254 9639702 2805056 10182717 24435505
1790432412080 0 116539 1378 695310415 661722013 0 0 0 0 0 0 342791041 5414402 4175441920 490614784 7626752 13776519 9817179 2856370 10301433 24504491
1790432413107 0 8759 1385 695376723 661896017 0 0 0 0 0 0 342814096 5414481 4173889536 42348544 8175616 13889744 9895638 2879279 10388245 24775866
1790432414126 0 40887 0 695505262 661993812 0 0 0 0 0 0 342844874 5414587 4171247616 154107904 0 14069234 10025958 2910072 10482613 24993100
1790432415146 0 81750 793 695661440 662108332 0 0 0 0 0 0 342869529 5414685 4166438912 343420928 2732032 14258334 10171238 2935222 10650284 25241567
1790432416166 0 48982 0 695773226 662253554 0 0 0 0 0 0 342885941 5414770 4163944448 186257408 0 14396334 10275264 2951174 10828743 25647597
1790432417186 0 103574 0 695919906 662345716 0 0 0 0 0 0 342909505 5414881 4160233472 411811840 0 14572151 10415269 2974310 10998305 25908235
1790432418205 0 39986 658 696038043 662526927 0 0 0 0 0 0 342926523 5414962 4156604416 176918528 40960 14713323 10526173 2991708 11145139 26213430
1790432419229 0 107148 818 696182380 662603835 0 0 0 0 0 0 342960375 5415104 4155203584 441577472 2330624 14906020 10685142 3026070 11331376 26465732
1790432420250 0 95061 0 696284077 662718454 0 0 0 0 0 0 342983119 5415187 4154966016 372658176 0 15043336 10793677 3048821 11464310 26856365
1790432421269 0 62364 0 696393843 662860821 0 0 0 0 0 0 343011337 5415357 4155461632 243056640 0 15202008 10918221 3075503 11617516 27204992
1790432422289 0 100066 0 696527040 662956378 0 0 0 0 0 0 343042090 5415501 4154396672 399294464 0 15381526 11071373 3106756 11805794 27466683
1790432423309 0 1605 4 696611030 663138778 0 0 0 0 0 0 343061454 5415589 4154621952 9568256 4169728 15497251 11168145 3126779 12036398 27930431
1790432424329 0 119880 2078 696783387 663190973 0 0 0 0 0 0 343116510 5415789 4155731968 501669888 5681152 15743896 11371830 3181174 12225218 28033895
1790432425348 0 57116 0 696861675 663334014 0 0 0 0 0 0 343135965 5415859 4156268544 218832896 0 15849235 11461312 3201686 12333323 28245304
1790432426369 0 82290 0 696990903 663437968 0 0 0 0 0 0 343164465 5415983 4155858944 324255744 0 16030335 11607234 3229779 12547939 28548100
1790432427389 0 41080 63 697086160 663574412 0 0 0 0 0 0 343191527 5416114 4155990016 157671424 0 16163042 11719577 3256177 12642395 28752360
1790432428409 0 148722 0 697247797 663628438 0 0 0 0 0 0 343231882 5416308 4156006400 593371136 0 16390108 11908383 3296488 12798979 28914100
1790432429429 0 126662 0 697340401 663743126 0 0 0 0 0 0 343262581 5416429 4156551168 508428288 0 16530168 12027044 3326754 12994082 29343008
1790432430449 0 102680 0 697449120 663875776 0 0 0 0 0 0 343300238 5416596 4158427136 407781376 0 16708470 12169888 3364919 13119370 29546048
1790432431475 0 6174 66 697530390 664053691 0 0 0 0 0 0 343329765 5416726 4159868928 12926976 0 16839279 12276656 3394211 13238835 29886297
1790432432497 0 94711 0 697672143 664106783 0 0 0 0 0 0 343379898 5416946 4161564672 376856576 0 17064605 12461100 3445074 13364271 29967841
1790432433517 0 41674 0 697741256 664228922 0 0 0 0 0 0 343410023 5417067 4162801664 159723520 0 17188052 12557520 3474721 13586219 30410576
1790432434537 0 33241 0 697836526 664332803 0 0 0 0 0 0 343466479 5417278 4165677056 124035072 0 17374084 12703546 3531174 13695569 30598780
1790432435557 0 54641 762 697948445 664422387 0 0 0 0 0 0 343521641 5417516 4167872512 241147904 1839104 17585049 12868424 3587181 13798644 30752004
1790432436576 0 41855 0 698046361 664533849 0 0 0 0 0 0 343565244 5417697 4168658944 159047680 0 17766045 13003305 3629469 13996461 31087905
1790432437607 0 73573 2482 698161728 664615126 0 0 0 0 0 0 343625411 5417947 4170694656 332509184 8089600 18000377 13179032 3690598 14116131 31168222
1790432438630 0 15084 102 698234020 664748378 0 0 0 0 0 0 343662621 5418121 4171685888 50778112 0 18137465 13284641 3727323 14195796 31450050
1790432439650 0 137293 1168 698374291 664765236 0 0 0 0 0 0 343753571 5418465 4175785984 570363904 5857280 18449108 13515024 3818431 14411453 31520518
1790432440673 0 5685 1 698417617 664941340 0 0 0 0 0 0 343773881 5418555 4176568320 14802944 0 18539469 13577191 3838777 14532745 31866164
1790432441695 0 149343 1387 698566091 664944829 0 0 0 0 0 0 343863933 5418899 4179013632 620728320 0 18870858 13812871 3929122 14653479 31882243
1790432442715 0 21284 0 698624354 665132413 0 0 0 0 0 0 343890898 5418991 4178874368 74248192 0 18977165 13891275 3956332 14777859 32195297
1790432443734 0 120839 730 698762546 665170506 0 0 0 0 0 0 343969220 5419271 4179439616 505589760 2269184 19251729 14092647 4033957 14961272 32310110
1790432444762 0 56648 17830 698850142 665305026 0 0 0 0 0 0 343999580 5419407 4178571264 303054848 21401600 19389194 14192816 4065294 15097628 32726053
1790432445782 0 41245 0 698934201 665422336 0 0 0 0 0 0 344037078 5419547 4178345984 161083392 0 19546529 14300928 4100721 15276200 33061222
1790432446802 0 35630 0 699027407 665520955 0 0 0 0 0 0 344089875 5419736 4178583552 133877760 0 19734347 14438918 4155103 15384352 33302669
1790432447825 0 14891 1174 699128363 665641804 0 0 0 0 0 0 344129907 5419869 4176973824 72691712 2310144 19906023 14566446 4195140 15540715 33560002
1790432448852 0 20929 568 699230338 665738160 0 0 0 0 0 0 344190502 5420077 4177133568 89055232 6168576 20128305 14718573 4256188 15726457 33823816
1790432449888 0 39668 5694 699336953 665820973 0 0 0 0 0 0 344245875 5420282 4177371136 181743616 25214976 20339803 14873714 4311560 15860598 34067542
1790432450922 0 34548 12179 699432244 665914992 0 0 0 0 0 0 344295162 5420481 4176756736 133840896 72822784 20526088 15004257 4360909 15980145 34246486
1790432451949 0 51617 10785 699547178 666014165 0 0 0 0 0 0 344332709 5420622 4175450112 209039360 60948480 20722088 15139463 4397884 16157544 34565431
1790432452976 0 79225 1011 699671152 666120235 0 0 0 0 0 0 344357349 5420721 4171657216 328691712 13746176 20875073 15252022 4422524 16253169 34775505
1790432454017 0 56344 0 699765134 666238120 0 0 0 0 0 0 344385062 5420830 4169805824 217116672 0 21007935 15354407 4450242 16367902 35013458
1790432455038 0 68622 0 699873963 666334655 0 0 0 0 0 0 344413231 5420945 4167118848 267771904 0 21158392 15474540 4478405 16549619 35367832
1790432456063 0 7749 5214 699955350 666471849 0 0 0 0 0 0 344431720 5421033 4165341184 52039680 7901184 21271807 15562610 4497405 16709238 35717811
1790432457086 0 66340 3643 700096305 666555842 0 0 0 0 0 0 344464545 5421155 4162641920 288456704 9957376 21458428 15707799 4530231 16918649 35990615
1790432458113 0 53512 1911 700192027 666666073 0 0 0 0 0 0 344483553 5421234 4160847872 234344448 2535424 21570080 15798182 4549238 17097199 36445250
1790432459135 0 52399 962 700302144 666778151 0 0 0 0 0 0 344501228 5421302 4158476288 216862720 8429568 21704863 15905133 4566404 17230052 36807437
1790432460156 0 48133 1241 700422117 666902144 0 0 0 0 0 0 344525355 5421399 4156383232 196759552 5513216 21845948 16021884 4591041 17378270 37152377
1790432461176 0 13596 66 700527852 667043518 0 0 0 0 0 0 344544501 5421493 4154609664 42053632 0 21979467 16128487 4609019 17476051 37351396
1790432462196 0 84423 0 700676577 667121506 0 0 0 0 0 0 344577728 5421636 4153626624 339124224 0 22182148 16287813 4640867 17626166 37570093
1790432463216 0 33104 0 700760272 667256492 0 0 0 0 0 0 344604379 5421726 4154314752 124366848 0 22305920 16388641 4669696 17812434 37941306
1790432464241 0 85529 2228 700889747 667331492 0 0 0 0 0 0 344648612 5421870 4155604992 363606016 3584000 22504908 16550169 4714300 17914642 38079961
1790432465261 0 51574 0 700975753 667453547 0 0 0 0 0 0 344671157 5421967 4154994688 198651904 0 22627157 16649651 4736383 18046650 38513017
1790432466285 0 3097 9855 701076695 667593643 0 0 0 0 0 0 344704064 5422088 4156153856 34660352 28286976 22787409 16777439 4769749 18269140 38867836
1790432467310 0 34381 74 701184950 667679896 0 0 0 0 0 0 344750271 5422263 4157579264 146833408 5054464 22957051 16918003 4815446 18507210 39197224
1790432468332 0 27019 24 701299325 667801625 0 0 0 0 0 0 344785187 5422413 4157190144 102002688 0 23116554 17050811 4849851 18627229 39405918
1790432469352 0 63307 0 701421363 667887418 0 0 0 0 0 0 344817549 5422581 4156538880 247738368 0 23304210 17192691 4882228 18838616 39726850
1790432470372 0 42494 0 701516554 668003413 0 0 0 0 0 0 344842758 5422718 4157026304 162279424 0 23452203 17307040 4907932 19039412 40047100
1790432471393 0 56430 949 701643313 668115450 0 0 0 0 0 0 344885366 5422897 4156657664 244428800 1929216 23640781 17464501 4951050 19229517 40302720
1790432472413 0 36026 1387 701748360 668240265 0 0 0 0 0 0 344915655 5423051 4156792832 161939456 1859584 23805549 17593769 4981364 19388942 40603679
1790432473434 0 77269 20197 701875506 668307637 0 0 0 0 0 0 344965913 5423270 4158533632 312029184 98521088 24015093 17760888 5031161 19467526 40714104
1790432474455 0 57561 0 701956001 668427742 0 0 0 0 0 0 345002973 5423427 4160315392 223277056 0 24155653 17872694 5068143 19631710 41035130
1790432475475 0 47750 0 702046764 668528407 0 0 0 0 0 0 345042252 5423594 4161540096 182722560 0 24307931 17995902 5106678 19763666 41285904
1790432476495 0 81090 0 702164220 668612579 0 0 0 0 0 0 345085104 5423786 4162895872 320897024 0 24514193 18153107 5149822 19894510 41473098
1790432477515 0 21690 0 702237689 668745254 0 0 0 0 0 0 345124611 5423933 4164956160 79405056 0 24660768 18262931 5189341 20039709 41873645
1790432478536 0 12220 0 702321624 668838776 0 0 0 0 0 0 345183646 5424110 4167749632 39378944 0 24843459 18401784 5247815 20179121 42211943
1790432479558 0 93659 1174 702455616 668890220 0 0 0 0 0 0 345245791 5424344 4169035776 393596928 2875392 25093086 18592138 5310966 20384825 42358432
1790432480590 0 10029 2112 702527255 669044704 0 0 0 0 0 0 345279633 5424493 4169740288 61190144 12935168 25244689 18691372 5345359 20471841 42605284
1790432481618 0 32482 803 702641743 669137877 0 0 0 0 0 0 345326898 5424690 4169723904 153878528 2035712 25445879 18839437 5392075 20617562 42786897
1790432482641 0 13365 0 702714233 669230266 0 0 0 0 0 0 345359957 5424816 4169216000 44089344 0 25575699 18934722 5424934 20745220 43197899
1790432483665 0 44818 949 702836085 669320201 0 0 0 0 0 0 345406510 5425016 4168712192 204001280 1978368 25794035 19094873 5471686 20921098 43461871
1790432484694 0 47299 673 702934777 669416164 0 0 0 0 0 0 345450714 5425199 4169547776 196632576 7561216 25981263 19232000 5516390 21063395 43692055
1790432485714 0 90587 2044 703047802 669484609 0 0 0 0 0 0 345502500 5425385 4170362880 374845440 11083776 26185069 19381428 5568209 21358126 43958236
1790432486735 0 22146 10365 703128600 669625548 0 0 0 0 0 0 345535870 5425513 4171087872 88592384 60096512 26322643 19485194 5601541 21521947 44382060
1790432487757 0 14867 0 703231262 669745828 0 0 0 0 0 0 345575887 5425668 4170625024 52113408 0 26493736 19610873 5639522 21622617 44547338
1790432488783 0 22910 2872 703348179 669851761 0 0 0 0 0 0 345626195 5425879 4171051008 117035008 8380416 26709125 19773430 5691356 21830872 44755217
1790432489805 0 30591 772 703462425 669960861 0 0 0 0 0 0 345669010 5426036 4170199040 136986624 2977792 26895787 19916796 5734171 22021687 45062946
1790432490824 0 80670 0 703569325 670018130 0 0 0 0 0 0 345732078 5426255 4171640832 322129920 0 27119530 20075624 5796270 22119961 45247355
1790432491844 0 78924 0 703667026 670117424 0 0 0 0 0 0 345788398 5426447 4173012992 310943744 0 27322775 20223690 5853554 22344558 45541218
1790432492863 0 83412 0 703770734 670216753 0 0 0 0 0 0 345827989 5426611 4171427840 333328384 0 27505930 20352675 5891036 22538506 45852612
1790432493884 0 12724 452 703839163 670355419 0 0 0 0 0 0 345863294 5426722 4172107776 65998848 2252800 27633647 20449997 5928452 22634078 46101488
1790432494905 0 39692 1746 703960834 670448727 0 0 0 0 0 0 345904170 5426900 4169785344 173572096 5570560 27824261 20587500 5969891 22716075 46247085
1790432495933 0 102280 1566 704110440 670536117 0 0 0 0 0 0 345943710 5427062 4166090752 435396608 2904064 28038094 20744609 6009416 22825146 46379405
1790432496956 0 54942 0 704193277 670667683 0 0 0 0 0 0 345970223 5427174 4164243456 212738048 0 28165489 20838211 6035532 22930309 46649396
1790432497976 0 94342 0 704322734 670757796 0 0 0 0 0 0 346010131 5427332 4162203648 374259712 0 28353815 20983620 6074125 23079629 46916843
1790432498996 0 90100 704 704431161 670870107 0 0 0 0 0 0 346041639 5427434 4160909312 370110464 7852032 28508569 21098882 6107310 23266021 47293042
1790432500016 0 29848 1445 704510205 671008349 0 0 0 0 0 0 346064200 5427512 4159303680 136511488 1392640 28623919 21185295 6129880 23363923 47536545
1790432501047 0 14356 605 704612210 671126727 0 0 0 0 0 0 346089369 5427623 4158091264 69079040 2154496 28767129 21294531 6154530 23523051 47779791
1790432502069 0 77396 1097 704744322 671195284 0 0 0 0 0 0 346126327 5427787 4156600320 317960192 4194304 28958205 21445981 6192002 23693092 47957414
1790432503093 0 54497 10658 704849680 671314014 0 0 0 0 0 0 346151951 5427911 4154986496 255488000 22933504 29107863 21565751 6217623 23865829 48240667
1790432504112 0 141075 0 704996011 671384402 0 0 0 0 0 0 346189859 5428077 4153888768 569483264 0 29311868 21729353 6253512 24051344 48448533
1790432505132 0 139877 0 705099318 671488851 0 0 0 0 0 0 346220172 5428238 4153688064 558227456 0 29464210 21853402 6284862 24262887 48832783
1790432506152 0 109051 4672 705198929 671614664 0 0 0 0 0 0 346250521 5428384 4153933824 446533632 32550912 29619876 21978348 6316193 24388678 49078645
1790432507172 0 138976 0 705323676 671714132 0 0 0 0 0 0 346297500 5428562 4155236352 558854144 0 29812983 22134673 6362103 24522937 49214915
1790432508192 0 135331 0 705424538 671818580 0 0 0 0 0 0 346334390 5428726 4156547072 547528704 0 29978769 22266066 6398088 24609372 49385664
1790432509219 0 11868 2063 705473713 671989268 0 0 0 0 0 0 346360037 5428815 4157702144 69660672 4923392 30073262 22338522 6425770 24696239 49637068
1790432510241 0 144839 1110 705632424 672015846 0 0 0 0 0 0 346426345 5429104 4160102400 601133056 598016 30357021 22554720 6491527 24872679 49727845
1790432511264 0 95941 693 705706972 672139752 0 0 0 0 0 0 346458343 5429253 4160811008 398622720 1712128 30495490 22659747 6523007 25027532 49923458
1790432512287 0 103517 2356 705812257 672235717 0 0 0 0 0 0 346498527 5429421 4161208320 443146240 5738496 30670500 22796648 6563686 25184568 50104467
1790432513308 0 20537 0 705871473 672380245 0 0 0 0 0 0 346517518 5429515 4161150976 73838592 0 30763087 22864306 6582196 25402176 50598473
1790432514328 0 121204 0 706027126 672435301 0 0 0 0 0 0 346572473 5429765 4161048576 482426880 0 31008557 23057656 6638201 25512047 50683642
1790432515348 0 61266 907 706112977 672580201 0 0 0 0 0 0 346596686 5429893 4160139264 259305472 3362816 31143274 23158191 6661846 25702839 51068775
1790432516368 0 121938 0 706242942 672650343 0 0 0 0 0 0 346638318 5430121 4160192512 491585536 0 31335817 23313005 6701941 25901679 51304746
1790432517388 0 87465 0 706323039 672765032 0 0 0 0 0 0 346666547 5430267 4160057344 343601152 0 31477165 23414436 6731742 26105375 51696858
1790432518410 0 45197 549 706391428 672875148 0 0 0 0 0 0 346699398 5430386 4161191936 191737856 2502656 31609110 23513446 6764558 26255019 52127847
1790432519434 0 79258 876 706502326 672951600 0 0 0 0 0 0 346749736 5430587 4162494464 336859136 2093056 31802952 23665939 6814898 26483170 52394690
1790432520458 0 3431 70 706564467 673090385 0 0 0 0 0 0 346769244 5430677 4162301952 6377472 4349952 31908847 23739756 6834406 26653854 52842792
1790432521488 0 72683 803 706688924 673145217 0 0 0 0 0 0 346817484 5430897 4163170304 301846528 6193152 32129447 23902969 6882644 26767798 53020372
1790432522510 0 96557 16068 706796755 673213589 0 0 0 0 0 0 346870626 5431089 4164886528 395681792 75788288 32332059 24055060 6936353 26965086 53277160
1790432523538 0 25704 8687 706853870 673348960 0 0 0 0 0 0 346895318 5431204 4165058560 105009152 52174848 32431654 24131871 6960990 27059656 53663707
1790432524563 0 98634 2312 706979725 673408266 0 0 0 0 0 0 346946661 5431415 4165562368 411303936 3448832 32651431 24293249 7012333 27267935 53899180
1790432525585 0 12102 1066 707026090 673542330 0 0 0 0 0 0 346966685 5431489 4165894144 67145728 0 32741399 24356614 7031331 27460445 54429354
1790432526604 0 51378 0 707134025 673612117 0 0 0 0 0 0 347006354 5431657 4165844992 198029312 0 32917428 24491585 7071016 27686977 54775261
1790432527629 0 26727 411 707215392 673717731 0 0 0 0 0 0 347044607 5431816 4166811648 112640000 3100672 33066397 24603820 7109765 27791658 55003895
1790432528648 0 40260 0 707314988 673803966 0 0 0 0 0 0 347095922 5432014 4167184384 153845760 0 33243504 24743102 7160580 27996348 55349010
1790432529668 0 86848 783 707433988 673875767 0 0 0 0 0 0 347144141 5432230 4167487488 370569216 0 33465694 24901950 7209301 28191474 55621600
1790432530687 0 50183 0 707505334 673984490 0 0 0 0 0 0 347174923 5432373 4168060928 193798144 0 33595522 24996389 7240637 28410051 56070649
1790432531707 0 0 0 707526560 674055970 0 0 0 0 0 0 347242901 5432669 4192309248 131072 0 33688435 25076368 7305544 28474746 56214871
1790432532727 0 33 0 707526595 674055972 0 0 0 0 0 0 347413313 5433381 4196507648 131072 0 33884061 25245764 7475965 28588769 56270243
1790432533747 0 33 0 707526595 674056024 0 0 0 0 0 0 347572843 5433908 4202422272 131072 0 34281206 25404032 7635614 28649525 56285936
1790432534766 0 22 0 707526596 674056035 0 0 0 0 0 0 347634515 5434643 1752555520 53248 0 34445275 25468322 7700187 28746669 56307137
