1790431342661 0 108 0 630794600 597325006 0 0 0 0 0 0 309509260 5288672 - - - - - - - -
1790431344115 0 134036 2044 631012394 597406828 0 0 0 0 0 0 309509260 5288739 864931840 609853440 7663616 0 0 0 0 66370
1790431345204 0 148679 2056 631153521 597533245 0 0 0 0 0 0 309509260 5288739 1441173504 608706560 8388608 0 0 0 0 114669
1790431346235 0 101002 81 631290654 597720101 0 0 0 0 0 0 309509260 5288739 1990680576 395378688 13037568 0 0 0 0 114669
1790431347261 0 135240 4054 631525551 597916532 0 0 0 0 0 0 309509260 5288742 2959659008 569085952 8388608 0 0 0 0 114669
1790431348287 0 130124 5508 631732112 598127089 0 0 0 0 0 0 309509260 5288753 3804815360 543318016 28160000 0 0 0 0 151304
1790431349314 0 111130 2093 631894648 598312065 0 0 0 0 0 0 309509698 5288758 4159406080 477995008 1781760 157650 76793 0 36280 160406
1790431350343 0 102983 8249 632054120 598473494 0 0 0 0 0 0 309520854 5288770 4158771200 451358720 16240640 427768 249201 11618 85319 183135
1790431351370 0 146629 0 632234682 598618536 0 0 0 0 0 0 309534536 5288789 4157935616 585900032 0 685075 439910 24808 227750 237721
1790431352395 0 111284 7026 632366124 598778328 0 0 0 0 0 0 309549775 5288814 4157841408 471154688 22908928 884873 589798 40515 294791 310390
1790431353423 0 100322 21 632495664 598925807 0 0 0 0 0 0 309566027 5288873 4158140416 398139392 0 1086623 731944 56259 407061 370129
1790431354455 0 48689 24541 632619393 599076650 0 0 0 0 0 0 309593689 5289048 4159422464 319672320 16777216 1345803 885596 84430 497326 474633
1790431355482 0 133432 0 632756961 599154013 0 0 0 0 0 0 309639749 5289261 4162281472 540848128 0 1601034 1064252 127410 671348 568298
1790431356506 0 106205 0 632862914 599287133 0 0 0 0 0 0 309678196 5289424 4165050368 425406464 0 1800326 1206648 165847 752396 684323
1790431357535 0 120454 8192 632977900 599379736 0 0 0 0 0 0 309723842 5289586 4168491008 524849152 43565056 2021700 1370562 214030 852416 764793
1790431358562 0 133597 55 633088912 599485763 0 0 0 0 0 0 309762359 5289727 4170739712 530780160 0 2217532 1516219 253028 926134 837569
1790431359599 0 40454 10036 633180327 599660370 0 0 0 0 0 0 309800831 5289905 4173070336 222797824 10469376 2412190 1649092 291418 1156878 1056367
1790431360626 0 140726 0 633323668 599713396 0 0 0 0 0 0 309863114 5290165 4175855616 567721984 0 2711376 1849802 352104 1300377 1117183
1790431361650 0 106592 0 633417531 599841396 0 0 0 0 0 0 309897349 5290292 4176519168 421965824 0 2901774 1976125 386471 1440165 1415067
1790431362679 0 144958 1714 633530045 599913873 0 0 0 0 0 0 309940485 5290475 4176830464 594444288 16777216 3126423 2135066 431140 1514207 1518548
1790431363708 0 101125 0 633599526 600028874 0 0 0 0 0 0 309965608 5290565 4176904192 401612800 9146368 3258031 2226258 454761 1634029 1806769
1790431364734 0 136762 35 633695486 600089237 0 0 0 0 0 0 310017435 5290711 4177575936 547831808 0 3475254 2373232 506044 1780559 2012331
1790431365759 0 40888 3863 633739093 600224811 0 0 0 0 0 0 310043604 5290786 4177997824 175796224 14344192 3578519 2444477 533751 1858572 2294993
1790431366783 0 125800 0 633868548 600273278 0 0 0 0 0 0 310105078 5290990 4178464768 503001088 0 3854147 2633329 593899 1995464 2408939
1790431367807 0 73805 0 633929256 600385918 0 0 0 0 0 0 310136384 5291089 4179009536 289902592 0 3978227 2724750 625030 2046079 2568949
1790431368842 0 81241 3269 634015074 600461086 0 0 0 0 0 0 310178459 5291220 4179337216 346341376 14204928 4179687 2856824 669114 2120713 2773043
1790431369866 0 122786 15738 634118234 600510226 0 0 0 0 0 0 310244088 5291415 4181270528 503169024 64462848 4431336 3025416 734743 2271191 2887609
1790431370894 0 130473 0 634198923 600598970 0 0 0 0 0 0 310290757 5291550 4182011904 526016512 0 4618391 3147632 778828 2381726 3024887
1790431371923 0 12646 5760 634240009 600752051 0 0 0 0 0 0 310319567 5291630 4182425600 68558848 23363584 4725256 3221995 810259 2449233 3260462
1790431372947 0 128965 0 634371045 600772594 0 0 0 0 0 0 310422561 5291900 4184252416 515616768 0 5073592 3450015 911213 2590568 3311149
1790431373971 0 91320 0 634433711 600872946 0 0 0 0 0 0 310489774 5292058 4186279936 367558656 0 5258161 3579158 976847 2721348 3491702
1790431374996 0 15233 0 634481757 600996900 0 0 0 0 0 0 310522100 5292137 4187156480 49500160 0 5389020 3659691 1011509 2822629 3979937
1790431376020 0 145357 8124 634620211 600997244 0 0 0 0 0 0 310625168 5292409 4187062272 627957760 0 5758334 3904836 1115816 3055356 4004473
1790431377044 0 125807 0 634686447 601091108 0 0 0 0 0 0 310682557 5292542 4186939392 505065472 0 5937535 4021696 1170691 3147445 4159462
1790431378068 0 34471 0 634729227 601225208 0 0 0 0 0 0 310722560 5292640 4187639808 128561152 0 6049292 4098914 1211728 3235759 4539468
1790431379097 0 90722 11104 634847322 601276084 0 0 0 0 0 0 310804660 5292838 4186939392 371367936 64831488 6337678 4288650 1295313 3437464 4733768
1790431380124 0 39582 1404 634910570 601399993 0 0 0 0 0 0 310856437 5292959 4186718208 165142528 3379200 6486388 4389137 1346588 3578897 5053246
1790431381154 0 7944 302 634978418 601500686 0 0 0 0 0 0 310906739 5293107 4187054080 39014400 55967744 6656089 4494483 1397243 3766775 5318741
1790431382182 0 8942 1754 635057643 601577488 0 0 0 0 0 0 310972303 5293332 4186501120 52174848 2134016 6853135 4620215 1462442 3876937 5464315
1790431383205 0 34965 1898 635141522 601635205 0 0 0 0 0 0 311049306 5293561 4186095616 160161792 0 7070308 4755692 1539474 4042322 5732763
1790431384229 0 83841 14746 635249992 601681963 0 0 0 0 0 0 311126846 5293798 4184797184 343109632 73707520 7312891 4911296 1616984 4283831 6007542
1790431385256 0 53543 1752 635312215 601787401 0 0 0 0 0 0 311164320 5293915 4183228416 230834176 4673536 7441530 4992136 1654460 4391519 6264915
1790431386286 0 17815 1277 635377477 601888914 0 0 0 0 0 0 311202316 5294026 4181241856 66486272 19996672 7581247 5075615 1692965 4567005 6657935
1790431387310 0 24071 0 635461383 601967720 0 0 0 0 0 0 311246404 5294159 4179402752 84389888 0 7727859 5168759 1735013 4660146 6964704
1790431388334 0 23697 0 635542771 602049547 0 0 0 0 0 0 311292571 5294292 4177346560 83759104 0 7896031 5272075 1781189 4809980 7341511
1790431389358 0 35221 72 635625939 602121275 0 0 0 0 0 0 311359756 5294470 4176039936 133636096 0 8081202 5392391 1847376 4952882 7518999
1790431390387 0 1533 570 635691325 602219790 0 0 0 0 0 0 311400376 5294598 4175417344 0 15056896 8230260 5484351 1891026 5043836 7777320
1790431391411 0 41557 0 635785764 602274586 0 0 0 0 0 0 311474085 5294793 4174471168 158834688 0 8458191 5622258 1962178 5178684 7991007
1790431392447 0 2907 0 635849708 602377321 0 0 0 0 0 0 311512565 5294898 4173389824 2117632 0 8591726 5704703 2000661 5319316 8460383
1790431393478 0 16493 1610 635940799 602453232 0 0 0 0 0 0 311568510 5295064 4171624448 79245312 5419008 8786971 5829994 2059172 5426953 8661307
1790431394506 0 6 5718 636014389 602539178 0 0 0 0 0 0 311624182 5295216 4171141120 24576 44281856 8963666 5940540 2114832 5556706 8988014
1790431395532 0 41324 0 636110008 602599178 0 0 0 0 0 0 311685703 5295391 4169764864 158900224 0 9159219 6068988 2173856 5743742 9312217
1790431396568 0 19703 4486 636188629 602695024 0 0 0 0 0 0 311744751 5295551 4169113600 110219264 0 9343702 6191587 2233863 5844202 9624678
1790431397596 0 40782 0 636278031 602767792 0 0 0 0 0 0 311809897 5295729 4168683520 158932992 0 9548950 6322387 2298017 6023060 9940393
1790431398623 0 3210 0 636344166 602871412 0 0 0 0 0 0 311855068 5295849 4168564736 8482816 0 9690746 6419772 2342661 6238838 10209310
1790431399654 0 7928 2336 636440110 602960356 0 0 0 0 0 0 311906881 5295992 4166438912 47857664 7397376 9878660 6546757 2396965 6350263 10341046
1790431400682 0 7750 648 636522973 603045099 0 0 0 0 0 0 311974134 5296173 4166811648 45965312 12046336 10079826 6682044 2464271 6452471 10517361
1790431401706 0 53950 0 636618167 603094684 0 0 0 0 0 0 312044891 5296373 4166844416 212406272 0 10296796 6827985 2533548 6660089 10807360
1790431402731 0 22995 3 636689647 603197050 0 0 0 0 0 0 312087495 5296502 4166471680 86499328 0 10450664 6927607 2575642 6831797 11268232
1790431403762 0 71263 657 636798503 603257003 0 0 0 0 0 0 312154722 5296673 4166119424 302686208 9056256 10685476 7089098 2644913 6911505 11358315
1790431404789 0 64244 0 636872094 603338369 0 0 0 0 0 0 312201452 5296819 4166615040 254877696 0 10834574 7194032 2689057 7049765 11701667
1790431405816 0 25555 10111 636944129 603438945 0 0 0 0 0 0 312252021 5296977 4166660096 147423232 26394624 11001242 7310083 2742670 7165594 11973267
1790431406863 0 31427 3285 637029023 603524775 0 0 0 0 0 0 312315656 5297164 4166963200 128638976 27488256 11197358 7442737 2806306 7359539 12344274
1790431407886 0 18591 10950 637114998 603616100 0 0 0 0 0 0 312376746 5297379 4167909376 75890688 58392576 11389287 7572699 2867396 7608158 12677247
1790431408910 0 3051 0 637182417 603709874 0 0 0 0 0 0 312416935 5297517 4167262208 8515584 0 11515961 7664599 2903859 7779628 12996698
1790431409935 0 22459 0 637272376 603780498 0 0 0 0 0 0 312475258 5297697 4168138752 80404480 0 11725929 7798447 2963409 7864433 13255832
1790431410963 0 13601 10532 637354668 603861048 0 0 0 0 0 0 312530756 5297855 4168323072 55914496 58179584 11906666 7927785 3021420 8069981 13578140
1790431411987 0 49421 0 637449587 603930549 0 0 0 0 0 0 312592838 5298061 4168470528 192942080 0 12110941 8063348 3080982 8157593 13700197
1790431413016 0 5350 24 637516506 604041647 0 0 0 0 0 0 312641249 5298207 4168986624 21778432 1449984 12266207 8173128 3131800 8289841 14177909
1790431414040 0 43382 0 637617024 604104137 0 0 0 0 0 0 312699526 5298388 4168724480 167260160 0 12487421 8318019 3188148 8395655 14389796
1790431415064 0 47232 0 637695673 604178890 0 0 0 0 0 0 312770931 5298560 4170108928 183431168 0 12683558 8454199 3258527 8572502 14722060
1790431416094 0 4103 38 637756888 604283248 0 0 0 0 0 0 312814082 5298692 4170801152 4288512 0 12820319 8552916 3303695 8670311 15133807
1790431417118 0 27588 40 637846955 604349826 0 0 0 0 0 0 312884872 5298914 4172017664 101978112 0 13043643 8701671 3373975 8816200 15340648
1790431418145 0 29412 0 637909911 604410948 0 0 0 0 0 0 312931596 5299677 4172488704 107556864 0 13203066 8800044 3419659 8912155 15605923
1790431419175 0 23571 0 637978415 604485217 0 0 0 0 0 0 312978051 5299814 4172533760 84414464 0 13372593 8908721 3466407 9011384 15852948
1790431420201 0 55457 12712 638071480 604533842 0 0 0 0 0 0 313051760 5300031 4172156928 222957568 68620288 13618196 9066662 3542355 9119547 15955495
1790431421228 0 68888 0 638151812 604613391 0 0 0 0 0 0 313096052 5300158 4171665408 275832832 0 13774903 9179424 3584361 9278699 16236038
1790431422256 0 53227 0 638215949 604693275 0 0 0 0 0 0 313147378 5300318 4172169216 205185024 0 13938678 9288182 3637001 9363415 16414332
1790431423283 0 11805 56 638271147 604789703 0 0 0 0 0 0 313176670 5300425 4171390976 37199872 0 14058114 9366348 3666770 9427611 16622249
1790431424322 0 25522 1509 638329923 604833460 0 0 0 0 0 0 313222834 5300560 4172673024 133931008 24576 14201144 9467508 3713470 9541702 16648497
1790431425363 0 21121 0 638379564 604888825 0 0 0 0 0 0 313265689 5300679 4173709312 75976704 0 14320152 9549020 3755310 9615658 16783009
1790431426405 0 60113 0 638446730 604917150 0 0 0 0 0 0 313318489 5300806 4174258176 240107520 0 14485484 9663963 3806906 9698622 16816360
1790431427452 0 31729 24 638490934 604989740 0 0 0 0 0 0 313349292 5300895 4174667776 121856000 0 14597477 9735197 3837797 9777636 16881304
1790431428497 0 18102 0 638539022 605051448 0 0 0 0 0 0 313388583 5301000 4175695872 71757824 0 14722336 9820375 3876638 9841826 16954495
1790431429533 0 23181 1854 638609094 605114562 0 0 0 0 0 0 313439902 5301785 4175896576 105480192 14295040 14902930 9940164 3930497 9987322 17133045
1790431430559 0 68048 2565 638709334 605169199 0 0 0 0 0 0 313523419 5302085 4176773120 297402368 5328896 15149006 10109539 4013503 10149095 17342113
1790431431583 0 56550 7243 638788455 605255684 0 0 0 0 0 0 313579366 5302292 4176756736 229576704 44752896 15327075 10233087 4069986 10246832 17649834
1790431432608 0 68882 0 638867092 605328776 0 0 0 0 0 0 313649141 5302478 4178206720 269574144 0 15534488 10368164 4138886 10333038 17926100
1790431433633 0 7302 0 638932864 605456098 0 0 0 0 0 0 313697340 5302592 4177670144 19054592 0 15687135 10465989 4185399 10511567 18374939
1790431434658 0 98218 730 639048919 605480523 0 0 0 0 0 0 313790278 5302859 4177915904 418893824 3018752 15979830 10665939 4280462 10584632 18421763
1790431435683 0 88755 0 639126596 605568346 0 0 0 0 0 0 313845692 5303056 4177276928 359329792 0 16150637 10783666 4333023 10784520 18850274
1790431436708 0 9264 9 639184253 605705401 0 0 0 0 0 0 313879630 5303185 4176871424 21172224 0 16284287 10864534 4369774 10927171 19153445
1790431437733 0 45032 71 639271972 605757334 0 0 0 0 0 0 313937818 5303519 4176437248 168587264 0 16486833 10992249 4427259 10999187 19168260
1790431438771 0 17599 1224 639364171 605875801 0 0 0 0 0 0 313989544 5303747 4176384000 8462336 35749888 16654663 11105539 4480138 11053940 19311580
1790431439819 0 8 6197 639442046 605966327 0 0 0 0 0 0 314049064 5303970 4175626240 52453376 6893568 16821432 11224642 4539172 11117364 19462213
1790431440869 0 5276 0 639520251 606045419 0 0 0 0 0 0 314098836 5304134 4175204352 8499200 0 16974078 11329264 4587386 11257126 19695863
1790431441898 0 11870 1380 639608680 606126025 0 0 0 0 0 0 314155261 5304309 4174290944 59580416 7680000 17170049 11453810 4645709 11357221 19884866
1790431442926 0 41 69 639681128 606211652 0 0 0 0 0 0 314211164 5304476 4174233600 7741440 5386240 17334670 11566235 4701286 11537964 20189299
1790431443955 0 10867 1477 639769168 606287312 0 0 0 0 0 0 314277540 5304688 4173783040 67502080 3862528 17540933 11699213 4767621 11733797 20526789
1790431444981 0 21602 0 639858684 606367574 0 0 0 0 0 0 314339507 5304878 4173066240 73867264 0 17733577 11824833 4828574 11847195 20702959
1790431446006 0 20546 0 639942655 606452553 0 0 0 0 0 0 314390970 5305067 4171755520 69644288 0 17919207 11942935 4880955 11979988 20925487
1790431447030 0 7708 0 640017240 606540058 0 0 0 0 0 0 314449774 5305244 4171829248 19075072 0 18100506 12058105 4938330 12187068 21329406
1790431448058 0 1537 25 640104756 606633723 0 0 0 0 0 0 314517973 5305450 4171218944 10579968 28672 18305450 12188883 5006018 12320847 21659863
1790431449100 0 28347 0 640197777 606699935 0 0 0 0 0 0 314591189 5305710 4170575872 109637632 0 18511433 12328533 5078235 12431793 21872431
1790431450129 0 38006 1688 640287738 606778532 0 0 0 0 0 0 314643067 5305880 4168925184 162222080 15286272 18696372 12452191 5133662 12600126 22236187
1790431451160 0 33028 1825 640375998 606871665 0 0 0 0 0 0 314696965 5306051 4168200192 154165248 1974272 18899553 12573769 5186997 12692722 22447905
1790431452184 0 4355 0 640447086 606973128 0 0 0 0 0 0 314739597 5306213 4167532544 2908160 0 19033935 12666950 5229160 12748891 22596691
1790431453208 0 4109 0 640534736 607061072 0 0 0 0 0 0 314798715 5306397 4166504448 4161536 0 19222500 12795020 5287558 12853357 22842664
1790431454233 0 4618 0 640623113 607148986 0 0 0 0 0 0 314865443 5306593 4166524928 6373376 0 19415936 12931063 5354515 12951351 23089392
1790431455261 0 18509 1112 640726378 607237206 0 0 0 0 0 0 314919387 5306785 4164538368 92803072 5152768 19621149 13066341 5409981 13085823 23365305
1790431456291 0 9825 1069 640802789 607322317 0 0 0 0 0 0 314968662 5306945 4164943872 51548160 3063808 19802531 13180863 5459256 13194811 23580218
1790431457315 0 21755 0 640893235 607401999 0 0 0 0 0 0 315033613 5307157 4164759552 80146432 0 20003037 13317399 5521364 13335662 23783439
1790431458339 0 37686 0 640989265 607482112 0 0 0 0 0 0 315107084 5307383 4164972544 135987200 0 20211579 13466143 5596704 13413603 23896119
1790431459364 0 6852 0 641076344 607599877 0 0 0 0 0 0 315170222 5307614 4165029888 23289856 0 20407438 13599116 5657722 13593228 24151182
1790431460389 0 30462 0 641174811 607674847 0 0 0 0 0 0 315238543 5307837 4165545984 115953664 0 20627042 13746721 5726604 13682377 24273931
1790431461413 0 22262 0 641263748 607772046 0 0 0 0 0 0 315303756 5308078 4165877760 76111872 0 20823519 13883640 5793435 13790985 24451903
1790431462438 0 13983 0 641348565 607865062 0 0 0 0 0 0 315366485 5308299 4165877760 46452736 0 21023009 14017364 5854525 13991767 24788192
1790431463463 0 16017 0 641436954 607951447 0 0 0 0 0 0 315421929 5308510 4165369856 57004032 0 21215731 14148990 5909631 14108023 24972208
1790431464487 0 52026 0 641537142 608015621 0 0 0 0 0 0 315497525 5308770 4165586944 207867904 0 21452975 14312790 5985317 14221217 25130524
1790431465517 0 4207 363 641603824 608129785 0 0 0 0 0 0 315552133 5308956 4166348800 25841664 3399680 21605907 14418697 6042220 14354397 25339073
1790431466547 0 1979 1968 641694798 608221712 0 0 0 0 0 0 315613314 5309160 4165693440 33017856 6119424 21803485 14555090 6103908 14498070 25605258
1790431467574 0 36163 0 641798611 608292967 0 0 0 0 0 0 315684416 5309422 4165492736 130682880 0 22047230 14708543 6174263 14591406 25732741
1790431468610 0 22278 1497 641881725 608388537 0 0 0 0 0 0 315740139 5309617 4165779456 103321600 11706368 22234184 14838139 6230732 14700095 25955118
1790431469640 0 51215 19345 641981447 608441491 0 0 0 0 0 0 315815075 5309888 4165640192 254283776 49115136 22472268 14999105 6305671 14830890 26119648
1790431470668 0 16580 6360 642047173 608554677 0 0 0 0 0 0 315867933 5310062 4166787072 67960832 45973504 22622906 15109017 6358527 14923398 26393335
1790431471692 0 22445 0 642132188 608640215 0 0 0 0 0 0 315930550 5310268 4167876608 79486976 0 22814007 15240820 6419616 15133653 26672837
1790431472721 0 27750 3066 642222412 608722069 0 0 0 0 0 0 316002841 5310520 4168953856 130220032 16257024 23052848 15392860 6493438 15270098 26848222
1790431473751 0 5255 10001 642307151 608822489 0 0 0 0 0 0 316064436 5310736 4169560064 53370880 24952832 23252532 15529704 6555031 15377712 27063132
1790431474774 0 11248 13710 642383836 608889304 0 0 0 0 0 0 316141919 5310972 4170711040 46379008 72466432 23465543 15675351 6632005 15555243 27300173
1790431475802 0 21381 7811 642468677 608969992 0 0 0 0 0 0 316205588 5311192 4170735616 87126016 47460352 23668781 15810154 6696183 15660830 27515266
1790431476837 0 1693 0 642545194 609074006 0 0 0 0 0 0 316263619 5311400 4171161600 516096 12025856 23851964 15930014 6752164 15822320 27920487
1790431477867 0 12971 0 642640250 609157805 0 0 0 0 0 0 316329228 5311648 4170842112 42270720 0 24065192 16073699 6817983 16038779 28196620
1790431478897 0 14346 11080 642733182 609238232 0 0 0 0 0 0 316400957 5311908 4171202560 81698816 52936704 24294230 16227632 6891138 16152007 28395125
1790431479931 0 5736 876 642816887 609340729 0 0 0 0 0 0 316452816 5312119 4170944512 34435072 6033408 24469497 16348523 6943443 16253362 28635096
1790431480957 0 17514 0 642905283 609418199 0 0 0 0 0 0 316511359 5312336 4170252288 55156736 0 24667637 16477461 7000453 16366852 28833443
1790431481982 0 9549 9 642983226 609503868 0 0 0 0 0 0 316574035 5312578 4170956800 27541504 0 24851922 16605406 7062595 16432411 28956978
1790431483007 0 9353 795 643065984 609586527 0 0 0 0 0 0 316630561 5312797 4170682368 49909760 5554176 25042820 16736699 7120641 16574227 29154103
1790431484040 0 3734 20 643139055 609665763 0 0 0 0 0 0 316684908 5312988 4170973184 1024000 0 25201289 16845515 7174552 16631796 29307348
1790431485065 0 4818 7221 643225217 609743743 0 0 0 0 0 0 316750165 5313238 4171182080 19476480 46112768 25396540 16982589 7240760 16756848 29527805
1790431486097 0 57764 0 643318228 609790943 0 0 0 0 0 0 316824509 5313497 4171550720 223285248 0 25620289 17127523 7313119 16896645 29665559
1790431487126 0 8241 1217 643385986 609907121 0 0 0 0 0 0 316862588 5313650 4170346496 29655040 21463040 25771260 17224705 7353183 17052114 30125985
1790431488150 0 43387 0 643481648 609968692 0 0 0 0 0 0 316925196 5313900 4169830400 164343808 0 25978448 17361999 7414153 17148912 30253492
1790431489175 0 89 563 643543153 610073014 0 0 0 0 0 0 316973511 5314084 4170072064 4239360 13209600 26145047 17466162 7464105 17312771 30610937
1790431490212 0 5125 1443 643631501 610155618 0 0 0 0 0 0 317021786 5314293 4168863744 54398976 3203072 26311999 17588449 7510860 17414730 30728828
1790431491274 0 2 518 643699867 610229849 0 0 0 0 0 0 317064926 5314477 4168167424 20578304 5767168 26465707 17688006 7555006 17510594 31004439
1790431492316 0 32573 0 643783914 610281721 0 0 0 0 0 0 317128481 5314716 4168101888 122793984 0 26674879 17819276 7617152 17609839 31181123
1790431493337 0 15492 0 643857225 610372192 0 0 0 0 0 0 317175742 5314917 4168417280 57016320 0 26830337 17924171 7664296 17711967 31484260
1790431494357 0 73912 0 643962125 610418712 0 0 0 0 0 0 317250699 5315208 4168634368 291467264 0 27068856 18086810 7739778 17914821 31696047
1790431495382 0 9822 4689 644029179 610545238 0 0 0 0 0 0 317285636 5315350 4167704576 65531904 6590464 27206393 18176995 7776231 18080343 32044896
1790431496406 0 17212 4964 644114456 610622654 0 0 0 0 0 0 317339554 5315554 4167700480 90615808 11943936 27402038 18296399 7829637 18181178 32229342
1790431497426 0 38114 7986 644202845 610687350 0 0 0 0 0 0 317405801 5315794 4168114176 155918336 42405888 27592936 18432126 7896396 18340601 32543398
1790431498446 0 3693 0 644261813 610788641 0 0 0 0 0 0 317449423 5315953 4167987200 4268032 0 27726783 18519464 7939187 18405896 32708843
1790431499466 0 11648 0 644346286 610865089 0 0 0 0 0 0 317505366 5316165 4166930432 35934208 0 27919076 18645601 7994979 18529371 32884667
1790431500486 0 29395 0 644437433 610938478 0 0 0 0 0 0 317569540 5316402 4166672384 112164864 0 28117383 18774385 8058626 18664695 33098834
1790431501506 0 18599 0 644516439 611028327 0 0 0 0 0 0 317620724 5316598 4166696960 65437696 0 28287063 18888046 8110484 18767970 33327012
1790431502526 0 48642 0 644610580 611092515 0 0 0 0 0 0 317692219 5316857 4166250496 190545920 0 28492126 19035467 8181339 18852379 33421816
1790431503546 0 11229 0 644674551 611193759 0 0 0 0 0 0 317737952 5317037 4166189056 35942400 0 28643819 19129562 8227042 18956453 33637007
1790431504567 0 8379 0 644753837 611275950 0 0 0 0 0 0 317786702 5317204 4165775360 25411584 0 28799428 19240310 8274768 19152358 34049605
1790431505591 0 38910 1508 644849295 611339371 0 0 0 0 0 0 317846822 5317435 4164964352 169992192 3751936 29012739 19377704 8336904 19295740 34309029
1790431506611 0 31643 0 644924059 611422997 0 0 0 0 0 0 317903227 5317631 4165701632 108777472 0 29163319 19483029 8392851 19387034 34482232
1790431507636 0 40626 1663 645009725 611498021 0 0 0 0 0 0 317974635 5317899 4166713344 179793920 1712128 29370765 19626487 8465229 19589485 34772047
1790431508676 0 22807 449 645079358 611586532 0 0 0 0 0 0 318019645 5318065 4166598656 104886272 3203072 29521644 19724131 8509658 19718890 35075351
1790431509701 0 2024 1115 645151864 611679856 0 0 0 0 0 0 318073538 5318275 4166500352 10698752 4112384 29683494 19831887 8563649 19816806 35335386
1790431510722 0 49124 0 645243534 611724831 0 0 0 0 0 0 318142379 5318542 4167372800 162181120 0 29880788 19962884 8630930 19926319 35483893
1790431511743 0 37567 52 645317890 611810783 0 0 0 0 0 0 318196861 5318741 4166594560 120164352 0 30043496 20072226 8685828 20119929 35841762
1790431512765 0 40627 0 645389609 611879545 0 0 0 0 0 0 318263466 5318967 4167217152 160153600 0 30234889 20199188 8752022 20251435 36106248
1790431513791 0 61105 0 645460143 611929490 0 0 0 0 0 0 318318440 5319169 4167995392 242180096 0 30408424 20311420 8807643 20322837 36314689
1790431514823 0 29441 30 645506322 612007402 0 0 0 0 0 0 318357591 5319329 4168527872 104038400 0 30523253 20385053 8847259 20398105 36432802
1790431515874 0 22207 42 645556187 612064586 0 0 0 0 0 0 318396150 5319461 4168757248 84385792 0 30651967 20467611 8884701 20620426 36711335
1790431516921 0 9906 3101 645612269 612129847 0 0 0 0 0 0 318431085 5319604 4168323072 65376256 8949760 30778989 20554830 8921165 20784297 36882803
1790431517963 0 72436 0 645684713 612142812 0 0 0 0 0 0 318482221 5319823 4167786496 282165248 0 30937749 20658513 8971504 20972650 36946270
1790431519002 0 30324 0 645727380 612227660 0 0 0 0 0 0 318512361 5319935 4167073792 120188928 0 31037551 20726335 9000258 21042283 37098814
1790431520038 0 10234 15119 645797962 612303241 0 0 0 0 0 0 318556424 5320120 4166733824 41910272 71864320 31183766 20829472 9047015 21106412 37242417
1790431521059 0 10005 10612 645871398 612381333 0 0 0 0 0 0 318604641 5320299 4166852608 40972288 54218752 31344427 20934979 9095232 21218887 37414359
1790431522079 0 3226 1095 645932177 612458435 0 0 0 0 0 0 318658544 5320492 4167663616 22667264 3592192 31505954 21041916 9148626 21323536 37672660
1790431523098 0 39952 461 646022163 612512438 0 0 0 0 0 0 318728401 5320766 4168560640 171241472 3928064 31723890 21185246 9218481 21422775 37889809
1790431524117 0 577 1085 646079833 612608814 0 0 0 0 0 0 318775501 5320923 4168523776 10637312 5206016 31870295 21282110 9266093 21601377 38461028
1790431525137 0 49156 0 646174454 612655726 0 0 0 0 0 0 318834516 5321161 4168138752 185401344 0 32069986 21416485 9323107 21676895 38616360
1790431526161 0 19848 1467 646250574 612759902 0 0 0 0 0 0 318868954 5321316 4167692288 42688512 16265216 32188436 21493457 9359545 21776951 39025700
1790431527181 0 34582 0 646323157 612819127 0 0 0 0 0 0 318914130 5321489 4167450624 128614400 0 32341164 21597053 9404230 21884505 39169627
1790431528201 0 61961 0 646411653 612880264 0 0 0 0 0 0 318977272 5321765 4167405568 243150848 0 32540412 21734457 9466910 22079252 39430772
1790431529221 0 35145 0 646481614 612976987 0 0 0 0 0 0 319014998 5321918 4166467584 129622016 0 32684132 21831536 9504909 22180512 39796359
1790431530241 0 25175 0 646550049 613055370 0 0 0 0 0 0 319075581 5322118 4167208960 94904320 0 32864144 21947681 9563928 22261029 39974902
1790431531260 0 11301 0 646624172 613143374 0 0 0 0 0 0 319125679 5322299 4167667712 38637568 0 33033217 22063546 9614768 22411050 40376383
1790431532285 0 3745 1543 646700756 613225939 0 0 0 0 0 0 319178092 5322511 4167602176 19890176 11890688 33212973 22183861 9668685 22618762 40715784
1790431533308 0 27743 73 646788133 613290896 0 0 0 0 0 0 319248396 5322724 4167868416 119230464 8044544 33424989 22326762 9738476 22783679 41033102
1790431534328 0 19007 0 646868992 613380461 0 0 0 0 0 0 319296141 5322929 4167487488 69615616 0 33595647 22439613 9785224 22903996 41229651
1790431535348 0 76116 0 646965755 613420155 0 0 0 0 0 0 319371961 5323187 4167573504 301101056 0 33815550 22592714 9861067 23020039 41363963
1790431536367 0 48955 1971 647031571 613511136 0 0 0 0 0 0 319411759 5323359 4167311360 203018240 0 33954896 22685622 9901326 23185220 41564228
1790431537391 0 23616 975 647095793 613601791 0 0 0 0 0 0 319452815 5323523 4167159808 105451520 2772992 34095539 22782471 9943441 23364182 41957651
1790431538411 0 63979 0 647192338 613658890 0 0 0 0 0 0 319515491 5323773 4166656000 250634240 0 34306287 22924731 10005570 23491129 42153136
1790431539431 0 42565 2920 647257146 613742268 0 0 0 0 0 0 319566855 5323971 4167041024 174313472 22691840 34464171 23033321 10056935 23691683 42599521
1790431540456 0 11186 1274 647315301 613833300 0 0 0 0 0 0 319609391 5324119 4166782976 54820864 3518464 34589000 23122661 10099134 23850332 43069156
1790431541488 0 70215 1434 647420198 613879160 0 0 0 0 0 0 319677675 5324364 4165730304 287543296 17805312 34803717 23277003 10168271 24029571 43281184
1790431542510 0 17527 1775 647469637 613980989 0 0 0 0 0 0 319713622 5324498 4165816320 84328448 5369856 34928514 23354888 10204211 24179617 43702909
1790431543536 0 93863 14527 647587839 614010083 0 0 0 0 0 0 319788338 5324820 4166361088 384176128 69210112 35194636 23532341 10278929 24404727 43902444
1790431544555 0 27152 0 647618221 614121566 0 0 0 0 0 0 319813483 5324920 4167241728 105082880 0 35261884 23580815 10302545 24539043 44364189
1790431545579 0 7930 2020 647689122 614209828 0 0 0 0 0 0 319856096 5325095 4166475776 40599552 7512064 35421873 23683489 10346190 24674799 44638929
1790431546602 0 76078 803 647794919 614248759 0 0 0 0 0 0 319933684 5325415 4166848512 315891712 3440640 35660406 23846211 10424073 24820379 44755073
1790431547627 0 24 3650 647838808 614365717 0 0 0 0 0 0 319961925 5325528 4166455296 17035264 6168576 35755010 23909561 10452515 24907532 45020820
1790431548651 0 2692 0 647912130 614439868 0 0 0 0 0 0 320019955 5325745 4167725056 3207168 0 35927193 24027975 10509529 25197242 45433152
1790431549673 0 4957 0 647994096 614519613 0 0 0 0 0 0 320080575 5326004 4168052736 12001280 0 36127554 24156112 10569656 25360313 45702080
1790431550692 0 46269 0 648091914 614576201 0 0 0 0 0 0 320150944 5326270 4168486912 179077120 0 36349248 24300201 10640518 25553132 45966905
1790431551711 0 15240 805 648158765 614673245 0 0 0 0 0 0 320200718 5326473 4168560640 72982528 1560576 36511008 24407314 10691365 25700736 46294041
1790431552740 0 1522 0 648234002 614762977 0 0 0 0 0 0 320250568 5326666 4168744960 2117632 0 36666906 24513352 10739116 25902231 46651881
1790431553763 0 4638 0 648307621 614833492 0 0 0 0 0 0 320307043 5326881 4168531968 12275712 0 36849760 24631152 10795579 26010601 46850657
1790431554787 0 13960 146 648389894 614906522 0 0 0 0 0 0 320370735 5327131 4169318400 60555264 10203136 37064617 24768979 10861319 26110076 47062776
1790431555807 0 49323 3716 648488615 614966134 0 0 0 0 0 0 320435889 5327395 4168151040 202178560 25985024 37285108 24914820 10926533 26228661 47214811
1790431556831 0 3169 730 648541650 615068215 0 0 0 0 0 0 320473952 5327561 4168220672 17727488 2686976 37402371 24991215 10963547 26346521 47479782
1790431557850 0 55 0 648612139 615142698 0 0 0 0 0 0 320511511 5327734 4166160384 0 0 37562015 25092222 11002122 26448061 47580121
1790431558869 0 33 0 648612172 615142697 0 0 0 0 0 0 320691898 5328642 4194402304 131072 0 37751260 25264217 11181012 26490245 47617451
1790431559890 0 33 0 648612172 615142697 0 0 0 0 0 0 320889196 5329349 4199190528 131072 0 37992129 25458235 11376199 26604967 47672915
1790431560910 0 33 0 648612172 615142697 0 0 0 0 0 0 321062799 5331392 4201848832 131072 0 38524641 25631741 11550354 26786981 47704327
1790431561929 0 23 0 648612172 615142697 0 0 0 0 0 0 321111547 5331550 805171200 28672 0 38589898 25683543 11602159 26841929 47725107
