1790431964268 0 0 0 668596194 635125670 0 0 0 0 0 0 328266537 5360709 - - - - - - - -
1790431965666 0 131922 6097 668805300 635196660 0 0 0 0 0 0 328266537 5360775 831025152 594857984 8388608 0 0 0 0 70818
1790431966768 0 143306 1063 668940208 635325188 0 0 0 0 0 0 328266537 5360775 1376321536 572911616 12587008 0 0 0 0 88848
1790431967789 0 149760 4048 669068086 635443699 0 0 0 0 0 0 328266537 5360775 1911144448 604958720 24936448 0 0 0 0 322140
1790431968809 0 152434 807 669187047 635563345 0 0 0 0 0 0 328266537 5360775 2397855744 619794432 8388608 0 0 0 0 602480
1790431969829 0 151401 2040 669301771 635677821 0 0 0 0 0 0 328266537 5360775 2872205312 618188800 16777216 0 0 0 0 1039284
1790431970848 0 147922 4096 669414615 635792073 0 0 0 0 0 0 328266537 5360775 3334098944 605159424 16777216 0 0 0 0 1285896
1790431971867 0 151594 746 669547918 635925054 0 0 0 0 0 0 328266537 5360775 3869614080 616562688 8388608 0 0 0 0 1694974
1790431972887 0 151882 1541 669682447 636058445 0 0 0 0 0 0 328266537 5360775 4159664128 618889216 8388608 134936 63458 0 33518 1946380
1790431973906 0 126372 1982 669780959 636182047 0 0 0 0 0 0 328274129 5360785 4159217664 518807552 8388608 309902 170006 7614 121223 2272798
1790431974926 0 139984 3777 669928388 636313974 0 0 0 0 0 0 328282645 5360794 4158365696 557805568 23826432 527393 323683 16175 169768 2380526
1790431975946 0 118757 0 670025952 636436597 0 0 0 0 0 0 328290282 5360805 4157931520 471916544 0 668597 428701 23796 231213 2568573
1790431976974 0 116395 2052 670146173 636557120 0 0 0 0 0 0 328304031 5360826 4157857792 490905600 5152768 853437 564669 36981 327069 2810295
1790431977996 0 143612 6148 670265181 636644924 0 0 0 0 0 0 328319239 5360850 4157943808 588230656 33554432 1015298 699802 52702 367671 2922642
1790431979015 0 129674 0 670339966 636739702 0 0 0 0 0 0 328334587 5360955 4158763008 519864320 0 1177671 786199 67548 475518 3167807
1790431980035 0 73373 0 670394164 636850294 0 0 0 0 0 0 328345869 5361029 4159197184 286646272 0 1287820 850864 78824 534733 3410422
1790431981059 0 81102 6971 670484573 636925976 0 0 0 0 0 0 328373438 5361164 4160872448 358207488 16777216 1477145 970906 106388 666429 3695177
1790431982090 0 118096 1833 670589861 636999326 0 0 0 0 0 0 328409811 5361325 4163555328 494534656 6737920 1664462 1111083 143275 805987 3937038
1790431983124 0 8456 2689 670620113 637138373 0 0 0 0 0 0 328420078 5361365 4164239360 56705024 6025216 1722753 1150815 153028 900199 4526465
1790431984165 0 138760 3910 670774624 637161601 0 0 0 0 0 0 328479535 5361589 4168327168 570585088 16777216 2015758 1365173 213001 1024278 4627394
1790431985189 0 124831 0 670852755 637257196 0 0 0 0 0 0 328507751 5361683 4170227712 500154368 0 2152792 1467007 240194 1065975 4793728
1790431986209 0 97000 0 670927255 637359656 0 0 0 0 0 0 328536001 5361820 4171599872 389488640 0 2290340 1570094 268452 1225545 5093535
1790431987233 0 68247 4814 670997267 637453665 0 0 0 0 0 0 328563759 5361940 4173213696 294748160 17649664 2441955 1669240 296710 1379909 5463721
1790431988258 0 90659 4091 671089701 637524351 0 0 0 0 0 0 328599636 5362100 4175200256 385155072 33812480 2628505 1796816 333110 1430977 5597051
1790431989277 0 38053 0 671135484 637626892 0 0 0 0 0 0 328623771 5362196 4176166912 141115392 0 2728108 1863672 357246 1549451 6070220
1790431990301 0 106710 3193 671258798 637678316 0 0 0 0 0 0 328669441 5362372 4176764928 449896448 8388608 2979344 2035537 402728 1715458 6285868
1790431991324 0 127544 17593 671349613 637733939 0 0 0 0 0 0 328704352 5362507 4176613376 521891840 72282112 3165942 2161211 437815 1792021 6384157
1790431992343 0 150067 0 671438020 637817356 0 0 0 0 0 0 328740163 5362632 4176740352 604205056 0 3327817 2281685 472727 1860170 6556589
1790431993363 0 135138 0 671513195 637907468 0 0 0 0 0 0 328789520 5362762 4178055168 548540416 0 3525467 2405788 520856 1949699 6703295
1790431994391 0 4171 2068 671555166 638078276 0 0 0 0 0 0 328809008 5362821 4178223104 27336704 8634368 3614327 2468282 542471 2012287 6936686
1790431995417 0 124839 17730 671705658 638092585 0 0 0 0 0 0 328877215 5363052 4178583552 511123456 72806400 3926453 2688520 610676 2205761 7003572
1790431996437 0 150518 2774 671795055 638171142 0 0 0 0 0 0 328924297 5363194 4179742720 615526400 0 4126273 2821405 657816 2316647 7226690
1790431997455 0 132594 2113 671869991 638264760 0 0 0 0 0 0 328973581 5363339 4180680704 542957568 17190912 4327506 2948232 707042 2419434 7376399
1790431998474 0 94379 29 671933652 638368801 0 0 0 0 0 0 329005887 5363444 4181229568 374013952 0 4456601 3040845 739367 2521778 7712284
1790431999498 0 70452 527 672002013 638460488 0 0 0 0 0 0 329051030 5363566 4182368256 290230272 8388608 4631010 3155612 783748 2653928 8033796
1790432000518 0 58611 0 672073579 638544342 0 0 0 0 0 0 329104089 5363700 4183011328 232792064 0 4806792 3276867 835257 2762756 8270059
1790432001541 0 105779 2359 672175176 638596553 0 0 0 0 0 0 329183304 5363919 4184338432 442322944 16777216 5088837 3460709 916254 2968113 8489483
1790432002566 0 102687 2944 672248561 638672390 0 0 0 0 0 0 329254587 5364086 4186537984 427851776 7110656 5301560 3603144 987541 3057853 8655633
1790432003587 0 127931 0 672337452 638738944 0 0 0 0 0 0 329311849 5364238 4186591232 516956160 0 5523220 3747353 1043415 3175482 8798880
1790432004606 0 99435 0 672394972 638824960 0 0 0 0 0 0 329363273 5364373 4186968064 401231872 0 5686655 3855145 1093714 3261431 9032670
1790432005626 0 37004 38 672439769 638932137 0 0 0 0 0 0 329399764 5364528 4187492352 143290368 0 5816798 3936449 1131619 3473926 9319982
1790432006646 0 62125 2 672522720 638989937 0 0 0 0 0 0 329471613 5365563 4187455488 245702656 0 6027615 4083655 1203038 3619772 9527320
1790432007666 0 74901 0 672615532 639070046 0 0 0 0 0 0 329535431 5365714 4187369472 298237952 0 6252889 4230246 1267174 3729961 9630244
1790432008687 0 52021 0 672681842 639159247 0 0 0 0 0 0 329590124 5365846 4186755072 202756096 0 6410254 4338742 1322268 3865602 9963137
1790432009708 0 16479 78 672748236 639261145 0 0 0 0 0 0 329643477 5365999 4187258880 56995840 0 6586342 4443867 1375811 4076966 10380436
1790432010728 0 87822 8355 672863772 639296950 0 0 0 0 0 0 329737956 5366311 4186959872 359788544 50126848 6874818 4632056 1471284 4249610 10484404
1790432011755 0 178 16 672903635 639432894 0 0 0 0 0 0 329772331 5366408 4187095040 8486912 4669440 6978477 4694061 1505172 4339853 10713750
1790432012778 0 58380 48 673010930 639482015 0 0 0 0 0 0 329856309 5366655 4185518080 226324480 0 7227662 4854358 1588326 4513209 10834805
1790432013798 0 75204 2301 673104964 639556870 0 0 0 0 0 0 329914014 5366830 4183498752 305967104 0 7418674 4975980 1646339 4693059 11176506
1790432014821 0 15419 8993 673166776 639671824 0 0 0 0 0 0 329955635 5366950 4181692416 63156224 45199360 7564326 5065415 1688958 4838462 11549241
1790432015842 0 10 4 673240383 639769835 0 0 0 0 0 0 329999156 5367072 4180029440 6336512 20480 7700941 5150198 1730483 4947580 11867465
1790432016867 0 4630 515 673335030 639859703 0 0 0 0 0 0 330047421 5367219 4177997824 13283328 4046848 7884831 5265380 1780781 5117001 12239254
1790432017887 0 29277 11 673426922 639926937 0 0 0 0 0 0 330118216 5367402 4176191488 110903296 0 8089604 5395511 1850091 5301248 12536052
1790432018911 0 2 5 673496150 640025645 0 0 0 0 0 0 330162460 5367543 4175355904 8192 10534912 8249765 5492565 1895272 5455232 13021013
1790432019931 0 16753 0 673582534 640095254 0 0 0 0 0 0 330230702 5367720 4174565376 64397312 0 8451328 5617793 1960434 5556606 13211493
1790432020951 0 7849 0 673659374 640180947 0 0 0 0 0 0 330280977 5367856 4173275136 21159936 0 8627089 5724202 2012773 5711761 13615083
1790432021976 0 5668 6177 673749748 640267335 0 0 0 0 0 0 330331804 5368012 4171710464 52723712 12664832 8813325 5842951 2064614 5924473 13945407
1790432022999 0 45426 0 673841119 640325059 0 0 0 0 0 0 330399986 5368201 4170625024 173932544 0 9025070 5978279 2132348 6002774 14068735
1790432024018 0 66911 4305 673933832 640392135 0 0 0 0 0 0 330463848 5368375 4169650176 290639872 7245824 9226978 6112658 2196672 6076074 14235882
1790432025038 0 46080 0 673998834 640482198 0 0 0 0 0 0 330514328 5368504 4169539584 172781568 0 9374346 6207995 2245909 6245617 14643154
1790432026058 0 17398 0 674071549 640583617 0 0 0 0 0 0 330563373 5368640 4168585216 62939136 0 9537669 6309601 2293535 6339170 14838122
1790432027083 0 5618 1971 674152644 640674653 0 0 0 0 0 0 330615213 5368780 4168867840 33738752 28672 9708530 6427479 2348023 6491763 15199005
1790432028105 0 28580 25152 674257192 640732817 0 0 0 0 0 0 330673197 5368934 4166832128 118497280 105168896 9906044 6561191 2406519 6582584 15391871
1790432029124 0 33945 0 674326570 640821960 0 0 0 0 0 0 330733730 5369092 4167663616 127967232 0 10071104 6673060 2465005 6711331 15708402
1790432030145 0 3040 14 674389554 640916043 0 0 0 0 0 0 330770174 5369204 4166811648 10280960 0 10198530 6757982 2501958 6833657 16021927
1790432031170 0 54 78 674469050 640998450 0 0 0 0 0 0 330823013 5369418 4167372800 0 9228288 10370400 6874155 2556335 6901967 16155003
1790432032190 0 84209 0 674586365 641031638 0 0 0 0 0 0 330901516 5369766 4167655424 313683968 0 10617711 7040650 2633320 7138719 16401176
1790432033213 0 11951 0 674636058 641153487 0 0 0 0 0 0 330922039 5369834 4166823936 40144896 0 10708713 7101306 2653339 7248910 16936122
1790432034235 0 34427 14746 674730534 641210850 0 0 0 0 0 0 330984653 5370035 4167045120 215437312 0 10921804 7246729 2718027 7311124 17088816
1790432035260 0 7583 7518 674786639 641301011 0 0 0 0 0 0 331022212 5370175 4167049216 58908672 15298560 11042187 7333975 2755534 7423580 17411799
1790432036282 0 43227 0 674864462 641350725 0 0 0 0 0 0 331080190 5370362 4167327744 172466176 0 11214884 7451536 2812005 7493508 17521080
1790432037324 0 2543 0 674917520 641444441 0 0 0 0 0 0 331124350 5370509 4168433664 53248 0 11335973 7535417 2857178 7664265 17921558
1790432038370 0 22691 85 674988991 641495701 0 0 0 0 0 0 331156199 5370659 4167655424 84508672 0 11475320 7627862 2888494 7724383 17990520
1790432039405 0 24130 0 675042450 641547818 0 0 0 0 0 0 331196689 5370776 4168040448 90718208 0 11605489 7714876 2929049 7805382 18087410
1790432040432 0 39889 1387 675108135 641596303 0 0 0 0 0 0 331235769 5370902 4168167424 165142528 7168000 11748019 7807612 2969094 7944183 18122548
1790432041467 0 25272 102 675160756 641665097 0 0 0 0 0 0 331273679 5371006 4168220672 99106816 0 11864143 7887932 3003871 8008543 18208923
1790432042504 0 23048 11 675215788 641722131 0 0 0 0 0 0 331310185 5371122 4168593408 86478848 0 11976136 7968965 3042000 8065003 18237146
1790432043532 0 48849 0 675293094 641773708 0 0 0 0 0 0 331358958 5371612 4168265728 191737856 0 12149821 8081798 3090770 8128502 18329435
1790432044558 0 1548 1573 675354844 641881172 0 0 0 0 0 0 331404640 5371812 4168654848 6328320 23179264 12298519 8185717 3137962 8305125 18804357
1790432045581 0 26029 0 675449323 641952737 0 0 0 0 0 0 331458453 5371997 4168556544 71770112 0 12494012 8314339 3190286 8354077 18959447
1790432046603 0 35463 0 675533223 642027156 0 0 0 0 0 0 331525727 5372180 4169744384 139096064 0 12695088 8452119 3256693 8420884 19084087
1790432047625 0 2438 0 675600668 642127481 0 0 0 0 0 0 331575627 5372326 4170797056 8192 6615040 12853561 8561964 3308370 8531502 19535289
1790432048646 0 15488 1314 675679816 642192517 0 0 0 0 0 0 331639108 5372486 4171706368 73539584 4489216 13053002 8697415 3371920 8649595 19827574
1790432049666 0 41142 0 675769285 642257664 0 0 0 0 0 0 331704792 5372704 4172304384 161837056 0 13281798 8837594 3436078 8812692 20012612
1790432050687 0 501 8 675837079 642366099 0 0 0 0 0 0 331750358 5372884 4172382208 8503296 1613824 13445545 8943852 3482874 8987009 20391223
1790432051723 0 15130 656 675923010 642436582 0 0 0 0 0 0 331820054 5373123 4172374016 65372160 30560256 13664156 9088584 3553380 9043155 20507579
1790432052767 0 110964 0 676056478 642474833 0 0 0 0 0 0 331886613 5373437 4171362304 355463168 0 13902157 9250544 3616386 9184574 20646258
1790432053787 0 30435 42 676101213 642600222 0 0 0 0 0 0 331922498 5373557 4172353536 63315968 0 14017215 9327252 3654841 9458878 21147708
1790432054807 0 67084 0 676194135 642656499 0 0 0 0 0 0 331986675 5373751 4172972032 254812160 0 14223616 9469581 3719003 9715008 21406444
1790432055832 0 2591 68 676246667 642773534 0 0 0 0 0 0 332029744 5373864 4173357056 6287360 0 14341915 9555574 3760576 9854848 21861667
1790432056851 0 16382 2333 676339097 642849859 0 0 0 0 0 0 332098570 5374043 4174163968 81481728 4009984 14581005 9712241 3831416 10038766 22078867
1790432057872 0 46512 1606 676436288 642917593 0 0 0 0 0 0 332172955 5374254 4175384576 206381056 2523136 14839678 9878491 3905310 10127196 22168321
1790432058892 0 32388 0 676515510 643012557 0 0 0 0 0 0 332233890 5374420 4176248832 124469248 0 15030938 10008452 3964803 10306099 22507979
1790432059912 0 12357 0 676590555 643107674 0 0 0 0 0 0 332300785 5374594 4176400384 48582656 0 15212005 10138629 4030537 10461281 22707579
1790432060939 0 3612 0 676670877 643196768 0 0 0 0 0 0 332359093 5374775 4176617472 4321280 0 15392112 10264884 4090295 10637993 23048161
1790432061961 0 17542 1476 676761260 643271667 0 0 0 0 0 0 332433369 5374955 4177821696 79659008 4530176 15635969 10419814 4165670 10740110 23158620
1790432062983 0 16115 0 676839127 643352465 0 0 0 0 0 0 332500085 5375137 4179001344 55885824 0 15824724 10546422 4231935 10908427 23332294
1790432064008 0 38341 2372 676939162 643427948 0 0 0 0 0 0 332564360 5375369 4178018304 156962816 8392704 16045805 10697667 4297679 11088661 23551459
1790432065031 0 52052 1543 677030302 643506166 0 0 0 0 0 0 332625573 5375563 4177575936 226066432 8392704 16252011 10832223 4358420 11211712 23795397
1790432066058 0 11128 17 677108582 643626977 0 0 0 0 0 0 332672572 5375703 4176580608 33824768 0 16423149 10934153 4403322 11327424 23992277
1790432067079 0 24707 2 677184122 643688841 0 0 0 0 0 0 332725173 5375855 4176924672 88588288 0 16595278 11048649 4456957 11407772 24169011
1790432068113 0 4781 5840 677268201 643787012 0 0 0 0 0 0 332783438 5376045 4175740928 50622464 10539008 16767398 11171707 4516265 11560357 24365832
1790432069142 0 59125 1763 677374828 643843333 0 0 0 0 0 0 332854746 5376256 4175085568 251592704 6754304 16982537 11323007 4587554 11672470 24494094
1790432070163 0 90431 0 677470155 643909085 0 0 0 0 0 0 332913202 5376445 4174774272 338952192 0 17183949 11446583 4645544 11790285 24689656
1790432071185 0 4666 0 677511170 644035910 0 0 0 0 0 0 332944538 5376534 4174823424 14434304 0 17285696 11512585 4676337 11879781 24980924
1790432072207 0 28843 3134 677592020 644089562 0 0 0 0 0 0 333000749 5376716 4174331904 117874688 26718208 17463063 11630716 4733856 11960805 25032109
1790432073234 0 11989 90 677652667 644170151 0 0 0 0 0 0 333050272 5376862 4173524992 42274816 0 17598646 11722969 4780874 12019117 25141624
1790432074275 0 7933 9 677709048 644230628 0 0 0 0 0 0 333087741 5376982 4172689408 27701248 0 17727658 11806038 4820587 12125379 25307690
1790432075308 0 39153 1397 677770009 644258923 0 0 0 0 0 0 333137002 5377123 4173049856 170397696 6115328 17873762 11901122 4870368 12238514 25330320
1790432076347 0 5163 0 677822945 644347241 0 0 0 0 0 0 333164198 5377230 4171907072 10612736 0 17985910 11970395 4896039 12400470 25525025
1790432077401 0 14436 7373 677879079 644386876 0 0 0 0 0 0 333207655 5377426 4172087296 58994688 55853056 18117144 12056768 4940492 12480407 25602781
1790432078426 0 12391 0 677952608 644469653 0 0 0 0 0 0 333268179 5377580 4171816960 44077056 0 18293933 12170464 4999977 12551045 25741002
1790432079449 0 10850 0 678035914 644554499 0 0 0 0 0 0 333334057 5377780 4171538432 35934208 0 18470500 12295962 5065982 12689622 25965027
1790432080470 0 29488 0 678137639 644637613 0 0 0 0 0 0 333397721 5377978 4169859072 109666304 0 18676751 12429740 5130303 12798333 26145976
1790432081492 0 50608 0 678239416 644718306 0 0 0 0 0 0 333463347 5378186 4168974336 201408512 0 18915881 12576018 5194163 12908252 26310807
1790432082512 0 18679 74 678325037 644835841 0 0 0 0 0 0 333511631 5378368 4167786496 66932736 0 19074427 12688113 5243984 13053206 26670521
1790432083548 0 605 146 678416643 644945550 0 0 0 0 0 0 333572964 5378563 4166823936 25300992 3031040 19275023 12823540 5305840 13165111 26851815
1790432084581 0 35709 69 678525696 645019456 0 0 0 0 0 0 333639713 5378773 4166746112 83628032 0 19462827 12953209 5370700 13223563 26986289
1790432085602 0 42504 0 678616346 645103311 0 0 0 0 0 0 333685077 5378937 4165160960 155938816 0 19631265 13066052 5416920 13308887 27132324
1790432086622 0 24864 0 678699118 645203607 0 0 0 0 0 0 333735929 5379110 4165156864 92872704 0 19820932 13185999 5467260 13416349 27395878
1790432087647 0 2115 0 678776064 645303461 0 0 0 0 0 0 333788292 5379270 4164853760 2138112 0 19992279 13302879 5519059 13533970 27603381
1790432088667 0 27389 0 678871643 645373720 0 0 0 0 0 0 333866820 5379523 4165828608 97005568 0 20220462 13456946 5600168 13725466 27869638
1790432089691 0 19635 1773 678948502 645456491 0 0 0 0 0 0 333918690 5379702 4164964352 89157632 9211904 20382895 13570945 5652024 13927613 28232597
1790432090711 0 6155 0 679012343 645535564 0 0 0 0 0 0 333966342 5379863 4165685248 18202624 0 20526270 13668358 5697612 14055813 28520156
1790432091731 0 41386 0 679105874 645593961 0 0 0 0 0 0 334034074 5380106 4166172672 157614080 0 20742177 13812388 5766926 14318338 28800789
1790432092752 0 22732 68 679174697 645681270 0 0 0 0 0 0 334090000 5380306 4166283264 90693632 0 20897524 13923192 5820341 14536582 29142496
1790432093776 0 3139 51 679250100 645776411 0 0 0 0 0 0 334140385 5380488 4166438912 1867776 0 21066917 14036859 5872686 14762371 29563855
1790432094806 0 8625 588 679347039 645867281 0 0 0 0 0 0 334202017 5380722 4165468160 35459072 34406400 21285988 14185835 5934856 14922281 29754009
1790432095846 0 32094 0 679435002 645932324 0 0 0 0 0 0 334269303 5380948 4166127616 124370944 0 21489656 14328685 6001082 15194359 30079465
1790432096871 0 25322 3104 679517584 646018668 0 0 0 0 0 0 334339291 5381187 4167086080 122707968 9281536 21684244 14462932 6072611 15368844 30370587
1790432097897 0 54965 956 679609982 646083363 0 0 0 0 0 0 334401408 5381404 4165906432 234393600 1601536 21888895 14601093 6133707 15585629 30728316
1790432098920 0 3101 1 679669436 646195734 0 0 0 0 0 0 334447056 5381570 4166111232 6406144 0 22024762 14690544 6178188 15681618 31067637
1790432099941 0 7796 0 679760822 646282443 0 0 0 0 0 0 334496235 5381747 4165394432 21192704 0 22221863 14817742 6227900 15774482 31244097
1790432100961 0 7767 0 679843063 646364760 0 0 0 0 0 0 334561067 5381976 4166033408 16965632 0 22422591 14953178 6293875 15912490 31450779
1790432101983 0 3937 0 679924650 646450040 0 0 0 0 0 0 334619066 5382171 4166443008 6389760 0 22600534 15080602 6350860 16147218 31818257
1790432103008 0 19026 4675 680015139 646520909 0 0 0 0 0 0 334693500 5382408 4168261632 77930496 30420992 22831830 15236989 6426821 16244184 31981174
1790432104030 0 24836 0 680094767 646599393 0 0 0 0 0 0 334758378 5382622 4169220096 92790784 0 23031900 15367648 6489648 16343165 32163881
1790432105050 0 15474 0 680178620 646692523 0 0 0 0 0 0 334822909 5382836 4169842688 59125760 0 23240457 15503840 6552793 16534136 32458916
1790432106069 0 0 41 680253102 646782511 0 0 0 0 0 0 334882704 5383052 4169887744 4096 12664832 23429469 15632582 6616025 16629409 32613530
1790432107099 0 4168 10 680340503 646865716 0 0 0 0 0 0 334951972 5383273 4170313728 4251648 0 23632051 15772385 6684783 16754434 32827331
1790432108121 0 46530 0 680444400 646927295 0 0 0 0 0 0 335029062 5383538 4170776576 186056704 0 23890904 15939531 6759238 16955999 33048692
1790432109153 0 35342 1752 680531112 647023885 0 0 0 0 0 0 335091660 5383759 4170760192 172646400 909312 24095276 16078308 6824469 17167590 33365268
1790432110176 0 73124 5913 680633862 647084369 0 0 0 0 0 0 335167926 5384035 4170727424 334622720 2686976 24337249 16240879 6900809 17253643 33443190
1790432111200 0 54249 3139 680715471 647187553 0 0 0 0 0 0 335220898 5384241 4170387456 244875264 1331200 24510709 16362431 6954218 17371877 33674093
1790432112224 0 22814 515 680789811 647296044 0 0 0 0 0 0 335268432 5384425 4170100736 95264768 3588096 24675049 16469909 7001752 17471368 33861774
1790432113244 0 29405 0 680871020 647371007 0 0 0 0 0 0 335332737 5384681 4170096640 111767552 0 24864885 16599622 7063900 17678896 34132216
1790432114264 0 63529 0 680969201 647435117 0 0 0 0 0 0 335399348 5384934 4170481664 248156160 0 25089726 16752198 7131692 17862229 34365763
1790432115284 0 27525 1533 681037531 647538011 0 0 0 0 0 0 335448261 5385111 4170772480 126296064 1863680 25242155 16856789 7181508 17977482 34672111
1790432116303 0 32537 0 681122771 647619691 0 0 0 0 0 0 335510739 5385342 4171468800 122413056 0 25425012 16983251 7242604 18138001 34951099
1790432117323 0 42376 0 681202949 647690077 0 0 0 0 0 0 335578568 5385585 4171587584 166473728 0 25630695 17117676 7310052 18352465 35249302
1790432118344 0 28902 0 681281495 647782006 0 0 0 0 0 0 335628928 5385768 4170903552 104431616 0 25805752 17232174 7361712 18525976 35570882
1790432119368 0 52769 698 681375893 647852070 0 0 0 0 0 0 335687955 5386018 4169650176 227409920 2146304 26011428 17372645 7420763 18694690 35763383
1790432120391 0 9387 3 681439498 647959453 0 0 0 0 0 0 335736652 5386210 4170248192 29270016 0 26166818 17469402 7468537 18807365 35969029
1790432121417 0 64 11 681526187 648055525 0 0 0 0 0 0 335786576 5386415 4169412608 16908288 4227072 26340563 17595688 7519386 18961202 36217317
1790432122451 0 18121 1 681616559 648127925 0 0 0 0 0 0 335847607 5386665 4168753152 63336448 0 26549212 17732171 7580485 19179434 36468399
1790432123475 0 15916 584 681701250 648214213 0 0 0 0 0 0 335908765 5386899 4169031680 65314816 12959744 26757625 17863341 7642129 19335729 36739161
1790432124499 0 2087 0 681785128 648312463 0 0 0 0 0 0 335966239 5387120 4168802304 4239360 0 26928769 17985891 7696567 19529530 37047904
1790432125520 0 118174 10074 681926896 648328143 0 0 0 0 0 0 336054612 5387473 4168445952 518737920 23547904 27253192 18195563 7787933 19671979 37098709
1790432126541 0 25225 306 681968756 648472682 0 0 0 0 0 0 336079258 5387565 4168204288 121544704 0 27343906 18253859 7812577 19747602 37369154
1790432127560 0 26023 1387 682050383 648552492 0 0 0 0 0 0 336135688 5387780 4168396800 107532288 0 27522302 18368269 7868513 19963540 37711458
1790432128580 0 19130 0 682130172 648640379 0 0 0 0 0 0 336189076 5387978 4167974912 69681152 0 27686155 18482112 7920871 20049190 37895193
1790432129603 0 628 0 682206079 648734846 0 0 0 0 0 0 336245543 5388179 4167770112 4251648 4235264 27864371 18604116 7977842 20151412 38075114
1790432130625 0 38063 1460 682311029 648800916 0 0 0 0 0 0 336316308 5388458 4167172096 160161792 0 28097608 18752656 8047962 20367770 38339313
1790432131651 0 25249 5971 682388418 648886584 0 0 0 0 0 0 336369308 5388661 4166787072 101326848 42070016 28278695 18866777 8102629 20480467 38666326
1790432132675 0 5622 0 682456123 648979923 0 0 0 0 0 0 336413894 5388820 4166582272 16932864 0 28417659 18964722 8145266 20663671 39091571
1790432133695 0 15533 0 682540448 649054370 0 0 0 0 0 0 336478571 5389078 4166500352 52785152 0 28605709 19095886 8210921 20810439 39317408
1790432134722 0 2681 54 682614956 649141723 0 0 0 0 0 0 336522481 5389244 4165816320 16384 0 28759504 19196696 8254272 21070269 39706435
1790432135755 0 3651 11 682692391 649218196 0 0 0 0 0 0 336578317 5389432 4166139904 2166784 0 28933672 19312817 8311127 21270167 40077324
1790432136782 0 2036 0 682769382 649296810 0 0 0 0 0 0 336635463 5389637 4165668864 4247552 0 29112890 19430490 8365769 21338584 40245330
1790432137805 0 12733 73 682854206 649370945 0 0 0 0 0 0 336697608 5389874 4166262784 38002688 0 29297820 19558280 8429941 21421462 40338234
1790432138825 0 19575 0 682937598 649447546 0 0 0 0 0 0 336760229 5390123 4166250496 69640192 0 29485511 19690712 8492069 21532961 40564338
1790432139852 0 2111 10 683015847 649543199 0 0 0 0 0 0 336825485 5390343 4166799360 0 0 29678884 19815672 8557264 21638170 40721431
1790432140875 0 47284 0 683115054 649597169 0 0 0 0 0 0 336904537 5390636 4167438336 184184832 0 29921920 19973086 8636340 21852472 40958858
1790432141896 0 25290 3139 683188061 649689232 0 0 0 0 0 0 336963515 5390849 4167147520 117972992 10559488 30097592 20092281 8696323 22003780 41251725
1790432142922 0 0 37 683257148 649786634 0 0 0 0 0 0 337025676 5391060 4167372800 5414912 4243456 30281508 20213034 8758481 22165163 41502663
1790432143945 0 23834 1754 683347166 649851163 0 0 0 0 0 0 337094026 5391303 4167569408 97624064 17051648 30490503 20352168 8827343 22415072 41820745
1790432144969 0 13898 12986 683423865 649926542 0 0 0 0 0 0 337161774 5391555 4168642560 56926208 62865408 30702048 20485677 8895091 22676776 42125347
1790432145993 0 820 0 683487570 650016225 0 0 0 0 0 0 337202339 5391716 4168388608 2564096 262144 30843978 20580633 8934633 22825880 42423192
1790432147013 0 45746 0 683584512 650068199 0 0 0 0 0 0 337270863 5391991 4166987776 177012736 0 31062102 20724439 9002956 22985525 42695294
1790432148032 0 57575 0 683670315 650142286 0 0 0 0 0 0 337324858 5392229 4166787072 218177536 0 31237079 20847837 9057935 23081796 42851933
1790432149056 0 13887 4915 683734176 650245105 0 0 0 0 0 0 337370272 5392399 4166672384 83361792 5513216 31388308 20948053 9103077 23258222 43330416
1790432150081 0 33212 489 683819094 650314911 0 0 0 0 0 0 337440599 5392639 4167245824 136036352 11403264 31606559 21092018 9173916 23383613 43528839
1790432151109 0 9527 1269 683886521 650405209 0 0 0 0 0 0 337493513 5392861 4168261632 51806208 1798144 31771708 21198932 9226317 23527122 43808204
1790432152136 0 7944 0 683955988 650477635 0 0 0 0 0 0 337551475 5393058 4168646656 22048768 0 31947158 21314655 9283793 23641617 44004804
1790432153156 0 34253 1513 684047055 650540776 0 0 0 0 0 0 337609923 5393289 4167954432 153763840 2240512 32157235 21452577 9342747 23789332 44272974
1790432154182 0 35276 1022 684129341 650622433 0 0 0 0 0 0 337667303 5393484 4167700480 154689536 1818624 32336165 21575310 9400201 23861519 44387298
1790432155207 0 98 578 684190570 650719541 0 0 0 0 0 0 337706446 5393651 4167716864 5267456 0 32475301 21666563 9439762 23986084 44660552
1790432156230 0 19076 0 684268689 650779125 0 0 0 0 0 0 337759285 5393872 4167163904 71213056 0 32643136 21783152 9490594 24113152 44809851
1790432157251 0 20183 0 684340626 650849934 0 0 0 0 0 0 337803650 5394031 4166758400 80175104 0 32796840 21888419 9534721 24237084 45159201
1790432158271 0 10297 0 684399063 650918158 0 0 0 0 0 0 337853755 5394212 4167843840 34525184 0 32946028 21985216 9585045 24333715 45360792
1790432159292 0 8276 2989 684476044 650994459 0 0 0 0 0 0 337904618 5394398 4168052736 50511872 6455296 33125581 22105447 9637938 24481384 45543192
1790432160320 0 8404 2450 684561624 651080309 0 0 0 0 0 0 337967276 5394651 4168155136 55136256 1830912 33334120 22241762 9700591 24606500 45728863
1790432161342 0 31907 0 684649615 651147244 0 0 0 0 0 0 338031396 5394864 4168060928 115978240 0 33538453 22377412 9763556 24859232 46055690
1790432162362 0 14892 0 684724706 651239282 0 0 0 0 0 0 338084192 5395075 4168216576 54390784 0 33704220 22492739 9815609 24985482 46402159
1790432163382 0 62723 0 684829127 651295896 0 0 0 0 0 0 338157200 5395344 4167913472 244969472 0 33935579 22648389 9890052 25235595 46677429
1790432164406 0 83153 555 684923664 651369431 0 0 0 0 0 0 338211711 5395578 4167090176 344068096 5603328 34134232 22784289 9944516 25329982 46842651
1790432165428 0 23297 1180 684974046 651479027 0 0 0 0 0 0 338247209 5395697 4167266304 106258432 6926336 34250692 22860692 9980012 25560107 47365116
1790432166454 0 6542 803 685041373 651563588 0 0 0 0 0 0 338290319 5395875 4166623232 32092160 5890048 34397934 22962540 10023391 25703482 47676205
1790432167473 0 10789 0 685115967 651634741 0 0 0 0 0 0 338345240 5396092 4167401472 38043648 0 34561147 23076947 10075533 25854513 47969591
1790432168493 0 54952 0 685217489 651691868 0 0 0 0 0 0 338418160 5396332 4166467584 214867968 0 34777859 23232972 10150987 26074258 48210851
1790432169513 0 63 3650 685275999 651801920 0 0 0 0 0 0 338454135 5396477 4166221824 18292736 6217728 34907553 23319362 10186941 26267299 48649136
1790432170531 0 79646 0 685390569 651840535 0 0 0 0 0 0 338529535 5396789 4166189056 317972480 0 35175345 23493551 10261062 26342424 48755250
1790432171554 0 16775 848 685441577 651953558 0 0 0 0 0 0 338564091 5396935 4166823936 74960896 1867776 35286844 23571209 10297405 26527287 49112982
1790432172575 0 24446 1241 685527511 652031324 0 0 0 0 0 0 338621600 5397166 4166574080 113831936 2007040 35481517 23700419 10354405 26749133 49458118
1790432173594 0 79753 858 685632370 652081371 0 0 0 0 0 0 338700181 5397475 4166815744 335560704 5316608 35718703 23862865 10432988 26976189 49669122
1790432174616 0 5471 35 685678919 652202886 0 0 0 0 0 0 338727385 5397582 4166987776 2461696 0 35806269 23921847 10460216 27066498 50005155
1790432175643 0 2318 645 685754550 652281079 0 0 0 0 0 0 338784423 5397796 4167741440 1568768 864256 35982006 24041402 10517745 27205133 50289603
1790432176668 0 3896 0 685833096 652358666 0 0 0 0 0 0 338836276 5398019 4167884800 4247552 2109440 36160743 24154797 10569112 27330411 50503302
1790432177692 0 26334 59 685918954 652422029 0 0 0 0 0 0 338898940 5398263 4168183808 94928896 0 36355250 24279598 10630037 27438246 50679414
1790432178715 0 4457 26 685986570 652511601 0 0 0 0 0 0 338943963 5398439 4168380416 4096 0 36506793 24374425 10674767 27535840 50901588
1790432179741 0 25972 26 686072103 652575563 0 0 0 0 0 0 338999914 5398652 4168740864 94027776 0 36684898 24496815 10732262 27618191 51115981
1790432180762 0 31872 0 686150343 652647960 0 0 0 0 0 0 339055879 5398864 4167979008 124370944 0 36871518 24616912 10787699 27813030 51443095
1790432181782 0 15385 0 686219403 652733409 0 0 0 0 0 0 339107655 5399070 4168294400 54910976 0 37041424 24727029 10839037 27951511 51720565
1790432182801 0 8254 1 686288796 652810114 0 0 0 0 0 0 339164736 5399296 4168871936 27459584 0 37206655 24840167 10896041 28085926 51917479
1790432183821 0 18003 0 686366407 652878002 0 0 0 0 0 0 339221701 5399503 4169101312 65425408 0 37398096 24963015 10953425 28148462 52074197
1790432184841 0 25263 0 686453162 652957269 0 0 0 0 0 0 339265889 5399715 4167278592 95330304 0 37566849 25079011 10998762 28264503 52234773
1790432185860 0 15330 0 686529137 653043277 0 0 0 0 0 0 339317279 5399916 4167467008 50655232 0 37746198 25191311 11049476 28451389 52622138
1790432186880 0 32 0 686553991 653083468 0 0 0 0 0 0 339412397 5400365 4194148352 131072 0 37889021 25303099 11143201 28512135 52732981
1790432187901 0 33 0 686553992 653083468 0 0 0 0 0 0 339607592 5401260 4196880384 131072 0 38103954 25496601 11337370 28629374 52808450
1790432188921 0 1048 5 686555259 653083715 0 0 0 0 0 0 339767633 5401786 4201013248 65536 0 38540459 25657064 11498842 28719318 52835269
1790432189942 0 3289 0 686557512 653083730 0 0 0 0 0 0 339934112 5404871 4201984000 131072 0 38850650 25825460 11667475 28841265 52876258
