1790431657256 0 0 0 648707309 615236827 0 0 0 0 0 0 321111594 5331626 - - - - - - - -
1790431658763 0 109184 0 648886170 615306354 0 0 0 0 0 0 321111599 5331695 696537088 422772736 0 0 0 5 0 3534
1790431659789 0 150038 720 649040667 615419341 0 0 0 0 0 0 321111599 5331695 1332043776 601755648 2965504 0 0 5 0 68507
1790431660814 0 137759 2547 649154101 615543300 0 0 0 0 0 0 321111599 5331695 1801842688 549122048 22892544 0 0 5 0 361073
1790431661839 0 153297 1957 649291036 615665336 0 0 0 0 0 0 321111599 5331695 2359742464 616419328 11468800 0 0 5 0 639751
1790431662863 0 141923 6113 649387729 615769174 0 0 0 0 0 0 321111599 5331697 2770837504 581222400 25165824 0 0 5 0 1068297
1790431663883 0 151494 2067 649514406 615890396 0 0 0 0 0 0 321111599 5331697 3282579456 623693824 4841472 0 0 5 0 1464582
1790431664903 0 152358 2036 649629428 616004525 0 0 0 0 0 0 321111599 5331697 3750031360 616591360 16777216 0 0 5 0 1791371
1790431665923 0 151131 2044 649749234 616125654 0 0 0 0 0 0 321111599 5331697 4160114688 617000960 16732160 52144 18730 5 17505 2222583
1790431666945 0 142512 2121 649868878 616253893 0 0 0 0 0 0 321117127 5331704 4159176704 585920512 11505664 264887 144391 5095 62635 2333420
1790431667965 0 156159 1933 650009237 616380629 0 0 0 0 0 0 321126248 5331712 4158529536 639094784 7933952 483473 292884 14152 138743 2470560
1790431668986 0 162021 1785 650140612 616506251 0 0 0 0 0 0 321136407 5331728 4157923328 671109120 2347008 680869 436825 24813 191669 2574788
1790431670006 0 125804 10006 650237359 616631034 0 0 0 0 0 0 321147048 5331744 4157902848 515506176 40984576 824284 544006 35454 285034 2928793
1790431671029 0 125984 9604 650331089 616725019 0 0 0 0 0 0 321158718 5331761 4158050304 516026368 39337984 956673 649076 47124 379041 3099011
1790431672049 0 32071 3929 650380939 616874457 0 0 0 0 0 0 321165812 5331776 4158144512 139448320 14344192 1037717 705303 53706 465375 3435929
1790431673073 0 135198 4096 650523593 616913817 0 0 0 0 0 0 321193998 5331976 4159418368 563994624 4976640 1330475 875528 82404 637546 3645775
1790431674092 0 118092 0 650599342 617010768 0 0 0 0 0 0 321218958 5332090 4161048576 470700032 0 1479441 972247 106907 762823 3973706
1790431675114 0 71169 46 650663056 617121308 0 0 0 0 0 0 321237976 5332185 4162162688 289447936 5570560 1590079 1056505 125288 854933 4276884
1790431676139 0 82314 2467 650752371 617197623 0 0 0 0 0 0 321271295 5332316 4164505600 351436800 16777216 1760715 1179445 159700 950366 4471689
1790431677164 0 115999 25988 650854565 617242113 0 0 0 0 0 0 321313299 5332468 4167520256 475054080 106401792 1960248 1323122 201705 1023083 4590832
1790431678189 0 25332 3649 650882384 617382935 0 0 0 0 0 0 321324084 5332508 4168445952 95379456 23441408 2007875 1359405 212490 1072810 4908406
1790431679208 0 139355 0 651026424 617416477 0 0 0 0 0 0 321375905 5332713 4171239424 560959488 0 2264571 1552072 262803 1237619 5040314
1790431680228 0 103025 0 651092541 617518970 0 0 0 0 0 0 321402587 5332834 4172918784 407539712 0 2405594 1644302 290718 1359342 5320788
1790431681247 0 79054 0 651166921 617617274 0 0 0 0 0 0 321425214 5332950 4173873152 311943168 0 2555318 1740730 312611 1536832 5679255
1790431682284 0 82512 1984 651252211 617697276 0 0 0 0 0 0 321474475 5333130 4176527360 349331456 7241728 2747108 1876378 362370 1682612 5911998
1790431683306 0 93955 2555 651346314 617779288 0 0 0 0 0 0 321508343 5333257 4176801792 392953856 8388608 2940142 2005420 396749 1824030 6243798
1790431684330 0 40650 0 651402847 617891688 0 0 0 0 0 0 321528293 5333337 4177051648 153858048 0 3036231 2078617 416240 1938343 6542870
1790431685355 0 102772 3438 651520458 617943856 0 0 0 0 0 0 321577647 5333522 4177027072 418848768 30564352 3282747 2247741 465541 2047021 6666098
1790431686378 0 117764 8175 651611873 618015488 0 0 0 0 0 0 321623804 5333654 4177559552 486928384 41598976 3494146 2385935 512210 2200134 6987285
1790431687397 0 142957 9563 651702483 618079427 0 0 0 0 0 0 321669394 5333803 4178075648 601657344 22265856 3691137 2521569 557848 2297589 7276883
1790431688416 0 136483 0 651775224 618168232 0 0 0 0 0 0 321705713 5333914 4178509824 546418688 0 3843366 2626522 593239 2421617 7584364
1790431689440 0 32017 3801 651811137 618305048 0 0 0 0 0 0 321719205 5333966 4178452480 136343552 16465920 3913194 2679543 607611 2482810 7842935
1790431690461 0 105340 0 651923183 618347350 0 0 0 0 0 0 321776604 5334140 4179349504 420995072 0 4161964 2845533 664503 2623807 8015831
1790431691482 0 80216 0 651986248 618435454 0 0 0 0 0 0 321821719 5334272 4180819968 319467520 0 4331875 2952358 708592 2753211 8435016
1790431692507 0 77112 4997 652069064 618516473 0 0 0 0 0 0 321866365 5334412 4181491712 318140416 23166976 4522880 3082413 754770 2894872 8731666
1790431693526 0 52529 0 652136718 618613632 0 0 0 0 0 0 321909391 5334527 4182228992 205365248 0 4679417 3190605 797329 3000237 9036425
1790431694546 0 112262 4125 652244730 618657848 0 0 0 0 0 0 322003201 5334765 4184240128 479666176 1298432 4992795 3393295 891608 3130335 9135781
1790431695566 0 25189 0 652284454 618788680 0 0 0 0 0 0 322028299 5334839 4184346624 99106816 0 5082467 3454494 913176 3219628 9317258
1790431696586 0 126138 18136 652413756 618799036 0 0 0 0 0 0 322133415 5335098 4186460160 578568192 18690048 5443870 3692232 1021883 3339936 9334534
1790431697604 0 133482 2013 652485171 618879180 0 0 0 0 0 0 322186565 5335252 4186726400 546680832 16777216 5631302 3816978 1075008 3433029 9554365
1790431698623 0 75675 0 652529358 618983242 0 0 0 0 0 0 322225017 5335336 4187062272 297238528 0 5753830 3895276 1112422 3569440 9926810
1790431699647 0 84579 4005 652613550 619054528 0 0 0 0 0 0 322290669 5335496 4186619904 346443776 24612864 5975136 4041939 1179103 3702561 10124595
1790431700670 0 11633 3073 652657302 619172114 0 0 0 0 0 0 322321485 5335569 4186910720 58159104 7643136 6070774 4106955 1209375 3834047 10510048
1790431701693 0 81720 0 652778129 619225947 0 0 0 0 0 0 322379067 5335720 4184678400 322117632 0 6308875 4264288 1267344 3964858 10643695
1790431702713 0 52192 2 652845939 619323185 0 0 0 0 0 0 322413316 5335827 4182503424 200937472 0 6432683 4350764 1300173 4017986 10858862
1790431703733 0 98747 0 652957934 619388765 0 0 0 0 0 0 322453230 5335943 4180447232 395915264 0 6638609 4480987 1339181 4141000 11107632
1790431704768 0 56515 3150 653024752 619494670 0 0 0 0 0 0 322483345 5336076 4179132416 251416576 13545472 6763292 4567534 1371661 4272174 11637589
1790431705796 0 6301 723 653088719 619611266 0 0 0 0 0 0 322503895 5336165 4177027072 31670272 39915520 6860207 4634662 1392212 4491304 12153670
1790431706815 0 34816 66 653191857 619686556 0 0 0 0 0 0 322532147 5336274 4173692928 126042112 0 7008838 4735461 1419985 4716835 12522839
1790431707846 0 46677 1007 653296691 619778524 0 0 0 0 0 0 322549121 5336375 4169748480 202387456 6098944 7146222 4836251 1437463 4811537 12726956
1790431708882 0 78454 3174 653408662 619856646 0 0 0 0 0 0 322566103 5336469 4166234112 333717504 10268672 7291384 4936526 1454443 4891371 12951153
1790431709908 0 73860 5191 653505315 619955774 0 0 0 0 0 0 322579455 5336538 4162703360 298332160 32026624 7404535 5017236 1467770 5004824 13416075
1790431710934 0 39266 4292 653582381 620068461 0 0 0 0 0 0 322587175 5336588 4160012288 175468544 9895936 7500783 5088845 1475490 5147281 13914006
1790431711954 0 32351 0 653670347 620167474 0 0 0 0 0 0 322597422 5336641 4157485056 115380224 0 7597983 5160748 1485753 5254657 14353052
1790431712979 0 44520 0 653770520 620255539 0 0 0 0 0 0 322609273 5336704 4154310656 167665664 0 7712491 5249796 1497077 5360911 14753897
1790431714003 0 49386 2483 653875400 620352994 0 0 0 0 0 0 322622112 5336766 4151029760 202285056 20664320 7850918 5350957 1510427 5460759 15042102
1790431715026 0 73395 1990 653992038 620446144 0 0 0 0 0 0 322634443 5336833 4148359168 314482688 4562944 7984368 5457715 1522757 5532204 15230735
1790431716058 0 27254 4292 654070136 620568141 0 0 0 0 0 0 322642162 5336882 4147073024 109576192 28942336 8081323 5530464 1530458 5627470 15600291
1790431717081 0 103333 800 654209402 620634853 0 0 0 0 0 0 322663731 5336988 4145004544 425345024 7155712 8248541 5660503 1552027 5754269 15939239
1790431718100 0 141279 6604 654326984 620708678 0 0 0 0 0 0 322682688 5337057 4145156096 600752128 19517440 8411692 5787440 1570984 5859491 16144371
1790431719119 0 147452 2982 654419920 620799011 0 0 0 0 0 0 322705747 5337133 4145426432 618172416 0 8534184 5889082 1594060 5997391 16547054
1790431720140 0 21112 837 654444120 620951610 0 0 0 0 0 0 322709870 5337145 4145266688 91570176 7032832 8567756 5914921 1598167 6073091 17160374
1790431721165 0 5743 959 654524213 621047138 0 0 0 0 0 0 322724751 5337213 4144922624 27463680 4485120 8674399 5995930 1612535 6197220 17633322
1790431722185 0 45509 43 654636839 621120852 0 0 0 0 0 0 322747858 5337295 4145438720 171737088 0 8825490 6117744 1636154 6303891 17909398
1790431723220 0 86977 1751 654753936 621195225 0 0 0 0 0 0 322777440 5337396 4147163136 356225024 28880896 9001391 6260055 1665735 6382579 18158328
1790431724249 0 84696 3072 654846366 621288165 0 0 0 0 0 0 322807698 5337490 4148822016 352821248 14057472 9143267 6373872 1695994 6491905 18435695
1790431725268 0 50897 5256 654922422 621395915 0 0 0 0 0 0 322838458 5337575 4150390784 208297984 30756864 9263981 6474900 1726754 6569932 18693712
1790431726286 0 123818 0 655045998 621451618 0 0 0 0 0 0 322876934 5337692 4152143872 500047872 0 9450385 6624128 1762230 6719755 18960784
1790431727317 0 24083 2982 655092003 621594290 0 0 0 0 0 0 322891891 5337730 4153286656 115015680 5849088 9528780 6686277 1780116 6797812 19198442
1790431728341 0 44217 1022 655191730 621675963 0 0 0 0 0 0 322923631 5337829 4154634240 186261504 6021120 9689605 6811453 1811927 6898846 19437838
1790431729360 0 138529 7431 655329351 621712903 0 0 0 0 0 0 322974925 5337999 4156551168 600600576 9535488 9919977 6996415 1863221 6988269 19546059
1790431730380 0 147799 0 655418500 621800164 0 0 0 0 0 0 323005674 5338102 4157751296 593842176 0 10058583 7107838 1892992 7071201 19791046
1790431731401 0 60029 657 655466505 621935271 0 0 0 0 0 0 323028742 5338157 4158967808 256094208 1794048 10153282 7179230 1916575 7123150 20089378
1790431732422 0 36703 0 655545454 622038214 0 0 0 0 0 0 323070279 5338265 4160946176 136925184 0 10286742 7290447 1958135 7266425 20473299
1790431733446 0 36803 55 655642777 622135471 0 0 0 0 0 0 323109829 5338386 4163141632 144470016 2625536 10458552 7426672 1997630 7378731 20655477
1790431734473 0 85877 3066 655760912 622201658 0 0 0 0 0 0 323160164 5338558 4164841472 370503680 16216064 10687591 7592797 2047946 7566399 20888494
1790431735504 0 103274 4498 655863156 622284900 0 0 0 0 0 0 323208890 5338686 4167102464 428072960 18440192 10881982 7741331 2097186 7728371 21178648
1790431736523 0 110722 0 655944159 622362826 0 0 0 0 0 0 323258602 5338826 4169224192 442036224 0 11048229 7867427 2145971 7828753 21487903
1790431737547 0 520 1054 655987998 622515909 0 0 0 0 0 0 323289417 5338893 4170194944 2121728 17715200 11152691 7945531 2177714 7940228 21952168
1790431738566 0 36960 0 656090994 622583569 0 0 0 0 0 0 323345281 5339050 4172693504 142315520 0 11360371 8100166 2233114 8111218 22254807
1790431739597 0 97009 4266 656209453 622637646 0 0 0 0 0 0 323416616 5339240 4176195584 427245568 18444288 11615315 8290928 2304912 8311511 22455862
1790431740630 0 30730 0 656271137 622769870 0 0 0 0 0 0 323452545 5339345 4177395712 115257344 0 11750216 8385449 2340330 8393304 22769462
1790431741657 0 119211 3324 656396908 622803944 0 0 0 0 0 0 323523941 5339605 4179148800 488284160 25653248 12024286 8584427 2412237 8460429 22875413
1790431742680 0 70446 2263 656459079 622915824 0 0 0 0 0 0 323570129 5339747 4180664320 304443392 3411968 12174292 8691159 2457919 8599009 23193522
1790431743700 0 81290 0 656545462 622993656 0 0 0 0 0 0 323635848 5339960 4183191552 324554752 0 12381416 8840262 2523124 8780876 23391088
1790431744720 0 102078 0 656656324 623083799 0 0 0 0 0 0 323690426 5340126 4183130112 405569536 0 12606082 8991649 2577729 8964746 23637633
1790431745740 0 111615 0 656754027 623171834 0 0 0 0 0 0 323744320 5340296 4183126016 448835584 0 12811580 9132093 2631634 9079764 23755695
1790431746759 0 95468 0 656844288 623278331 0 0 0 0 0 0 323787429 5340435 4181614592 379043840 0 12991511 9253989 2675265 9192525 23944935
1790431747779 0 80957 0 656929142 623377661 0 0 0 0 0 0 323833631 5340578 4180434944 321118208 0 13164943 9376167 2720948 9336605 24245276
1790431748805 0 39978 1262 657014317 623503185 0 0 0 0 0 0 323869083 5340683 4179111936 181354496 10768384 13321232 9487150 2756866 9506127 24668054
1790431749843 0 47296 17584 657129444 623594100 0 0 0 0 0 0 323918759 5340842 4178329600 274284544 5701632 13542547 9638427 2807094 9622505 24774677
1790431750867 0 29982 727 657212778 623711594 0 0 0 0 0 0 323950588 5340935 4176748544 132390912 2093056 13680535 9738546 2838380 9702394 24873890
1790431751887 0 78617 0 657340241 623791080 0 0 0 0 0 0 323989065 5341079 4174192640 309542912 0 13864339 9873760 2876734 9866011 25093122
1790431752906 0 71833 0 657446517 623904171 0 0 0 0 0 0 324020799 5341172 4171698176 282169344 0 14022272 9990331 2908253 9976389 25326716
1790431753931 0 48819 1387 657546277 624025598 0 0 0 0 0 0 324037283 5341234 4168937472 210292736 5648384 14159942 10087770 2925594 10091507 25718110
1790431754956 0 68977 1393 657676376 624135470 0 0 0 0 0 0 324053717 5341319 4164702208 297156608 2666496 14305695 10199805 2941503 10193430 25959521
1790431755985 0 115702 999 657806222 624219114 0 0 0 0 0 0 324075301 5341419 4162023424 493015040 5582848 14472247 10326947 2963570 10279769 26133335
1790431757005 0 26413 0 657878060 624381072 0 0 0 0 0 0 324087101 5341479 4159979520 92831744 0 14554885 10395111 2974893 10360320 26527472
1790431758028 0 36410 3128 658005235 624495285 0 0 0 0 0 0 324103527 5341562 4156174336 162258944 13770752 14701351 10512252 2991311 10525275 26900206
1790431759050 0 132505 1418 658165011 624560531 0 0 0 0 0 0 324140806 5341716 4154613760 555151360 1773568 14913267 10684545 3029103 10683385 27140831
1790431760082 0 24698 2063 658232812 624735569 0 0 0 0 0 0 324155629 5341788 4154347520 126464000 13225984 15007805 10756772 3043414 10749605 27488005
1790431761125 0 110151 0 658372453 624791720 0 0 0 0 0 0 324190414 5341986 4154466304 435691520 0 15201812 10912345 3078205 10819980 27568538
1790431762145 0 66171 6429 658462491 624919397 0 0 0 0 0 0 324212508 5342092 4154253312 326610944 81920 15331242 11020176 3100794 10900352 27854338
1790431763166 0 29176 7324 658557300 625050356 0 0 0 0 0 0 324233711 5342191 4154339328 119504896 46542848 15464321 11130103 3121853 10962631 28135095
1790431764191 0 138239 1136 658713912 625103977 0 0 0 0 0 0 324283847 5342374 4155060224 576737280 6004736 15685034 11312799 3172136 11075829 28281066
1790431765211 0 41736 0 658784316 625272015 0 0 0 0 0 0 324298198 5342429 4155416576 154636288 0 15774011 11385952 3186515 11146210 28527498
1790431766235 0 22030 1224 658880674 625386938 0 0 0 0 0 0 324322778 5342512 4155604992 96944128 8364032 15914670 11500575 3211065 11275114 28864349
1790431767255 0 47032 0 659000012 625482342 0 0 0 0 0 0 324348917 5342642 4155428864 181624832 0 16077316 11632901 3235732 11429941 29218371
1790431768283 0 30792 0 659096566 625595243 0 0 0 0 0 0 324375153 5342759 4155510784 111206400 0 16207750 11745990 3262934 11540925 29551448
1790431769312 0 79850 786 659230325 625679266 0 0 0 0 0 0 324408490 5342927 4155695104 337989632 4632576 16401394 11906310 3296848 11610758 29646274
1790431770340 0 77361 1073 659331818 625782825 0 0 0 0 0 0 324442934 5343070 4156567552 321740800 2752512 16559269 12036004 3331221 11742867 30023854
1790431771363 0 96635 1241 659435272 625866877 0 0 0 0 0 0 324477344 5343230 4158251008 399400960 2334720 16720263 12173029 3365636 11840306 30193853
1790431772387 0 37048 807 659518185 626009875 0 0 0 0 0 0 324507438 5343361 4159512576 161931264 2469888 16853427 12281238 3395726 11915264 30418780
1790431773407 0 63199 0 659633241 626099323 0 0 0 0 0 0 324549090 5343535 4160884736 244330496 0 17033970 12427050 3436921 11966988 30507728
1790431774431 0 44898 3723 659737758 626218593 0 0 0 0 0 0 324593364 5343709 4162863104 209154048 3362816 17221072 12575190 3481157 12102041 30708867
1790431775450 0 27847 0 659817294 626318950 0 0 0 0 0 0 324640071 5343886 4165156864 107520000 0 17373602 12694033 3526834 12224539 30942028
1790431776474 0 99984 1163 659948252 626376532 0 0 0 0 0 0 324699739 5344150 4167188480 419782656 10493952 17612834 12880696 3588032 12384176 31061380
1790431777497 0 22362 10 660017299 626524397 0 0 0 0 0 0 324732569 5344294 4167741440 79138816 0 17747064 12977525 3619873 12498692 31288024
1790431778521 0 102706 365 660150264 626576727 0 0 0 0 0 0 324797348 5344578 4169809920 418721792 26656768 18009900 13175300 3685635 12647522 31434441
1790431779543 0 67558 0 660224634 626686539 0 0 0 0 0 0 324840441 5344766 4171272192 263225344 0 18153255 13288758 3728278 12769088 31624440
1790431780567 0 1029 2568 660286780 626812728 0 0 0 0 0 0 324884176 5345144 4173467648 2113536 27648000 18299615 13395361 3772434 12828259 31724349
1790431781598 0 6829 1896 660368378 626889230 0 0 0 0 0 0 324931346 5345985 4175536128 40558592 10022912 18467942 13521950 3819650 12890144 31851893
1790431782618 0 132180 0 660500730 626898092 0 0 0 0 0 0 325001787 5346287 4177469440 528257024 0 18753138 13720415 3889550 13018279 31936885
1790431783644 0 53422 586 660550842 627026357 0 0 0 0 0 0 325038184 5346406 4178509824 218873856 14843904 18876623 13807802 3925989 13101976 32261834
1790431784665 0 42339 0 660633686 627120679 0 0 0 0 0 0 325080831 5346569 4178747392 164360192 0 19035515 13921922 3967494 13200492 32457434
1790431785688 0 27112 26 660729438 627231747 0 0 0 0 0 0 325132975 5346756 4179374080 98537472 0 19217448 14057296 4020064 13285808 32665549
1790431786714 0 24759 7154 660833523 627331183 0 0 0 0 0 0 325170557 5346917 4178108416 132775936 10653696 19389266 14179566 4058596 13487810 33033098
1790431787735 0 64919 0 660941400 627405940 0 0 0 0 0 0 325220502 5347100 4177944576 252731392 0 19589941 14319976 4108380 13619820 33202187
1790431788755 0 56471 0 661028611 627501499 0 0 0 0 0 0 325267819 5347275 4178030592 218374144 0 19765101 14449052 4155077 13730519 33526259
1790431789779 0 1094 5134 661106352 627629626 0 0 0 0 0 0 325296080 5347371 4176314368 25395200 9408512 19892422 14545146 4184338 13891701 33986340
1790431790804 0 18076 1387 661199197 627709222 0 0 0 0 0 0 325353525 5347571 4176666624 88399872 2412544 20097784 14686483 4241808 13990562 34142518
1790431791827 0 33564 2137 661294614 627788481 0 0 0 0 0 0 325401450 5347737 4176658432 150622208 7806976 20279749 14820388 4289197 14154147 34481389
1790431792848 0 40255 0 661383400 627872663 0 0 0 0 0 0 325452304 5347944 4176834560 155938816 0 20466016 14950135 4339139 14394679 34851635
1790431793868 0 97762 0 661513254 627944915 0 0 0 0 0 0 325498123 5348128 4175613952 385400832 0 20681576 15103256 4385359 14508968 35028729
1790431794888 0 85241 12191 661635091 628067096 0 0 0 0 0 0 325520688 5348232 4171751424 382824448 27406336 20838804 15215784 4408976 14585659 35277551
1790431795907 0 56131 0 661712025 628185339 0 0 0 0 0 0 325543798 5348312 4169994240 219058176 0 20955686 15298136 4430540 14680022 35707040
1790431796932 0 6161 19817 661797532 628301103 0 0 0 0 0 0 325566296 5348399 4167823360 113819648 6225920 21071690 15391829 4454613 14757519 35870881
1790431797954 0 36331 4665 661912275 628400781 0 0 0 0 0 0 325592512 5348521 4165029888 146714624 37224448 21223909 15514374 4480770 14893707 36055820
1790431798979 0 14849 1490 662012772 628525945 0 0 0 0 0 0 325617151 5348621 4162789376 71581696 1245184 21356469 15617399 4505409 15038143 36446054
1790431800000 0 58263 0 662142553 628613802 0 0 0 0 0 0 325645347 5348732 4161134592 225812480 0 21517961 15747570 4532374 15144550 36608940
1790431801020 0 44377 0 662247363 628732451 0 0 0 0 0 0 325663330 5348811 4158722048 169086976 0 21644036 15847300 4551087 15209446 36813130
1790431802045 0 52547 3635 662371188 628844675 0 0 0 0 0 0 325686431 5348907 4156628992 238575616 8351744 21795429 15972119 4574179 15324053 37049858
1790431803070 0 29420 2463 662475766 628973318 0 0 0 0 0 0 325705431 5348995 4154896384 131399680 3022848 21924873 16077174 4593689 15373622 37207787
1790431804093 0 51771 513 662592997 629070249 0 0 0 0 0 0 325731105 5349106 4153462784 218804224 2375680 22086081 16200911 4618857 15514775 37477585
1790431805132 0 1403 33 662670683 629198758 0 0 0 0 0 0 325750110 5349189 4153487360 15777792 2596864 22191176 16284755 4637348 15609137 37691150
1790431806174 0 113499 2892 662826379 629239571 0 0 0 0 0 0 325800827 5349364 4154417152 470847488 15663104 22430196 16479077 4689087 15759911 37778651
1790431807200 0 34734 1810 662900588 629393582 0 0 0 0 0 0 325824397 5349447 4154712064 169758720 2732032 22539568 16567056 4712143 15839105 38025599
1790431808235 0 92653 1671 663033435 629468548 0 0 0 0 0 0 325860852 5349597 4154900480 391131136 2375680 22736001 16724271 4749110 15920604 38170377
1790431809256 0 141173 0 663148227 629536544 0 0 0 0 0 0 325906761 5349780 4156575744 562327552 0 22911181 16871128 4795045 16090491 38473011
1790431810284 0 13471 1460 663207099 629721872 0 0 0 0 0 0 325928350 5349857 4156956672 77950976 4542464 23006378 16948936 4816608 16196909 38782974
1790431811311 0 33543 1023 663322968 629817883 0 0 0 0 0 0 325961218 5350005 4156018688 145772544 3551232 23177587 17082363 4849477 16337989 39066040
1790431812336 0 54687 10147 663434203 629898933 0 0 0 0 0 0 325988192 5350171 4155777024 223899648 54571008 23346298 17211767 4876453 16469895 39294494
1790431813360 0 62217 1606 663548523 630014260 0 0 0 0 0 0 326022657 5350345 4156559360 269148160 9297920 23526089 17349443 4910915 16654246 39600117
1790431814388 0 136197 1157 663692168 630084363 0 0 0 0 0 0 326062678 5350518 4155568128 582381568 2064384 23734547 17520244 4950423 16821502 39816255
1790431815412 0 101007 810 663781919 630209594 0 0 0 0 0 0 326092964 5350661 4156227584 425070592 3788800 23883910 17635867 4980718 16894553 40007106
1790431816432 0 20877 0 663846566 630355231 0 0 0 0 0 0 326121472 5350773 4157444096 66129920 0 23991213 17720733 5009255 17025349 40409213
1790431817456 0 120177 1241 663988147 630396215 0 0 0 0 0 0 326184148 5351034 4160716800 467316736 21819392 24231234 17917220 5072420 17125570 40455345
1790431818477 0 51988 36 664053160 630530562 0 0 0 0 0 0 326212386 5351147 4161384448 164360192 0 24337294 17999580 5099650 17325030 40903741
1790431819505 0 76081 584 664175400 630628409 0 0 0 0 0 0 326255757 5351337 4162895872 318746624 23609344 24551985 18161742 5144013 17421722 41039599
1790431820539 0 30518 67 664253896 630752780 0 0 0 0 0 0 326298840 5351490 4165148672 108707840 0 24698535 18273132 5185072 17512817 41268789
1790431821563 0 4254 4974 664329747 630850020 0 0 0 0 0 0 326350646 5351649 4167581696 36057088 1773568 24865390 18400003 5238920 17595228 41508312
1790431822583 0 96749 15879 664457763 630874647 0 0 0 0 0 0 326410970 5351933 4168744960 396177408 77791232 25101302 18579837 5299227 17699695 41617714
1790431823604 0 61684 0 664527423 630995135 0 0 0 0 0 0 326443266 5352072 4168753152 236216320 0 25233542 18669066 5330021 17770454 41844670
1790431824625 0 32761 0 664604698 631101455 0 0 0 0 0 0 326479143 5352209 4169752576 118370304 0 25378994 18771812 5365955 17855475 42119103
1790431825665 0 38489 1115 664695183 631185188 0 0 0 0 0 0 326511706 5352342 4169334784 174706688 15613952 25541514 18884896 5399694 17919959 42300944
1790431826712 0 50982 1797 664785548 631262309 0 0 0 0 0 0 326547975 5352498 4168667136 218177536 4329472 25697639 19002204 5435771 18000378 42441985
1790431827734 0 44610 0 664868065 631352966 0 0 0 0 0 0 326582636 5352626 4168470528 170655744 0 25840958 19107988 5469650 18088669 42621112
1790431828755 0 74852 1 664973765 631428444 0 0 0 0 0 0 326635781 5352966 4170129408 291848192 0 26048970 19259009 5523525 18189087 42828238
1790431829776 0 84820 0 665072741 631517411 0 0 0 0 0 0 326674761 5353123 4170211328 336035840 0 26221684 19382645 5561990 18308352 43060341
1790431830799 0 78758 2849 665162478 631610479 0 0 0 0 0 0 326709622 5353257 4170629120 325464064 0 26366865 19493905 5596904 18365634 43219573
1790431831820 0 104757 0 665269846 631694614 0 0 0 0 0 0 326753571 5353432 4170129408 418332672 0 26554554 19631573 5641026 18569342 43558921
1790431832840 0 68400 0 665346202 631807260 0 0 0 0 0 0 326789141 5353573 4170502144 269357056 0 26697328 19739305 5676951 18729873 43985404
1790431833865 0 17961 2008 665430205 631939820 0 0 0 0 0 0 326816882 5353697 4169744384 85413888 11251712 26837751 19846357 5705157 18852367 44293294
1790431834884 0 27713 0 665522367 632024128 0 0 0 0 0 0 326866097 5353847 4170002432 103337984 0 27006226 19973670 5753360 19009331 44643294
1790431835904 0 49349 1606 665630285 632108938 0 0 0 0 0 0 326920551 5354051 4170878976 215277568 6017024 27229374 20133409 5808296 19142460 44753417
1790431836925 0 42169 1405 665701197 632187111 0 0 0 0 0 0 326964158 5354206 4171956224 185061376 4218880 27382118 20241682 5851387 19200552 44873708
1790431837947 0 75661 926 665792584 632245506 0 0 0 0 0 0 327000897 5354367 4170936320 322736128 3854336 27543925 20357047 5889212 19277199 44989432
1790431838991 0 63 1556 665837583 632365500 0 0 0 0 0 0 327026591 5354443 4171608064 27598848 12763136 27623353 20418345 5914335 19315159 45121060
1790431840028 0 15367 0 665905901 632420061 0 0 0 0 0 0 327052229 5354536 4170465280 56745984 0 27743635 20499490 5938973 19417398 45222751
1790431841052 0 40235 595 665994284 632483232 0 0 0 0 0 0 327076906 5354652 4168458240 175276032 1589248 27862263 20594290 5964656 19484325 45366477
1790431842077 0 43294 5967 666069838 632550205 0 0 0 0 0 0 327091287 5354730 4166107136 199299072 13193216 27963228 20669127 5979547 19663451 45550357
1790431843101 0 57509 13304 666140191 632599013 0 0 0 0 0 0 327115915 5354820 4164997120 305963008 0 28074484 20748854 6004178 19722548 45609971
1790431844123 0 66515 0 666216125 632679053 0 0 0 0 0 0 327140070 5355460 4163280896 260726784 0 28191970 20833852 6027441 19792319 45885212
1790431845145 0 6284 3551 666288804 632808551 0 0 0 0 0 0 327164699 5355600 4162338816 25731072 14401536 28308451 20919988 6052954 19884828 46239933
1790431846167 0 97140 1460 666419957 632851177 0 0 0 0 0 0 327199083 5355884 4160327680 410705920 2224128 28489051 21058301 6086829 20019293 46399432
1790431847188 0 25050 23 666481462 632985819 0 0 0 0 0 0 327218007 5356069 4159361024 88584192 0 28569495 21120340 6105772 20094707 46907791
1790431848210 0 39573 0 666583023 633072803 0 0 0 0 0 0 327241125 5356160 4158009344 100769792 0 28704629 21220429 6129385 20197990 47379535
1790431849231 0 33085 60 666680405 633176729 0 0 0 0 0 0 327263690 5356274 4156534784 122888192 0 28837150 21322807 6151456 20278340 47622510
1790431850252 0 66452 1639 666798365 633260133 0 0 0 0 0 0 327298562 5356424 4155572224 284135424 5070848 29022656 21464847 6186817 20416333 47813687
1790431851272 0 84791 0 666913693 633358412 0 0 0 0 0 0 327325219 5356558 4154044416 335020032 0 29175140 21590267 6212489 20457221 47944251
1790431852294 0 89085 4942 667016064 633451621 0 0 0 0 0 0 327351385 5356675 4153106432 391036928 7499776 29319846 21707629 6239640 20592196 48230553
1790431853318 0 80185 0 667113664 633562891 0 0 0 0 0 0 327376451 5356853 4152975360 212205568 0 29427178 21792384 6262723 20678602 48504007
1790431854342 0 100228 3026 667222552 633648908 0 0 0 0 0 0 327401887 5357006 4152643584 427851776 5070848 29580820 21918002 6289630 20785502 48817132
1790431855361 0 28377 1013 667268002 633768276 0 0 0 0 0 0 327416721 5357068 4153110528 120430592 9547776 29655726 21976789 6305024 20842145 49186405
1790431856382 0 131264 0 667405632 633803767 0 0 0 0 0 0 327472644 5357277 4154458112 528228352 0 29874364 22153182 6359412 21054617 49406410
1790431857406 0 86029 8310 667479773 633914965 0 0 0 0 0 0 327496816 5357390 4155248640 363462656 29601792 29995749 22251014 6385071 21118904 49665695
1790431858425 0 51113 0 667541420 634019832 0 0 0 0 0 0 327529573 5357500 4156416000 198193152 0 30107479 22337391 6417867 21243454 50081565
1790431859444 0 36500 0 667618592 634111578 0 0 0 0 0 0 327562494 5357657 4157710336 137015296 0 30247407 22443432 6450285 21386672 50511584
1790431860471 0 100561 2482 667740368 634166841 0 0 0 0 0 0 327611227 5357881 4159803392 431558656 4124672 30464631 22611474 6499039 21522318 50724487
1790431861500 0 97735 2338 667823099 634252533 0 0 0 0 0 0 327640031 5357995 4160262144 415862784 4591616 30607859 22715859 6528286 21697021 51153097
1790431862522 0 34029 0 667871995 634367467 0 0 0 0 0 0 327663111 5358093 4160839680 126480384 0 30689616 22781049 6550107 21808261 51467480
1790431863542 0 51780 5550 667969269 634441345 0 0 0 0 0 0 327695457 5358251 4160622592 236142592 9515008 30842321 22899111 6583801 21881631 51675743
1790431864561 0 88171 0 668068326 634509614 0 0 0 0 0 0 327731986 5358409 4160962560 349913088 0 30995865 23021100 6619260 21969961 51967683
1790431865591 0 32879 514 668130937 634627055 0 0 0 0 0 0 327751047 5358508 4160630784 135028736 3096576 31097171 23094944 6639310 22081459 52314179
1790431866616 0 863 1679 668205384 634732216 0 0 0 0 0 0 327771058 5358608 4159139840 17080320 3543040 31206860 23179802 6659332 22164899 52566744
1790431867643 0 97610 1606 668340077 634770382 0 0 0 0 0 0 327813745 5358836 4159811584 405237760 3518464 31422420 23346143 6701488 22336578 52820424
1790431868662 0 27533 0 668390325 634892230 0 0 0 0 0 0 327832175 5358919 4159401984 100581376 0 31503506 23408083 6719970 22472143 53323792
1790431869687 0 111268 803 668519437 634936811 0 0 0 0 0 0 327894312 5359150 4162170880 462733312 3932160 31744026 23593010 6781543 22659287 53548071
1790431870710 0 35 20075 668555361 635064793 0 0 0 0 0 0 327908191 5359204 4161953792 0 88530944 31803664 23639714 6796446 22700085 53650594
1790431871730 0 33 0 668555396 635084864 0 0 0 0 0 0 328007339 5359665 4186185728 131072 0 31899092 23729691 6892339 22736581 53776284
1790431872750 0 33 0 668555396 635084864 0 0 0 0 0 0 328155009 5360315 4191690752 131072 0 32074492 23877081 7041073 22786245 53806058
1790431873774 0 33 0 668555396 635084871 0 0 0 0 0 0 328266512 5360696 4157734912 126976 0 32317428 23989303 7154767 22909182 53846306
