1790427925569 0 0 0 587440000 568453811 0 0 0 0 0 0 309509260 4294701 - - - - - - - -
1790427926619 0 42 0 587511581 568525350 0 0 0 0 0 0 309509260 4294763 15872000 0 0 0 0 2592 0 573816692
1790427927672 0 98 0 587511638 568525351 0 0 0 0 0 0 309509260 4304280 54923264 135168 0 0 0 2592 0 574245381
1790427928727 0 112 0 587511653 568525352 0 0 0 0 0 0 309509260 4313257 94543872 135168 0 0 0 2592 0 574770423
1790427929750 0 112 0 587511653 568525352 0 0 0 0 0 0 309509260 4322218 131330048 135168 0 0 0 2592 0 575516477
1790427930773 0 112 0 587511653 568525352 0 0 0 0 0 0 309509260 4331379 168747008 135168 0 0 0 2592 0 576176459
1790427931798 0 112 0 587511653 568525352 0 0 0 0 0 0 309509260 4340530 206270464 135168 0 0 0 2592 0 576648941
1790427932821 0 52 0 587511653 568525412 0 0 0 0 0 0 309509260 4349661 243707904 135168 0 0 0 2592 0 577033246
1790427933844 0 52 0 587511653 568525412 0 0 0 0 0 0 309509260 4358797 281120768 135168 0 0 0 2592 0 577580041
1790427934863 0 55 0 587511656 568525412 0 0 0 0 0 0 309509260 4360481 288792576 143360 0 0 0 2592 0 577612484
1790427935882 0 55 0 587511656 568525412 0 0 0 0 0 0 309509260 4360481 288792576 143360 0 0 0 2592 0 577612484
1790427936901 0 55 0 587511656 568525412 0 0 0 0 0 0 309509260 4360481 288792576 143360 0 0 0 2592 0 577612484
1790427937920 0 55 0 587511656 568525412 0 0 0 0 0 0 309509260 4360481 288792576 143360 0 0 0 2592 0 577612484
1790427938939 0 55 0 587511656 568525412 0 0 0 0 0 0 309509260 4360481 288792576 143360 0 0 0 2592 0 577612484
1790427939958 0 55 0 587511656 568525412 0 0 0 0 0 0 309509260 4360481 288792576 143360 0 0 0 2592 0 577612484
1790427940976 0 56 0 587511657 568525412 0 0 0 0 0 0 309509260 4360481 288792576 147456 0 0 0 2592 0 577612484
1790427941995 0 35 0 587511657 568525433 0 0 0 0 0 0 309509260 4360481 288792576 143360 0 0 0 2592 0 577612484
1790427943014 0 35 0 587511657 568525433 0 0 0 0 0 0 309509260 4360481 288796672 143360 0 0 0 2592 0 577612524
1790427944034 0 35 0 587511657 568525433 0 0 0 0 0 0 309509260 4360481 288796672 143360 0 0 0 2592 0 577612524
1790427945053 0 35 0 587511657 568525433 0 0 0 0 0 0 309509260 4360481 288796672 143360 0 0 0 2592 0 577612524
1790427946072 0 38 0 587511660 568525433 0 0 0 0 0 0 309509260 4360481 288796672 147456 0 0 0 2592 0 577612524
1790427947092 0 38 0 587511660 568525433 0 0 0 0 0 0 309509260 4360481 288796672 147456 0 0 0 2592 0 577612524
1790427948111 0 38 0 587511660 568525433 0 0 0 0 0 0 309509260 4360481 288796672 147456 0 0 0 2592 0 577612524
1790427949130 0 38 0 587511660 568525433 0 0 0 0 0 0 309509260 4360481 288796672 147456 0 0 0 2592 0 577612524
1790427950149 0 38 0 587511660 568525433 0 0 0 0 0 0 309509260 4360481 288796672 147456 0 0 0 2592 0 577612524
1790427951169 0 35 0 587511660 568525436 0 0 0 0 0 0 309509260 4360481 288796672 143360 0 0 0 2592 0 577612524
1790427952189 0 38 0 587511663 568525436 0 0 0 0 0 0 309509260 4360481 288796672 147456 0 0 0 2592 0 577612524
1790427953209 0 38 0 587511663 568525436 0 0 0 0 0 0 309509260 4360481 288796672 147456 0 0 0 2592 0 577612524
1790427954229 0 38 0 587511663 568525436 0 0 0 0 0 0 309509260 4360481 288796672 147456 0 0 0 2592 0 577612524
1790427955249 0 38 0 587511663 568525436 0 0 0 0 0 0 309509260 4360481 288796672 147456 0 0 0 2592 0 577612524
1790427956268 0 38 0 587511663 568525436 0 0 0 0 0 0 309509260 4360481 288796672 147456 0 0 0 2592 0 577612524
1790427957290 0 35 0 587511663 568525439 0 0 0 0 0 0 309509260 4360481 288796672 147456 0 0 0 2592 0 577612524
1790427958313 0 37 0 587511698 568525472 0 0 0 0 0 0 309509260 4360481 288796672 143360 0 0 0 2592 0 577612528
1790427959336 0 38 0 587511699 568525472 0 0 0 0 0 0 309509260 4360481 288796672 147456 0 0 0 2592 0 577612528
1790427960360 0 38 0 587511699 568525472 0 0 0 0 0 0 309509260 4360481 288796672 147456 0 0 0 2592 0 577612528
1790427961383 0 38 0 587511699 568525472 0 0 0 0 0 0 309509260 4360481 288796672 147456 0 0 0 2592 0 577612528
1790427962406 0 38 0 587511699 568525472 0 0 0 0 0 0 309509260 4360481 288796672 147456 0 0 0 2592 0 577612528
1790427963429 0 32 0 587511744 568525523 0 0 0 0 0 0 309509260 4360481 288796672 131072 0 0 0 2592 0 577612638
1790427964450 0 34 0 587511746 568525523 0 0 0 0 0 0 309509260 4360481 288800768 147456 0 0 0 2592 0 577612638
1790427965491 0 92 0 587511845 568525564 0 0 0 0 0 0 309509260 4369281 43773952 131072 0 0 0 2592 0 577919643
1790427966543 0 93 0 587511846 568525564 0 0 0 0 0 0 309509260 4378481 84168704 135168 0 0 0 2592 0 578380834
1790427967567 0 93 0 587511846 568525564 0 0 0 0 0 0 309509260 4387605 121516032 135168 0 0 0 2592 0 579144940
1790427968590 0 93 0 587511846 568525564 0 0 0 0 0 0 309509260 4396594 158404608 135168 0 0 0 2592 0 579622822
1790427969613 0 93 0 587511846 568525564 0 0 0 0 0 0 309509260 4405607 195268608 135168 0 0 0 2592 0 580372493
1790427970636 0 31 0 587511885 568525665 0 0 0 0 0 0 309509260 4414578 232009728 126976 0 0 0 2592 0 580809954
1790427971660 0 33 0 587511887 568525665 0 0 0 0 0 0 309509260 4423605 268992512 135168 0 0 0 2592 0 581557976
1790427972679 0 35 0 587511889 568525665 0 0 0 0 0 0 309509260 4428621 290295808 143360 0 0 0 2592 0 581656435
1790427973699 0 35 0 587511889 568525665 0 0 0 0 0 0 309509260 4428621 290295808 143360 0 0 0 2592 0 581656435
1790427974718 0 35 0 587511889 568525665 0 0 0 0 0 0 309509260 4428621 290295808 143360 0 0 0 2592 0 581656435
1790427975746 0 38 0 587511892 568525665 0 0 0 0 0 0 309509260 4428621 290295808 147456 0 0 0 2592 0 581656452
1790427976765 0 38 0 587511892 568525665 0 0 0 0 0 0 309509260 4428621 290295808 147456 0 0 0 2592 0 581656452
1790427977786 0 38 0 587511892 568525665 0 0 0 0 0 0 309509260 4428621 290295808 147456 0 0 0 2592 0 581656452
1790427978805 0 38 0 587511892 568525665 0 0 0 0 0 0 309509260 4428621 290295808 147456 0 0 0 2592 0 581656452
1790427979827 0 38 0 587511892 568525665 0 0 0 0 0 0 309509260 4428621 290295808 147456 0 0 0 2592 0 581659352
1790427980851 0 35 0 587511893 568525669 0 0 0 0 0 0 309509260 4428621 290295808 143360 0 0 0 2592 0 581659352
1790427981874 0 35 0 587511893 568525669 0 0 0 0 0 0 309509260 4428621 290295808 143360 0 0 0 2592 0 581659352
1790427982897 0 35 0 587511893 568525669 0 0 0 0 0 0 309509260 4428621 290295808 143360 0 0 0 2592 0 581659352
1790427983921 0 35 0 587511893 568525669 0 0 0 0 0 0 309509260 4428621 290295808 143360 0 0 0 2592 0 581659352
1790427984945 0 37 0 587511895 568525669 0 0 0 0 0 0 309509260 4428621 290295808 143360 0 0 0 2592 0 581659352
1790427985969 0 37 0 587511895 568525669 0 0 0 0 0 0 309509260 4428621 290295808 143360 0 0 0 2592 0 581659352
1790427986990 0 238251 0 587752984 568528501 0 0 0 0 0 0 309509260 4428621 964079616 952102912 0 0 0 2592 0 581669542
1790427988014 0 115649 6059 587780027 568672125 0 0 0 0 0 0 309509260 4428623 1098522624 504279040 6352896 0 0 2592 0 581672336
1790427989060 0 41 0 587780215 568793953 0 0 0 0 0 0 309509260 4428698 26161152 114688 0 0 0 2592 0 581677189
1790427990104 0 93 0 587780267 568793953 0 0 0 0 0 0 309509260 4428862 979042304 135168 0 0 0 2592 0 582087773
1790427991125 0 95 0 587780269 568793953 0 0 0 0 0 0 309509260 4428870 1094279168 143360 0 0 0 2592 0 582091633
1790427992144 0 95 0 587780269 568793953 0 0 0 0 0 0 309509260 4428870 1094279168 143360 0 0 0 2592 0 582091633
1790427993163 0 95 0 587780269 568793953 0 0 0 0 0 0 309509260 4428870 1094279168 143360 0 0 0 2592 0 582091633
1790427994182 0 44 0 587780278 568794013 0 0 0 0 0 0 309509260 4428870 1094279168 147456 0 0 0 2592 0 582091633
1790427995202 0 44 0 587780278 568794013 0 0 0 0 0 0 309509260 4428870 1094279168 147456 0 0 0 2592 0 582091633
1790427996221 0 44 0 587780278 568794013 0 0 0 0 0 0 309509260 4428870 1094279168 147456 0 0 0 2592 0 582091633
1790427997240 0 44 0 587780278 568794013 0 0 0 0 0 0 309509260 4428870 1094279168 147456 0 0 0 2592 0 582091633
1790427998259 0 44 0 587780278 568794013 0 0 0 0 0 0 309509260 4428870 1094279168 147456 0 0 0 2592 0 582091633
1790427999279 0 44 0 587780278 568794013 0 0 0 0 0 0 309509260 4428870 1094279168 147456 0 0 0 2592 0 582091633
1790428000299 0 44 0 587780278 568794013 0 0 0 0 0 0 309509260 4428870 1094279168 147456 0 0 0 2592 0 582091633
1790428001320 0 45 0 587780279 568794013 0 0 0 0 0 0 309509260 4428870 1094283264 151552 0 0 0 2592 0 582091633
1790428002341 0 45 0 587780279 568794013 0 0 0 0 0 0 309509260 4428870 1094283264 151552 0 0 0 2592 0 582091633
1790428003361 0 45 0 587780279 568794013 0 0 0 0 0 0 309509260 4428870 1094283264 151552 0 0 0 2592 0 582091633
1790428004381 0 45 0 587780279 568794013 0 0 0 0 0 0 309509260 4428870 1094283264 147456 0 0 0 2592 0 582091633
1790428005401 0 36 0 587780279 568794022 0 0 0 0 0 0 309509260 4428870 1094283264 147456 0 0 0 2592 0 582091633
1790428006421 0 37 0 587780280 568794022 0 0 0 0 0 0 309509260 4428870 1094283264 147456 0 0 0 2592 0 582091633
1790428007440 0 37 0 587780280 568794022 0 0 0 0 0 0 309509260 4428870 1094283264 147456 0 0 0 2592 0 582091633
1790428008460 0 37 0 587780280 568794022 0 0 0 0 0 0 309509260 4428870 1094283264 147456 0 0 0 2592 0 582091633
1790428009481 0 37 0 587780280 568794022 0 0 0 0 0 0 309509260 4428870 1094283264 147456 0 0 0 2592 0 582091633
1790428010501 0 37 0 587780280 568794022 0 0 0 0 0 0 309509260 4428870 1094283264 147456 0 0 0 2592 0 582091633
1790428011521 0 36 0 587780282 568794025 0 0 0 0 0 0 309509260 4428870 1094283264 147456 0 0 0 2592 0 582091633
1790428012543 0 36 0 587780282 568794025 0 0 0 0 0 0 309509260 4428870 1094283264 147456 0 0 0 2592 0 582091633
1790428013567 0 36 0 587780282 568794025 0 0 0 0 0 0 309509260 4428870 1094283264 147456 0 0 0 2592 0 582091633
1790428014591 0 36 0 587780282 568794025 0 0 0 0 0 0 309509260 4428870 1094283264 147456 0 0 0 2592 0 582091633
1790428015616 0 36 0 587780282 568794025 0 0 0 0 0 0 309509260 4428870 1094283264 147456 0 0 0 2592 0 582091633
1790428016640 0 36 0 587780282 568794025 0 0 0 0 0 0 309509260 4428870 1094283264 147456 0 0 0 2592 0 582091633
1790428017664 0 39 0 587780285 568794025 0 0 0 0 0 0 309509260 4428870 1094283264 151552 0 0 0 2592 0 582091633
1790428018688 0 39 0 587780285 568794025 0 0 0 0 0 0 309509260 4428870 1094283264 151552 0 0 0 2592 0 582091633
1790428019713 0 39 0 587780285 568794025 0 0 0 0 0 0 309509260 4428922 466755584 0 0 0 0 2592 0 582095237
1790428020746 0 94 0 587780384 568794069 0 0 0 0 0 0 309509260 4431006 682299392 135168 0 0 0 2592 0 582497065
1790428021770 0 96 0 587780386 568794069 0 0 0 0 0 0 309509260 4431449 1092206592 143360 0 0 0 2592 0 582530573
1790428022791 0 96 0 587780386 568794069 0 0 0 0 0 0 309509260 4431449 1092206592 143360 0 0 0 2592 0 582530575
1790428023812 0 96 0 587780386 568794069 0 0 0 0 0 0 309509260 4431449 1092206592 143360 0 0 0 2592 0 582530575
1790428024833 0 96 0 587780386 568794069 0 0 0 0 0 0 309509260 4431449 1092206592 147456 0 0 0 2592 0 582530575
1790428025854 0 43 0 587780394 568794130 0 0 0 0 0 0 309509260 4431465 1094373376 147456 0 0 0 2592 0 582530670
1790428026875 0 43 0 587780394 568794130 0 0 0 0 0 0 309509260 4431465 1094373376 147456 0 0 0 2592 0 582530670
1790428027896 0 43 0 587780394 568794130 0 0 0 0 0 0 309509260 4431465 1094373376 147456 0 0 0 2592 0 582530670
1790428028919 0 44 0 587780395 568794130 0 0 0 0 0 0 309509260 4431465 1094377472 151552 0 0 0 2592 0 582530670
1790428029943 0 40 0 587780399 568794138 0 0 0 0 0 0 309509260 4431465 1094377472 151552 0 0 0 2592 0 582535183
1790428030968 0 40 0 587780399 568794138 0 0 0 0 0 0 309509260 4431465 1094377472 151552 0 0 0 2592 0 582535183
1790428031993 0 40 0 587780399 568794138 0 0 0 0 0 0 309509260 4431465 1094377472 151552 0 0 0 2592 0 582535183
1790428033017 0 40 0 587780399 568794138 0 0 0 0 0 0 309509260 4431465 1094377472 151552 0 0 0 2592 0 582535183
1790428034042 0 40 0 587780399 568794138 0 0 0 0 0 0 309509260 4431465 1094377472 151552 0 0 0 2592 0 582535183
1790428035066 0 36 0 587780399 568794142 0 0 0 0 0 0 309509260 4431465 1094377472 147456 0 0 0 2592 0 582535854
1790428036088 0 272258 0 588055585 568797025 0 0 0 0 0 0 309509260 4431465 1101684736 1090490368 0 0 0 2592 0 582556050
1790428037111 0 452863 3050 588310781 568868658 0 0 0 0 0 0 309509260 4431467 2171682816 1875791872 8388608 0 0 2592 0 582556306
1790428038134 0 283329 3052 588310781 569038190 0 0 0 0 0 0 309509260 4431467 2171682816 1173225472 8163328 0 0 2592 0 582556306
1790428039164 0 89006 2048 588310782 569233491 0 0 0 0 0 0 309509260 4431467 2171686912 393924608 4251648 0 0 2592 0 582556306
1790428040199 0 58 0 588311062 569324767 0 0 0 0 0 0 309509260 4431563 274444288 131072 0 0 0 2592 0 582594161
1790428041223 0 93 0 588311097 569324767 0 0 0 0 0 0 309509260 4431704 1883734016 135168 0 0 0 2592 0 582901017
1790428042242 0 95 0 588311099 569324767 0 0 0 0 0 0 309509260 4431717 2166964224 143360 0 0 0 2592 0 582912211
1790428043262 0 95 0 588311099 569324767 0 0 0 0 0 0 309509260 4431717 2166964224 143360 0 0 0 2592 0 582912211
1790428044281 0 95 0 588311099 569324767 0 0 0 0 0 0 309509260 4431717 2166964224 143360 0 0 0 2592 0 582912211
1790428045300 0 44 0 588311108 569324827 0 0 0 0 0 0 309509260 4431717 2166964224 147456 0 0 0 2592 0 582912211
1790428046319 0 44 0 588311108 569324827 0 0 0 0 0 0 309509260 4431717 2166964224 147456 0 0 0 2592 0 582912211
1790428047338 0 44 0 588311108 569324827 0 0 0 0 0 0 309509260 4431717 2166964224 147456 0 0 0 2592 0 582912211
1790428048358 0 44 0 588311108 569324827 0 0 0 0 0 0 309509260 4431717 2166964224 147456 0 0 0 2592 0 582912211
1790428049377 0 44 0 588311108 569324827 0 0 0 0 0 0 309509260 4431717 2166964224 147456 0 0 0 2592 0 582912211
1790428050398 0 44 0 588311108 569324827 0 0 0 0 0 0 309509260 4431717 2166964224 147456 0 0 0 2592 0 582912211
1790428051419 0 44 0 588311108 569324827 0 0 0 0 0 0 309509260 4431717 2166964224 147456 0 0 0 2592 0 582912211
1790428052440 0 44 0 588311108 569324827 0 0 0 0 0 0 309509260 4431717 2166964224 147456 0 0 0 2592 0 582912211
1790428053461 0 44 0 588311108 569324827 0 0 0 0 0 0 309509260 4431717 2166964224 147456 0 0 0 2592 0 582912211
1790428054482 0 44 0 588311108 569324827 0 0 0 0 0 0 309509260 4431717 2166964224 147456 0 0 0 2592 0 582912211
1790428055503 0 44 0 588311108 569324827 0 0 0 0 0 0 309509260 4431717 2166964224 143360 0 0 0 2592 0 582912211
1790428056524 0 35 0 588311108 569324836 0 0 0 0 0 0 309509260 4431717 2166964224 143360 0 0 0 2592 0 582912211
1790428057544 0 38 0 588311111 569324836 0 0 0 0 0 0 309509260 4431717 2166964224 147456 0 0 0 2592 0 582912211
1790428058564 0 38 0 588311111 569324836 0 0 0 0 0 0 309509260 4431717 2166964224 147456 0 0 0 2592 0 582912211
1790428059584 0 38 0 588311111 569324836 0 0 0 0 0 0 309509260 4431717 2166964224 147456 0 0 0 2592 0 582912211
1790428060603 0 38 0 588311111 569324836 0 0 0 0 0 0 309509260 4431717 2166964224 147456 0 0 0 2592 0 582912211
1790428061623 0 38 0 588311111 569324836 0 0 0 0 0 0 309509260 4431717 2166964224 147456 0 0 0 2592 0 582912211
1790428062643 0 35 0 588311111 569324839 0 0 0 0 0 0 309509260 4431717 2166964224 143360 0 0 0 2592 0 582912211
1790428063665 0 36 0 588311112 569324839 0 0 0 0 0 0 309509260 4431717 2166964224 143360 0 0 0 2592 0 582912211
1790428064690 0 36 0 588311112 569324839 0 0 0 0 0 0 309509260 4431717 2166964224 143360 0 0 0 2592 0 582912211
1790428065716 0 36 0 588311112 569324839 0 0 0 0 0 0 309509260 4431717 2166964224 143360 0 0 0 2592 0 582912211
1790428066741 0 36 0 588311112 569324839 0 0 0 0 0 0 309509260 4431717 2166964224 143360 0 0 0 2592 0 582912211
1790428067766 0 36 0 588311112 569324839 0 0 0 0 0 0 309509260 4431717 2166964224 143360 0 0 0 2592 0 582912211
1790428068792 0 35 0 588311112 569324840 0 0 0 0 0 0 309509260 4431717 2166964224 143360 0 0 0 2592 0 582912211
1790428069817 0 38 0 588311115 569324840 0 0 0 0 0 0 309509260 4431717 2166964224 147456 0 0 0 2592 0 582912211
1790428070855 0 73 0 588311150 569324840 0 0 0 0 0 0 309509260 4432314 155811840 131072 0 0 0 2592 0 582934315
1790428071882 0 93 0 588311211 569324881 0 0 0 0 0 0 309509260 4433999 1589268480 135168 0 0 0 2592 0 583446065
1790428072902 0 95 0 588311213 569324881 0 0 0 0 0 0 309509260 4434284 2164555776 143360 0 0 0 2592 0 583474276
1790428073923 0 95 0 588311213 569324881 0 0 0 0 0 0 309509260 4434284 2164555776 143360 0 0 0 2592 0 583474280
1790428074945 0 95 0 588311213 569324881 0 0 0 0 0 0 309509260 4434284 2164555776 143360 0 0 0 2592 0 583474280
1790428075966 0 43 0 588311221 569324941 0 0 0 0 0 0 309509260 4434284 2164559872 151552 0 0 0 2592 0 583474282
1790428076988 0 43 0 588311221 569324941 0 0 0 0 0 0 309509260 4434284 2164559872 151552 0 0 0 2592 0 583474283
1790428078010 0 43 0 588311221 569324941 0 0 0 0 0 0 309509260 4434284 2164559872 151552 0 0 0 2592 0 583474283
1790428079032 0 43 0 588311221 569324941 0 0 0 0 0 0 309509260 4434284 2164559872 151552 0 0 0 2592 0 583474283
1790428080056 0 43 0 588311221 569324941 0 0 0 0 0 0 309509260 4434284 2164559872 151552 0 0 0 2592 0 583474283
1790428081082 0 43 0 588311232 569324952 0 0 0 0 0 0 309509260 4434284 2164559872 65536 0 0 0 2592 0 583480034
1790428082108 0 25 0 588311250 569324988 0 0 0 0 0 0 309509260 4434284 2164559872 135168 0 0 0 2592 0 583480034
1790428083134 0 33 0 588311258 569324988 0 0 0 0 0 0 309509260 4434284 2164559872 135168 0 0 0 2592 0 583480034
1790428084160 0 33 0 588311258 569324988 0 0 0 0 0 0 309509260 4434284 2164559872 135168 0 0 0 2592 0 583480034
1790428085186 0 33 0 588311258 569324988 0 0 0 0 0 0 309509260 4434284 2164559872 135168 0 0 0 2592 0 583480034
1790428086212 0 0 0 588311261 569325031 0 0 0 0 0 0 309509260 4434312 2167283712 65536 0 0 0 2592 0 583495919
