1790427482778 0 0 0 586366593 567382558 0 0 0 0 0 0 309509260 4289839 - - - - - - - -
1790427483822 0 147 0 586438204 567454022 0 0 0 0 0 0 309509260 4289947 289042432 131072 0 0 0 2592 0 573470507
1790427484842 0 92 0 586438205 567454078 0 0 0 0 0 0 309509260 4289965 292634624 143360 0 0 0 2592 0 573471064
1790427485860 0 94 0 586438207 567454078 0 0 0 0 0 0 309509260 4289965 292634624 143360 0 0 0 2592 0 573471064
1790427486879 0 94 0 586438207 567454078 0 0 0 0 0 0 309509260 4289965 292634624 143360 0 0 0 2592 0 573471064
1790427487897 0 94 0 586438207 567454078 0 0 0 0 0 0 309509260 4289965 292634624 143360 0 0 0 2592 0 573471064
1790427488916 0 46 0 586438215 567454134 0 0 0 0 0 0 309509260 4289965 292634624 143360 0 0 0 2592 0 573471064
1790427489934 0 43 0 586438215 567454137 0 0 0 0 0 0 309509260 4289965 292634624 143360 0 0 0 2592 0 573471064
1790427490953 0 43 0 586438215 567454137 0 0 0 0 0 0 309509260 4289965 292634624 143360 0 0 0 2592 0 573471064
1790427491972 0 43 0 586438215 567454137 0 0 0 0 0 0 309509260 4289965 292634624 143360 0 0 0 2592 0 573471064
1790427492990 0 43 0 586438215 567454137 0 0 0 0 0 0 309509260 4289965 292634624 143360 0 0 0 2592 0 573471064
1790427494009 0 43 0 586438215 567454137 0 0 0 0 0 0 309509260 4289965 292634624 143360 0 0 0 2592 0 573471064
1790427495028 0 43 0 586438215 567454137 0 0 0 0 0 0 309509260 4289965 292634624 143360 0 0 0 2592 0 573471064
1790427496047 0 43 0 586438215 567454137 0 0 0 0 0 0 309509260 4289965 292634624 143360 0 0 0 2592 0 573471064
1790427497066 0 43 0 586438215 567454137 0 0 0 0 0 0 309509260 4289965 292634624 143360 0 0 0 2592 0 573471064
1790427498085 0 43 0 586438215 567454137 0 0 0 0 0 0 309509260 4289965 292634624 143360 0 0 0 2592 0 573471064
1790427499104 0 43 0 586438215 567454137 0 0 0 0 0 0 309509260 4289965 292634624 143360 0 0 0 2592 0 573471064
1790427500123 0 43 0 586438215 567454137 0 0 0 0 0 0 309509260 4289965 292634624 143360 0 0 0 2592 0 573471064
1790427501143 0 43 0 586438215 567454137 0 0 0 0 0 0 309509260 4289965 292634624 143360 0 0 0 2592 0 573471064
1790427502162 0 43 0 586438215 567454137 0 0 0 0 0 0 309509260 4289965 292634624 143360 0 0 0 2592 0 573471064
1790427503182 0 43 0 586438215 567454137 0 0 0 0 0 0 309509260 4289965 292634624 143360 0 0 0 2592 0 573471064
1790427504202 0 43 0 586438215 567454137 0 0 0 0 0 0 309509260 4289965 292634624 143360 0 0 0 2592 0 573471064
1790427505221 0 43 0 586438215 567454137 0 0 0 0 0 0 309509260 4289965 292634624 143360 0 0 0 2592 0 573471064
1790427506241 0 43 0 586438215 567454137 0 0 0 0 0 0 309509260 4289965 292634624 143360 0 0 0 2592 0 573471064
1790427507262 0 43 0 586438215 567454137 0 0 0 0 0 0 309509260 4289965 292634624 143360 0 0 0 2592 0 573471064
1790427508285 0 43 0 586438215 567454137 0 0 0 0 0 0 309509260 4289965 292634624 143360 0 0 0 2592 0 573471064
1790427509308 0 43 0 586438215 567454137 0 0 0 0 0 0 309509260 4289965 292634624 143360 0 0 0 2592 0 573471064
1790427510331 0 43 0 586438215 567454137 0 0 0 0 0 0 309509260 4289965 292634624 143360 0 0 0 2592 0 573471064
1790427511354 0 43 0 586438215 567454137 0 0 0 0 0 0 309509260 4289965 292634624 143360 0 0 0 2592 0 573471064
1790427512377 0 43 0 586438215 567454137 0 0 0 0 0 0 309509260 4289965 292634624 143360 0 0 0 2592 0 573471064
1790427513400 0 43 0 586438215 567454137 0 0 0 0 0 0 309509260 4289965 292634624 143360 0 0 0 2592 0 573471064
1790427514446 0 94 0 586438311 567454182 0 0 0 0 0 0 309509260 4290047 287264768 139264 0 0 0 2592 0 573475293
1790427515472 0 95 0 586438312 567454182 0 0 0 0 0 0 309509260 4290048 289017856 143360 0 0 0 2592 0 573475335
1790427516492 0 95 0 586438312 567454182 0 0 0 0 0 0 309509260 4290048 289017856 143360 0 0 0 2592 0 573475336
1790427517513 0 95 0 586438312 567454182 0 0 0 0 0 0 309509260 4290048 289017856 143360 0 0 0 2592 0 573475336
1790427518533 0 95 0 586438312 567454182 0 0 0 0 0 0 309509260 4290048 289017856 143360 0 0 0 2592 0 573475336
1790427519554 0 45 6 586438319 567454233 0 0 0 0 0 0 309509260 4290048 289017856 65536 0 0 0 2592 0 573491608
1790427520574 0 25 0 586438360 567454300 0 0 0 0 0 0 309509260 4290048 289017856 135168 0 0 0 2592 0 573491611
1790427521596 0 34 0 586438369 567454300 0 0 0 0 0 0 309509260 4290048 289021952 147456 0 0 0 2592 0 573491611
1790427522620 0 36 0 586438371 567454300 0 0 0 0 0 0 309509260 4290048 289021952 147456 0 0 0 2592 0 573491611
1790427523643 0 36 0 586438371 567454300 0 0 0 0 0 0 309509260 4290048 289021952 147456 0 0 0 2592 0 573491611
1790427524667 0 0 1 586438375 567454410 0 0 0 0 0 0 309509260 4290048 289021952 65536 0 0 0 2592 0 573505674
1790427525691 0 0 0 586439138 567455087 0 0 0 0 0 0 309509260 4290307 289021952 65536 0 0 0 2592 0 573507699
1790427526718 0 113 3 586439744 567455626 0 0 0 0 0 0 309509260 4290970 289021952 131072 0 0 0 2592 0 573508358
1790427527742 0 165 0 586439814 567455611 0 0 0 0 0 0 309509260 4290970 289021952 135168 0 0 0 2592 0 573508359
1790427528764 0 239149 0 586681704 567458445 0 0 0 0 0 0 309509260 4290970 962318336 953790464 0 0 0 2592 0 573516348
1790427529800 0 71798 3362 586707960 567649085 0 0 0 0 0 0 309509260 4290971 1095012352 353144832 8511488 0 0 2592 0 573518362
1790427530839 0 83 0 586708121 567723967 0 0 0 0 0 0 309509260 4291026 1092517888 139264 0 0 0 2592 0 573525894
1790427531864 0 95 0 586708156 567723991 0 0 0 0 0 0 309509260 4291027 1094279168 143360 0 0 0 2592 0 573525923
1790427532883 0 95 0 586708156 567723991 0 0 0 0 0 0 309509260 4291027 1094279168 143360 0 0 0 2592 0 573525923
1790427533902 0 95 0 586708156 567723991 0 0 0 0 0 0 309509260 4291027 1094279168 143360 0 0 0 2592 0 573525923
1790427534922 0 95 0 586708156 567723991 0 0 0 0 0 0 309509260 4291027 1094279168 143360 0 0 0 2592 0 573525923
1790427535940 0 95 0 586708156 567723991 0 0 0 0 0 0 309509260 4291027 1094279168 143360 0 0 0 2592 0 573525923
1790427536959 0 42 0 586708163 567724051 0 0 0 0 0 0 309509260 4291027 1094279168 143360 0 0 0 2592 0 573525923
1790427537978 0 42 0 586708163 567724051 0 0 0 0 0 0 309509260 4291027 1094279168 143360 0 0 0 2592 0 573525923
1790427538998 0 42 0 586708163 567724051 0 0 0 0 0 0 309509260 4291027 1094279168 143360 0 0 0 2592 0 573525923
1790427540019 0 42 0 586708163 567724051 0 0 0 0 0 0 309509260 4291027 1094279168 143360 0 0 0 2592 0 573525923
1790427541040 0 42 0 586708163 567724051 0 0 0 0 0 0 309509260 4291027 1094279168 143360 0 0 0 2592 0 573525923
1790427542060 0 44 0 586708165 567724051 0 0 0 0 0 0 309509260 4291027 1094279168 143360 0 0 0 2592 0 573525923
1790427543081 0 44 0 586708165 567724051 0 0 0 0 0 0 309509260 4291027 1094279168 143360 0 0 0 2592 0 573525923
1790427544101 0 44 0 586708165 567724051 0 0 0 0 0 0 309509260 4291027 1094279168 143360 0 0 0 2592 0 573525923
1790427545121 0 44 0 586708165 567724051 0 0 0 0 0 0 309509260 4291043 1096454144 143360 0 0 0 2592 0 573526093
1790427546141 0 44 0 586708165 567724051 0 0 0 0 0 0 309509260 4291043 1096454144 143360 0 0 0 2592 0 573526093
1790427547161 0 44 0 586708165 567724051 0 0 0 0 0 0 309509260 4291043 1096454144 143360 0 0 0 2592 0 573526093
1790427548181 0 44 0 586708165 567724051 0 0 0 0 0 0 309509260 4291043 1096454144 143360 0 0 0 2592 0 573526093
1790427549200 0 44 0 586708165 567724051 0 0 0 0 0 0 309509260 4291043 1096454144 143360 0 0 0 2592 0 573526093
1790427550220 0 44 0 586708165 567724051 0 0 0 0 0 0 309509260 4291043 1096454144 143360 0 0 0 2592 0 573526093
1790427551240 0 44 0 586708165 567724051 0 0 0 0 0 0 309509260 4291043 1096454144 143360 0 0 0 2592 0 573526093
1790427552260 0 44 0 586708165 567724051 0 0 0 0 0 0 309509260 4291043 1096454144 143360 0 0 0 2592 0 573526093
1790427553282 0 44 0 586708165 567724051 0 0 0 0 0 0 309509260 4291043 1096454144 143360 0 0 0 2592 0 573526093
1790427554306 0 44 0 586708165 567724051 0 0 0 0 0 0 309509260 4291043 1096454144 143360 0 0 0 2592 0 573526093
1790427555331 0 44 0 586708165 567724051 0 0 0 0 0 0 309509260 4291043 1096454144 143360 0 0 0 2592 0 573526093
1790427556355 0 44 0 586708165 567724051 0 0 0 0 0 0 309509260 4291043 1096454144 143360 0 0 0 2592 0 573526093
1790427557379 0 44 0 586708165 567724051 0 0 0 0 0 0 309509260 4291043 1096454144 143360 0 0 0 2592 0 573526093
1790427558403 0 45 0 586708166 567724051 0 0 0 0 0 0 309509260 4291043 1096458240 147456 0 0 0 2592 0 573526093
1790427559427 0 45 0 586708166 567724051 0 0 0 0 0 0 309509260 4291043 1096458240 147456 0 0 0 2592 0 573526093
1790427560523 0 36 0 586708202 567724096 0 0 0 0 0 0 309509260 4291127 379150336 131072 0 0 0 2592 0 573549882
1790427561575 0 95 0 586708265 567724100 0 0 0 0 0 0 309509260 4291128 1094324224 143360 0 0 0 2592 0 573569363
1790427562597 0 95 0 586708265 567724100 0 0 0 0 0 0 309509260 4291128 1094324224 143360 0 0 0 2592 0 573569364
1790427563618 0 95 0 586708265 567724100 0 0 0 0 0 0 309509260 4291128 1094324224 143360 0 0 0 2592 0 573569364
1790427564640 0 95 0 586708265 567724100 0 0 0 0 0 0 309509260 4291128 1094324224 143360 0 0 0 2592 0 573569364
1790427565661 0 102 0 586708272 567724100 0 0 0 0 0 0 309509260 4291128 1094324224 143360 0 0 0 2592 0 573571570
1790427566683 0 42 0 586708272 567724160 0 0 0 0 0 0 309509260 4291128 1094324224 143360 0 0 0 2592 0 573571572
1790427567704 0 42 0 586708272 567724160 0 0 0 0 0 0 309509260 4291128 1094324224 143360 0 0 0 2592 0 573571572
1790427568728 0 43 0 586708273 567724160 0 0 0 0 0 0 309509260 4291128 1094328320 147456 0 0 0 2592 0 573571572
1790427569752 0 43 0 586708273 567724160 0 0 0 0 0 0 309509260 4291128 1094328320 147456 0 0 0 2592 0 573571572
1790427570777 0 45 0 586708275 567724160 0 0 0 0 0 0 309509260 4291128 1094328320 65536 0 0 0 2592 0 573584932
1790427571802 0 28 0 586708305 567724207 0 0 0 0 0 0 309509260 4291128 1094328320 135168 0 0 0 2592 0 573584932
1790427572827 0 42 0 586708319 567724207 0 0 0 0 0 0 309509260 4291128 1094328320 135168 0 0 0 2592 0 573584932
1790427573852 0 42 0 586708319 567724207 0 0 0 0 0 0 309509260 4291128 1094328320 135168 0 0 0 2592 0 573584932
1790427574875 0 42 0 586708319 567724207 0 0 0 0 0 0 309509260 4291128 1094328320 135168 0 0 0 2592 0 573584932
1790427575895 0 330816 0 587041937 567727039 0 0 0 0 0 0 309509260 4291128 1339330560 1330188288 0 0 0 2592 0 573613893
1790427576928 0 398185 10557 587238668 567845824 0 0 0 0 0 0 309509260 4291130 2169638912 1674620928 24752128 0 0 2592 0 573614547
1790427577958 0 203904 6062 587238669 568044628 0 0 0 0 0 0 309509260 4291130 2169638912 835190784 49979392 0 0 2592 0 573614547
1790427578987 0 0 0 587238883 568254781 0 0 0 0 0 0 309509260 4291167 2170630144 0 0 0 0 2592 0 573620819
1790427580038 0 96 0 587238979 568254781 0 0 0 0 0 0 309509260 4291219 2150653952 135168 0 0 0 2592 0 573643943
1790427581061 0 96 0 587238979 568254781 0 0 0 0 0 0 309509260 4291220 2167967744 143360 0 0 0 2592 0 573643988
1790427582081 0 96 0 587238979 568254781 0 0 0 0 0 0 309509260 4291220 2167967744 143360 0 0 0 2592 0 573643988
1790427583100 0 96 0 587238979 568254781 0 0 0 0 0 0 309509260 4291220 2167971840 143360 0 0 0 2592 0 573644265
1790427584119 0 42 1 587238986 568254841 0 0 0 0 0 0 309509260 4291220 2167971840 143360 0 0 0 2592 0 573644265
1790427585138 0 42 0 587238986 568254842 0 0 0 0 0 0 309509260 4291220 2167971840 143360 0 0 0 2592 0 573644265
1790427586157 0 44 0 587238990 568254844 0 0 0 0 0 0 309509260 4291220 2167971840 143360 0 0 0 2592 0 573644265
1790427587176 0 44 0 587238990 568254844 0 0 0 0 0 0 309509260 4291220 2167971840 143360 0 0 0 2592 0 573644265
1790427588196 0 44 0 587238990 568254844 0 0 0 0 0 0 309509260 4291220 2167971840 143360 0 0 0 2592 0 573644265
1790427589217 0 44 0 587238990 568254844 0 0 0 0 0 0 309509260 4291220 2167971840 143360 0 0 0 2592 0 573644265
1790427590238 0 44 0 587238990 568254844 0 0 0 0 0 0 309509260 4291220 2167971840 143360 0 0 0 2592 0 573644265
1790427591259 0 44 0 587238990 568254844 0 0 0 0 0 0 309509260 4291220 2167971840 143360 0 0 0 2592 0 573644265
1790427592280 0 44 0 587238990 568254844 0 0 0 0 0 0 309509260 4291220 2167971840 143360 0 0 0 2592 0 573644265
1790427593302 0 44 0 587238990 568254844 0 0 0 0 0 0 309509260 4291220 2167971840 143360 0 0 0 2592 0 573644265
1790427594322 0 44 0 587238990 568254844 0 0 0 0 0 0 309509260 4291220 2167971840 143360 0 0 0 2592 0 573644265
1790427595341 0 45 0 587238991 568254844 0 0 0 0 0 0 309509260 4291220 2167975936 147456 0 0 0 2592 0 573644265
1790427596361 0 45 0 587238991 568254844 0 0 0 0 0 0 309509260 4291220 2167975936 147456 0 0 0 2592 0 573644265
1790427597380 0 45 0 587238991 568254844 0 0 0 0 0 0 309509260 4291220 2167975936 147456 0 0 0 2592 0 573644265
1790427598400 0 45 0 587238991 568254844 0 0 0 0 0 0 309509260 4291220 2167975936 147456 0 0 0 2592 0 573644265
1790427599420 0 45 0 587238991 568254844 0 0 0 0 0 0 309509260 4291220 2167975936 147456 0 0 0 2592 0 573644265
1790427600439 0 45 0 587238991 568254844 0 0 0 0 0 0 309509260 4291220 2167975936 147456 0 0 0 2592 0 573644265
1790427601459 0 45 0 587238991 568254844 0 0 0 0 0 0 309509260 4291220 2167975936 147456 0 0 0 2592 0 573644265
1790427602482 0 45 0 587238991 568254844 0 0 0 0 0 0 309509260 4291220 2167975936 147456 0 0 0 2592 0 573644265
1790427603507 0 45 0 587238991 568254844 0 0 0 0 0 0 309509260 4291220 2167975936 147456 0 0 0 2592 0 573644265
1790427604532 0 45 0 587238991 568254844 0 0 0 0 0 0 309509260 4291247 2171269120 147456 0 0 0 2592 0 573644399
1790427605558 0 45 0 587238991 568254844 0 0 0 0 0 0 309509260 4291247 2171269120 147456 0 0 0 2592 0 573644399
1790427606583 0 45 0 587238991 568254844 0 0 0 0 0 0 309509260 4291247 2171269120 147456 0 0 0 2592 0 573644399
1790427607608 0 45 0 587238991 568254844 0 0 0 0 0 0 309509260 4291247 2171269120 147456 0 0 0 2592 0 573644399
1790427608634 0 45 0 587238991 568254844 0 0 0 0 0 0 309509260 4291247 2171269120 147456 0 0 0 2592 0 573644399
1790427609737 0 6 1 587238999 568254890 0 0 0 0 0 0 309509260 4291326 952836096 131072 0 0 0 2592 0 573677364
1790427610800 0 97 0 587239092 568254893 0 0 0 0 0 0 309509260 4291327 2168037376 143360 0 0 0 2592 0 573695572
1790427611822 0 97 0 587239092 568254893 0 0 0 0 0 0 309509260 4291327 2168037376 143360 0 0 0 2592 0 573695572
1790427612844 0 97 0 587239092 568254893 0 0 0 0 0 0 309509260 4291327 2168037376 143360 0 0 0 2592 0 573695572
1790427613866 0 97 0 587239092 568254893 0 0 0 0 0 0 309509260 4291327 2168037376 143360 0 0 0 2592 0 573695572
1790427614888 0 43 0 587239097 568254952 0 0 0 0 0 0 309509260 4291327 2168037376 143360 0 0 0 2592 0 573695572
1790427615910 0 43 0 587239097 568254952 0 0 0 0 0 0 309509260 4291327 2168037376 143360 0 0 0 2592 0 573695572
1790427616932 0 43 0 587239097 568254952 0 0 0 0 0 0 309509260 4291327 2168037376 143360 0 0 0 2592 0 573695572
1790427617957 0 43 0 587239097 568254952 0 0 0 0 0 0 309509260 4291327 2168037376 143360 0 0 0 2592 0 573695572
1790427618983 0 43 0 587239097 568254952 0 0 0 0 0 0 309509260 4291327 2168037376 143360 0 0 0 2592 0 573695572
1790427620008 0 16 0 587239135 568255017 0 0 0 0 0 0 309509260 4291327 2168037376 65536 0 0 0 2592 0 573709026
1790427621034 0 35 0 587239154 568255017 0 0 0 0 0 0 309509260 4291327 2168037376 135168 0 0 0 2592 0 573709026
1790427622060 0 35 0 587239154 568255017 0 0 0 0 0 0 309509260 4291327 2168037376 135168 0 0 0 2592 0 573709026
1790427623085 0 35 0 587239154 568255017 0 0 0 0 0 0 309509260 4291327 2168037376 135168 0 0 0 2592 0 573709026
1790427624111 0 35 0 587239154 568255017 0 0 0 0 0 0 309509260 4291327 2168037376 135168 0 0 0 2592 0 573709026
