1790426609189 0 0 0 583406256 564452619 0 0 0 0 0 0 309509260 3999064 - - - - - - - -
1790426610242 0 91 0 583477865 564524137 0 0 0 0 0 0 309509260 4003943 38756352 122880 0 0 0 2592 0 551547742
1790426611266 0 94 0 583477868 564524137 0 0 0 0 0 0 309509260 4013405 78024704 135168 0 0 0 2592 0 552172803
1790426612289 0 94 0 583477868 564524137 0 0 0 0 0 0 309509260 4022701 116121600 135168 0 0 0 2592 0 552911105
1790426613312 0 94 0 583477868 564524137 0 0 0 0 0 0 309509260 4032097 154550272 135168 0 0 0 2592 0 553617084
1790426614335 0 94 0 583477868 564524137 0 0 0 0 0 0 309509260 4041579 193458176 135168 0 0 0 2592 0 554050405
1790426615358 0 40 0 583477875 564524198 0 0 0 0 0 0 309509260 4050879 231497728 139264 0 0 0 2592 0 554796085
1790426616381 0 40 0 583477875 564524198 0 0 0 0 0 0 309509260 4060081 269201408 139264 0 0 0 2592 0 555514543
1790426617399 0 42 0 583477877 564524198 0 0 0 0 0 0 309509260 4064855 289546240 147456 0 0 0 2592 0 555901896
1790426618417 0 42 0 583477877 564524198 0 0 0 0 0 0 309509260 4064855 289546240 147456 0 0 0 2592 0 555901896
1790426619436 0 42 0 583477877 564524198 0 0 0 0 0 0 309509260 4064855 289546240 147456 0 0 0 2592 0 555901896
1790426620454 0 42 0 583477877 564524198 0 0 0 0 0 0 309509260 4064855 289546240 147456 0 0 0 2592 0 555901896
1790426621472 0 44 0 583477879 564524198 0 0 0 0 0 0 309509260 4064855 289546240 147456 0 0 0 2592 0 555901896
1790426622491 0 44 0 583477879 564524198 0 0 0 0 0 0 309509260 4064855 289546240 147456 0 0 0 2592 0 555901896
1790426623509 0 44 0 583477879 564524198 0 0 0 0 0 0 309509260 4064884 298086400 147456 0 0 0 2592 0 555904233
1790426624528 0 44 0 583477879 564524198 0 0 0 0 0 0 309509260 4064884 298086400 147456 0 0 0 2592 0 555904233
1790426625547 0 44 0 583477879 564524198 0 0 0 0 0 0 309509260 4064884 298086400 147456 0 0 0 2592 0 555904233
1790426626566 0 44 0 583477879 564524198 0 0 0 0 0 0 309509260 4064884 298086400 147456 0 0 0 2592 0 555904233
1790426627585 0 50 0 583477885 564524198 0 0 0 0 0 0 309509260 4064884 298086400 172032 0 0 0 2592 0 555904233
1790426628604 0 50 0 583477885 564524198 0 0 0 0 0 0 309509260 4064884 298086400 172032 0 0 0 2592 0 555904233
1790426629622 0 50 0 583477885 564524198 0 0 0 0 0 0 309509260 4064884 298086400 172032 0 0 0 2592 0 555904233
1790426630642 0 50 0 583477885 564524198 0 0 0 0 0 0 309509260 4064884 298086400 172032 0 0 0 2592 0 555904233
1790426631660 0 50 0 583477885 564524198 0 0 0 0 0 0 309509260 4064884 298086400 172032 0 0 0 2592 0 555904233
1790426632679 0 50 0 583477885 564524198 0 0 0 0 0 0 309509260 4064884 298086400 172032 0 0 0 2592 0 555904233
1790426633698 0 50 0 583477885 564524198 0 0 0 0 0 0 309509260 4064884 298086400 172032 0 0 0 2592 0 555904233
1790426634717 0 50 0 583477885 564524198 0 0 0 0 0 0 309509260 4064884 298086400 172032 0 0 0 2592 0 555904233
1790426635737 0 50 0 583477885 564524198 0 0 0 0 0 0 309509260 4064884 298086400 172032 0 0 0 2592 0 555904233
1790426636757 0 50 0 583477885 564524198 0 0 0 0 0 0 309509260 4064884 298086400 172032 0 0 0 2592 0 555904233
1790426637776 0 50 0 583477885 564524198 0 0 0 0 0 0 309509260 4064884 298086400 172032 0 0 0 2592 0 555904233
1790426638796 0 50 0 583477885 564524198 0 0 0 0 0 0 309509260 4064884 298086400 172032 0 0 0 2592 0 555904233
1790426639815 0 50 0 583477885 564524198 0 0 0 0 0 0 309509260 4064884 298086400 172032 0 0 0 2592 0 555904233
1790426640836 0 0 0 583477887 564524274 0 0 0 0 0 0 309509260 4064884 298086400 65536 0 0 0 2592 0 555915380
1790426641860 0 22 0 583477933 564524274 0 0 0 0 0 0 309509260 4064884 298086400 135168 0 0 0 2592 0 555915380
1790426642883 0 33 0 583477944 564524274 0 0 0 0 0 0 309509260 4064884 298086400 135168 0 0 0 2592 0 555915380
1790426643906 0 33 0 583477944 564524274 0 0 0 0 0 0 309509260 4064885 298291200 135168 0 0 0 2592 0 555915441
1790426644929 0 35 0 583477946 564524274 0 0 0 0 0 0 309509260 4064885 298291200 139264 0 0 0 2592 0 555915441
1790426645952 0 0 0 583477946 564524383 0 0 0 0 0 0 309509260 4064885 298291200 65536 0 0 0 2592 0 555929702
1790426646973 0 33 0 583478083 564524413 0 0 0 0 0 0 309509260 4064885 298291200 135168 0 0 0 2592 0 555929702
1790426648021 0 91 0 583478181 564524453 0 0 0 0 0 0 309509260 4071635 31719424 131072 0 0 0 2592 0 556451882
1790426649074 0 92 0 583478182 564524453 0 0 0 0 0 0 309509260 4080760 72151040 135168 0 0 0 2592 0 557144323
1790426650097 0 92 0 583478182 564524453 0 0 0 0 0 0 309509260 4090108 110489600 135168 0 0 0 2592 0 557919187
1790426651120 0 92 0 583478182 564524453 0 0 0 0 0 0 309509260 4099439 148697088 135168 0 0 0 2592 0 558402361
1790426652143 0 44 0 583478192 564524511 0 0 0 0 0 0 309509260 4108318 185126912 139264 0 0 0 2592 0 558962808
1790426653166 0 32 0 583478224 564524555 0 0 0 0 0 0 309509260 4117334 221999104 131072 0 0 0 2592 0 559574105
1790426654189 0 33 0 583478225 564524555 0 0 0 0 0 0 309509260 4126475 259457024 135168 0 0 0 2592 0 560059603
1790426655208 0 35 0 583478227 564524555 0 0 0 0 0 0 309509260 4132994 286879744 143360 0 0 0 2592 0 560452790
1790426656227 0 35 0 583478227 564524555 0 0 0 0 0 0 309509260 4132994 286879744 143360 0 0 0 2592 0 560452790
1790426657246 0 35 0 583478227 564524555 0 0 0 0 0 0 309509260 4132994 286879744 143360 0 0 0 2592 0 560452790
1790426658265 0 32 0 583478290 564524621 0 0 0 0 0 0 309509260 4132994 286879744 131072 0 0 0 2592 0 560463010
1790426659285 0 33 0 583478291 564524621 0 0 0 0 0 0 309509260 4132994 286879744 135168 0 0 0 2592 0 560463010
1790426660305 0 33 0 583478291 564524621 0 0 0 0 0 0 309509260 4133020 295440384 135168 0 0 0 2592 0 560463669
1790426661324 0 33 0 583478291 564524621 0 0 0 0 0 0 309509260 4133020 295440384 135168 0 0 0 2592 0 560463669
1790426662346 0 35 0 583478293 564524621 0 0 0 0 0 0 309509260 4133020 295440384 143360 0 0 0 2592 0 560463669
1790426663369 0 22 0 583478394 564524735 0 0 0 0 0 0 309509260 4133020 295440384 90112 0 0 0 2592 0 560463960
1790426664392 0 33 0 583478405 564524735 0 0 0 0 0 0 309509260 4133020 295440384 135168 0 0 0 2592 0 560463962
1790426665415 0 33 0 583478405 564524735 0 0 0 0 0 0 309509260 4133020 295440384 135168 0 0 0 2592 0 560463962
1790426666438 0 33 0 583478405 564524735 0 0 0 0 0 0 309509260 4133020 295440384 135168 0 0 0 2592 0 560463962
1790426667461 0 33 0 583478405 564524735 0 0 0 0 0 0 309509260 4133020 295440384 135168 0 0 0 2592 0 560463962
1790426668484 0 17 0 583478455 564524801 0 0 0 0 0 0 309509260 4133020 295440384 69632 0 0 0 2592 0 560477797
1790426669504 0 178372 0 583659847 564527635 0 0 0 0 0 0 309509260 4133020 724463616 707432448 0 0 0 2592 0 560478952
1790426670523 0 8 0 583746745 564793031 0 0 0 0 0 0 309509260 4133050 911388672 0 0 0 0 2592 0 560480608
1790426671554 0 97 0 583746842 564793076 0 0 0 0 0 0 309509260 4133242 791576576 139264 0 0 0 2592 0 560923942
1790426672578 0 99 0 583746844 564793076 0 0 0 0 0 0 309509260 4133273 1094189056 147456 0 0 0 2592 0 560965298
1790426673597 0 99 0 583746844 564793076 0 0 0 0 0 0 309509260 4133273 1094189056 147456 0 0 0 2592 0 560965298
1790426674615 0 99 0 583746844 564793076 0 0 0 0 0 0 309509260 4133273 1094189056 147456 0 0 0 2592 0 560965298
1790426675634 0 99 0 583746844 564793076 0 0 0 0 0 0 309509260 4133273 1094189056 147456 0 0 0 2592 0 560965298
1790426676653 0 44 0 583746849 564793136 0 0 0 0 0 0 309509260 4133273 1094189056 147456 0 0 0 2592 0 560965298
1790426677672 0 44 0 583746849 564793136 0 0 0 0 0 0 309509260 4133273 1094189056 147456 0 0 0 2592 0 560965298
1790426678691 0 44 0 583746849 564793136 0 0 0 0 0 0 309509260 4133273 1094189056 147456 0 0 0 2592 0 560965298
1790426679710 0 44 0 583746849 564793136 0 0 0 0 0 0 309509260 4133273 1094189056 147456 0 0 0 2592 0 560965298
1790426680730 0 44 0 583746849 564793136 0 0 0 0 0 0 309509260 4133273 1094189056 147456 0 0 0 2592 0 560965298
1790426681750 0 44 0 583746849 564793136 0 0 0 0 0 0 309509260 4133273 1094189056 147456 0 0 0 2592 0 560965298
1790426682769 0 46 0 583746851 564793136 0 0 0 0 0 0 309509260 4133293 1097121792 155648 0 0 0 2592 0 560965458
1790426683789 0 46 0 583746851 564793136 0 0 0 0 0 0 309509260 4133293 1097121792 155648 0 0 0 2592 0 560965458
1790426684809 0 46 0 583746851 564793136 0 0 0 0 0 0 309509260 4133293 1097121792 155648 0 0 0 2592 0 560965458
1790426685829 0 47 0 583746852 564793136 0 0 0 0 0 0 309509260 4133293 1097125888 159744 0 0 0 2592 0 560965458
1790426686848 0 47 0 583746852 564793136 0 0 0 0 0 0 309509260 4133293 1097125888 159744 0 0 0 2592 0 560965458
1790426687867 0 47 0 583746852 564793136 0 0 0 0 0 0 309509260 4133293 1097125888 159744 0 0 0 2592 0 560965458
1790426688887 0 52 0 583746857 564793136 0 0 0 0 0 0 309509260 4133293 1097125888 176128 0 0 0 2592 0 560965458
1790426689906 0 52 0 583746857 564793136 0 0 0 0 0 0 309509260 4133293 1097125888 176128 0 0 0 2592 0 560965458
1790426690926 0 52 0 583746857 564793136 0 0 0 0 0 0 309509260 4133293 1097125888 176128 0 0 0 2592 0 560965458
1790426691945 0 52 0 583746857 564793136 0 0 0 0 0 0 309509260 4133293 1097125888 176128 0 0 0 2592 0 560965458
1790426692965 0 52 0 583746857 564793136 0 0 0 0 0 0 309509260 4133293 1097125888 176128 0 0 0 2592 0 560965458
1790426693984 0 52 0 583746857 564793136 0 0 0 0 0 0 309509260 4133293 1097125888 176128 0 0 0 2592 0 560965458
1790426695006 0 52 0 583746857 564793136 0 0 0 0 0 0 309509260 4133293 1097125888 176128 0 0 0 2592 0 560965458
1790426696030 0 52 0 583746857 564793136 0 0 0 0 0 0 309509260 4133293 1097125888 176128 0 0 0 2592 0 560965458
1790426697054 0 52 0 583746857 564793136 0 0 0 0 0 0 309509260 4133293 1097125888 176128 0 0 0 2592 0 560965458
1790426698078 0 52 0 583746857 564793136 0 0 0 0 0 0 309509260 4133293 1097125888 176128 0 0 0 2592 0 560965458
1790426699102 0 52 0 583746857 564793136 0 0 0 0 0 0 309509260 4133293 1097125888 176128 0 0 0 2592 0 560965458
1790426700126 0 52 0 583746857 564793136 0 0 0 0 0 0 309509260 4133293 1097125888 176128 0 0 0 2592 0 560965458
1790426701147 0 52 0 583746857 564793136 0 0 0 0 0 0 309509260 4133293 1097125888 176128 0 0 0 2592 0 560965458
1790426702193 0 91 0 583746956 564793196 0 0 0 0 0 0 309509260 4135041 478384128 131072 0 0 0 2592 0 561167751
1790426703222 0 94 0 583746959 564793196 0 0 0 0 0 0 309509260 4135850 1092087808 143360 0 0 0 2592 0 561300380
1790426704242 0 94 0 583746959 564793196 0 0 0 0 0 0 309509260 4135866 1094258688 143360 0 0 0 2592 0 561300494
1790426705263 0 94 0 583746959 564793196 0 0 0 0 0 0 309509260 4135866 1094258688 143360 0 0 0 2592 0 561300495
1790426706283 0 85 9 583746959 564793196 0 0 0 0 0 0 309509260 4135866 1094258688 135168 8192 0 0 2592 0 561305226
1790426707303 0 33 0 583747015 564793313 0 0 0 0 0 0 309509260 4135866 1094258688 135168 0 0 0 2592 0 561311367
1790426708324 0 33 0 583747015 564793313 0 0 0 0 0 0 309509260 4135866 1094258688 135168 0 0 0 2592 0 561311367
1790426709345 0 33 0 583747015 564793313 0 0 0 0 0 0 309509260 4135866 1094258688 135168 0 0 0 2592 0 561311367
1790426710368 0 36 0 583747018 564793313 0 0 0 0 0 0 309509260 4135866 1094262784 147456 0 0 0 2592 0 561311367
1790426711392 0 39 0 583747025 564793313 0 0 0 0 0 0 309509260 4135866 1094262784 147456 0 0 0 2592 0 561311367
1790426712415 0 19 0 583747149 564793461 0 0 0 0 0 0 309509260 4135866 1094262784 77824 0 0 0 2592 0 561318293
1790426713439 0 33 0 583747163 564793461 0 0 0 0 0 0 309509260 4135866 1094262784 135168 0 0 0 2592 0 561318293
1790426714463 0 33 0 583747163 564793461 0 0 0 0 0 0 309509260 4135866 1094262784 135168 0 0 0 2592 0 561318293
1790426715490 0 64 0 583747521 564793788 0 0 0 0 0 0 309509260 4136112 1094262784 139264 0 0 0 2592 0 561318392
1790426716521 0 0 50 583748726 564795062 0 0 0 0 0 0 309509260 4136775 1094262784 65536 65536 0 0 2592 0 561321376
1790426717561 0 58317 2020 583873856 564859864 0 0 0 0 0 0 309509260 4136775 489664512 294105088 19611648 0 0 2592 0 561350317
1790426718595 0 158676 27464 584133515 564993624 0 0 0 0 0 0 309509260 4136776 1556643840 649973760 112508928 0 0 2592 0 561350590
1790426719619 0 34197 3808 584285012 565293707 0 0 0 0 0 0 309509260 4136777 2171727872 161914880 6082560 0 0 2592 0 561400540
1790426720645 0 40 0 584285875 565332139 0 0 0 0 0 0 309509260 4137424 698494976 65536 0 0 0 2592 0 561488549
1790426721669 0 75 0 584286909 565333099 0 0 0 0 0 0 309509260 4137630 2083393536 65536 0 0 0 2592 0 561619549
1790426722689 0 40 2 584287972 565334332 0 0 0 0 0 0 309509260 4137639 2165227520 122880 0 0 0 2592 0 561620193
1790426723709 0 151 0 584288186 565334329 0 0 0 0 0 0 309509260 4137640 2165227520 135168 0 0 0 2592 0 561620193
1790426724730 0 153 0 584288188 565334329 0 0 0 0 0 0 309509260 4137640 2165227520 135168 0 0 0 2592 0 561620193
1790426725750 0 153 0 584288188 565334329 0 0 0 0 0 0 309509260 4137640 2165227520 135168 0 0 0 2592 0 561620193
1790426726770 0 153 0 584288188 565334329 0 0 0 0 0 0 309509260 4137640 2165227520 135168 0 0 0 2592 0 561620193
1790426727790 0 150 3 584288188 565334329 0 0 0 0 0 0 309509260 4137640 2165227520 135168 0 0 0 2592 0 561620193
1790426728809 0 188 0 584288227 565334333 0 0 0 0 0 0 309509260 4137640 2165227520 139264 0 0 0 2592 0 561620193
1790426729829 0 190 0 584288229 565334333 0 0 0 0 0 0 309509260 4137640 2165227520 147456 0 0 0 2592 0 561620193
1790426730850 0 190 0 584288229 565334333 0 0 0 0 0 0 309509260 4137640 2165227520 147456 0 0 0 2592 0 561620193
1790426731872 0 190 0 584288229 565334333 0 0 0 0 0 0 309509260 4137640 2165227520 147456 0 0 0 2592 0 561620193
1790426732893 0 190 0 584288229 565334333 0 0 0 0 0 0 309509260 4137640 2165227520 147456 0 0 0 2592 0 561620193
1790426733915 0 190 0 584288229 565334333 0 0 0 0 0 0 309509260 4137640 2165227520 147456 0 0 0 2592 0 561620193
1790426734944 0 190 0 584288229 565334333 0 0 0 0 0 0 309509260 4137640 2165227520 147456 0 0 0 2592 0 561620366
1790426735965 0 190 0 584288229 565334333 0 0 0 0 0 0 309509260 4137640 2165227520 147456 0 0 0 2592 0 561620366
1790426736984 0 190 0 584288229 565334333 0 0 0 0 0 0 309509260 4137640 2165227520 147456 0 0 0 2592 0 561620366
1790426738004 0 190 0 584288229 565334333 0 0 0 0 0 0 309509260 4137640 2165227520 147456 0 0 0 2592 0 561620366
1790426739025 0 35 0 584288229 565334488 0 0 0 0 0 0 309509260 4137640 2165227520 143360 0 0 0 2592 0 561620366
1790426740044 0 41 0 584288235 565334488 0 0 0 0 0 0 309509260 4137640 2165227520 147456 0 0 0 2592 0 561620366
1790426741064 0 41 0 584288235 565334488 0 0 0 0 0 0 309509260 4137640 2165227520 147456 0 0 0 2592 0 561620366
1790426742085 0 41 0 584288235 565334488 0 0 0 0 0 0 309509260 4137640 2165227520 147456 0 0 0 2592 0 561620366
1790426743105 0 41 0 584288235 565334488 0 0 0 0 0 0 309509260 4137640 2165231616 147456 0 0 0 2592 0 561620577
1790426744127 0 41 0 584288235 565334488 0 0 0 0 0 0 309509260 4137640 2165231616 147456 0 0 0 2592 0 561620577
1790426745153 0 35 0 584288235 565334494 0 0 0 0 0 0 309509260 4137640 2165231616 143360 0 0 0 2592 0 561620577
1790426746178 0 37 0 584288237 565334494 0 0 0 0 0 0 309509260 4137640 2165231616 147456 0 0 0 2592 0 561620577
1790426747204 0 37 0 584288237 565334494 0 0 0 0 0 0 309509260 4137640 2165231616 147456 0 0 0 2592 0 561620577
1790426748230 0 37 0 584288237 565334494 0 0 0 0 0 0 309509260 4137640 2165231616 147456 0 0 0 2592 0 561620577
1790426749256 0 37 0 584288237 565334494 0 0 0 0 0 0 309509260 4137640 2165231616 147456 0 0 0 2592 0 561620577
1790426750282 0 37 0 584288237 565334494 0 0 0 0 0 0 309509260 4137640 2165231616 147456 0 0 0 2592 0 561620577
1790426751323 0 93 0 584288332 565334533 0 0 0 0 0 0 309509260 4138540 332783616 131072 0 0 0 2592 0 561728442
1790426752350 0 94 0 584288333 565334533 0 0 0 0 0 0 309509260 4139981 1727881216 135168 0 0 0 2592 0 562193855
1790426753370 0 96 0 584288335 565334533 0 0 0 0 0 0 309509260 4140173 2166042624 143360 0 0 0 2592 0 562207955
1790426754391 0 96 0 584288335 565334533 0 0 0 0 0 0 309509260 4140173 2166042624 143360 0 0 0 2592 0 562207955
1790426755412 0 96 0 584288335 565334533 0 0 0 0 0 0 309509260 4140173 2166042624 143360 0 0 0 2592 0 562207956
1790426756433 0 42 0 584288342 565334594 0 0 0 0 0 0 309509260 4140173 2166042624 147456 0 0 0 2592 0 562207956
1790426757454 0 42 0 584288342 565334594 0 0 0 0 0 0 309509260 4140173 2166042624 147456 0 0 0 2592 0 562207956
1790426758475 0 42 0 584288342 565334594 0 0 0 0 0 0 309509260 4140173 2166042624 147456 0 0 0 2592 0 562207956
1790426759496 0 43 0 584288343 565334594 0 0 0 0 0 0 309509260 4140173 2166046720 151552 0 0 0 2592 0 562207956
1790426760520 0 43 0 584288343 565334594 0 0 0 0 0 0 309509260 4140173 2166046720 151552 0 0 0 2592 0 562207956
1790426761546 0 54 0 584288354 565334595 0 0 0 0 0 0 309509260 4140173 2166046720 65536 0 0 0 2592 0 562210401
1790426762572 0 17 0 584288380 565334657 0 0 0 0 0 0 309509260 4140173 2166046720 135168 0 0 0 2592 0 562210401
1790426763598 0 33 0 584288396 565334657 0 0 0 0 0 0 309509260 4140203 2169339904 135168 0 0 0 2592 0 562210736
1790426764624 0 33 0 584288396 565334657 0 0 0 0 0 0 309509260 4140203 2169339904 135168 0 0 0 2592 0 562210736
1790426765650 0 33 0 584288396 565334657 0 0 0 0 0 0 309509260 4140203 2169339904 135168 0 0 0 2592 0 562210736
1790426766675 0 39 0 584288402 565334657 0 0 0 0 0 0 309509260 4140203 2169339904 69632 0 0 0 2592 0 562226267
