1790426842854 0 0 0 584289568 565335843 0 0 0 0 0 0 309509260 4141115 - - - - - - - -
1790426843913 0 124 49 584361175 565407329 0 0 0 0 0 0 309509260 4141196 288403456 131072 0 0 0 2592 0 562248700
1790426844934 0 92 0 584361176 565407359 0 0 0 0 0 0 309509260 4141197 289005568 143360 0 0 0 2592 0 562248700
1790426845953 0 94 0 584361178 565407359 0 0 0 0 0 0 309509260 4141197 289005568 143360 0 0 0 2592 0 562248700
1790426846972 0 94 0 584361178 565407359 0 0 0 0 0 0 309509260 4141197 289005568 143360 0 0 0 2592 0 562248700
1790426847991 0 94 0 584361178 565407359 0 0 0 0 0 0 309509260 4141197 289005568 143360 0 0 0 2592 0 562248700
1790426849010 0 1598 0 584362741 565407418 0 0 0 0 0 0 309509260 4141268 289005568 147456 0 0 0 2592 0 562248700
1790426850029 0 4827 0 584365969 565407418 0 0 0 0 0 0 309509260 4141268 289005568 147456 0 0 0 2592 0 562248700
1790426851049 0 8264 0 584369404 565407418 0 0 0 0 0 0 309509260 4141268 289005568 147456 0 0 0 2592 0 562248700
1790426852068 0 11508 0 584372721 565407418 0 0 0 0 0 0 309509260 4141268 289005568 147456 0 0 0 2592 0 562248700
1790426853088 0 15229 0 584376335 565407418 0 0 0 0 0 0 309509260 4141268 289005568 147456 0 0 0 2592 0 562248700
1790426854108 0 64 0 584379610 565425821 0 0 0 0 0 0 309509260 4141603 289005568 65536 0 0 0 2592 0 562249737
1790426855128 0 7884 0 584387464 565425853 0 0 0 0 0 0 309509260 4141720 289005568 143360 0 0 0 2592 0 562249738
1790426856149 0 14262 0 584393805 565425853 0 0 0 0 0 0 309509260 4141722 289005568 143360 0 0 0 2592 0 562249738
1790426857170 0 14298 0 584393879 565425854 0 0 0 0 0 0 309509260 4141876 289005568 143360 0 0 0 2592 0 562249738
1790426858190 0 14298 0 584393879 565425854 0 0 0 0 0 0 309509260 4141880 289005568 143360 0 0 0 2592 0 562249738
1790426859209 0 14268 0 584393927 565425968 0 0 0 0 0 0 309509260 4141881 289005568 143360 0 0 0 2592 0 562249738
1790426860231 0 875 0 584394005 565439403 0 0 0 0 0 0 309509260 4141882 289005568 151552 0 0 0 2592 0 562249738
1790426861255 0 880 0 584394011 565439403 0 0 0 0 0 0 309509260 4141884 289005568 151552 0 0 0 2592 0 562249738
1790426862279 0 1473 0 584394639 565439403 0 0 0 0 0 0 309509260 4141911 289005568 151552 0 0 0 2592 0 562249738
1790426863319 0 10261 0 584404051 565439403 0 0 0 0 0 0 309509260 4141911 289005568 151552 0 0 0 2592 0 562249738
1790426864383 0 11644 0 584406284 565439403 0 0 0 0 0 0 309509260 4141911 289005568 151552 0 0 0 2592 0 562249738
1790426865435 0 12348 0 584407738 565440153 0 0 0 0 0 0 309509260 4142687 289005568 159744 0 0 0 2592 0 562249738
1790426866478 0 12947 0 584408337 565440154 0 0 0 0 0 0 309509260 4142827 289005568 159744 0 0 0 2592 0 562249738
1790426867555 0 17551 43 584416659 565443826 0 0 0 0 0 0 309509260 4142859 289005568 159744 0 0 0 2592 0 562249738
1790426868647 0 19874 0 584419737 565443878 0 0 0 0 0 0 309509260 4142887 289005568 159744 0 0 0 2592 0 562249738
1790426869751 0 31859 0 584432226 565443878 0 0 0 0 0 0 309509260 4142916 289005568 159744 0 0 0 2592 0 562249738
1790426870843 0 32077 0 584432631 565443878 0 0 0 0 0 0 309509260 4142949 289005568 159744 0 0 0 2592 0 562249738
1790426871943 0 32055 0 584434296 565443884 0 0 0 0 0 0 309509260 4142966 289005568 159744 0 0 0 2592 0 562249738
1790426873059 0 30828 0 584434527 565443886 0 0 0 0 0 0 309509260 4142978 289005568 159744 0 0 0 2592 0 562249738
1790426874159 0 80 202 584466617 565506596 0 0 0 0 0 0 309509260 4142990 286871552 0 0 0 0 2592 0 562254239
1790426875503 0 181 0 584466928 565506671 0 0 0 0 0 0 309509260 4143308 287072256 143360 0 0 0 2592 0 562255546
1790426876708 0 194 0 584467075 565506675 0 0 0 0 0 0 309509260 4143387 288698368 143360 0 0 0 2592 0 562255766
1790426877765 0 291 0 584467451 565506680 0 0 0 0 0 0 309509260 4143418 288698368 143360 0 0 0 2592 0 562255767
1790426878807 0 605 0 584467933 565506688 0 0 0 0 0 0 309509260 4143544 288698368 143360 0 0 0 2592 0 562255769
1790426879911 0 6871 0 584475533 565506755 0 0 0 0 0 0 309509260 4143601 288698368 155648 0 0 0 2592 0 562255769
1790426881019 0 7034 0 584476000 565506763 0 0 0 0 0 0 309509260 4143659 288698368 155648 0 0 0 2592 0 562255769
1790426882123 0 7050 0 584476159 565506767 0 0 0 0 0 0 309509260 4143666 288702464 159744 0 0 0 2592 0 562255769
1790426883239 0 7059 0 584476419 565506771 0 0 0 0 0 0 309509260 4143680 288702464 159744 0 0 0 2592 0 562255769
1790426884373 0 14575 0 584484253 565506776 0 0 0 0 0 0 309509260 4143699 290791424 163840 0 0 0 2592 0 562255814
1790426885535 0 17594 0 584487799 565506782 0 0 0 0 0 0 309509260 4143999 290791424 163840 0 0 0 2592 0 562255814
1790426886679 0 19603 0 584491636 565506809 0 0 0 0 0 0 309509260 4144436 290791424 163840 0 0 0 2592 0 562255815
1790426887795 0 19829 0 584491886 565506815 0 0 0 0 0 0 309509260 4144440 290791424 163840 0 0 0 2592 0 562255815
1790426888903 0 19844 0 584492148 565506822 0 0 0 0 0 0 309509260 4144446 290791424 163840 0 0 0 2592 0 562255815
1790426889983 0 220170 0 584696556 565509688 0 0 0 0 0 0 309509260 4144818 752459776 742318080 0 0 0 2592 0 562257688
1790426891029 0 176716 1061 584773211 565628732 0 0 0 0 0 0 309509260 4144830 1096593408 703053824 4579328 0 0 2592 0 562257745
1790426892078 0 221 88 584773723 565806289 0 0 0 0 0 0 309509260 4144847 1096593408 30019584 16777216 0 0 2592 0 562257745
1790426893166 0 3064 0 584779436 565808853 0 0 0 0 0 0 309509260 4145279 579817472 135168 0 0 0 2592 0 562263487
1790426894220 0 3139 1 584779830 565808861 0 0 0 0 0 0 309509260 4145290 1094225920 143360 0 0 0 2592 0 562263888
1790426895279 0 3155 0 584780090 565808868 0 0 0 0 0 0 309509260 4145301 1094225920 143360 0 0 0 2592 0 562263888
1790426896341 0 3156 0 584780484 565808875 0 0 0 0 0 0 309509260 4145322 1094225920 143360 0 0 0 2592 0 562263888
1790426897402 0 9859 1 584787347 565808883 0 0 0 0 0 0 309509260 4145329 1094225920 163840 0 0 0 2592 0 562263888
1790426898459 0 9745 0 584788016 565808951 0 0 0 0 0 0 309509260 4145338 1094225920 163840 0 0 0 2592 0 562263888
1790426899515 0 12044 1 584791411 565808980 0 0 0 0 0 0 309509260 4146078 1094225920 163840 0 0 0 2592 0 562263888
1790426900566 0 12066 0 584791710 565808989 0 0 0 0 0 0 309509260 4146084 1094225920 163840 0 0 0 2592 0 562263888
1790426901643 0 12078 0 584791938 565808995 0 0 0 0 0 0 309509260 4146090 1094225920 163840 0 0 0 2592 0 562263888
1790426902779 0 16615 0 584796784 565809001 0 0 0 0 0 0 309509260 4146099 1094225920 184320 0 0 0 2592 0 562263888
1790426903869 0 21265 0 584802243 565809036 0 0 0 0 0 0 309509260 4146271 1094225920 184320 0 0 0 2592 0 562263888
1790426904967 0 24300 0 584805769 565809062 0 0 0 0 0 0 309509260 4146291 1094225920 184320 0 0 0 2592 0 562263888
1790426906067 0 24313 0 584805960 565809067 0 0 0 0 0 0 309509260 4146297 1094225920 184320 0 0 0 2592 0 562263888
1790426907175 0 24319 0 584806111 565809071 0 0 0 0 0 0 309509260 4146301 1094225920 184320 0 0 0 2592 0 562263888
1790426908271 0 25360 1 584807393 565809077 0 0 0 0 0 0 309509260 4146305 1094225920 188416 0 0 0 2592 0 562263947
1790426909322 0 25374 0 584807654 565809085 0 0 0 0 0 0 309509260 4146311 1094225920 188416 0 0 0 2592 0 562263947
1790426910362 0 25327 0 584808012 565809092 0 0 0 0 0 0 309509260 4146318 1094225920 188416 0 0 0 2592 0 562263947
1790426911415 0 25263 0 584808328 565809100 0 0 0 0 0 0 309509260 4146322 1094225920 188416 0 0 0 2592 0 562263947
1790426912471 0 25320 0 584809561 565809109 0 0 0 0 0 0 309509260 4146332 1094225920 188416 0 0 0 2592 0 562263947
1790426913535 0 27691 0 584812835 565809118 0 0 0 0 0 0 309509260 4146346 1094225920 188416 0 0 0 2592 0 562263947
1790426914607 0 29726 0 584815044 565809150 0 0 0 0 0 0 309509260 4146359 1094225920 188416 0 0 0 2592 0 562263947
1790426915700 0 29750 0 584815449 565809158 0 0 0 0 0 0 309509260 4146365 1094225920 188416 0 0 0 2592 0 562263947
1790426916839 0 29798 0 584815680 565809167 0 0 0 0 0 0 309509260 4146370 1094225920 188416 0 0 0 2592 0 562263947
1790426917971 0 14420 0 584817447 565826199 0 0 0 0 0 0 309509260 4146377 1094225920 188416 0 0 0 2592 0 562263947
1790426919100 0 14429 0 584817560 565826202 0 0 0 0 0 0 309509260 4146383 1094225920 188416 0 0 0 2592 0 562263947
1790426920235 0 14432 0 584817767 565826208 0 0 0 0 0 0 309509260 4146400 1094225920 188416 0 0 0 2592 0 562263947
1790426921335 0 14467 0 584818190 565826214 0 0 0 0 0 0 309509260 4146404 1094230016 192512 0 0 0 2592 0 562263947
1790426922451 0 6861 0 584818480 565834065 0 0 0 0 0 0 309509260 4146408 1094230016 192512 0 0 0 2592 0 562263947
1790426923556 0 2442 0 584821676 565841497 0 0 0 0 0 0 309509260 4146776 411308032 131072 0 0 0 2592 0 562270679
1790426924643 0 2936 0 584822300 565841501 0 0 0 0 0 0 309509260 4146926 1094201344 143360 0 0 0 2592 0 562270813
1790426925767 0 3329 0 584822624 565841503 0 0 0 0 0 0 309509260 4146932 1094201344 143360 0 0 0 2592 0 562270813
1790426926911 0 3377 0 584822849 565841507 0 0 0 0 0 0 309509260 4146980 1094201344 143360 0 0 0 2592 0 562270815
1790426928035 0 5615 0 584825162 565841509 0 0 0 0 0 0 309509260 4147025 1094201344 167936 0 0 0 2592 0 562270818
1790426929127 0 5610 0 584825284 565841572 0 0 0 0 0 0 309509260 4147028 1094201344 167936 0 0 0 2592 0 562270818
1790426930291 0 5635 0 584825410 565841575 0 0 0 0 0 0 309509260 4147035 1094201344 167936 0 0 0 2592 0 562270818
1790426931415 0 5659 0 584825504 565841577 0 0 0 0 0 0 309509260 4147045 1094205440 172032 0 0 0 2592 0 562270818
1790426932595 0 5782 0 584825744 565841580 0 0 0 0 0 0 309509260 4147057 1094205440 172032 0 0 0 2592 0 562270818
1790426933787 0 6017 0 584825978 565841580 0 0 0 0 0 0 309509260 4147067 1094205440 172032 0 0 0 2592 0 562270818
1790426934995 0 6140 0 584826103 565841580 0 0 0 0 0 0 309509260 4147072 1094205440 172032 0 0 0 2592 0 562270818
1790426936191 0 6038 0 584826168 565841580 0 0 0 0 0 0 309509260 4147083 1094205440 172032 0 0 0 2592 0 562270818
1790426937403 0 5747 0 584826225 565841580 0 0 0 0 0 0 309509260 4147091 1094205440 172032 0 0 0 2592 0 562270818
1790426938528 0 30250 0 584853838 565844414 0 0 0 0 0 0 309509260 4147093 64438272 55590912 0 0 0 2592 0 562279430
1790426939591 0 239093 0 585062707 565844412 0 0 0 0 0 0 309509260 4147099 922451968 913604608 0 0 0 2592 0 562279430
1790426940639 0 453910 0 585277640 565844412 0 0 0 0 0 0 309509260 4147102 1803915264 1795067904 0 0 0 2592 0 562279430
1790426941690 0 361499 37806 585357673 565979230 0 0 0 0 0 0 309509260 4147116 2169241600 1473495040 154398720 0 0 2592 0 562290988
1790426942728 0 88704 7927 585357820 566282010 0 0 0 0 0 0 309509260 4147125 2169241600 411570176 67108864 0 0 2592 0 562290988
1790426943788 0 954 89 585359076 566378931 0 0 0 0 0 0 309509260 4147209 19210240 0 0 0 0 2592 0 562303500
1790426944877 0 959 0 585359173 566378974 0 0 0 0 0 0 309509260 4147301 1322475520 135168 0 0 0 2592 0 562307054
1790426945951 0 1223 0 585359440 566378974 0 0 0 0 0 0 309509260 4147326 2168455168 143360 0 0 0 2592 0 562307502
1790426947000 0 1262 0 585359548 566379034 0 0 0 0 0 0 309509260 4147357 2168455168 143360 0 0 0 2592 0 562307502
1790426948067 0 1302 0 585359588 566379034 0 0 0 0 0 0 309509260 4147368 2168455168 143360 0 0 0 2592 0 562307502
1790426949143 0 2576 0 585360922 566379094 0 0 0 0 0 0 309509260 4147375 2168455168 172032 0 0 0 2592 0 562307502
1790426950194 0 2619 0 585360965 566379094 0 0 0 0 0 0 309509260 4147379 2168455168 172032 0 0 0 2592 0 562307502
1790426951239 0 2627 0 585361184 566379095 0 0 0 0 0 0 309509260 4147431 2168455168 172032 0 0 0 2592 0 562307502
1790426952285 0 2680 0 585361238 566379095 0 0 0 0 0 0 309509260 4147440 2168455168 172032 0 0 0 2592 0 562307502
1790426953379 0 3674 0 585362264 566379095 0 0 0 0 0 0 309509260 4147443 2168455168 176128 0 0 0 2592 0 562307502
1790426954491 0 3793 0 585362368 566379095 0 0 0 0 0 0 309509260 4147445 2168455168 176128 0 0 0 2592 0 562307502
1790426955579 0 3751 0 585362422 566379095 0 0 0 0 0 0 309509260 4147447 2168455168 176128 0 0 0 2592 0 562307502
1790426956655 0 3773 0 585362553 566379095 0 0 0 0 0 0 309509260 4147455 2168455168 176128 0 0 0 2592 0 562307502
1790426957783 0 3824 0 585362574 566379095 0 0 0 0 0 0 309509260 4147457 2168455168 176128 0 0 0 2592 0 562307502
1790426958866 0 3965 0 585362897 566379095 0 0 0 0 0 0 309509260 4147460 2168455168 176128 0 0 0 2592 0 562307502
1790426959947 0 5315 0 585364249 566379095 0 0 0 0 0 0 309509260 4147462 2168459264 204800 0 0 0 2592 0 562307502
1790426961015 0 5634 0 585365184 566379262 0 0 0 0 0 0 309509260 4147473 2168459264 204800 0 0 0 2592 0 562307502
1790426962091 0 1897 0 585365584 566383463 0 0 0 0 0 0 309509260 4147507 2168459264 204800 0 0 0 2592 0 562307502
1790426963155 0 1932 0 585365620 566383463 0 0 0 0 0 0 309509260 4147512 2168459264 204800 0 0 0 2592 0 562307502
1790426964232 0 2462 0 585366184 566383463 0 0 0 0 0 0 309509260 4147514 2168459264 208896 0 0 0 2592 0 562307502
1790426965299 0 2565 0 585366254 566383463 0 0 0 0 0 0 309509260 4147519 2168459264 208896 0 0 0 2592 0 562307502
1790426966371 0 2677 0 585366367 566383463 0 0 0 0 0 0 309509260 4147541 2168459264 208896 0 0 0 2592 0 562307502
1790426967495 0 2792 0 585366533 566383466 0 0 0 0 0 0 309509260 4147543 2168459264 208896 0 0 0 2592 0 562307502
1790426968608 0 2859 0 585366601 566383466 0 0 0 0 0 0 309509260 4147545 2168459264 208896 0 0 0 2592 0 562307502
1790426969728 0 3522 0 585367261 566383466 0 0 0 0 0 0 309509260 4147546 2168459264 208896 0 0 0 2592 0 562307502
1790426970796 0 3624 0 585367367 566383466 0 0 0 0 0 0 309509260 4147547 2168459264 225280 0 0 0 2592 0 562307502
1790426971907 0 3704 0 585367454 566383468 0 0 0 0 0 0 309509260 4147547 2168459264 225280 0 0 0 2592 0 562307502
1790426973040 0 1345 0 585367464 566385837 0 0 0 0 0 0 309509260 4147552 2168459264 147456 0 0 0 2592 0 562307502
1790426974156 0 1413 0 585367533 566385837 0 0 0 0 0 0 309509260 4147553 2168459264 147456 0 0 0 2592 0 562307502
1790426975264 0 413 0 585368424 566387727 0 0 0 0 0 0 309509260 4147780 138518528 131072 0 0 0 2592 0 562315343
1790426976322 0 675 0 585368688 566387728 0 0 0 0 0 0 309509260 4147831 1819684864 135168 0 0 0 2592 0 562315632
1790426977400 0 735 0 585368749 566387728 0 0 0 0 0 0 309509260 4147831 2168168448 143360 0 0 0 2592 0 562315640
1790426978479 0 766 0 585368780 566387728 0 0 0 0 0 0 309509260 4147836 2168168448 143360 0 0 0 2592 0 562315649
1790426979619 0 798 0 585368813 566387728 0 0 0 0 0 0 309509260 4147842 2168168448 143360 0 0 0 2592 0 562315649
1790426980707 0 2490 0 585370633 566387789 0 0 0 0 0 0 309509260 4147850 2168168448 147456 0 0 0 2592 0 562315650
1790426981792 0 2610 0 585370725 566387789 0 0 0 0 0 0 309509260 4147850 2168168448 147456 0 0 0 2592 0 562315650
1790426982887 0 2662 0 585370742 566387789 0 0 0 0 0 0 309509260 4147853 2168172544 147456 0 0 0 2592 0 562315650
1790426983981 0 2751 0 585370832 566387789 0 0 0 0 0 0 309509260 4147884 2168172544 147456 0 0 0 2592 0 562315650
1790426985059 0 2766 0 585370847 566387789 0 0 0 0 0 0 309509260 4147903 2168172544 147456 0 0 0 2592 0 562315650
1790426986183 0 2893 0 585371022 566387837 0 0 0 0 0 0 309509260 4147904 2168172544 69632 0 0 0 2592 0 562315660
1790426987267 0 2928 0 585371059 566387837 0 0 0 0 0 0 309509260 4147907 2168172544 139264 0 0 0 2592 0 562315660
1790426988334 0 2942 0 585371073 566387837 0 0 0 0 0 0 309509260 4147909 2168172544 139264 0 0 0 2592 0 562315660
1790426989432 0 2950 0 585371081 566387837 0 0 0 0 0 0 309509260 4147910 2168172544 139264 0 0 0 2592 0 562315660
1790426990528 0 3500 0 585371741 566387837 0 0 0 0 0 0 309509260 4147927 2168172544 73728 0 0 0 2592 0 562315665
