1790427247074 0 0 0 585494788 566510833 0 0 0 0 0 0 309509260 4150235 - - - - - - - -
1790427248132 0 62 0 585566372 566582355 0 0 0 0 0 0 309509260 4151427 23281664 122880 0 0 0 2592 0 562368599
1790427249157 0 93 0 585566403 566582355 0 0 0 0 0 0 309509260 4160362 60538880 135168 0 0 0 2592 0 562961754
1790427250180 0 93 0 585566403 566582355 0 0 0 0 0 0 309509260 4169360 97370112 135168 0 0 0 2592 0 563624200
1790427251203 0 93 0 585566403 566582355 0 0 0 0 0 0 309509260 4178336 134086656 135168 0 0 0 2592 0 564368866
1790427252226 0 93 0 585566403 566582355 0 0 0 0 0 0 309509260 4187340 170991616 135168 0 0 0 2592 0 564898055
1790427253250 0 41 0 585566411 566582415 0 0 0 0 0 0 309509260 4196404 208097280 135168 0 0 0 2592 0 565548107
1790427254273 0 41 0 585566411 566582415 0 0 0 0 0 0 309509260 4205417 245067776 135168 0 0 0 2592 0 566178782
1790427255297 0 41 0 585566411 566582415 0 0 0 0 0 0 309509260 4214449 282005504 135168 0 0 0 2592 0 566663880
1790427256316 0 43 0 585566413 566582415 0 0 0 0 0 0 309509260 4216002 289177600 143360 0 0 0 2592 0 566693909
1790427257335 0 43 0 585566413 566582415 0 0 0 0 0 0 309509260 4216002 289177600 143360 0 0 0 2592 0 566693909
1790427258354 0 43 0 585566413 566582415 0 0 0 0 0 0 309509260 4216002 289177600 143360 0 0 0 2592 0 566693909
1790427259373 0 43 0 585566413 566582415 0 0 0 0 0 0 309509260 4216002 289177600 143360 0 0 0 2592 0 566693909
1790427260392 0 43 0 585566413 566582415 0 0 0 0 0 0 309509260 4216027 293105664 143360 0 0 0 2592 0 566697065
1790427261411 0 43 0 585566414 566582416 0 0 0 0 0 0 309509260 4216027 293261312 143360 0 0 0 2592 0 566697065
1790427262430 0 43 0 585566414 566582416 0 0 0 0 0 0 309509260 4216027 293261312 143360 0 0 0 2592 0 566697065
1790427263449 0 43 0 585566414 566582416 0 0 0 0 0 0 309509260 4216027 293261312 143360 0 0 0 2592 0 566697065
1790427264469 0 35 0 585566414 566582424 0 0 0 0 0 0 309509260 4216027 293261312 143360 0 0 0 2592 0 566697065
1790427265488 0 48 0 585566427 566582424 0 0 0 0 0 0 309509260 4216027 293261312 172032 0 0 0 2592 0 566697065
1790427266507 0 48 0 585566427 566582424 0 0 0 0 0 0 309509260 4216027 293261312 172032 0 0 0 2592 0 566697065
1790427267527 0 48 0 585566427 566582424 0 0 0 0 0 0 309509260 4216027 293261312 172032 0 0 0 2592 0 566697065
1790427268547 0 48 0 585566427 566582424 0 0 0 0 0 0 309509260 4216027 293261312 172032 0 0 0 2592 0 566697065
1790427269567 0 48 0 585566427 566582424 0 0 0 0 0 0 309509260 4216027 293261312 172032 0 0 0 2592 0 566697065
1790427270587 0 35 0 585566427 566582437 0 0 0 0 0 0 309509260 4216027 293261312 143360 0 0 0 2592 0 566697065
1790427271606 0 36 0 585566428 566582437 0 0 0 0 0 0 309509260 4216027 293261312 143360 0 0 0 2592 0 566697065
1790427272626 0 36 0 585566428 566582437 0 0 0 0 0 0 309509260 4216027 293261312 143360 0 0 0 2592 0 566697065
1790427273646 0 36 0 585566428 566582437 0 0 0 0 0 0 309509260 4216027 293261312 143360 0 0 0 2592 0 566697065
1790427274666 0 36 0 585566429 566582438 0 0 0 0 0 0 309509260 4216027 293261312 143360 0 0 0 2592 0 566697065
1790427275686 0 39 0 585566433 566582439 0 0 0 0 0 0 309509260 4216027 293261312 143360 0 0 0 2592 0 566697065
1790427276706 0 35 0 585566433 566582443 0 0 0 0 0 0 309509260 4216027 293261312 143360 0 0 0 2592 0 566697065
1790427277726 0 35 0 585566433 566582443 0 0 0 0 0 0 309509260 4216027 293261312 143360 0 0 0 2592 0 566697065
1790427278748 0 41 0 585566439 566582443 0 0 0 0 0 0 309509260 4216027 293261312 73728 0 0 0 2592 0 566710390
1790427279771 0 47 0 585566445 566582443 0 0 0 0 0 0 309509260 4216027 293261312 143360 0 0 0 2592 0 566710391
1790427280795 0 37 0 585566468 566582476 0 0 0 0 0 0 309509260 4216027 293261312 143360 0 0 0 2592 0 566710391
1790427281818 0 37 0 585566468 566582476 0 0 0 0 0 0 309509260 4216027 293261312 143360 0 0 0 2592 0 566710391
1790427282841 0 37 0 585566468 566582476 0 0 0 0 0 0 309509260 4216027 293261312 143360 0 0 0 2592 0 566710391
1790427283864 0 0 0 585566468 566582582 0 0 0 0 0 0 309509260 4216027 293261312 65536 0 0 0 2592 0 566710646
1790427284888 0 35 0 585566572 566582582 0 0 0 0 0 0 309509260 4216027 293261312 135168 0 0 0 2592 0 566710648
1790427285934 0 36 0 585566575 566582584 0 0 0 0 0 0 309509260 4217482 10170368 131072 0 0 0 2592 0 566739620
1790427286988 0 96 0 585566677 566582626 0 0 0 0 0 0 309509260 4226209 49008640 135168 0 0 0 2592 0 567361151
1790427288012 0 96 0 585566677 566582626 0 0 0 0 0 0 309509260 4235023 85118976 135168 0 0 0 2592 0 567947750
1790427289035 0 96 0 585566677 566582626 0 0 0 0 0 0 309509260 4243997 121860096 135168 0 0 0 2592 0 568443927
1790427290058 0 96 0 585566677 566582626 0 0 0 0 0 0 309509260 4252743 157700096 135168 0 0 0 2592 0 568807527
1790427291081 0 118 0 585566699 566582626 0 0 0 0 0 0 309509260 4261270 192626688 90112 0 0 0 2592 0 569558267
1790427292104 0 32 0 585566709 566582722 0 0 0 0 0 0 309509260 4269837 227700736 102400 0 0 0 2592 0 570309070
1790427293127 0 40 0 585566717 566582722 0 0 0 0 0 0 309509260 4278638 263761920 135168 0 0 0 2592 0 571060681
1790427294145 0 42 0 585566719 566582722 0 0 0 0 0 0 309509260 4284138 287023104 143360 0 0 0 2592 0 571237487
1790427295165 0 42 0 585566719 566582722 0 0 0 0 0 0 309509260 4284138 287023104 143360 0 0 0 2592 0 571237492
1790427296185 0 0 0 585566720 566582797 0 0 0 0 0 0 309509260 4284138 287023104 73728 0 0 0 2592 0 571237850
1790427297204 0 21 0 585566773 566582797 0 0 0 0 0 0 309509260 4284138 287023104 102400 0 0 0 2592 0 571237852
1790427298224 0 33 0 585566785 566582797 0 0 0 0 0 0 309509260 4284138 287023104 135168 0 0 0 2592 0 571237858
1790427299244 0 33 0 585566785 566582797 0 0 0 0 0 0 309509260 4284138 287023104 135168 0 0 0 2592 0 571237858
1790427300264 0 33 0 585566785 566582797 0 0 0 0 0 0 309509260 4284138 287023104 135168 0 0 0 2592 0 571237858
1790427301285 0 0 0 585566807 566582862 0 0 0 0 0 0 309509260 4284138 287023104 65536 0 0 0 2592 0 571248674
1790427302308 0 20 0 585566837 566582862 0 0 0 0 0 0 309509260 4284138 287023104 114688 0 0 0 2592 0 571248675
1790427303332 0 34 0 585566851 566582862 0 0 0 0 0 0 309509260 4284138 287023104 135168 0 0 0 2592 0 571248675
1790427304355 0 34 0 585566851 566582862 0 0 0 0 0 0 309509260 4284154 289193984 135168 0 0 0 2592 0 571248798
1790427305379 0 34 0 585566851 566582862 0 0 0 0 0 0 309509260 4284154 289193984 135168 0 0 0 2592 0 571248798
1790427306402 0 32 0 585566851 566582864 0 0 0 0 0 0 309509260 4284154 289193984 65536 0 0 0 2592 0 571261705
1790427307426 0 20 0 585566903 566582928 0 0 0 0 0 0 309509260 4284154 289193984 126976 0 0 0 2592 0 571261710
1790427308447 0 195370 0 585765207 566585760 0 0 0 0 0 0 309509260 4284154 786497536 775671808 0 0 0 2592 0 571263833
1790427309470 0 113862 2066 585835039 566735127 0 0 0 0 0 0 309509260 4284156 1097334784 481722368 8388608 0 0 2592 0 571265566
1790427310503 0 92 0 585835282 566851203 0 0 0 0 0 0 309509260 4284295 373014528 131072 0 0 0 2592 0 571417326
1790427311527 0 95 0 585835285 566851203 0 0 0 0 0 0 309509260 4284406 1094475776 143360 0 0 0 2592 0 571661085
1790427312546 0 95 0 585835285 566851203 0 0 0 0 0 0 309509260 4284406 1094479872 143360 0 0 0 2592 0 571661795
1790427313565 0 95 0 585835285 566851203 0 0 0 0 0 0 309509260 4284406 1094479872 143360 0 0 0 2592 0 571661795
1790427314584 0 95 0 585835285 566851203 0 0 0 0 0 0 309509260 4284406 1094479872 143360 0 0 0 2592 0 571661795
1790427315602 0 35 0 585835285 566851263 0 0 0 0 0 0 309509260 4284406 1094479872 143360 0 0 0 2592 0 571661795
1790427316621 0 43 0 585835293 566851263 0 0 0 0 0 0 309509260 4284406 1094479872 143360 0 0 0 2592 0 571661795
1790427317640 0 43 0 585835293 566851263 0 0 0 0 0 0 309509260 4284406 1094479872 143360 0 0 0 2592 0 571661795
1790427318660 0 43 0 585835293 566851263 0 0 0 0 0 0 309509260 4284406 1094479872 143360 0 0 0 2592 0 571661795
1790427319680 0 43 0 585835293 566851263 0 0 0 0 0 0 309509260 4284406 1094479872 143360 0 0 0 2592 0 571661795
1790427320700 0 43 0 585835293 566851263 0 0 0 0 0 0 309509260 4284406 1094479872 143360 0 0 0 2592 0 571661795
1790427321720 0 43 0 585835293 566851263 0 0 0 0 0 0 309509260 4284406 1094479872 143360 0 0 0 2592 0 571661795
1790427322740 0 44 0 585835294 566851263 0 0 0 0 0 0 309509260 4284406 1094483968 147456 0 0 0 2592 0 571661795
1790427323760 0 44 0 585835294 566851263 0 0 0 0 0 0 309509260 4284406 1094483968 147456 0 0 0 2592 0 571661795
1790427324780 0 44 0 585835294 566851263 0 0 0 0 0 0 309509260 4284406 1094483968 147456 0 0 0 2592 0 571661795
1790427325799 0 36 0 585835294 566851271 0 0 0 0 0 0 309509260 4284406 1094483968 147456 0 0 0 2592 0 571661795
1790427326819 0 36 0 585835294 566851271 0 0 0 0 0 0 309509260 4284406 1094483968 147456 0 0 0 2592 0 571661795
1790427327839 0 36 0 585835294 566851271 0 0 0 0 0 0 309509260 4284406 1094483968 147456 0 0 0 2592 0 571661795
1790427328864 0 50 0 585835309 566851272 0 0 0 0 0 0 309509260 4284406 1094483968 147456 0 0 0 2592 0 571661835
1790427329884 0 50 0 585835309 566851272 0 0 0 0 0 0 309509260 4284406 1094483968 147456 0 0 0 2592 0 571661835
1790427330904 0 50 0 585835309 566851272 0 0 0 0 0 0 309509260 4284406 1094483968 147456 0 0 0 2592 0 571661835
1790427331923 0 50 0 585835309 566851272 0 0 0 0 0 0 309509260 4284406 1094483968 147456 0 0 0 2592 0 571661835
1790427332943 0 50 0 585835309 566851272 0 0 0 0 0 0 309509260 4284406 1094483968 147456 0 0 0 2592 0 571661835
1790427333965 0 36 0 585835309 566851286 0 0 0 0 0 0 309509260 4284406 1094483968 147456 0 0 0 2592 0 571661835
1790427334989 0 38 0 585835311 566851286 0 0 0 0 0 0 309509260 4284406 1094483968 147456 0 0 0 2592 0 571661835
1790427336013 0 38 0 585835311 566851286 0 0 0 0 0 0 309509260 4284406 1094483968 147456 0 0 0 2592 0 571661835
1790427337037 0 38 0 585835311 566851286 0 0 0 0 0 0 309509260 4284406 1094483968 147456 0 0 0 2592 0 571661835
1790427338061 0 38 0 585835311 566851286 0 0 0 0 0 0 309509260 4284406 1094483968 147456 0 0 0 2592 0 571661835
1790427339085 0 38 0 585835311 566851286 0 0 0 0 0 0 309509260 4284406 1094483968 147456 0 0 0 2592 0 571661835
1790427340109 0 36 0 585835311 566851288 0 0 0 0 0 0 309509260 4284406 1094483968 147456 0 0 0 2592 0 571661835
1790427341147 0 93 0 585835409 566851329 0 0 0 0 0 0 309509260 4285619 253607936 131072 0 0 0 2592 0 571811922
1790427342176 0 96 0 585835412 566851329 0 0 0 0 0 0 309509260 4286971 1090871296 143360 0 0 0 2592 0 572136593
1790427343198 0 96 0 585835412 566851329 0 0 0 0 0 0 309509260 4286971 1090871296 143360 0 0 0 2592 0 572136595
1790427344219 0 96 0 585835412 566851329 0 0 0 0 0 0 309509260 4286971 1090871296 143360 0 0 0 2592 0 572136595
1790427345240 0 96 0 585835412 566851329 0 0 0 0 0 0 309509260 4286971 1090871296 143360 0 0 0 2592 0 572136595
1790427346261 0 42 0 585835419 566851390 0 0 0 0 0 0 309509260 4286971 1090871296 143360 0 0 0 2592 0 572136595
1790427347283 0 42 0 585835419 566851390 0 0 0 0 0 0 309509260 4286971 1090871296 143360 0 0 0 2592 0 572136595
1790427348304 0 42 0 585835419 566851390 0 0 0 0 0 0 309509260 4286971 1090871296 143360 0 0 0 2592 0 572136595
1790427349327 0 42 0 585835419 566851390 0 0 0 0 0 0 309509260 4286971 1090875392 147456 0 0 0 2592 0 572136595
1790427350352 0 43 0 585835420 566851390 0 0 0 0 0 0 309509260 4286971 1090875392 147456 0 0 0 2592 0 572136595
1790427351377 0 23 0 585835436 566851426 0 0 0 0 0 0 309509260 4286971 1090875392 65536 0 0 0 2592 0 572148829
1790427352401 0 39 0 585835452 566851426 0 0 0 0 0 0 309509260 4286971 1090875392 135168 0 0 0 2592 0 572148829
1790427353426 0 41 0 585835454 566851426 0 0 0 0 0 0 309509260 4286971 1090875392 135168 0 0 0 2592 0 572148829
1790427354451 0 41 0 585835454 566851426 0 0 0 0 0 0 309509260 4286971 1090875392 135168 0 0 0 2592 0 572148829
1790427355476 0 41 0 585835454 566851426 0 0 0 0 0 0 309509260 4286971 1090875392 135168 0 0 0 2592 0 572148829
1790427356498 0 85018 58 585923526 566854314 0 0 0 0 0 0 309509260 4286971 332095488 324210688 0 0 0 2592 0 572158080
1790427357517 0 476280 0 586314670 566854312 0 0 0 0 0 0 309509260 4286971 1933889536 1926008832 0 0 0 2592 0 572158080
1790427358540 0 315860 1939 586365833 567064031 0 0 0 0 0 0 309509260 4286973 2168381440 1309663232 8818688 0 0 2592 0 572159418
1790427359563 0 86993 4060 586365833 567290777 0 0 0 0 0 0 309509260 4286973 2168381440 378109952 10162176 0 0 2592 0 572159418
1790427360592 0 92 0 586366146 567382051 0 0 0 0 0 0 309509260 4287104 527708160 131072 0 0 0 2592 0 572261383
1790427361616 0 95 0 586366149 567382051 0 0 0 0 0 0 309509260 4287232 2161344512 135168 0 0 0 2592 0 572714741
1790427362635 0 95 0 586366149 567382051 0 0 0 0 0 0 309509260 4287232 2166865920 143360 0 0 0 2592 0 572714741
1790427363655 0 110 0 586366164 567382051 0 0 0 0 0 0 309509260 4287233 2166865920 143360 0 0 0 2592 0 572714741
1790427364675 0 110 0 586366164 567382051 0 0 0 0 0 0 309509260 4287252 2169630720 143360 0 0 0 2592 0 572715295
1790427365694 0 114 0 586366171 567382054 0 0 0 0 0 0 309509260 4287252 2169630720 143360 0 0 0 2592 0 572715295
1790427366713 0 42 0 586366171 567382126 0 0 0 0 0 0 309509260 4287252 2169630720 143360 0 0 0 2592 0 572715295
1790427367733 0 42 0 586366171 567382126 0 0 0 0 0 0 309509260 4287252 2169630720 143360 0 0 0 2592 0 572715295
1790427368752 0 42 0 586366171 567382126 0 0 0 0 0 0 309509260 4287252 2169630720 143360 0 0 0 2592 0 572715295
1790427369772 0 42 0 586366171 567382126 0 0 0 0 0 0 309509260 4287252 2169630720 143360 0 0 0 2592 0 572715295
1790427370793 0 42 0 586366171 567382126 0 0 0 0 0 0 309509260 4287252 2169630720 143360 0 0 0 2592 0 572715295
1790427371814 0 44 0 586366173 567382126 0 0 0 0 0 0 309509260 4287252 2169630720 143360 0 0 0 2592 0 572715295
1790427372836 0 44 0 586366173 567382126 0 0 0 0 0 0 309509260 4287252 2169630720 143360 0 0 0 2592 0 572715295
1790427373857 0 44 0 586366173 567382126 0 0 0 0 0 0 309509260 4287252 2169630720 143360 0 0 0 2592 0 572715295
1790427374878 0 44 0 586366173 567382126 0 0 0 0 0 0 309509260 4287252 2169630720 143360 0 0 0 2592 0 572715295
1790427375898 0 44 0 586366173 567382126 0 0 0 0 0 0 309509260 4287252 2169630720 143360 0 0 0 2592 0 572715295
1790427376917 0 44 0 586366173 567382126 0 0 0 0 0 0 309509260 4287252 2169630720 143360 0 0 0 2592 0 572715295
1790427377937 0 44 0 586366173 567382126 0 0 0 0 0 0 309509260 4287252 2169630720 143360 0 0 0 2592 0 572715295
1790427378957 0 44 0 586366173 567382126 0 0 0 0 0 0 309509260 4287252 2169630720 143360 0 0 0 2592 0 572715295
1790427379977 0 44 0 586366173 567382126 0 0 0 0 0 0 309509260 4287252 2169630720 143360 0 0 0 2592 0 572715295
1790427380996 0 44 0 586366173 567382126 0 0 0 0 0 0 309509260 4287252 2169630720 143360 0 0 0 2592 0 572715295
1790427382016 0 44 0 586366173 567382126 0 0 0 0 0 0 309509260 4287252 2169630720 143360 0 0 0 2592 0 572715295
1790427383036 0 44 0 586366173 567382126 0 0 0 0 0 0 309509260 4287252 2169630720 143360 0 0 0 2592 0 572715295
1790427384058 0 44 0 586366173 567382126 0 0 0 0 0 0 309509260 4287252 2169630720 143360 0 0 0 2592 0 572715295
1790427385084 0 44 0 586366173 567382126 0 0 0 0 0 0 309509260 4287252 2169630720 143360 0 0 0 2592 0 572715295
1790427386109 0 44 0 586366173 567382126 0 0 0 0 0 0 309509260 4287252 2169630720 143360 0 0 0 2592 0 572715295
1790427387134 0 44 0 586366173 567382126 0 0 0 0 0 0 309509260 4287252 2169630720 143360 0 0 0 2592 0 572715295
1790427388159 0 44 0 586366173 567382126 0 0 0 0 0 0 309509260 4287252 2169630720 143360 0 0 0 2592 0 572715295
1790427389184 0 44 0 586366173 567382126 0 0 0 0 0 0 309509260 4287252 2169630720 143360 0 0 0 2592 0 572715295
1790427390209 0 44 0 586366173 567382126 0 0 0 0 0 0 309509260 4287252 2169630720 143360 0 0 0 2592 0 572715295
1790427391250 0 92 0 586366267 567382172 0 0 0 0 0 0 309509260 4288080 275505152 131072 0 0 0 2592 0 572794003
1790427392278 0 93 0 586366268 567382172 0 0 0 0 0 0 309509260 4289593 1693331456 135168 0 0 0 2592 0 573311187
1790427393299 0 95 0 586366270 567382172 0 0 0 0 0 0 309509260 4289808 2166042624 143360 0 0 0 2592 0 573411416
1790427394320 0 95 0 586366270 567382172 0 0 0 0 0 0 309509260 4289808 2166042624 143360 0 0 0 2592 0 573411418
1790427395340 0 95 0 586366270 567382172 0 0 0 0 0 0 309509260 4289808 2166042624 143360 0 0 0 2592 0 573411419
1790427396361 0 42 0 586366277 567382232 0 0 0 0 0 0 309509260 4289808 2166042624 143360 0 0 0 2592 0 573411419
1790427397383 0 43 0 586366278 567382232 0 0 0 0 0 0 309509260 4289808 2166046720 147456 0 0 0 2592 0 573411419
1790427398404 0 43 0 586366278 567382232 0 0 0 0 0 0 309509260 4289808 2166046720 147456 0 0 0 2592 0 573411419
1790427399425 0 43 0 586366278 567382232 0 0 0 0 0 0 309509260 4289808 2166046720 147456 0 0 0 2592 0 573411419
1790427400449 0 43 0 586366278 567382232 0 0 0 0 0 0 309509260 4289808 2166046720 147456 0 0 0 2592 0 573411419
1790427401474 0 21 0 586366297 567382273 0 0 0 0 0 0 309509260 4289808 2166046720 131072 0 0 0 2592 0 573425598
1790427402499 0 38 0 586366314 567382273 0 0 0 0 0 0 309509260 4289808 2166046720 135168 0 0 0 2592 0 573425598
1790427403525 0 38 0 586366314 567382273 0 0 0 0 0 0 309509260 4289808 2166046720 135168 0 0 0 2592 0 573425598
1790427404550 0 38 0 586366314 567382273 0 0 0 0 0 0 309509260 4289808 2166046720 135168 0 0 0 2592 0 573425598
1790427405575 0 38 0 586366314 567382273 0 0 0 0 0 0 309509260 4289808 2166046720 135168 0 0 0 2592 0 573425598
1790427406600 0 29 0 586366343 567382311 0 0 0 0 0 0 309509260 4289808 2166046720 131072 0 0 0 2592 0 573435830
