1790428162389 0 0 0 588313078 569326819 0 0 0 0 0 0 309509260 4435236 - - - - - - - -
1790428163445 0 88 0 588384685 569398338 0 0 0 0 0 0 309509260 4435317 288595968 131072 0 0 0 2592 0 583507046
1790428164466 0 93 0 588384690 569398338 0 0 0 0 0 0 309509260 4435318 289202176 143360 0 0 0 2592 0 583507046
1790428165484 0 93 0 588384690 569398338 0 0 0 0 0 0 309509260 4435318 289202176 143360 0 0 0 2592 0 583507046
1790428166503 0 93 0 588384690 569398338 0 0 0 0 0 0 309509260 4435318 289202176 143360 0 0 0 2592 0 583507046
1790428167521 0 93 0 588384690 569398338 0 0 0 0 0 0 309509260 4435318 289202176 143360 0 0 0 2592 0 583507046
1790428168539 0 93 0 588384690 569398338 0 0 0 0 0 0 309509260 4435318 289202176 143360 0 0 0 2592 0 583507046
1790428169558 0 43 0 588384698 569398396 0 0 0 0 0 0 309509260 4435318 289202176 143360 0 0 0 2592 0 583507046
1790428170576 0 43 0 588384698 569398396 0 0 0 0 0 0 309509260 4435318 289202176 143360 0 0 0 2592 0 583507046
1790428171595 0 43 0 588384698 569398396 0 0 0 0 0 0 309509260 4435318 289202176 143360 0 0 0 2592 0 583507046
1790428172614 0 43 0 588384698 569398396 0 0 0 0 0 0 309509260 4435318 289202176 143360 0 0 0 2592 0 583507046
1790428173634 0 43 0 588384698 569398396 0 0 0 0 0 0 309509260 4435318 289202176 143360 0 0 0 2592 0 583507046
1790428174654 0 1357 0 588386006 569398396 0 0 0 0 0 0 309509260 4435389 289202176 155648 0 0 0 2592 0 583507046
1790428175675 0 4640 0 588389258 569398396 0 0 0 0 0 0 309509260 4435389 289202176 155648 0 0 0 2592 0 583507046
1790428176695 0 7939 0 588392654 569398396 0 0 0 0 0 0 309509260 4435389 289202176 155648 0 0 0 2592 0 583507046
1790428177715 0 11295 0 588396016 569398396 0 0 0 0 0 0 309509260 4435389 289202176 155648 0 0 0 2592 0 583507046
1790428178734 0 1794 138 588399472 569411413 0 0 0 0 0 0 309509260 4435389 289202176 143360 0 0 0 2592 0 583507046
1790428179757 0 117 98 588402881 569416480 0 0 0 0 0 0 309509260 4435758 289202176 69632 0 0 0 2592 0 583507669
1790428180786 0 4412 0 588407262 569416488 0 0 0 0 0 0 309509260 4435838 289202176 143360 0 0 0 2592 0 583507669
1790428181841 0 14229 1 588416968 569416488 0 0 0 0 0 0 309509260 4435999 289202176 143360 0 0 0 2592 0 583507669
1790428182864 0 14361 0 588417142 569416520 0 0 0 0 0 0 309509260 4436000 289202176 143360 0 0 0 2592 0 583507669
1790428183887 0 14370 0 588417152 569416520 0 0 0 0 0 0 309509260 4436002 289202176 143360 0 0 0 2592 0 583507669
1790428184920 0 2132 1 588417723 569429392 0 0 0 0 0 0 309509260 4436029 289202176 155648 0 0 0 2592 0 583507669
1790428185961 0 2103 0 588417767 569429402 0 0 0 0 0 0 309509260 4436029 289202176 155648 0 0 0 2592 0 583507669
1790428187032 0 2105 0 588417769 569429402 0 0 0 0 0 0 309509260 4436029 289202176 163840 0 0 0 2592 0 583507669
1790428188116 0 2105 0 588417769 569429402 0 0 0 0 0 0 309509260 4436029 289202176 163840 0 0 0 2592 0 583507669
1790428189181 0 2106 0 588417770 569429402 0 0 0 0 0 0 309509260 4436029 289202176 163840 0 0 0 2592 0 583507669
1790428190263 0 474 0 588417915 569431179 0 0 0 0 0 0 309509260 4436029 289202176 163840 0 0 0 2592 0 583507669
1790428191312 0 481 0 588417922 569431179 0 0 0 0 0 0 309509260 4436030 289202176 163840 0 0 0 2592 0 583507669
1790428192354 0 497 0 588417939 569431179 0 0 0 0 0 0 309509260 4436065 289202176 163840 0 0 0 2592 0 583507669
1790428193385 0 82 112 588419485 569433086 0 0 0 0 0 0 309509260 4436084 289202176 69632 0 0 0 2592 0 583507842
1790428194429 0 94 0 588419701 569433336 0 0 0 0 0 0 309509260 4436141 287191040 139264 0 0 0 2592 0 583513290
1790428195455 0 95 0 588419702 569433336 0 0 0 0 0 0 309509260 4436142 288956416 143360 0 0 0 2592 0 583513312
1790428196476 0 95 0 588419702 569433336 0 0 0 0 0 0 309509260 4436142 288956416 143360 0 0 0 2592 0 583513312
1790428197497 0 95 0 588419702 569433336 0 0 0 0 0 0 309509260 4436142 288956416 143360 0 0 0 2592 0 583513312
1790428198518 0 95 0 588419702 569433336 0 0 0 0 0 0 309509260 4436142 288956416 143360 0 0 0 2592 0 583513312
1790428199539 0 0 0 588419711 569433462 0 0 0 0 0 0 309509260 4436142 288956416 65536 0 0 0 2592 0 583527297
1790428200560 0 27 0 588419760 569433462 0 0 0 0 0 0 309509260 4436142 288960512 139264 0 0 0 2592 0 583527301
1790428201582 0 45 0 588419778 569433462 0 0 0 0 0 0 309509260 4436142 288960512 147456 0 0 0 2592 0 583527301
1790428202606 0 45 0 588419778 569433462 0 0 0 0 0 0 309509260 4436142 288960512 147456 0 0 0 2592 0 583527301
1790428203630 0 45 0 588419778 569433462 0 0 0 0 0 0 309509260 4436142 288960512 147456 0 0 0 2592 0 583527301
1790428204655 0 47 0 588419780 569433462 0 0 0 0 0 0 309509260 4436142 288960512 65536 0 0 0 2592 0 583541211
1790428205679 0 39 0 588419837 569433527 0 0 0 0 0 0 309509260 4436161 292249600 135168 0 0 0 2592 0 583541431
1790428206703 0 44 0 588419842 569433527 0 0 0 0 0 0 309509260 4436161 292249600 135168 0 0 0 2592 0 583541431
1790428207728 0 44 0 588419842 569433527 0 0 0 0 0 0 309509260 4436161 292249600 135168 0 0 0 2592 0 583541431
1790428208749 0 254930 2044 588687984 569444536 0 0 0 0 0 0 309509260 4436163 1098203136 1061138432 16666624 0 0 2592 0 583543596
1790428209771 0 38641 2044 588687951 569661290 0 0 0 0 0 0 309509260 4436163 1098203136 174288896 8339456 0 0 2592 0 583543596
1790428210814 0 46 0 588688143 569701757 0 0 0 0 0 0 309509260 4436241 1092407296 139264 0 0 0 2592 0 583551764
1790428211838 0 96 0 588688202 569701803 0 0 0 0 0 0 309509260 4436242 1094168576 143360 0 0 0 2592 0 583551804
1790428212857 0 96 0 588688202 569701803 0 0 0 0 0 0 309509260 4436242 1094172672 143360 0 0 0 2592 0 583552038
1790428213876 0 96 0 588688202 569701803 0 0 0 0 0 0 309509260 4436242 1094172672 143360 0 0 0 2592 0 583552038
1790428214896 0 96 0 588688202 569701803 0 0 0 0 0 0 309509260 4436242 1094172672 143360 0 0 0 2592 0 583552038
1790428215915 0 45 1 588688209 569701860 0 0 0 0 0 0 309509260 4436242 1094172672 143360 0 0 0 2592 0 583552038
1790428216934 0 42 0 588688209 569701864 0 0 0 0 0 0 309509260 4436242 1094172672 143360 0 0 0 2592 0 583552038
1790428217954 0 42 0 588688209 569701864 0 0 0 0 0 0 309509260 4436242 1094172672 143360 0 0 0 2592 0 583552038
1790428218974 0 42 0 588688209 569701864 0 0 0 0 0 0 309509260 4436242 1094172672 143360 0 0 0 2592 0 583552038
1790428219995 0 42 0 588688209 569701864 0 0 0 0 0 0 309509260 4436242 1094172672 143360 0 0 0 2592 0 583552038
1790428221016 0 42 0 588688209 569701864 0 0 0 0 0 0 309509260 4436242 1094172672 143360 0 0 0 2592 0 583552038
1790428222048 0 44 0 588688211 569701864 0 0 0 0 0 0 309509260 4436242 1094172672 143360 0 0 0 2592 0 583552069
1790428223069 0 44 0 588688211 569701864 0 0 0 0 0 0 309509260 4436242 1094172672 143360 0 0 0 2592 0 583552069
1790428224090 0 44 0 588688211 569701864 0 0 0 0 0 0 309509260 4436242 1094172672 143360 0 0 0 2592 0 583552069
1790428225110 0 44 0 588688211 569701864 0 0 0 0 0 0 309509260 4436286 1094172672 143360 0 0 0 2592 0 583552069
1790428226129 0 3768 0 588691935 569701864 0 0 0 0 0 0 309509260 4436316 1094172672 155648 0 0 0 2592 0 583552069
1790428227149 0 7110 0 588695313 569701938 0 0 0 0 0 0 309509260 4436316 1094172672 155648 0 0 0 2592 0 583552069
1790428228170 0 10452 0 588698729 569701939 0 0 0 0 0 0 309509260 4436316 1094172672 159744 0 0 0 2592 0 583552069
1790428229190 0 13779 0 588702021 569701939 0 0 0 0 0 0 309509260 4436316 1094172672 159744 0 0 0 2592 0 583552069
1790428230210 0 16598 0 588704840 569701939 0 0 0 0 0 0 309509260 4436316 1094172672 159744 0 0 0 2592 0 583552069
1790428231230 0 1055 0 588706823 569719427 0 0 0 0 0 0 309509260 4436769 1094172672 135168 0 0 0 2592 0 583553007
1790428232251 0 3923 0 588709690 569719427 0 0 0 0 0 0 309509260 4436769 1094172672 139264 0 0 0 2592 0 583553007
1790428233276 0 6513 0 588712245 569719427 0 0 0 0 0 0 309509260 4436769 1094172672 147456 0 0 0 2592 0 583553007
1790428234305 0 9206 0 588714974 569719427 0 0 0 0 0 0 309509260 4436769 1094172672 147456 0 0 0 2592 0 583553007
1790428235332 0 12138 0 588717906 569719427 0 0 0 0 0 0 309509260 4436769 1094172672 147456 0 0 0 2592 0 583553007
1790428236359 0 836 0 588720031 569732891 0 0 0 0 0 0 309509260 4436916 1094172672 147456 0 0 0 2592 0 583553007
1790428237386 0 904 0 588720100 569732891 0 0 0 0 0 0 309509260 4436930 1094176768 151552 0 0 0 2592 0 583553007
1790428238417 0 911 0 588720138 569732922 0 0 0 0 0 0 309509260 4436931 1094176768 151552 0 0 0 2592 0 583553007
1790428239461 0 912 0 588720139 569732922 0 0 0 0 0 0 309509260 4436933 1094176768 151552 0 0 0 2592 0 583553007
1790428240529 0 105 0 588720346 569733935 0 0 0 0 0 0 309509260 4437005 759422976 131072 0 0 0 2592 0 583556674
1790428241627 0 445 0 588720686 569733935 0 0 0 0 0 0 309509260 4437045 1094381568 143360 0 0 0 2592 0 583558491
1790428242719 0 474 0 588720715 569733935 0 0 0 0 0 0 309509260 4437045 1094385664 143360 0 0 0 2592 0 583558491
1790428243799 0 474 0 588720715 569733935 0 0 0 0 0 0 309509260 4437045 1094385664 143360 0 0 0 2592 0 583558491
1790428244859 0 474 0 588720715 569733935 0 0 0 0 0 0 309509260 4437045 1094385664 143360 0 0 0 2592 0 583558493
1790428245938 0 695 0 588720935 569733935 0 0 0 0 0 0 309509260 4437045 1094385664 147456 0 0 0 2592 0 583558493
1790428247003 0 670 0 588720972 569733996 0 0 0 0 0 0 309509260 4437046 1094385664 147456 0 0 0 2592 0 583558493
1790428248055 0 679 0 588720981 569733996 0 0 0 0 0 0 309509260 4437050 1094389760 151552 0 0 0 2592 0 583558493
1790428249135 0 679 0 588720981 569733996 0 0 0 0 0 0 309509260 4438969 1094389760 151552 0 0 0 2592 0 583558493
1790428250210 0 12434 0 588737333 569738683 0 0 0 0 0 0 309509260 4439012 1094389760 151552 0 0 0 2592 0 583558493
1790428251254 0 12457 0 588737443 569738680 0 0 0 0 0 0 309509260 4439031 1094389760 135168 0 0 0 2592 0 583559546
1790428252296 0 12457 0 588737443 569738680 0 0 0 0 0 0 309509260 4439044 1094389760 135168 0 0 0 2592 0 583559546
1790428253346 0 12457 0 588737443 569738680 0 0 0 0 0 0 309509260 4439049 1094389760 135168 0 0 0 2592 0 583559548
1790428254395 0 12457 0 588737443 569738680 0 0 0 0 0 0 309509260 4439049 1094389760 135168 0 0 0 2592 0 583559548
1790428255435 0 130390 0 588858365 569741512 0 0 0 0 0 0 309509260 4439049 458264576 449093632 0 0 0 2592 0 583563424
1790428256468 0 438372 0 589166228 569741512 0 0 0 0 0 0 309509260 4439067 1715986432 1706815488 0 0 0 2592 0 583563424
1790428257500 0 349861 4048 589268328 569928108 0 0 0 0 0 0 309509260 4439080 2169712640 1453928448 12435456 0 0 2592 0 583563508
1790428258523 0 165668 1041 589268643 570115620 0 0 0 0 0 0 309509260 4439156 2169712640 677240832 11796480 0 0 2592 0 583563508
1790428259543 0 758 0 589269675 570282534 0 0 0 0 0 0 309509260 4439193 1689255936 0 0 0 0 2592 0 583587758
1790428260601 0 24495 0 589293483 570282643 0 0 0 0 0 0 309509260 4439940 1815834624 135168 0 0 0 2592 0 583605463
1790428261641 0 1719 17 589296286 570308201 0 0 0 0 0 0 309509260 4440057 2168406016 65536 0 0 0 2592 0 583606260
1790428262661 0 1800 0 589296370 570308222 0 0 0 0 0 0 309509260 4440057 2168406016 135168 0 0 0 2592 0 583606260
1790428263682 0 1816 0 589296386 570308222 0 0 0 0 0 0 309509260 4440057 2168406016 135168 0 0 0 2592 0 583606260
1790428264701 0 1816 0 589296386 570308222 0 0 0 0 0 0 309509260 4440057 2168406016 135168 0 0 0 2592 0 583606260
1790428265721 0 1816 0 589296386 570308222 0 0 0 0 0 0 309509260 4440067 2169085952 135168 0 0 0 2592 0 583606571
1790428266740 0 2397 0 589297101 570308356 0 0 0 0 0 0 309509260 4440115 2169085952 135168 0 0 0 2592 0 583606571
1790428267760 0 5561 0 589300384 570308363 0 0 0 0 0 0 309509260 4440115 2169085952 135168 0 0 0 2592 0 583606571
1790428268780 0 8987 0 589303726 570308363 0 0 0 0 0 0 309509260 4440115 2169085952 143360 0 0 0 2592 0 583606571
1790428269802 0 12267 0 589306980 570308363 0 0 0 0 0 0 309509260 4440115 2169085952 143360 0 0 0 2592 0 583606571
1790428270824 0 15814 0 589310565 570308363 0 0 0 0 0 0 309509260 4440115 2169085952 143360 0 0 0 2592 0 583606571
1790428271849 0 132 114 589314841 570328345 0 0 0 0 0 0 309509260 4440159 2169085952 65536 0 0 0 2592 0 583608991
1790428272878 0 14227 0 589329186 570328535 0 0 0 0 0 0 309509260 4440174 2169085952 139264 0 0 0 2592 0 583608993
1790428273903 0 14356 0 589329245 570328535 0 0 0 0 0 0 309509260 4440176 2169085952 139264 0 0 0 2592 0 583608993
1790428274929 0 14365 0 589329285 570328566 0 0 0 0 0 0 309509260 4440178 2169090048 143360 0 0 0 2592 0 583608993
1790428275957 0 14377 0 589329298 570328566 0 0 0 0 0 0 309509260 4440179 2169090048 151552 0 0 0 2592 0 583608993
1790428276991 0 3247 0 589331084 570341452 0 0 0 0 0 0 309509260 4440201 2169090048 151552 0 0 0 2592 0 583608993
1790428278038 0 3297 0 589331104 570341452 0 0 0 0 0 0 309509260 4440201 2169090048 151552 0 0 0 2592 0 583608993
1790428279071 0 3297 0 589331104 570341452 0 0 0 0 0 0 309509260 4440201 2169090048 151552 0 0 0 2592 0 583608993
1790428280100 0 3299 0 589331106 570341452 0 0 0 0 0 0 309509260 4440201 2169090048 151552 0 0 0 2592 0 583608993
1790428281140 0 3299 0 589331106 570341452 0 0 0 0 0 0 309509260 4440201 2169090048 151552 0 0 0 2592 0 583608993
1790428282176 0 1604 0 589331221 570343226 0 0 0 0 0 0 309509260 4440201 2169090048 151552 0 0 0 2592 0 583608993
1790428283201 0 160 0 589331681 570345166 0 0 0 0 0 0 309509260 4440201 2169090048 73728 0 0 0 2592 0 583608993
1790428284226 0 177 0 589331698 570345166 0 0 0 0 0 0 309509260 4440201 2169090048 143360 0 0 0 2592 0 583608993
1790428285251 0 177 0 589331698 570345166 0 0 0 0 0 0 309509260 4440201 2169090048 143360 0 0 0 2592 0 583608993
1790428286277 0 177 0 589331698 570345166 0 0 0 0 0 0 309509260 4440201 2169090048 143360 0 0 0 2592 0 583608993
1790428287303 0 177 0 589331698 570345166 0 0 0 0 0 0 309509260 4440201 2169090048 143360 0 0 0 2592 0 583608993
1790428288329 0 91 0 589331732 570345286 0 0 0 0 0 0 309509260 4440201 2169090048 143360 0 0 0 2592 0 583608993
1790428289355 0 91 0 589331732 570345286 0 0 0 0 0 0 309509260 4440201 2169090048 143360 0 0 0 2592 0 583608993
1790428290434 0 93 0 589331829 570345381 0 0 0 0 0 0 309509260 4440259 371728384 131072 0 0 0 2592 0 583635784
1790428291492 0 96 0 589331832 570345381 0 0 0 0 0 0 309509260 4440260 2168127488 143360 0 0 0 2592 0 583653566
1790428292514 0 96 0 589331832 570345381 0 0 0 0 0 0 309509260 4440260 2168127488 143360 0 0 0 2592 0 583653570
1790428293536 0 96 0 589331832 570345381 0 0 0 0 0 0 309509260 4440260 2168127488 143360 0 0 0 2592 0 583653573
1790428294558 0 96 0 589331832 570345381 0 0 0 0 0 0 309509260 4440260 2168127488 143360 0 0 0 2592 0 583653573
1790428295579 0 93 0 589331832 570345384 0 0 0 0 0 0 309509260 4440260 2168127488 143360 0 0 0 2592 0 583653573
1790428296601 0 42 0 589331839 570345442 0 0 0 0 0 0 309509260 4440260 2168127488 143360 0 0 0 2592 0 583653573
1790428297622 0 42 0 589331839 570345442 0 0 0 0 0 0 309509260 4440260 2168127488 143360 0 0 0 2592 0 583653573
1790428298647 0 42 0 589331839 570345442 0 0 0 0 0 0 309509260 4440260 2168127488 143360 0 0 0 2592 0 583653573
1790428299674 0 42 0 589331839 570345442 0 0 0 0 0 0 309509260 4440260 2168127488 143360 0 0 0 2592 0 583653573
1790428300707 0 48 0 589331845 570345442 0 0 0 0 0 0 309509260 4440260 2168127488 65536 0 0 0 2592 0 583671097
1790428301739 0 26 0 589331871 570345490 0 0 0 0 0 0 309509260 4440260 2168127488 135168 0 0 0 2592 0 583671097
1790428302765 0 42 0 589331887 570345490 0 0 0 0 0 0 309509260 4440260 2168131584 135168 0 0 0 2592 0 583671203
1790428303792 0 42 0 589331887 570345490 0 0 0 0 0 0 309509260 4440260 2168131584 135168 0 0 0 2592 0 583671203
1790428304819 0 42 0 589331887 570345490 0 0 0 0 0 0 309509260 4440260 2168131584 135168 0 0 0 2592 0 583671203
