T pattern config n r/s | r_await | wMB/s | w_await | queue | util% | cg dirty MiB | wbt throttled%
4 zipf filedir 1 4042.36 | 3.56 | 493.57 | 13.61 | 36.68 | 98.89 | 429.14 | 15.32
4 zipf fill 1 7960.62 | 1.82 | 651.04 | 9.63 | 34.99 | 98.26 | 281.98 | 4.91
4 zipf fillwb 3 9138.72 | 1.25 | 743.42 | 1.07 | 13.36 | 99.93 | 7.12 | 0.00
4 zipf flush 2 3984.48 | 1.61 | 631.12 | 11.41 | 26.21 | 99.47 | 338.56 | 7.17
4 zipf lmdb 3 3615.21 | 0.88 | 385.80 | 13.67 | 17.32 | 99.62 | 309.72 | 7.88
4 zipf ret 2 6416.32 | 1.94 | 525.68 | 13.16 | 34.92 | 99.39 | 282.64 | 6.04
4 zipf wb 3 8872.04 | 1.10 | 705.95 | 0.82 | 11.16 | 99.96 | 7.39 | 0.00
4 zipf+scan filedir 1 2414.84 | 5.46 | 644.83 | 8.14 | 28.86 | 99.24 | 626.45 | 24.89
4 zipf+scan fill 2 3766.14 | 4.64 | 757.62 | 12.42 | 44.33 | 96.50 | 345.28 | 11.70
4 zipf+scan fillwb 3 5132.31 | 1.73 | 1024.26 | 1.20 | 11.49 | 99.97 | 8.78 | 0.00
4 zipf+scan flush 2 2343.98 | 1.54 | 714.48 | 12.46 | 25.59 | 98.89 | 368.26 | 8.14
4 zipf+scan lmdb 3 2047.18 | 1.04 | 524.92 | 11.39 | 16.16 | 99.28 | 388.90 | 12.08
4 zipf+scan ret 3 3640.93 | 1.82 | 692.66 | 12.02 | 30.69 | 99.02 | 306.35 | 5.99
4 zipf+scan wb 3 4612.29 | 1.37 | 887.87 | 0.80 | 7.74 | 99.98 | 9.33 | 0.00
1 zipf filedir 2 2033.20 | 1.25 | 260.32 | 13.33 | 13.01 | 86.31 | 399.94 | 16.01
1 zipf fill 2 4299.00 | 0.84 | 364.75 | 13.50 | 16.98 | 91.03 | 289.83 | 5.95
1 zipf fillwb 2 4633.59 | 0.59 | 393.69 | 0.67 | 3.19 | 99.07 | 6.11 | 0.00
1 zipf flush 2 2808.51 | 0.85 | 437.63 | 13.15 | 15.74 | 97.07 | 339.09 | 9.17
1 zipf lmdb 2 2325.55 | 0.34 | 255.73 | 11.79 | 7.77 | 97.97 | 265.99 | 10.95
1 zipf ret 1 4689.20 | 0.56 | 389.71 | 11.37 | 14.98 | 96.98 | 308.35 | 3.08
1 zipf wb 2 4727.43 | 0.54 | 391.31 | 0.65 | 2.96 | 99.25 | 6.29 | 0.00
1 zipf+scan filedir 1 1157.00 | 2.01 | 373.33 | 9.08 | 10.53 | 81.28 | 476.97 | 26.33
1 zipf+scan fill 2 2438.68 | 1.54 | 487.09 | 13.93 | 19.04 | 85.66 | 342.94 | 11.15
1 zipf+scan fillwb 1 2708.45 | 0.84 | 545.97 | 0.73 | 2.86 | 99.21 | 7.70 | 0.00
1 zipf+scan flush 1 1894.74 | 1.01 | 563.91 | 12.60 | 16.50 | 96.77 | 368.46 | 8.57
1 zipf+scan lmdb 1 1423.01 | 0.51 | 387.42 | 12.12 | 9.51 | 97.50 | 342.40 | 14.35
1 zipf+scan ret 2 2757.66 | 0.88 | 521.47 | 12.64 | 17.09 | 96.21 | 322.27 | 7.37
1 zipf+scan wb 2 2916.00 | 0.71 | 555.18 | 0.65 | 2.57 | 99.41 | 7.68 | 0.00
