1790417627986 0 412 0 429793410 429498241 0 0 0 0 0 0 309509260 991239 - - - - - - - -
1790417629029 0 90 0 429864974 429570127 0 0 0 0 0 0 309509260 991358 316153856 131072 0 0 0 2592 0 57507230
1790417630048 0 93 0 429864977 429570127 0 0 0 0 0 0 309509260 991359 316596224 143360 0 0 0 2592 0 57507230
1790417631067 0 93 0 429864977 429570127 0 0 0 0 0 0 309509260 991359 316596224 143360 0 0 0 2592 0 57507230
1790417632086 0 93 0 429864977 429570127 0 0 0 0 0 0 309509260 991359 316596224 143360 0 0 0 2592 0 57507230
1790417633116 0 59 0 429867910 429573062 0 0 0 0 0 0 309509260 991450 78278656 32768 0 0 0 2592 0 57534430
1790417634187 0 59 0 430002251 429707403 0 0 0 0 0 0 309509260 991551 451620864 122880 0 0 0 2592 0 57545677
1790417635221 0 95 0 430002287 429707403 0 0 0 0 0 0 309509260 991552 584245248 143360 0 0 0 2592 0 57545997
1790417636240 0 95 0 430002287 429707403 0 0 0 0 0 0 309509260 991552 584245248 143360 0 0 0 2592 0 57545997
1790417637258 0 95 0 430002287 429707403 0 0 0 0 0 0 309509260 991552 584245248 143360 0 0 0 2592 0 57545997
1790417638278 0 95 0 430002287 429707403 0 0 0 0 0 0 309509260 991552 584245248 143360 0 0 0 2592 0 57545997
1790417639320 0 233789 0 430239021 429710341 0 0 0 0 0 0 309509260 991644 931115008 924606464 0 0 0 2592 0 57558218
1790417640357 0 898 4064 430270522 429970739 0 0 0 0 0 0 309509260 991657 1095880704 36900864 25165824 0 0 2592 0 57572556
1790417641421 0 91 0 430270747 429975835 0 0 0 0 0 0 309509260 991743 1118183424 139264 0 0 0 2592 0 57584364
1790417642444 0 92 0 430270748 429975835 0 0 0 0 0 0 309509260 991744 1119911936 143360 0 0 0 2592 0 57584400
1790417643463 0 92 0 430270748 429975835 0 0 0 0 0 0 309509260 991744 1119911936 143360 0 0 0 2592 0 57584400
1790417644483 0 92 0 430270748 429975835 0 0 0 0 0 0 309509260 991744 1119911936 143360 0 0 0 2592 0 57584400
1790417645550 0 88 0 430270846 429975937 0 0 0 0 0 0 309509260 991836 762617856 131072 0 0 0 2592 0 57597533
1790417646588 0 310772 0 430584502 429978769 0 0 0 0 0 0 309509260 991837 1257635840 1248890880 0 0 0 2592 0 57624057
1790417647611 0 399926 4899 430801180 430101447 0 0 0 0 0 0 309509260 991839 2169155584 1657851904 16777216 0 0 2592 0 57625896
1790417648634 0 177558 4096 430801180 430324673 0 0 0 0 0 0 309509260 991839 2169155584 751575040 8798208 0 0 2592 0 57625896
1790417649682 0 39 0 430801449 430506557 0 0 0 0 0 0 309509260 991928 48082944 106496 0 0 0 2592 0 57632120
1790417650720 0 92 0 430801502 430506557 0 0 0 0 0 0 309509260 991929 2196230144 147456 0 0 0 2592 0 57637603
1790417651739 0 93 0 430801503 430506557 0 0 0 0 0 0 309509260 991929 2196230144 147456 0 0 0 2592 0 57637603
1790417652758 0 93 0 430801503 430506557 0 0 0 0 0 0 309509260 991929 2196230144 147456 0 0 0 2592 0 57637603
1790417653778 0 93 0 430801503 430506557 0 0 0 0 0 0 309509260 991929 2196230144 147456 0 0 0 2592 0 57637603
1790417654858 0 38 0 430801536 430506682 0 0 0 0 0 0 309509260 992021 377266176 131072 0 0 0 2592 0 57643239
1790417655899 0 82359 0 430886799 430509494 0 0 0 0 0 0 309509260 992022 322670592 313253888 0 0 0 2592 0 57681970
1790417656918 0 489466 0 431294001 430509494 0 0 0 0 0 0 309509260 992022 1989685248 1980268544 0 0 0 2592 0 57681970
1790417657939 0 558555 1970 431541161 430685720 0 0 0 0 0 0 309509260 992022 3021578240 2308194304 8388608 0 0 2592 0 57681970
1790417658964 0 510288 6144 431707933 430896616 0 0 0 0 0 0 309509260 992022 3704885248 2108461056 15732736 0 0 2592 0 57681970
1790417659986 0 431607 6148 431856949 431124336 0 0 0 0 0 0 309509260 992024 4317667328 1792991232 8421376 0 0 2592 0 57682134
1790417661009 0 164124 4084 431857245 431394152 0 0 0 0 0 0 309509260 992024 4317667328 696209408 8388608 0 0 2592 0 57682134
1790417662027 0 37 0 431857401 431562479 0 0 0 0 0 0 309509260 992061 960425984 0 0 0 0 2592 0 57683105
1790417663124 0 91 0 431857455 431562479 0 0 0 0 0 0 309509260 992113 2862272512 135168 0 0 0 2592 0 57724644
1790417664189 0 93 0 431857457 431562479 0 0 0 0 0 0 309509260 992114 4349431808 143360 0 0 0 2592 0 57734294
1790417665208 0 93 0 431857457 431562479 0 0 0 0 0 0 309509260 992114 4349431808 143360 0 0 0 2592 0 57734294
1790417666228 0 94 0 431857458 431562479 0 0 0 0 0 0 309509260 992114 4349435904 147456 0 0 0 2592 0 57734294
1790417667249 0 44 0 431857466 431562537 0 0 0 0 0 0 309509260 992114 4349435904 159744 0 0 0 2592 0 57734294
1790417668318 0 57 0 431857527 431562585 0 0 0 0 0 0 309509260 992206 412815360 131072 0 0 0 2592 0 57746222
1790417669362 0 90 0 431857560 431562585 0 0 0 0 0 0 309509260 992207 3785056256 135168 0 0 0 2592 0 57754329
