1790417384965 0 950 146 421537736 421242528 0 0 0 0 0 0 309509260 985533 219951104 4096 0 0 0 2592 0 47375807
1790417386010 0 81 0 421606492 421312294 0 0 0 0 0 0 309509260 985686 113356800 126976 0 0 0 2592 0 47486620
1790417387058 0 86 0 421606497 421312294 0 0 0 0 0 0 309509260 985782 288878592 147456 0 0 0 2592 0 47655407
1790417388076 0 86 0 421606497 421312294 0 0 0 0 0 0 309509260 985782 288878592 147456 0 0 0 2592 0 47655407
1790417389094 0 86 0 421606497 421312294 0 0 0 0 0 0 309509260 985782 288878592 147456 0 0 0 2592 0 47655407
1790417390114 0 86 0 421606497 421312294 0 0 0 0 0 0 309509260 985782 288878592 147456 0 0 0 2592 0 47655407
1790417391154 0 80 0 421606583 421312386 0 0 0 0 0 0 309509260 985907 57888768 131072 0 0 0 2592 0 47698021
1790417392198 0 155 0 421609419 421315111 0 0 0 0 0 0 309509260 986048 8572928 1548288 0 0 0 2592 0 48004522
1790417393222 0 0 0 421743733 421449563 0 0 0 0 0 0 309509260 986097 558129152 0 0 0 0 2592 0 48014456
1790417394256 0 84 0 421743796 421449563 0 0 0 0 0 0 309509260 986308 475439104 135168 0 0 0 2592 0 48430618
1790417395284 0 86 0 421743798 421449563 0 0 0 0 0 0 309509260 986321 556224512 143360 0 0 0 2592 0 48492443
1790417396302 0 86 0 421743798 421449563 0 0 0 0 0 0 309509260 986321 556224512 143360 0 0 0 2592 0 48492443
1790417397321 0 86 0 421743798 421449563 0 0 0 0 0 0 309509260 986321 556224512 143360 0 0 0 2592 0 48492443
1790417398340 0 86 0 421743798 421449563 0 0 0 0 0 0 309509260 986321 556224512 143360 0 0 0 2592 0 48492443
1790417399380 0 83 0 421743893 421449661 0 0 0 0 0 0 309509260 986549 388026368 131072 0 0 0 2592 0 48873441
1790417400409 0 227045 0 421973713 421452493 0 0 0 0 0 0 309509260 986602 916946944 906051584 0 0 0 2592 0 48975045
1790417401432 0 66944 1975 422012044 421649029 0 0 0 0 0 0 309509260 986604 1097469952 298295296 8388608 0 0 2592 0 48985533
1790417402460 0 82 0 422012262 421717999 0 0 0 0 0 0 309509260 986773 522911744 131072 0 0 0 2592 0 49172894
1790417403484 0 85 0 422012265 421717999 0 0 0 0 0 0 309509260 986856 1094086656 143360 0 0 0 2592 0 49271380
1790417404503 0 85 0 422012265 421717999 0 0 0 0 0 0 309509260 986856 1094086656 143360 0 0 0 2592 0 49271380
1790417405522 0 85 0 422012265 421717999 0 0 0 0 0 0 309509260 986856 1094086656 143360 0 0 0 2592 0 49271380
1790417406541 0 85 0 422012265 421717999 0 0 0 0 0 0 309509260 986856 1094086656 143360 0 0 0 2592 0 49271380
1790417407572 0 92 0 422012357 421718084 0 0 0 0 0 0 309509260 987002 318713856 131072 0 0 0 2592 0 49340564
1790417408597 0 75883 0 422091120 421720927 0 0 0 0 0 0 309509260 987123 295534592 287031296 0 0 0 2592 0 49546421
1790417409616 0 483174 0 422498422 421720927 0 0 0 0 0 0 309509260 987123 1963307008 1954803712 0 0 0 2592 0 49546421
1790417410639 0 331739 4084 422542692 421912656 0 0 0 0 0 0 309509260 987125 2168942592 1373442048 7655424 0 0 2592 0 49547602
1790417411662 0 115337 3212 422542693 422129931 0 0 0 0 0 0 309509260 987125 2168942592 493719552 8388608 0 0 2592 0 49547602
1790417412705 0 35 0 422542970 422248755 0 0 0 0 0 0 309509260 987214 16277504 0 0 0 0 2592 0 49554773
1790417413732 0 87 0 422543022 422248722 0 0 0 0 0 0 309509260 987361 1670889472 135168 0 0 0 2592 0 50006739
1790417414750 0 90 0 422543025 422248722 0 0 0 0 0 0 309509260 987386 2167595008 147456 0 0 0 2592 0 50045266
1790417415769 0 90 0 422543025 422248722 0 0 0 0 0 0 309509260 987386 2167595008 147456 0 0 0 2592 0 50045266
1790417416788 0 90 0 422543025 422248722 0 0 0 0 0 0 309509260 987386 2167595008 147456 0 0 0 2592 0 50045266
1790417417808 0 87 0 422543025 422248725 0 0 0 0 0 0 309509260 987386 2167595008 163840 0 0 0 2592 0 50045266
1790417418838 0 94 0 422543119 422248812 0 0 0 0 0 0 309509260 987537 685588480 131072 0 0 0 2592 0 50192866
1790417419862 0 85 0 422543123 422248825 0 0 0 0 0 0 309509260 987650 1049858048 69632 0 0 0 2592 0 50393433
1790417420880 0 354221 0 422900224 422251657 0 0 0 0 0 0 309509260 987650 1434443776 1426239488 0 0 0 2592 0 50425880
1790417421899 0 584970 1871 423244495 422363425 0 0 0 0 0 0 309509260 987650 2856587264 2390835200 16777216 0 0 2592 0 50425880
1790417422919 0 552985 1682 423447382 422598416 0 0 0 0 0 0 309509260 987650 3681923072 2263347200 16777216 0 0 2592 0 50425880
1790417423943 0 434596 2056 423589721 422858749 0 0 0 0 0 0 309509260 987650 4262539264 1778716672 16777216 0 0 2592 0 50426418
1790417424970 0 108842 2052 423598477 423193365 0 0 0 0 0 0 309509260 987652 4316528640 445816832 33554432 0 0 2592 0 50427966
1790417426010 0 84 0 423598961 423304632 0 0 0 0 0 0 309509260 987741 95059968 131072 0 0 0 2592 0 50435809
1790417427036 0 85 0 423598962 423304632 0 0 0 0 0 0 309509260 987803 1496514560 135168 0 0 0 2592 0 50961782
1790417428055 0 101 0 423598979 423304633 0 0 0 0 0 0 309509260 987868 2830135296 143360 0 0 0 2592 0 51523824
1790417429074 0 103 0 423598981 423304633 0 0 0 0 0 0 309509260 987913 4314583040 151552 0 0 0 2592 0 51779549
1790417430093 0 103 0 423598981 423304633 0 0 0 0 0 0 309509260 987929 4316758016 151552 0 0 0 2592 0 51779902
1790417431113 0 51 0 423598981 423304685 0 0 0 0 0 0 309509260 987929 4316758016 151552 0 0 0 2592 0 51779902
1790417432134 0 51 0 423598981 423304685 0 0 0 0 0 0 309509260 987929 4316758016 151552 0 0 0 2592 0 51779902
1790417433153 0 38 0 423599019 423304736 0 0 0 0 0 0 309509260 987959 3569655808 0 0 0 0 2592 0 51780377
1790417434195 0 84 0 423599070 423304741 0 0 0 0 0 0 309509260 988056 1060073472 135168 0 0 0 2592 0 51987581
1790417435224 0 84 0 423599070 423304741 0 0 0 0 0 0 309509260 988130 2706436096 135168 0 0 0 2592 0 52330967
1790417436243 0 85 0 423599071 423304741 0 0 0 0 0 0 309509260 988184 4315062272 135168 0 0 0 2592 0 52837964
