1790418112575 0 403 0 446310310 446013870 0 0 0 0 0 0 309509260 1002664 13631488 1372160 0 0 0 2592 0 77031335
1790418113617 0 35 0 446381815 446085743 0 0 0 0 0 0 309509260 1002777 294842368 131072 0 0 0 2592 0 77040838
1790418114641 0 92 0 446381872 446085743 0 0 0 0 0 0 309509260 1002797 300040192 143360 0 0 0 2592 0 77041307
1790418115660 0 94 0 446381874 446085743 0 0 0 0 0 0 309509260 1002797 300040192 143360 0 0 0 2592 0 77041307
1790418116680 0 94 0 446381874 446085743 0 0 0 0 0 0 309509260 1002797 300040192 143360 0 0 0 2592 0 77041307
1790418117708 0 22641 0 446407413 446088619 0 0 0 0 0 0 309509260 1002880 65708032 59281408 0 0 0 2592 0 77046041
1790418118750 0 89 0 446519178 446223020 0 0 0 0 0 0 309509260 1002972 407420928 122880 0 0 0 2592 0 77058261
1790418119780 0 92 0 446519181 446223020 0 0 0 0 0 0 309509260 1002973 564387840 143360 0 0 0 2592 0 77058442
1790418120798 0 94 0 446519183 446223020 0 0 0 0 0 0 309509260 1002973 564387840 143360 0 0 0 2592 0 77058442
1790418121817 0 94 0 446519183 446223020 0 0 0 0 0 0 309509260 1002973 564387840 143360 0 0 0 2592 0 77058442
1790418122837 0 94 0 446519183 446223020 0 0 0 0 0 0 309509260 1002973 564387840 143360 0 0 0 2592 0 77058442
1790418123879 0 209716 58 446731860 446225956 0 0 0 0 0 0 309509260 1003066 831209472 824672256 0 0 0 2592 0 77084193
1790418124913 0 30579 4104 446787424 446456639 0 0 0 0 0 0 309509260 1003085 1097162752 158556160 16777216 0 0 2592 0 77194902
1790418125961 0 101 0 446787598 446491432 0 0 0 0 0 0 309509260 1003166 1100836864 139264 0 0 0 2592 0 77204059
1790418126985 0 96 0 446787655 446491458 0 0 0 0 0 0 309509260 1003167 1102721024 143360 0 0 0 2592 0 77204098
1790418128004 0 96 0 446787655 446491458 0 0 0 0 0 0 309509260 1003167 1102721024 143360 0 0 0 2592 0 77204098
1790418129023 0 96 0 446787655 446491458 0 0 0 0 0 0 309509260 1003167 1102721024 143360 0 0 0 2592 0 77204098
1790418130068 0 90 0 446787759 446491568 0 0 0 0 0 0 309509260 1003258 212443136 131072 0 0 0 2592 0 77223317
1790418131098 0 226728 0 447017243 446494400 0 0 0 0 0 0 309509260 1003259 913014784 904339456 0 0 0 2592 0 77262655
1790418132123 0 435600 2048 447318094 446584313 0 0 0 0 0 0 309509260 1003261 2169126912 1800753152 25165824 0 0 2592 0 77262939
1790418133148 0 132440 4096 447318095 446885426 0 0 0 0 0 0 309509260 1003261 2169126912 567398400 8388608 0 0 2592 0 77262939
1790418134189 0 91 0 447318422 447022198 0 0 0 0 0 0 309509260 1003350 590737408 131072 0 0 0 2592 0 77277974
1790418135218 0 95 0 447318426 447022198 0 0 0 0 0 0 309509260 1003351 2176294912 147456 0 0 0 2592 0 77309124
1790418136237 0 95 0 447318426 447022198 0 0 0 0 0 0 309509260 1003351 2176294912 147456 0 0 0 2592 0 77309124
1790418137257 0 95 0 447318426 447022198 0 0 0 0 0 0 309509260 1003351 2176294912 147456 0 0 0 2592 0 77309124
1790418138276 0 95 0 447318426 447022198 0 0 0 0 0 0 309509260 1003351 2176294912 147456 0 0 0 2592 0 77309124
1790418139316 0 91 0 447318527 447022303 0 0 0 0 0 0 309509260 1003443 328237056 131072 0 0 0 2592 0 77325683
1790418140346 0 53790 58 447375099 447025137 0 0 0 0 0 0 309509260 1003444 205783040 196206592 0 0 0 2592 0 77405703
1790418141364 0 463193 0 447784534 447025135 0 0 0 0 0 0 309509260 1003444 1881870336 1872293888 0 0 0 2592 0 77405703
1790418142383 0 544774 0 448038191 447197213 0 0 0 0 0 0 309509260 1003444 2920812544 2206892032 0 0 0 2592 0 77405703
1790418143401 0 542135 2028 448294117 447453740 0 0 0 0 0 0 309509260 1003444 3970338816 2224197632 8388608 0 0 2592 0 77405703
1790418144427 0 364862 4082 448373891 447708793 0 0 0 0 0 0 309509260 1003446 4317863936 1524174848 14426112 0 0 2592 0 77405703
1790418145454 0 42638 30725 448374219 448004683 0 0 0 0 0 0 309509260 1003446 4317863936 322236416 62832640 0 0 2592 0 77405703
1790418146495 0 90 0 448374365 448078110 0 0 0 0 0 0 309509260 1003535 374747136 131072 0 0 0 2592 0 77463119
1790418147524 0 93 0 448374368 448078110 0 0 0 0 0 0 309509260 1003536 2321080320 135168 0 0 0 2592 0 77862913
1790418148543 0 93 0 448374368 448078110 0 0 0 0 0 0 309509260 1003536 4248657920 135168 0 0 0 2592 0 78266415
1790418149562 0 96 0 448374371 448078110 0 0 0 0 0 0 309509260 1003536 4324249600 147456 0 0 0 2592 0 78266788
1790418150581 0 96 0 448374371 448078110 0 0 0 0 0 0 309509260 1003536 4324249600 147456 0 0 0 2592 0 78266788
1790418151601 0 43 0 448374378 448078170 0 0 0 0 0 0 309509260 1003536 4324249600 155648 0 0 0 2592 0 78266788
1790418152620 0 43 0 448374378 448078170 0 0 0 0 0 0 309509260 1003536 4324249600 155648 0 0 0 2592 0 78266788
1790418153662 0 89 0 448374470 448078216 0 0 0 0 0 0 309509260 1003628 810545152 131072 0 0 0 2592 0 78372956
1790418154693 0 92 0 448374473 448078216 0 0 0 0 0 0 309509260 1003645 2719309824 135168 0 0 0 2592 0 78781700
1790418155712 0 93 0 448374474 448078216 0 0 0 0 0 0 309509260 1003645 3312709632 110592 0 0 0 2592 0 79126175
