1790417511557 0 404 0 425664266 425369425 0 0 0 0 0 0 309509260 989261 13320192 1368064 0 0 0 2592 0 55454654
1790417512599 0 81 0 425735839 425441321 0 0 0 0 0 0 309509260 989362 294723584 131072 0 0 0 2592 0 55462901
1790417513623 0 85 0 425735843 425441321 0 0 0 0 0 0 309509260 989382 299974656 143360 0 0 0 2592 0 55463605
1790417514642 0 87 0 425735845 425441321 0 0 0 0 0 0 309509260 989382 299974656 143360 0 0 0 2592 0 55463605
1790417515662 0 87 0 425735845 425441321 0 0 0 0 0 0 309509260 989382 299974656 143360 0 0 0 2592 0 55463605
1790417516690 0 26880 58 425765643 425444200 0 0 0 0 0 0 309509260 989464 84819968 78446592 0 0 0 2592 0 55478112
1790417517735 0 82 91 425873180 425578513 0 0 0 0 0 0 309509260 989555 254173184 122880 0 0 0 2592 0 55500664
1790417518763 0 85 0 425873162 425578608 0 0 0 0 0 0 309509260 989556 564441088 143360 0 0 0 2592 0 55503299
1790417519781 0 87 0 425873164 425578608 0 0 0 0 0 0 309509260 989556 564441088 143360 0 0 0 2592 0 55503299
1790417520800 0 87 0 425873164 425578608 0 0 0 0 0 0 309509260 989572 566710272 143360 0 0 0 2592 0 55504609
1790417521820 0 87 0 425873164 425578608 0 0 0 0 0 0 309509260 989572 566710272 143360 0 0 0 2592 0 55504609
1790417522862 0 214137 0 426090310 425581537 0 0 0 0 0 0 309509260 989656 850243584 843603968 0 0 0 2592 0 55526756
1790417523890 0 38761 2057 426141399 425806022 0 0 0 0 0 0 309509260 989659 1095008256 166912000 16777216 0 0 2592 0 55527921
1790417524930 0 21 0 426141593 425847035 0 0 0 0 0 0 309509260 989749 1099972608 139264 0 0 0 2592 0 55537982
1790417525953 0 89 0 426141625 425847035 0 0 0 0 0 0 309509260 989750 1101287424 143360 0 0 0 2592 0 55538012
1790417526972 0 89 0 426141625 425847035 0 0 0 0 0 0 309509260 989750 1101287424 143360 0 0 0 2592 0 55538012
1790417527992 0 89 0 426141625 425847035 0 0 0 0 0 0 309509260 989750 1101287424 143360 0 0 0 2592 0 55538012
1790417529025 0 50 0 426141687 425847136 0 0 0 0 0 0 309509260 989842 84389888 131072 0 0 0 2592 0 55551623
1790417530050 0 212349 0 426356952 425849968 0 0 0 0 0 0 309509260 989843 852983808 845484032 0 0 0 2592 0 55587166
1790417531073 0 507025 2044 426672058 425868456 0 0 0 0 0 0 309509260 989845 2167926784 2084872192 8388608 0 0 2592 0 55589511
1790417532097 0 266078 4088 426672059 426107360 0 0 0 0 0 0 309509260 989845 2167926784 1093701632 12623872 0 0 2592 0 55589511
1790417533120 0 41 12 426672059 426377402 0 0 0 0 0 0 309509260 989845 2167926784 13266944 8617984 0 0 2592 0 55589511
1790417534156 0 95 0 426672379 426377751 0 0 0 0 0 0 309509260 989936 1859170304 135168 0 0 0 2592 0 55635095
1790417535186 0 98 0 426672382 426377751 0 0 0 0 0 0 309509260 989937 2175213568 147456 0 0 0 2592 0 55643847
1790417536205 0 98 0 426672382 426377751 0 0 0 0 0 0 309509260 989937 2175213568 147456 0 0 0 2592 0 55643847
1790417537224 0 98 0 426672382 426377751 0 0 0 0 0 0 309509260 989937 2175213568 147456 0 0 0 2592 0 55643847
1790417538244 0 98 0 426672382 426377751 0 0 0 0 0 0 309509260 989937 2175213568 147456 0 0 0 2592 0 55643847
1790417539283 0 90 0 426672485 426377862 0 0 0 0 0 0 309509260 990029 1848889344 131072 0 0 0 2592 0 55687753
1790417540309 0 277611 0 426952896 426380694 0 0 0 0 0 0 309509260 990030 1122103296 1112596480 0 0 0 2592 0 55723314
1790417541327 0 563312 53 427319493 426461618 0 0 0 0 0 0 309509260 990030 2622898176 2281934848 0 0 0 2592 0 55723314
1790417542346 0 539727 4088 427529782 426691407 0 0 0 0 0 0 309509260 990030 3491291136 2210566144 16777216 0 0 2592 0 55732196
1790417543370 0 509982 4099 427727826 426919101 0 0 0 0 0 0 309509260 990032 4317765632 2105868288 8388608 0 0 2592 0 55732309
1790417544392 0 165865 2048 427727830 427265352 0 0 0 0 0 0 309509260 990032 4317765632 687489024 17059840 0 0 2592 0 55732309
1790417545411 0 85 0 427728265 427433615 0 0 0 0 0 0 309509260 990069 1388179456 0 0 0 0 2592 0 55733120
1790417546453 0 90 0 427728318 427433663 0 0 0 0 0 0 309509260 990120 1561939968 135168 0 0 0 2592 0 55946462
1790417547482 0 90 0 427728318 427433663 0 0 0 0 0 0 309509260 990121 3544891392 135168 0 0 0 2592 0 56343749
1790417548501 0 92 0 427728320 427433663 0 0 0 0 0 0 309509260 990121 4324134912 143360 0 0 0 2592 0 56401641
1790417549520 0 93 0 427728321 427433663 0 0 0 0 0 0 309509260 990121 4324139008 147456 0 0 0 2592 0 56401641
1790417550540 0 36 0 427728321 427433720 0 0 0 0 0 0 309509260 990137 4326318080 147456 0 0 0 2592 0 56401976
1790417551560 0 46 0 427728331 427433720 0 0 0 0 0 0 309509260 990137 4326318080 163840 0 0 0 2592 0 56401976
1790417552603 0 35 1 427728371 427433770 0 0 0 0 0 0 309509260 990222 291672064 131072 0 0 0 2592 0 56420234
1790417553631 0 91 0 427728427 427433771 0 0 0 0 0 0 309509260 990223 2265948160 135168 0 0 0 2592 0 56804802
1790417554650 0 91 0 427728427 427433771 0 0 0 0 0 0 309509260 990223 4221095936 135168 0 0 0 2592 0 57195103
