1790417685458 0 387 0 431857946 431562642 0 0 0 0 0 0 309509260 992236 - - - - - - - -
1790417686512 0 91 0 431929539 431634531 0 0 0 0 0 0 309509260 992415 103182336 126976 0 0 0 2592 0 57896837
1790417687532 0 96 0 431929544 431634531 0 0 0 0 0 0 309509260 992528 290373632 147456 0 0 0 2592 0 58331112
1790417688550 0 96 0 431929544 431634531 0 0 0 0 0 0 309509260 992528 290373632 147456 0 0 0 2592 0 58331112
1790417689569 0 96 0 431929544 431634531 0 0 0 0 0 0 309509260 992528 290373632 147456 0 0 0 2592 0 58331112
1790417690588 0 96 0 431929544 431634531 0 0 0 0 0 0 309509260 992528 290373632 147456 0 0 0 2592 0 58331112
1790417691630 0 80 0 431929579 431634583 0 0 0 0 0 0 309509260 992643 48902144 131072 0 0 0 2592 0 58368012
1790417692681 0 90 0 431929643 431634636 0 0 0 0 0 0 309509260 992791 270065664 126976 0 0 0 2592 0 58984784
1790417693712 0 22 1 432066791 431771855 0 0 0 0 0 0 309509260 992882 561528832 135168 0 0 0 2592 0 58995352
1790417694736 0 94 0 432066885 431771842 0 0 0 0 0 0 309509260 993054 557068288 143360 0 0 0 2592 0 59457141
1790417695755 0 94 0 432066885 431771842 0 0 0 0 0 0 309509260 993054 557068288 143360 0 0 0 2592 0 59457141
1790417696774 0 94 0 432066885 431771842 0 0 0 0 0 0 309509260 993054 557068288 143360 0 0 0 2592 0 59457141
1790417697793 0 94 0 432066885 431771842 0 0 0 0 0 0 309509260 993054 557068288 143360 0 0 0 2592 0 59457141
1790417698836 0 110 0 432066950 431771893 0 0 0 0 0 0 309509260 993163 66781184 131072 0 0 0 2592 0 59469390
1790417699890 0 90 0 432066986 431771947 0 0 0 0 0 0 309509260 993319 549466112 135168 0 0 0 2592 0 59790115
1790417700923 0 187864 4088 432335113 431848136 0 0 0 0 0 0 309509260 993337 1097166848 802652160 16777216 0 0 2592 0 59804431
1790417701957 0 3 0 432335278 432040294 0 0 0 0 0 0 309509260 993435 142151680 131072 0 0 0 2592 0 59832157
1790417702981 0 93 0 432335368 432040294 0 0 0 0 0 0 309509260 993589 1094189056 143360 0 0 0 2592 0 60212471
1790417704000 0 93 0 432335368 432040294 0 0 0 0 0 0 309509260 993589 1094189056 143360 0 0 0 2592 0 60212471
1790417705020 0 93 0 432335368 432040294 0 0 0 0 0 0 309509260 993589 1094189056 143360 0 0 0 2592 0 60212471
1790417706039 0 93 0 432335368 432040294 0 0 0 0 0 0 309509260 993589 1094189056 143360 0 0 0 2592 0 60212471
1790417707079 0 40 0 432335418 432040397 0 0 0 0 0 0 309509260 993681 33628160 131072 0 0 0 2592 0 60222912
1790417708107 0 91 0 432335469 432040397 0 0 0 0 0 0 309509260 993853 393572352 53248 0 0 0 2592 0 60676392
1790417709125 0 376856 0 432715225 432043229 0 0 0 0 0 0 309509260 993853 1528213504 1519480832 0 0 0 2592 0 60702552
1790417710148 0 365109 6116 432865805 432199594 0 0 0 0 0 0 309509260 993855 2169188352 1520271360 8388608 0 0 2592 0 60702967
1790417711175 0 104218 4096 432865806 432462479 0 0 0 0 0 0 309509260 993855 2169188352 435015680 33554432 0 0 2592 0 60702967
1790417712212 0 90 0 432866098 432570995 0 0 0 0 0 0 309509260 993972 361578496 131072 0 0 0 2592 0 60792018
1790417713237 0 91 0 432866099 432570995 0 0 0 0 0 0 309509260 994112 2015911936 135168 0 0 0 2592 0 61256485
1790417714256 0 94 0 432866102 432570995 0 0 0 0 0 0 309509260 994117 2168020992 147456 0 0 0 2592 0 61260159
1790417715275 0 94 0 432866102 432570995 0 0 0 0 0 0 309509260 994117 2168020992 147456 0 0 0 2592 0 61260159
1790417716294 0 94 0 432866102 432570995 0 0 0 0 0 0 309509260 994117 2168020992 147456 0 0 0 2592 0 61260159
1790417717313 0 44 0 432866110 432571053 0 0 0 0 0 0 309509260 994117 2168020992 159744 0 0 0 2592 0 61260159
1790417718347 0 90 0 432866207 432571104 0 0 0 0 0 0 309509260 994290 962744320 131072 0 0 0 2592 0 61428517
1790417719373 0 13363 0 432882357 432573936 0 0 0 0 0 0 309509260 994380 38469632 29507584 0 0 0 2592 0 61682961
1790417720392 0 425594 0 433294595 432573936 0 0 0 0 0 0 309509260 994380 1727188992 1718226944 0 0 0 2592 0 61682961
1790417721416 0 537004 2048 433554683 432720550 0 0 0 0 0 0 309509260 994380 2796306432 2187169792 8388608 0 0 2592 0 61682961
1790417722435 0 476532 2100 433733888 432960273 0 0 0 0 0 0 309509260 994380 3546816512 1964695552 8540160 0 0 2592 0 61682961
1790417723458 0 307326 3723 433844164 433238070 0 0 0 0 0 0 309509260 994380 3996123136 1274757120 6660096 0 0 2592 0 61683044
1790417724487 0 77297 2057 433922143 433547789 0 0 0 0 0 0 309509260 994382 4317089792 348332032 13012992 0 0 2592 0 61683044
1790417725531 0 91 0 433922295 433627159 0 0 0 0 0 0 309509260 994475 288686080 131072 0 0 0 2592 0 61731014
1790417726561 0 92 0 433922296 433627159 0 0 0 0 0 0 309509260 994540 1663418368 135168 0 0 0 2592 0 62271506
1790417727579 0 92 0 433922296 433627159 0 0 0 0 0 0 309509260 994616 3299205120 135168 0 0 0 2592 0 62612299
1790417728598 0 112 0 433922317 433627160 0 0 0 0 0 0 309509260 994643 4315787264 151552 0 0 0 2592 0 62763663
1790417729618 0 112 0 433922317 433627160 0 0 0 0 0 0 309509260 994643 4315787264 151552 0 0 0 2592 0 62763663
1790417730638 0 53 0 433922317 433627219 0 0 0 0 0 0 309509260 994643 4315787264 151552 0 0 0 2592 0 62763663
1790417731659 0 53 0 433922317 433627219 0 0 0 0 0 0 309509260 994659 4317966336 151552 0 0 0 2592 0 62764417
1790417732710 0 88 0 433922352 433627219 0 0 0 0 0 0 309509260 994742 18235392 131072 0 0 0 2592 0 62773422
1790417733739 0 90 0 433922409 433627274 0 0 0 0 0 0 309509260 994801 1373622272 135168 0 0 0 2592 0 63312237
1790417734758 0 90 0 433922409 433627274 0 0 0 0 0 0 309509260 994869 2819883008 135168 0 0 0 2592 0 63669189
1790417735777 0 90 0 433922409 433627274 0 0 0 0 0 0 309509260 994914 4228390912 135168 0 0 0 2592 0 64068103
