1790417872403 0 402 0 438051909 437756110 0 0 0 0 0 0 309509260 996945 13250560 1339392 0 0 0 2592 0 67898860
1790417873448 0 35 0 438123422 437827990 0 0 0 0 0 0 309509260 997056 301834240 131072 0 0 0 2592 0 67911305
1790417874472 0 91 0 438123478 437827990 0 0 0 0 0 0 309509260 997076 307249152 143360 0 0 0 2592 0 67911734
1790417875491 0 93 0 438123480 437827990 0 0 0 0 0 0 309509260 997076 307249152 143360 0 0 0 2592 0 67911734
1790417876510 0 93 0 438123480 437827990 0 0 0 0 0 0 309509260 997076 307249152 143360 0 0 0 2592 0 67911734
1790417877541 0 94 0 438123523 437828033 0 0 0 0 0 0 309509260 997157 300703744 139264 0 0 0 2592 0 67926327
1790417878566 0 6 0 438260700 437965301 0 0 0 0 0 0 309509260 997198 401420288 0 0 0 0 2592 0 67941309
1790417879607 0 92 0 438260791 437965270 0 0 0 0 0 0 309509260 997251 568516608 143360 0 0 0 2592 0 67948551
1790417880630 0 94 0 438260793 437965270 0 0 0 0 0 0 309509260 997252 570355712 143360 0 0 0 2592 0 67948592
1790417881649 0 94 0 438260793 437965270 0 0 0 0 0 0 309509260 997252 570355712 143360 0 0 0 2592 0 67948592
1790417882669 0 94 0 438260793 437965270 0 0 0 0 0 0 309509260 997268 572530688 143360 0 0 0 2592 0 67948942
1790417883712 0 143199 0 438406901 437968204 0 0 0 0 0 0 309509260 997350 560005120 553357312 0 0 0 2592 0 67965365
1790417884740 0 105755 4104 438529024 438123649 0 0 0 0 0 0 309509260 997353 1094983680 441339904 25165824 0 0 2592 0 67966255
1790417885790 0 29 0 438529220 438233694 0 0 0 0 0 0 309509260 997442 666558464 131072 0 0 0 2592 0 67978219
1790417886820 0 93 0 438529248 438233694 0 0 0 0 0 0 309509260 997443 1108279296 143360 0 0 0 2592 0 67978387
1790417887838 0 93 0 438529248 438233694 0 0 0 0 0 0 309509260 997443 1108279296 143360 0 0 0 2592 0 67978387
1790417888857 0 93 0 438529248 438233694 0 0 0 0 0 0 309509260 997443 1108279296 143360 0 0 0 2592 0 67978387
1790417889877 0 93 0 438529248 438233694 0 0 0 0 0 0 309509260 997443 1108279296 143360 0 0 0 2592 0 67978387
1790417890920 0 71778 0 438603814 438236551 0 0 0 0 0 0 309509260 997535 266838016 259579904 0 0 0 2592 0 67996487
1790417891943 0 479612 0 439011740 438236626 0 0 0 0 0 0 309509260 997536 1948827648 1939894272 0 0 0 2592 0 67996554
1790417892968 0 305694 6124 439059671 438452360 0 0 0 0 0 0 309509260 997538 2169315328 1276919808 8388608 0 0 2592 0 67997594
1790417893993 0 38189 2020 439059671 438724187 0 0 0 0 0 0 309509260 997538 2169315328 181186560 14204928 0 0 2592 0 67997594
1790417895033 0 90 0 439059986 438764403 0 0 0 0 0 0 309509260 997626 1693806592 131072 0 0 0 2592 0 68002625
1790417896064 0 94 0 439059990 438764403 0 0 0 0 0 0 309509260 997627 2183479296 147456 0 0 0 2592 0 68004383
1790417897083 0 94 0 439059990 438764403 0 0 0 0 0 0 309509260 997627 2183479296 147456 0 0 0 2592 0 68004383
1790417898102 0 94 0 439059990 438764403 0 0 0 0 0 0 309509260 997627 2183479296 147456 0 0 0 2592 0 68004383
1790417899122 0 94 0 439059990 438764403 0 0 0 0 0 0 309509260 997627 2183479296 147456 0 0 0 2592 0 68004383
1790417900175 0 89 0 439060088 438764506 0 0 0 0 0 0 309509260 997720 1911877632 131072 0 0 0 2592 0 68024821
1790417901208 0 293963 0 439356883 438767338 0 0 0 0 0 0 309509260 997721 1189351424 1179746304 0 0 0 2592 0 68042787
1790417902227 0 567869 511 439706135 438842120 0 0 0 0 0 0 309509260 997721 2619097088 2303307776 0 0 0 2592 0 68042787
1790417903246 0 548826 0 439911016 439066610 0 0 0 0 0 0 309509260 997721 3457851392 2223816704 0 0 0 2592 0 68042787
1790417904264 0 570832 1760 440115432 439247260 0 0 0 0 0 0 309509260 997723 4317859840 2345070592 16777216 0 0 2592 0 68042787
1790417905287 0 304233 2064 440115433 439513610 0 0 0 0 0 0 309509260 997723 4317896704 1256583168 12513280 0 0 2592 0 68046657
1790417906310 0 13011 4096 440115721 439803089 0 0 0 0 0 0 309509260 997723 4317896704 68947968 8388608 0 0 2592 0 68046657
1790417907362 0 63 0 440115846 439820294 0 0 0 0 0 0 309509260 997812 1091203072 131072 0 0 0 2592 0 68054839
1790417908404 0 93 0 440115936 439820318 0 0 0 0 0 0 309509260 997813 4316422144 135168 0 0 0 2592 0 68081876
1790417909423 0 93 0 440115936 439820318 0 0 0 0 0 0 309509260 997813 4332691456 143360 0 0 0 2592 0 68081876
1790417910443 0 94 0 440115937 439820318 0 0 0 0 0 0 309509260 997813 4332695552 147456 0 0 0 2592 0 68081876
1790417911463 0 94 0 440115937 439820318 0 0 0 0 0 0 309509260 997813 4332695552 147456 0 0 0 2592 0 68081876
1790417912483 0 43 0 440115944 439820376 0 0 0 0 0 0 309509260 997813 4332695552 151552 0 0 0 2592 0 68081876
1790417913539 0 90 0 440116038 439820423 0 0 0 0 0 0 309509260 997913 1760989184 131072 0 0 0 2592 0 68095773
1790417914576 0 92 0 440116040 439820423 0 0 0 0 0 0 309509260 997914 2375090176 77824 0 0 0 2592 0 68110638
