1790417751875 0 409 0 433922817 433627331 0 0 0 0 0 0 309509260 994928 - - - - - - - -
1790417752931 0 91 0 433994381 433699213 0 0 0 0 0 0 309509260 995048 293421056 131072 0 0 0 2592 0 64113627
1790417753951 0 94 0 433994384 433699213 0 0 0 0 0 0 309509260 995066 297254912 143360 0 0 0 2592 0 64114013
1790417754971 0 94 0 433994384 433699213 0 0 0 0 0 0 309509260 995066 297254912 143360 0 0 0 2592 0 64114013
1790417755990 0 94 0 433994384 433699213 0 0 0 0 0 0 309509260 995066 297254912 143360 0 0 0 2592 0 64114013
1790417757035 0 9421 40 434006781 433702176 0 0 0 0 0 0 309509260 995149 17846272 8216576 0 0 0 2592 0 64121064
1790417758073 0 70 0 434131666 433836487 0 0 0 0 0 0 309509260 995240 96354304 122880 0 0 0 2592 0 64126478
1790417759100 0 91 0 434131687 433836487 0 0 0 0 0 0 309509260 995241 561082368 143360 0 0 0 2592 0 64128101
1790417760118 0 93 0 434131689 433836487 0 0 0 0 0 0 309509260 995241 561082368 143360 0 0 0 2592 0 64128101
1790417761138 0 93 0 434131689 433836487 0 0 0 0 0 0 309509260 995241 561082368 143360 0 0 0 2592 0 64128101
1790417762157 0 93 0 434131689 433836487 0 0 0 0 0 0 309509260 995257 563257344 143360 0 0 0 2592 0 64128559
1790417763200 0 177168 0 434311779 433839420 0 0 0 0 0 0 309509260 995343 698871808 692424704 0 0 0 2592 0 64147868
1790417764228 0 68766 2048 434399921 434033966 0 0 0 0 0 0 309509260 995346 1094979584 290594816 12603392 0 0 2592 0 64149386
1790417765255 0 91 0 434400153 434104921 0 0 0 0 0 0 309509260 995434 1096257536 139264 0 0 0 2592 0 64191825
1790417766279 0 92 0 434400154 434104921 0 0 0 0 0 0 309509260 995435 1098280960 143360 0 0 0 2592 0 64191863
1790417767298 0 92 0 434400154 434104921 0 0 0 0 0 0 309509260 995435 1098280960 143360 0 0 0 2592 0 64191863
1790417768317 0 92 0 434400154 434104921 0 0 0 0 0 0 309509260 995435 1098280960 143360 0 0 0 2592 0 64191863
1790417769337 0 89 0 434400154 434104924 0 0 0 0 0 0 309509260 995475 1099886592 0 0 0 0 2592 0 64194880
1790417770381 0 96518 0 434499707 434107764 0 0 0 0 0 0 309509260 995530 367497216 360767488 0 0 0 2592 0 64249062
1790417771405 0 503308 0 434906346 434107853 0 0 0 0 0 0 309509260 995531 2045632512 2036908032 0 0 0 2592 0 64249106
1790417772428 0 307737 2051 434930591 434325638 0 0 0 0 0 0 309509260 995533 2169143296 1276960768 8388608 0 0 2592 0 64249117
1790417773451 0 76896 2044 434930592 434556479 0 0 0 0 0 0 309509260 995533 2169143296 323047424 16777216 0 0 2592 0 64249117
1790417774487 0 90 0 434930909 434635646 0 0 0 0 0 0 309509260 995621 756301824 131072 0 0 0 2592 0 64301206
1790417775514 0 94 0 434930913 434635646 0 0 0 0 0 0 309509260 995622 2172403712 147456 0 0 0 2592 0 64440248
1790417776533 0 94 0 434930913 434635646 0 0 0 0 0 0 309509260 995622 2172403712 147456 0 0 0 2592 0 64440248
1790417777553 0 94 0 434930913 434635646 0 0 0 0 0 0 309509260 995622 2172403712 147456 0 0 0 2592 0 64440248
1790417778572 0 94 0 434930913 434635646 0 0 0 0 0 0 309509260 995622 2172403712 147456 0 0 0 2592 0 64440248
1790417779611 0 62 0 434930975 434635740 0 0 0 0 0 0 309509260 995715 140128256 131072 0 0 0 2592 0 64450712
1790417780638 0 91 0 434931014 434635750 0 0 0 0 0 0 309509260 995716 2172207104 143360 0 0 0 2592 0 64612679
1790417781657 0 320046 0 435253941 434638582 0 0 0 0 0 0 309509260 995716 1295294464 1285677056 0 0 0 2592 0 64645749
1790417782681 0 560689 1990 435592746 434734832 0 0 0 0 0 0 309509260 995716 2688962560 2302074880 13754368 0 0 2592 0 64645749
1790417783702 0 567366 50 435829124 434966493 0 0 0 0 0 0 309509260 995716 3655053312 2313809920 4349952 0 0 2592 0 64645749
1790417784725 0 485627 32835 435986354 435172794 0 0 0 0 0 0 309509260 995718 4317921280 1988907008 134217728 0 0 2592 0 64646256
1790417785748 0 184321 6951 435986354 435500433 0 0 0 0 0 0 309509260 995718 4317921280 805212160 33554432 0 0 2592 0 64646256
1790417786767 0 68 17 435986780 435691417 0 0 0 0 0 0 309509260 995755 2340536320 0 0 0 0 2592 0 64647305
1790417787809 0 23 0 435986812 435691548 0 0 0 0 0 0 309509260 995809 1157218304 135168 0 0 0 2592 0 64911935
1790417788837 0 93 0 435986846 435691548 0 0 0 0 0 0 309509260 995810 2900148224 135168 0 0 0 2592 0 65177245
1790417789856 0 96 0 435986849 435691548 0 0 0 0 0 0 309509260 995810 4320047104 147456 0 0 0 2592 0 65492988
1790417790876 0 96 0 435986849 435691548 0 0 0 0 0 0 309509260 995810 4320047104 147456 0 0 0 2592 0 65492988
1790417791896 0 87 3 435986856 435691561 0 0 0 0 0 0 309509260 995826 4322226176 155648 0 0 0 2592 0 65493593
1790417792916 0 43 0 435986856 435691608 0 0 0 0 0 0 309509260 995826 4322226176 155648 0 0 0 2592 0 65493593
1790417793953 0 37 1 435986900 435691657 0 0 0 0 0 0 309509260 995869 2704048128 0 0 0 0 2592 0 65502713
1790417794994 0 91 0 435986954 435691658 0 0 0 0 0 0 309509260 995923 1231794176 135168 0 0 0 2592 0 65742432
1790417796023 0 91 0 435986954 435691658 0 0 0 0 0 0 309509260 995924 3086843904 135168 0 0 0 2592 0 66177171
1790417797042 0 73 0 435986956 435691658 0 0 0 0 0 0 309509260 995924 719093760 28672 0 0 0 2592 0 66318745
