1790417987964 0 402 0 442181043 441884924 0 0 0 0 0 0 309509260 998944 14999552 1335296 0 0 0 2592 0 68386184
1790417989018 0 92 0 442252628 441956819 0 0 0 0 0 0 309509260 999123 118571008 126976 0 0 0 2592 0 68536219
1790417990050 0 92 0 442252628 441956819 0 0 0 0 0 0 309509260 999219 289017856 147456 0 0 0 2592 0 68910834
1790417991068 0 97 0 442252633 441956819 0 0 0 0 0 0 309509260 999219 289017856 147456 0 0 0 2592 0 68910834
1790417992087 0 97 0 442252633 441956819 0 0 0 0 0 0 309509260 999219 289017856 147456 0 0 0 2592 0 68910834
1790417993106 0 97 0 442252633 441956819 0 0 0 0 0 0 309509260 999219 289017856 147456 0 0 0 2592 0 68910834
1790417994151 0 91 0 442252728 441956920 0 0 0 0 0 0 309509260 999357 66678784 131072 0 0 0 2592 0 69000997
1790417995199 0 12718 0 442268307 441959752 0 0 0 0 0 0 309509260 999492 37449728 29294592 0 0 0 2592 0 69624679
1790417996233 0 60 0 442389906 442094097 0 0 0 0 0 0 309509260 999610 94625792 122880 0 0 0 2592 0 69669515
1790417997265 0 95 0 442389941 442094097 0 0 0 0 0 0 309509260 999755 557146112 143360 0 0 0 2592 0 70097350
1790417998283 0 95 0 442389941 442094097 0 0 0 0 0 0 309509260 999755 557146112 143360 0 0 0 2592 0 70097350
1790417999303 0 95 0 442389941 442094097 0 0 0 0 0 0 309509260 999755 557146112 143360 0 0 0 2592 0 70097350
1790418000322 0 95 0 442389941 442094097 0 0 0 0 0 0 309509260 999755 557146112 143360 0 0 0 2592 0 70097350
1790418001344 0 22 0 442389941 442094206 0 0 0 0 0 0 309509260 999808 119541760 0 0 0 0 2592 0 70104748
1790418002383 0 91 0 442390041 442094201 0 0 0 0 0 0 309509260 1000025 491048960 135168 0 0 0 2592 0 70365171
1790418003416 0 230484 2025 442658174 442129847 0 0 0 0 0 0 309509260 1000051 1097043968 955682816 10174464 0 0 2592 0 70464708
1790418004452 0 87 0 442658371 442362503 0 0 0 0 0 0 309509260 1000130 51953664 122880 0 0 0 2592 0 70476888
1790418005477 0 93 0 442658394 442362520 0 0 0 0 0 0 309509260 1000302 1094266880 143360 0 0 0 2592 0 70722786
1790418006495 0 93 0 442658394 442362520 0 0 0 0 0 0 309509260 1000302 1094266880 143360 0 0 0 2592 0 70722786
1790418007514 0 93 0 442658394 442362520 0 0 0 0 0 0 309509260 1000302 1094266880 143360 0 0 0 2592 0 70722786
1790418008534 0 93 0 442658394 442362520 0 0 0 0 0 0 309509260 1000302 1094266880 143360 0 0 0 2592 0 70722786
1790418009556 0 3 0 442658394 442362610 0 0 0 0 0 0 309509260 1000355 346959872 0 0 0 0 2592 0 70723014
1790418010585 0 92 0 442658493 442362620 0 0 0 0 0 0 309509260 1000579 1065648128 135168 0 0 0 2592 0 71276440
1790418011609 0 334946 0 442996238 442365452 0 0 0 0 0 0 309509260 1000580 1355669504 1347440640 0 0 0 2592 0 71313298
1790418012632 0 387688 4066 443188824 442501294 0 0 0 0 0 0 309509260 1000582 2168635392 1612496896 16777216 0 0 2592 0 71313749
1790418013659 0 104225 2036 443188825 442786751 0 0 0 0 0 0 309509260 1000582 2168635392 451743744 25165824 0 0 2592 0 71313749
1790418014694 0 68 0 443189130 442893250 0 0 0 0 0 0 309509260 1000707 451031040 131072 0 0 0 2592 0 71363915
1790418015720 0 91 0 443189154 442893250 0 0 0 0 0 0 309509260 1000842 2125598720 135168 0 0 0 2592 0 71589144
1790418016738 0 94 0 443189157 442893250 0 0 0 0 0 0 309509260 1000842 2168090624 147456 0 0 0 2592 0 71594779
1790418017757 0 94 0 443189157 442893250 0 0 0 0 0 0 309509260 1000842 2168090624 147456 0 0 0 2592 0 71594779
1790418018776 0 94 0 443189157 442893250 0 0 0 0 0 0 309509260 1000842 2168090624 147456 0 0 0 2592 0 71594779
1790418019795 0 94 0 443189157 442893250 0 0 0 0 0 0 309509260 1000842 2168090624 147456 0 0 0 2592 0 71594779
1790418020827 0 92 0 443189258 442893353 0 0 0 0 0 0 309509260 1001038 1156116480 131072 0 0 0 2592 0 71831306
1790418021853 0 72041 58 443264142 442896078 0 0 0 0 0 0 309509260 1001108 280547328 270979072 0 0 0 2592 0 72131091
1790418022872 0 483112 0 443675202 442896185 0 0 0 0 0 0 309509260 1001108 1963806720 1954234368 0 0 0 2592 0 72131091
1790418023894 0 563030 2075 443929718 443068697 0 0 0 0 0 0 309509260 1001108 3016548352 2309304320 8388608 0 0 2592 0 72131091
1790418024915 0 438084 802 444110795 443376096 0 0 0 0 0 0 309509260 1001108 3747246080 1786408960 8388608 0 0 2592 0 72131972
1790418025938 0 253481 2774 444244784 443692684 0 0 0 0 0 0 309509260 1001110 4317831168 1058562048 16224256 0 0 2592 0 72132100
1790418026956 0 1 1 444245157 443949253 0 0 0 0 0 0 309509260 1001146 1908563968 0 0 0 0 2592 0 72133106
1790418028001 0 109 0 444245266 443949312 0 0 0 0 0 0 309509260 1001246 1145548800 139264 0 0 0 2592 0 72419926
1790418029030 0 109 0 444245266 443949312 0 0 0 0 0 0 309509260 1001330 3005870080 139264 0 0 0 2592 0 72880140
1790418030049 0 111 0 444245268 443949312 0 0 0 0 0 0 309509260 1001370 4315799552 147456 0 0 0 2592 0 73216868
1790418031068 0 111 0 444245268 443949312 0 0 0 0 0 0 309509260 1001370 4315799552 147456 0 0 0 2592 0 73216868
1790418032087 0 52 0 444245268 443949371 0 0 0 0 0 0 309509260 1001370 4315799552 147456 0 0 0 2592 0 73216868
1790418033108 0 52 0 444245268 443949371 0 0 0 0 0 0 309509260 1001370 4315799552 147456 0 0 0 2592 0 73216868
1790418034145 0 57 0 444245308 443949406 0 0 0 0 0 0 309509260 1001430 1977118720 0 0 0 0 2592 0 73227818
1790418035190 0 93 0 444245361 443949423 0 0 0 0 0 0 309509260 1001531 1172758528 135168 0 0 0 2592 0 73563905
1790418036219 0 93 0 444245361 443949423 0 0 0 0 0 0 309509260 1001616 3015487488 135168 0 0 0 2592 0 74030639
1790418037237 0 94 0 444245362 443949423 0 0 0 0 0 0 309509260 1001655 1335013376 45056 0 0 0 2592 0 74355017
