1790417813153 0 389 0 435987342 435691716 0 0 0 0 0 0 309509260 995948 12460032 1277952 0 0 0 2592 0 66356865
1790417814194 0 92 0 436058922 435763593 0 0 0 0 0 0 309509260 996055 294846464 131072 0 0 0 2592 0 66370729
1790417815217 0 95 0 436058925 435763593 0 0 0 0 0 0 309509260 996056 296677376 143360 0 0 0 2592 0 66370765
1790417816237 0 95 0 436058925 435763593 0 0 0 0 0 0 309509260 996056 296677376 143360 0 0 0 2592 0 66370765
1790417817256 0 95 0 436058925 435763593 0 0 0 0 0 0 309509260 996056 296677376 143360 0 0 0 2592 0 66370765
1790417818284 0 36152 0 436098046 435766535 0 0 0 0 0 0 309509260 996148 122388480 115724288 0 0 0 2592 0 66390341
1790417819325 0 89 0 436196212 435900817 0 0 0 0 0 0 309509260 996240 289542144 122880 0 0 0 2592 0 66395208
1790417820352 0 93 0 436196220 435900858 0 0 0 0 0 0 309509260 996241 564396032 143360 0 0 0 2592 0 66396795
1790417821371 0 115 0 436196242 435900858 0 0 0 0 0 0 309509260 996263 564396032 143360 0 0 0 2592 0 66396795
1790417822390 0 115 0 436196242 435900858 0 0 0 0 0 0 309509260 996279 566435840 143360 0 0 0 2592 0 66412776
1790417823409 0 115 0 436196242 435900858 0 0 0 0 0 0 309509260 996279 566435840 143360 0 0 0 2592 0 66412776
1790417824453 0 213440 0 436412581 435903818 0 0 0 0 0 0 309509260 996344 847220736 840343552 0 0 0 2592 0 66425751
1790417825480 0 20335 2082 436464494 436146802 0 0 0 0 0 0 309509260 996347 1095249920 91488256 16777216 0 0 2592 0 66428115
1790417826523 0 92 0 436464726 436169333 0 0 0 0 0 0 309509260 996437 1100734464 139264 0 0 0 2592 0 66438426
1790417827547 0 93 0 436464727 436169333 0 0 0 0 0 0 309509260 996438 1102540800 143360 0 0 0 2592 0 66438472
1790417828565 0 93 0 436464727 436169333 0 0 0 0 0 0 309509260 996438 1102540800 143360 0 0 0 2592 0 66438472
1790417829585 0 93 0 436464727 436169333 0 0 0 0 0 0 309509260 996438 1102540800 143360 0 0 0 2592 0 66438472
1790417830626 0 35 0 436464770 436169434 0 0 0 0 0 0 309509260 996531 224292864 131072 0 0 0 2592 0 66462832
1790417831660 0 224481 0 436692036 436172266 0 0 0 0 0 0 309509260 996532 904212480 895287296 0 0 0 2592 0 66502368
1790417832683 0 451995 2048 436995167 436246009 0 0 0 0 0 0 309509260 996534 2169417728 1859510272 16777216 0 0 2592 0 66502655
1790417833706 0 240029 4108 436995168 436455670 0 0 0 0 0 0 309509260 996534 2169417728 999698432 25165824 0 0 2592 0 66502655
1790417834729 0 0 0 436995386 436700053 0 0 0 0 0 0 309509260 996572 2169434112 0 0 0 0 2592 0 66510366
1790417835770 0 92 0 436995469 436700044 0 0 0 0 0 0 309509260 996624 1979949056 135168 0 0 0 2592 0 66544500
1790417836799 0 95 0 436995472 436700044 0 0 0 0 0 0 309509260 996625 2176532480 147456 0 0 0 2592 0 66547609
1790417837818 0 95 0 436995472 436700044 0 0 0 0 0 0 309509260 996625 2176532480 147456 0 0 0 2592 0 66547609
1790417838837 0 95 0 436995472 436700044 0 0 0 0 0 0 309509260 996625 2176532480 147456 0 0 0 2592 0 66547609
1790417839856 0 95 0 436995472 436700044 0 0 0 0 0 0 309509260 996625 2176532480 147456 0 0 0 2592 0 66547609
1790417840897 0 90 0 436995572 436700149 0 0 0 0 0 0 309509260 996718 1988956160 131072 0 0 0 2592 0 66591635
1790417841926 0 293290 58 437291819 436702983 0 0 0 0 0 0 309509260 996719 1185943552 1176510464 0 0 0 2592 0 66628611
1790417842945 0 559263 98 437638496 436783908 0 0 0 0 0 0 309509260 996719 2606665728 2265882624 0 0 0 2592 0 66628611
1790417843964 0 561941 2044 437850807 436991425 0 0 0 0 0 0 309509260 996719 3476471808 2295463936 16777216 0 0 2592 0 66628611
1790417844985 0 554593 0 438042653 437192701 0 0 0 0 0 0 309509260 996719 4259688448 2247065600 0 0 0 2592 0 66628611
1790417846008 0 295537 2048 438050889 437457884 0 0 0 0 0 0 309509260 996721 4317638656 1235652608 8388608 0 0 2592 0 66632623
1790417847029 0 0 0 438051313 437755948 0 0 0 0 0 0 309509260 996759 4320612352 0 0 0 0 2592 0 66638918
1790417848074 0 91 0 438051404 437755948 0 0 0 0 0 0 309509260 996811 987406336 135168 0 0 0 2592 0 66812487
1790417849104 0 91 0 438051404 437755948 0 0 0 0 0 0 309509260 996812 2934644736 135168 0 0 0 2592 0 67012314
1790417850123 0 93 0 438051406 437755948 0 0 0 0 0 0 309509260 996812 4324278272 143360 0 0 0 2592 0 67185525
1790417851142 0 94 0 438051407 437755948 0 0 0 0 0 0 309509260 996812 4324282368 147456 0 0 0 2592 0 67185525
1790417852162 0 94 0 438051407 437755948 0 0 0 0 0 0 309509260 996828 4326461440 147456 0 0 0 2592 0 67185638
1790417853183 0 44 0 438051415 437756006 0 0 0 0 0 0 309509260 996828 4326461440 155648 0 0 0 2592 0 67185638
1790417854219 0 0 1 438051417 437756051 0 0 0 0 0 0 309509260 996871 1621106688 0 0 0 0 2592 0 67194130
1790417855263 0 91 0 438051508 437756052 0 0 0 0 0 0 309509260 996924 1569898496 135168 0 0 0 2592 0 67357157
1790417856292 0 91 0 438051508 437756052 0 0 0 0 0 0 309509260 996925 3545681920 135168 0 0 0 2592 0 67752195
