1790418171836 0 384 0 448374856 448078275 0 0 0 0 0 0 309509260 1003666 15167488 1228800 0 0 0 2592 0 79171084
1790418172878 0 92 0 448446425 448150136 0 0 0 0 0 0 309509260 1003767 301793280 131072 0 0 0 2592 0 79175102
1790418173901 0 93 0 448446426 448150136 0 0 0 0 0 0 309509260 1003768 303689728 143360 0 0 0 2592 0 79175147
1790418174921 0 95 0 448446428 448150136 0 0 0 0 0 0 309509260 1003768 303689728 143360 0 0 0 2592 0 79175147
1790418175940 0 95 0 448446428 448150136 0 0 0 0 0 0 309509260 1003768 303689728 143360 0 0 0 2592 0 79175147
1790418176968 0 32978 0 448482356 448153070 0 0 0 0 0 0 309509260 1003861 108576768 102060032 0 0 0 2592 0 79191698
1790418178033 0 91 0 448583758 448287438 0 0 0 0 0 0 309509260 1003953 561557504 122880 0 0 0 2592 0 79198790
1790418179057 0 94 0 448583761 448287438 0 0 0 0 0 0 309509260 1003954 570228736 143360 0 0 0 2592 0 79199426
1790418180076 0 94 0 448583761 448287438 0 0 0 0 0 0 309509260 1003954 570228736 143360 0 0 0 2592 0 79199426
1790418181094 0 94 0 448583761 448287438 0 0 0 0 0 0 309509260 1003954 570228736 143360 0 0 0 2592 0 79199426
1790418182113 0 94 0 448583761 448287438 0 0 0 0 0 0 309509260 1003954 570228736 143360 0 0 0 2592 0 79199426
1790418183156 0 238185 0 448824893 448290371 0 0 0 0 0 0 309509260 1004048 947712000 941035520 0 0 0 2592 0 79218024
1790418184185 0 0 0 448852022 448555761 0 0 0 0 0 0 309509260 1004051 1095249920 286720 7081984 0 0 2592 0 79218444
1790418185223 0 94 0 448852256 448555901 0 0 0 0 0 0 309509260 1004156 1108582400 143360 0 0 0 2592 0 79239198
1790418186245 0 94 0 448852256 448555901 0 0 0 0 0 0 309509260 1004157 1109626880 143360 0 0 0 2592 0 79239217
1790418187264 0 94 0 448852256 448555901 0 0 0 0 0 0 309509260 1004157 1109626880 143360 0 0 0 2592 0 79239217
1790418188283 0 94 0 448852256 448555901 0 0 0 0 0 0 309509260 1004157 1109626880 143360 0 0 0 2592 0 79239217
1790418189328 0 92 0 448852355 448556002 0 0 0 0 0 0 309509260 1004242 688123904 131072 0 0 0 2592 0 79243292
1790418190359 0 298938 0 449154164 448558834 0 0 0 0 0 0 309509260 1004243 1207730176 1200115712 0 0 0 2592 0 79275458
1790418191386 0 383533 8177 449382700 448694697 0 0 0 0 0 0 309509260 1004245 2168115200 1604202496 25165824 0 0 2592 0 79275825
1790418192413 0 114620 3946 449382701 448967869 0 0 0 0 0 0 309509260 1004245 2168115200 485392384 8388608 0 0 2592 0 79275825
1790418193470 0 91 0 449382994 449086610 0 0 0 0 0 0 309509260 1004333 632324096 131072 0 0 0 2592 0 79298583
1790418194509 0 95 0 449382998 449086610 0 0 0 0 0 0 309509260 1004334 2184990720 147456 0 0 0 2592 0 79305951
1790418195528 0 95 0 449382998 449086610 0 0 0 0 0 0 309509260 1004334 2184990720 147456 0 0 0 2592 0 79305951
1790418196548 0 95 0 449382998 449086610 0 0 0 0 0 0 309509260 1004334 2184990720 147456 0 0 0 2592 0 79305951
1790418197567 0 95 0 449382998 449086610 0 0 0 0 0 0 309509260 1004334 2184990720 147456 0 0 0 2592 0 79305951
1790418198628 0 13 0 449383011 449086705 0 0 0 0 0 0 309509260 1004428 855990272 131072 0 0 0 2592 0 79327188
1790418199668 0 142578 58 449528526 449089548 0 0 0 0 0 0 309509260 1004429 568512512 559153152 0 0 0 2592 0 79371880
1790418200686 0 552779 0 449938698 449089546 0 0 0 0 0 0 309509260 1004429 2248441856 2239082496 0 0 0 2592 0 79371880
1790418201706 0 551114 1975 450157640 449308139 0 0 0 0 0 0 309509260 1004429 3147018240 2251984896 8122368 0 0 2592 0 79371880
1790418202724 0 560458 2011 450386115 449527333 0 0 0 0 0 0 309509260 1004429 4093034496 2301251584 8388608 0 0 2592 0 79371880
1790418203747 0 320378 2052 450438421 449819573 0 0 0 0 0 0 309509260 1004431 4317544448 1337364480 8388608 0 0 2592 0 79371951
1790418204769 0 6921 46008 450438763 450089509 0 0 0 0 0 0 309509260 1004431 4317544448 27058176 188448768 0 0 2592 0 79371951
1790418205821 0 52 24 450438848 450142388 0 0 0 0 0 0 309509260 1004520 483856384 131072 0 0 0 2592 0 79376299
1790418206857 0 91 0 450438936 450142520 0 0 0 0 0 0 309509260 1004521 3691786240 135168 0 0 0 2592 0 79397195
1790418207876 0 93 0 450438938 450142520 0 0 0 0 0 0 309509260 1004521 4332593152 143360 0 0 0 2592 0 79397703
1790418208896 0 94 0 450438939 450142520 0 0 0 0 0 0 309509260 1004521 4332597248 147456 0 0 0 2592 0 79397703
1790418209915 0 94 0 450438939 450142520 0 0 0 0 0 0 309509260 1004521 4332597248 147456 0 0 0 2592 0 79397703
1790418210936 0 42 0 450438945 450142578 0 0 0 0 0 0 309509260 1004521 4332597248 151552 0 0 0 2592 0 79397703
1790418211998 0 55 0 450439000 450142620 0 0 0 0 0 0 309509260 1004614 1057226752 131072 0 0 0 2592 0 79414969
1790418213035 0 92 0 450439043 450142626 0 0 0 0 0 0 309509260 1004615 4200013824 135168 0 0 0 2592 0 79459450
