1790417452367 0 387 0 423599456 423304792 0 0 0 0 0 0 309509260 988210 13156352 1306624 0 0 0 2592 0 52871980
1790417453411 0 84 0 423671040 423376679 0 0 0 0 0 0 309509260 988315 291917824 131072 0 0 0 2592 0 52884452
1790417454434 0 87 0 423671043 423376679 0 0 0 0 0 0 309509260 988316 293715968 143360 0 0 0 2592 0 52884499
1790417455453 0 87 0 423671043 423376679 0 0 0 0 0 0 309509260 988316 293715968 143360 0 0 0 2592 0 52884499
1790417456472 0 87 0 423671043 423376679 0 0 0 0 0 0 309509260 988316 293715968 143360 0 0 0 2592 0 52884499
1790417457501 0 12571 0 423686513 423379576 0 0 0 0 0 0 309509260 988409 26333184 19636224 0 0 0 2592 0 52900992
1790417458540 0 13 68 423808338 423513912 0 0 0 0 0 0 309509260 988500 65327104 122880 0 0 0 2592 0 52905506
1790417459567 0 84 0 423808373 423513980 0 0 0 0 0 0 309509260 988501 561418240 143360 0 0 0 2592 0 52909155
1790417460585 0 86 0 423808375 423513980 0 0 0 0 0 0 309509260 988517 563736576 143360 0 0 0 2592 0 52909570
1790417461604 0 86 0 423808375 423513980 0 0 0 0 0 0 309509260 988517 563736576 143360 0 0 0 2592 0 52909570
1790417462624 0 86 0 423808375 423513980 0 0 0 0 0 0 309509260 988517 563736576 143360 0 0 0 2592 0 52909570
1790417463666 0 156809 0 423968205 423516899 0 0 0 0 0 0 309509260 988601 617619456 610926592 0 0 0 2592 0 52940458
1790417464699 0 55611 2044 424076639 423724643 0 0 0 0 0 0 309509260 988604 1094836224 252719104 16826368 0 0 2592 0 52941305
1790417465730 0 37 0 424076822 423782444 0 0 0 0 0 0 309509260 988692 1096589312 139264 0 0 0 2592 0 53003871
1790417466753 0 87 0 424076872 423782444 0 0 0 0 0 0 309509260 988693 1098326016 143360 0 0 0 2592 0 53003908
1790417467772 0 87 0 424076872 423782444 0 0 0 0 0 0 309509260 988693 1098326016 143360 0 0 0 2592 0 53003908
1790417468791 0 87 0 424076872 423782444 0 0 0 0 0 0 309509260 988693 1098326016 143360 0 0 0 2592 0 53003908
1790417469813 0 3 0 424076872 423782528 0 0 0 0 0 0 309509260 988745 845103104 0 0 0 0 2592 0 53016699
1790417470856 0 126604 0 424206536 423785373 0 0 0 0 0 0 309509260 988800 491442176 484683776 0 0 0 2592 0 53072778
1790417471880 0 527569 0 424607315 423785373 0 0 0 0 0 0 309509260 988802 2164801536 2156175360 0 0 0 2592 0 53072821
1790417472903 0 226571 2007 424607315 424084364 0 0 0 0 0 0 309509260 988803 2169118720 957755392 8388608 0 0 2592 0 53080777
1790417473937 0 1 0 424607535 424313161 0 0 0 0 0 0 309509260 988853 308453376 0 0 0 0 2592 0 53082949
1790417474973 0 85 0 424607614 424313156 0 0 0 0 0 0 309509260 988904 1959886848 135168 0 0 0 2592 0 53324602
1790417476000 0 88 0 424607617 424313156 0 0 0 0 0 0 309509260 988905 2172276736 147456 0 0 0 2592 0 53331994
1790417477019 0 88 0 424607617 424313156 0 0 0 0 0 0 309509260 988905 2172276736 147456 0 0 0 2592 0 53331994
1790417478038 0 88 0 424607617 424313156 0 0 0 0 0 0 309509260 988905 2172276736 147456 0 0 0 2592 0 53331994
1790417479057 0 47 0 424607628 424313208 0 0 0 0 0 0 309509260 988905 2172276736 163840 0 0 0 2592 0 53331994
1790417480095 0 84 0 424607716 424313259 0 0 0 0 0 0 309509260 988998 1191964672 131072 0 0 0 2592 0 53443940
1790417481120 0 120392 0 424730914 424316091 0 0 0 0 0 0 309509260 989025 476508160 467501056 0 0 0 2592 0 53599180
1790417482139 0 526900 0 425137460 424316091 0 0 0 0 0 0 309509260 989025 2141880320 2132873216 0 0 0 2592 0 53599180
1790417483157 0 540054 4 425373023 424538568 0 0 0 0 0 0 309509260 989025 3115216896 2205487104 8388608 0 0 2592 0 53599180
1790417484179 0 502469 7681 425571059 424766825 0 0 0 0 0 0 309509260 989025 3940237312 2060873728 33554432 0 0 2592 0 53599180
1790417485207 0 313578 2117 425663214 425053186 0 0 0 0 0 0 309509260 989026 4317159424 1317888000 8388608 0 0 2592 0 53600180
1790417486228 0 0 0 425663631 425369226 0 0 0 0 0 0 309509260 989060 4164460544 0 0 0 0 2592 0 53603777
1790417487272 0 87 0 425663718 425369226 0 0 0 0 0 0 309509260 989112 936001536 135168 0 0 0 2592 0 53807637
1790417488301 0 87 0 425663718 425369226 0 0 0 0 0 0 309509260 989113 2802417664 135168 0 0 0 2592 0 54237762
1790417489320 0 89 0 425663720 425369226 0 0 0 0 0 0 309509260 989113 4320006144 143360 0 0 0 2592 0 54542446
1790417490339 0 90 0 425663721 425369226 0 0 0 0 0 0 309509260 989129 4322189312 147456 0 0 0 2592 0 54542933
1790417491359 0 51 1 425663732 425369275 0 0 0 0 0 0 309509260 989129 4322189312 163840 0 0 0 2592 0 54542933
1790417492380 0 79 0 425663764 425369280 0 0 0 0 0 0 309509260 989132 4322189312 163840 0 0 0 2592 0 54542933
1790417493402 0 13 32 425663776 425369326 0 0 0 0 0 0 309509260 989175 3142795264 0 0 0 0 2592 0 54543345
1790417494442 0 87 0 425663863 425369371 0 0 0 0 0 0 309509260 989230 1300361216 135168 0 0 0 2592 0 54781446
1790417495471 0 87 0 425663863 425369371 0 0 0 0 0 0 309509260 989231 3193466880 135168 0 0 0 2592 0 55219065
