1790418214107 0 63 0 450439046 450142626 0 0 0 0 0 0 309509260 1004640 13201408 16384 0 0 0 2592 0 79496245
1790418215147 0 90 0 450511017 450214570 0 0 0 0 0 0 309509260 1004761 316932096 131072 0 0 0 2592 0 79521866
1790418216170 0 93 0 450511020 450214570 0 0 0 0 0 0 309509260 1004762 318636032 143360 0 0 0 2592 0 79521898
1790418217189 0 93 0 450511020 450214570 0 0 0 0 0 0 309509260 1004762 318636032 143360 0 0 0 2592 0 79521898
1790418218209 0 93 0 450511020 450214570 0 0 0 0 0 0 309509260 1004762 318636032 143360 0 0 0 2592 0 79521898
1790418219237 0 27753 0 450541727 450217502 0 0 0 0 0 0 309509260 1004848 88973312 82591744 0 0 0 2592 0 79535326
1790418220269 0 90 0 450648334 450351855 0 0 0 0 0 0 309509260 1004939 582627328 131072 0 0 0 2592 0 79541658
1790418221293 0 93 0 450648337 450351855 0 0 0 0 0 0 309509260 1004940 584347648 143360 0 0 0 2592 0 79541691
1790418222312 0 93 0 450648337 450351855 0 0 0 0 0 0 309509260 1004940 584347648 143360 0 0 0 2592 0 79541691
1790418223332 0 93 0 450648337 450351855 0 0 0 0 0 0 309509260 1004940 584347648 143360 0 0 0 2592 0 79541691
1790418224364 0 90 0 450648337 450351858 0 0 0 0 0 0 309509260 1004990 585613312 0 0 0 0 2592 0 79544991
1790418225417 0 263811 0 450915089 450354787 0 0 0 0 0 0 309509260 1005043 1053274112 1046757376 0 0 0 2592 0 79569000
1790418226444 0 102 15 450916711 450620209 0 0 0 0 0 0 309509260 1005083 1095680000 0 0 0 0 2592 0 79571799
1790418227486 0 11 0 450916721 450620289 0 0 0 0 0 0 309509260 1005134 1118515200 143360 0 0 0 2592 0 79573782
1790418228510 0 93 0 450916803 450620289 0 0 0 0 0 0 309509260 1005135 1120219136 143360 0 0 0 2592 0 79573833
1790418229529 0 93 0 450916803 450620289 0 0 0 0 0 0 309509260 1005135 1120219136 143360 0 0 0 2592 0 79573833
1790418230549 0 93 0 450916803 450620289 0 0 0 0 0 0 309509260 1005135 1120219136 143360 0 0 0 2592 0 79573833
1790418231611 0 31 0 450916803 450620351 0 0 0 0 0 0 309509260 1005229 947933184 131072 0 0 0 2592 0 79585108
1790418232649 0 333516 0 451253315 450623221 0 0 0 0 0 0 309509260 1005230 1350270976 1341771776 0 0 0 2592 0 79594952
1790418233672 0 371993 1386 451447233 450777460 0 0 0 0 0 0 309509260 1005232 2168905728 1537003520 16777216 0 0 2592 0 79595577
1790418234694 0 128859 2048 451447234 451019894 0 0 0 0 0 0 309509260 1005251 2172194816 550338560 17010688 0 0 2592 0 79662378
1790418235769 0 72 0 451447525 451150999 0 0 0 0 0 0 309509260 1005329 720506880 131072 0 0 0 2592 0 79681944
1790418236823 0 94 0 451447561 451151014 0 0 0 0 0 0 309509260 1005330 2196307968 147456 0 0 0 2592 0 79692501
1790418237842 0 94 0 451447561 451151014 0 0 0 0 0 0 309509260 1005330 2196307968 147456 0 0 0 2592 0 79692501
1790418238861 0 94 0 451447561 451151014 0 0 0 0 0 0 309509260 1005330 2196307968 147456 0 0 0 2592 0 79692501
1790418239880 0 94 0 451447561 451151014 0 0 0 0 0 0 309509260 1005330 2196307968 147456 0 0 0 2592 0 79692501
1790418240969 0 91 0 451447661 451151117 0 0 0 0 0 0 309509260 1005424 1089912832 131072 0 0 0 2592 0 79712863
1790418242035 0 189977 0 451640477 451153949 0 0 0 0 0 0 309509260 1005425 763412480 753942528 0 0 0 2592 0 79754200
1790418243054 0 568627 1998 452039357 451172200 0 0 0 0 0 0 309509260 1005425 2404753408 2328899584 8134656 0 0 2592 0 79754200
1790418244077 0 525220 3062 452199381 451374621 0 0 0 0 0 0 309509260 1005425 3060232192 2156257280 8388608 0 0 2592 0 79754200
1790418245098 0 556272 1230 452445995 451591950 0 0 0 0 0 0 309509260 1005441 4067131392 2280308736 8388608 0 0 2592 0 79754249
1790418246122 0 328553 4096 452503016 451873882 0 0 0 0 0 0 309509260 1005443 4319928320 1361723392 19558400 0 0 2592 0 79754249
1790418247148 0 23317 8156 452503327 452175319 0 0 0 0 0 0 309509260 1005443 4319928320 140017664 16777216 0 0 2592 0 79754249
1790418248274 0 90 0 452503503 452206928 0 0 0 0 0 0 309509260 1005522 874299392 131072 0 0 0 2592 0 79793628
1790418249322 0 91 0 452503504 452206928 0 0 0 0 0 0 309509260 1005523 4158943232 135168 0 0 0 2592 0 79811102
1790418250341 0 93 0 452503506 452206928 0 0 0 0 0 0 309509260 1005523 4349509632 143360 0 0 0 2592 0 79811111
1790418251360 0 94 0 452503507 452206928 0 0 0 0 0 0 309509260 1005523 4349513728 147456 0 0 0 2592 0 79811111
1790418252380 0 94 0 452503507 452206928 0 0 0 0 0 0 309509260 1005523 4349513728 147456 0 0 0 2592 0 79811111
1790418253401 0 43 0 452503514 452206986 0 0 0 0 0 0 309509260 1005523 4349513728 151552 0 0 0 2592 0 79811111
1790418254487 0 90 0 452503606 452207031 0 0 0 0 0 0 309509260 1005616 1622237184 131072 0 0 0 2592 0 79837297
1790418255542 0 92 0 452503608 452207031 0 0 0 0 0 0 309509260 1005617 2760851456 94208 0 0 0 2592 0 79847353
