1790417570776 0 396 0 427728824 427433831 0 0 0 0 0 0 309509260 990246 13303808 1331200 0 0 0 2592 0 57239143
1790417571804 0 225 0 427800397 427505610 0 0 0 0 0 0 309509260 990350 301875200 131072 0 0 0 2592 0 57242351
1790417572827 0 92 0 427800398 427505709 0 0 0 0 0 0 309509260 990351 303706112 143360 0 0 0 2592 0 57242390
1790417573846 0 94 0 427800400 427505709 0 0 0 0 0 0 309509260 990351 303706112 143360 0 0 0 2592 0 57242390
1790417574865 0 94 0 427800400 427505709 0 0 0 0 0 0 309509260 990351 303706112 143360 0 0 0 2592 0 57242390
1790417575892 0 128 0 427803249 427508570 0 0 0 0 0 0 309509260 990445 8720384 8192 0 0 0 2592 0 57260003
1790417576937 0 117 24 427937660 427642907 0 0 0 0 0 0 309509260 990547 15511552 0 0 0 0 2592 0 57275510
1790417577975 0 92 0 427937698 427642977 0 0 0 0 0 0 309509260 990548 570441728 143360 0 0 0 2592 0 57275889
1790417578993 0 92 0 427937698 427642977 0 0 0 0 0 0 309509260 990548 570441728 143360 0 0 0 2592 0 57275889
1790417580012 0 92 0 427937698 427642977 0 0 0 0 0 0 309509260 990548 570441728 143360 0 0 0 2592 0 57275889
1790417581032 0 92 0 427937698 427642977 0 0 0 0 0 0 309509260 990564 572674048 143360 0 0 0 2592 0 57276301
1790417582060 0 177533 0 428118204 427645910 0 0 0 0 0 0 309509260 990650 702124032 695386112 0 0 0 2592 0 57294724
1790417583087 0 51716 3749 428205958 427856367 0 0 0 0 0 0 309509260 990653 1095094272 235929600 8388608 0 0 2592 0 57295686
1790417584128 0 91 0 428206195 427911443 0 0 0 0 0 0 309509260 990741 1106493440 139264 0 0 0 2592 0 57300856
1790417585152 0 92 0 428206196 427911443 0 0 0 0 0 0 309509260 990742 1108221952 143360 0 0 0 2592 0 57300903
1790417586171 0 92 0 428206196 427911443 0 0 0 0 0 0 309509260 990742 1108221952 143360 0 0 0 2592 0 57300903
1790417587190 0 92 0 428206196 427911443 0 0 0 0 0 0 309509260 990742 1108221952 143360 0 0 0 2592 0 57300903
1790417588243 0 124 0 428206228 427911443 0 0 0 0 0 0 309509260 990836 16732160 122880 0 0 0 2592 0 57302624
1790417589273 0 206133 0 428415225 427914376 0 0 0 0 0 0 309509260 990837 828694528 819830784 0 0 0 2592 0 57329845
1790417590296 0 470888 6156 428736633 427964894 0 0 0 0 0 0 309509260 990839 2169335808 1954729984 15638528 0 0 2592 0 57330177
1790417591318 0 184226 1529 428736634 428256186 0 0 0 0 0 0 309509260 990839 2169335808 769003520 16777216 0 0 2592 0 57330177
1790417592366 0 72 0 428736918 428442153 0 0 0 0 0 0 309509260 990937 17264640 0 0 0 0 2592 0 57338363
1790417593396 0 94 0 428736940 428442153 0 0 0 0 0 0 309509260 990938 2184773632 147456 0 0 0 2592 0 57345421
1790417594415 0 94 0 428736940 428442153 0 0 0 0 0 0 309509260 990938 2184773632 147456 0 0 0 2592 0 57345421
1790417595434 0 94 0 428736940 428442153 0 0 0 0 0 0 309509260 990938 2184773632 147456 0 0 0 2592 0 57345421
1790417596454 0 94 0 428736940 428442153 0 0 0 0 0 0 309509260 990938 2184773632 147456 0 0 0 2592 0 57345421
1790417597496 0 88 0 428737040 428442259 0 0 0 0 0 0 309509260 991030 169803776 131072 0 0 0 2592 0 57348929
1790417598527 0 50386 0 428790264 428445091 0 0 0 0 0 0 309509260 991031 191635456 182288384 0 0 0 2592 0 57380948
1790417599546 0 459640 0 429199472 428445091 0 0 0 0 0 0 309509260 991031 1867395072 1858043904 0 0 0 2592 0 57380948
1790417600565 0 543232 0 429445907 428607928 0 0 0 0 0 0 309509260 991031 2876506112 2200649728 0 0 0 2592 0 57380948
1790417601584 0 527763 0 429677469 428854944 0 0 0 0 0 0 309509260 991031 3823542272 2137456640 0 0 0 2592 0 57380948
1790417602607 0 405817 2003 429792372 429089789 0 0 0 0 0 0 309509260 991033 4317569024 1682669568 6635520 0 0 2592 0 57380949
1790417603630 0 107648 4088 429792708 429386247 0 0 0 0 0 0 309509260 991033 4317569024 456429568 16777216 0 0 2592 0 57380949
1790417604681 0 90 0 429792893 429498078 0 0 0 0 0 0 309509260 991122 337121280 131072 0 0 0 2592 0 57384096
1790417605714 0 91 0 429792894 429498078 0 0 0 0 0 0 309509260 991123 3529416704 135168 0 0 0 2592 0 57404739
1790417606733 0 93 0 429792896 429498078 0 0 0 0 0 0 309509260 991123 4332556288 143360 0 0 0 2592 0 57405184
1790417607753 0 93 0 429792896 429498078 0 0 0 0 0 0 309509260 991123 4332556288 143360 0 0 0 2592 0 57405184
1790417608773 0 94 0 429792897 429498078 0 0 0 0 0 0 309509260 991123 4332560384 147456 0 0 0 2592 0 57405184
1790417609793 0 36 0 429792897 429498136 0 0 0 0 0 0 309509260 991123 4332560384 159744 0 0 0 2592 0 57405184
1790417610856 0 89 0 429792998 429498184 0 0 0 0 0 0 309509260 991224 827707392 131072 0 0 0 2592 0 57423170
1790417611891 0 90 0 429792999 429498184 0 0 0 0 0 0 309509260 991225 4028243968 135168 0 0 0 2592 0 57450626
