1790416713225 0 48 0 408980561 408687598 0 0 0 0 0 0 309509260 928053 12382208 16384 0 0 0 2592 0 27121848
1790416714266 0 76 0 409052509 408759518 0 0 0 0 0 0 309509260 928165 290299904 131072 0 0 0 2592 0 27143159
1790416715290 0 79 0 409052512 408759518 0 0 0 0 0 0 309509260 928166 292188160 143360 0 0 0 2592 0 27143199
1790416716309 0 79 0 409052512 408759518 0 0 0 0 0 0 309509260 928166 292188160 143360 0 0 0 2592 0 27143199
1790416717328 0 79 0 409052512 408759518 0 0 0 0 0 0 309509260 928166 292188160 143360 0 0 0 2592 0 27143199
1790416718374 0 72 0 409052591 408759604 0 0 0 0 0 0 309509260 929288 60039168 131072 0 0 0 2592 0 27174118
1790416719409 0 49665 2977 409189645 408844183 0 0 0 0 0 0 309509260 930564 557928448 223502336 11145216 0 0 2592 0 27364471
1790416720450 0 70 0 409189831 408896778 0 0 0 0 0 0 309509260 930652 557531136 139264 0 0 0 2592 0 27396891
1790416721473 0 79 0 409189804 408896778 0 0 0 0 0 0 309509260 930653 559255552 143360 0 0 0 2592 0 27396941
1790416722492 0 79 0 409189804 408896778 0 0 0 0 0 0 309509260 930653 559255552 143360 0 0 0 2592 0 27396941
1790416723512 0 79 0 409189804 408896778 0 0 0 0 0 0 309509260 930653 559255552 143360 0 0 0 2592 0 27396941
1790416724541 0 111 0 409189836 408896778 0 0 0 0 0 0 309509260 931743 110743552 131072 0 0 0 2592 0 27423741
1790416725564 0 221539 0 409414228 408899697 0 0 0 0 0 0 309509260 933079 895221760 883494912 0 0 0 2592 0 27649019
1790416726587 0 103799 4015 409458031 409057238 0 0 0 0 0 0 309509260 933081 1098313728 441430016 25165824 0 0 2592 0 27650498
1790416727616 0 64 0 409458169 409165162 0 0 0 0 0 0 309509260 933161 297852928 131072 0 0 0 2592 0 27694145
1790416728640 0 77 0 409458243 409165187 0 0 0 0 0 0 309509260 933162 1095938048 143360 0 0 0 2592 0 27840811
1790416729658 0 77 0 409458243 409165187 0 0 0 0 0 0 309509260 933178 1098256384 143360 0 0 0 2592 0 27841646
1790416730678 0 77 0 409458243 409165187 0 0 0 0 0 0 309509260 933178 1098256384 143360 0 0 0 2592 0 27841646
1790416731697 0 77 0 409458243 409165187 0 0 0 0 0 0 309509260 933178 1098256384 143360 0 0 0 2592 0 27841646
1790416732727 0 10 0 409458250 409165261 0 0 0 0 0 0 309509260 934399 276447232 131072 0 0 0 2592 0 27894516
1790416733750 0 87793 0 409549015 409168103 0 0 0 0 0 0 309509260 935567 343695360 335179776 0 0 0 2592 0 28191233
1790416734769 0 497542 0 409958637 409168103 0 0 0 0 0 0 309509260 935567 2022068224 2013552640 0 0 0 2592 0 28191233
1790416735800 0 337871 4096 409988658 409353680 0 0 0 0 0 0 309509260 935569 2168967168 1417240576 8388608 0 0 2592 0 28193308
1790416736827 0 80982 8192 409988659 409606474 0 0 0 0 0 0 309509260 935569 2168967168 359645184 5775360 0 0 2592 0 28193308
1790416737859 0 41 0 409988918 409695866 0 0 0 0 0 0 309509260 935658 608161792 131072 0 0 0 2592 0 28240513
1790416738885 0 77 0 409988947 409695859 0 0 0 0 0 0 309509260 935659 2169991168 147456 0 0 0 2592 0 28408575
1790416739904 0 77 0 409988947 409695859 0 0 0 0 0 0 309509260 935659 2169991168 147456 0 0 0 2592 0 28408575
1790416740923 0 77 0 409988947 409695859 0 0 0 0 0 0 309509260 935659 2169991168 147456 0 0 0 2592 0 28408575
1790416741943 0 77 0 409988947 409695859 0 0 0 0 0 0 309509260 935659 2169991168 147456 0 0 0 2592 0 28408575
1790416742979 0 74 0 409989030 409695945 0 0 0 0 0 0 309509260 935844 8933376 131072 0 0 0 2592 0 28410160
1790416744006 0 75 0 409989031 409695945 0 0 0 0 0 0 309509260 937702 1435619328 135168 0 0 0 2592 0 28712841
1790416745024 0 144179 0 410135975 409698777 0 0 0 0 0 0 309509260 938054 575180800 565985280 0 0 0 2592 0 28828136
1790416746043 0 556436 0 410548219 409698777 0 0 0 0 0 0 309509260 938054 2263699456 2254499840 0 0 0 2592 0 28828136
1790416747067 0 548861 2032 410709735 409865732 0 0 0 0 0 0 309509260 938054 2931531776 2244616192 7696384 0 0 2592 0 28842889
1790416748087 0 524331 1168 410891884 410073668 0 0 0 0 0 0 309509260 938054 3674337280 2144952320 8388608 0 0 2592 0 28842889
1790416749111 0 424307 6144 411044387 410320893 0 0 0 0 0 0 309509260 938056 4317405184 1752973312 13619200 0 0 2592 0 28843390
1790416750134 0 209220 4046 411044684 410538375 0 0 0 0 0 0 309509260 938056 4317405184 855805952 24961024 0 0 2592 0 28843390
1790416751157 0 60 0 411044818 410751751 0 0 0 0 0 0 309509260 938093 4320137216 0 0 0 0 2592 0 28848538
1790416752201 0 74 0 411044891 410751774 0 0 0 0 0 0 309509260 938145 859828224 135168 0 0 0 2592 0 28972793
1790416753229 0 74 0 411044891 410751774 0 0 0 0 0 0 309509260 938146 2712264704 135168 0 0 0 2592 0 29412512
1790416754248 0 76 0 411044893 410751774 0 0 0 0 0 0 309509260 938146 4317949952 143360 0 0 0 2592 0 29656378
1790416755267 0 76 0 411044893 410751774 0 0 0 0 0 0 309509260 938146 4317949952 143360 0 0 0 2592 0 29656378
1790416756287 0 83 0 411044900 410751774 0 0 0 0 0 0 309509260 938146 4317949952 147456 0 0 0 2592 0 29656378
1790416757308 0 42 0 411044900 410751815 0 0 0 0 0 0 309509260 938146 4317949952 147456 0 0 0 2592 0 29656378
1790416758330 0 3 0 411044903 410751857 0 0 0 0 0 0 309509260 938193 4314595328 0 0 0 0 2592 0 29656766
1790416759374 0 75 0 411044977 410751859 0 0 0 0 0 0 309509260 939262 931356672 135168 0 0 0 2592 0 29862668
1790416760401 0 75 0 411044977 410751859 0 0 0 0 0 0 309509260 940134 2628251648 135168 0 0 0 2592 0 30332943
1790416761419 0 76 0 411044978 410751859 0 0 0 0 0 0 309509260 940566 4317548544 143360 0 0 0 2592 0 30776637
