1790418053348 0 383 0 444245743 443949483 0 0 0 0 0 0 309509260 1001672 13144064 1265664 0 0 0 2592 0 74405742
1790418054389 0 91 0 444317319 444021351 0 0 0 0 0 0 309509260 1001784 291889152 131072 0 0 0 2592 0 74412261
1790418055412 0 94 0 444317322 444021351 0 0 0 0 0 0 309509260 1001785 293728256 143360 0 0 0 2592 0 74412302
1790418056431 0 94 0 444317322 444021351 0 0 0 0 0 0 309509260 1001785 293728256 143360 0 0 0 2592 0 74412302
1790418057450 0 94 0 444317322 444021351 0 0 0 0 0 0 309509260 1001785 293728256 143360 0 0 0 2592 0 74412302
1790418058477 0 13012 48 444333239 444024289 0 0 0 0 0 0 309509260 1001879 28221440 21737472 0 0 0 2592 0 74419573
1790418059518 0 24 0 444454569 444158672 0 0 0 0 0 0 309509260 1001971 388419584 122880 0 0 0 2592 0 74430565
1790418060545 0 92 0 444454661 444158660 0 0 0 0 0 0 309509260 1001972 561262592 143360 0 0 0 2592 0 74435462
1790418061564 0 94 0 444454663 444158660 0 0 0 0 0 0 309509260 1001972 561262592 143360 0 0 0 2592 0 74435462
1790418062583 0 94 0 444454663 444158660 0 0 0 0 0 0 309509260 1001972 561262592 143360 0 0 0 2592 0 74435462
1790418063602 0 94 0 444454663 444158660 0 0 0 0 0 0 309509260 1001972 561262592 143360 0 0 0 2592 0 74435462
1790418064641 0 216578 0 444674208 444161593 0 0 0 0 0 0 309509260 1002080 863604736 854396928 0 0 0 2592 0 74470258
1790418065669 0 0 0 444723026 444427085 0 0 0 0 0 0 309509260 1002111 1097633792 0 0 0 0 2592 0 74472385
1790418066711 0 94 0 444723154 444427119 0 0 0 0 0 0 309509260 1002163 1096470528 143360 0 0 0 2592 0 74518568
1790418067735 0 94 0 444723154 444427119 0 0 0 0 0 0 309509260 1002164 1098182656 143360 0 0 0 2592 0 74518613
1790418068754 0 94 0 444723154 444427119 0 0 0 0 0 0 309509260 1002164 1098182656 143360 0 0 0 2592 0 74518613
1790418069773 0 94 0 444723154 444427119 0 0 0 0 0 0 309509260 1002164 1098182656 143360 0 0 0 2592 0 74518613
1790418070808 0 91 0 444723252 444427220 0 0 0 0 0 0 309509260 1002256 364109824 131072 0 0 0 2592 0 74527797
1790418071834 0 237423 58 444963588 444430054 0 0 0 0 0 0 309509260 1002257 956542976 947789824 0 0 0 2592 0 74557801
1790418072865 0 437728 2074 445253591 444517901 0 0 0 0 0 0 309509260 1002259 2169200640 1827491840 13570048 0 0 2592 0 74558101
1790418073892 0 184661 3877 445253592 444769620 0 0 0 0 0 0 309509260 1002259 2169200640 769396736 7970816 0 0 2592 0 74558101
1790418074938 0 38 0 445253839 444957828 0 0 0 0 0 0 309509260 1002349 16486400 0 0 0 0 2592 0 74563236
1790418075966 0 95 0 445253896 444957828 0 0 0 0 0 0 309509260 1002350 2151407616 135168 0 0 0 2592 0 74753393
1790418076985 0 95 0 445253896 444957828 0 0 0 0 0 0 309509260 1002350 2172076032 147456 0 0 0 2592 0 74753415
1790418078004 0 95 0 445253896 444957828 0 0 0 0 0 0 309509260 1002350 2172076032 147456 0 0 0 2592 0 74753415
1790418079023 0 95 0 445253896 444957828 0 0 0 0 0 0 309509260 1002350 2172076032 147456 0 0 0 2592 0 74753415
1790418080042 0 42 0 445253902 444957887 0 0 0 0 0 0 309509260 1002350 2172076032 151552 0 0 0 2592 0 74753415
1790418081077 0 90 0 445253995 444957932 0 0 0 0 0 0 309509260 1002442 1414684672 131072 0 0 0 2592 0 74903296
1790418082102 0 170665 0 445427620 444960764 0 0 0 0 0 0 309509260 1002443 683892736 674480128 0 0 0 2592 0 75029643
1790418083121 0 573251 1971 445840066 444968830 0 0 0 0 0 0 309509260 1002443 2374168576 2331930624 8142848 0 0 2592 0 75029643
1790418084140 0 563389 2104 446093819 445232792 0 0 0 0 0 0 309509260 1002443 3419496448 2313011200 6316032 0 0 2592 0 75029643
1790418085164 0 523473 4084 446306737 445483159 0 0 0 0 0 0 309509260 1002443 4288761856 2150785024 8388608 0 0 2592 0 75029643
1790418086190 0 176117 4084 446309322 445833116 0 0 0 0 0 0 309509260 1002445 4317605888 746491904 16777216 0 0 2592 0 75034886
1790418087212 0 39 0 446309751 446013707 0 0 0 0 0 0 309509260 1002481 1719222272 0 0 0 0 2592 0 75045036
1790418088251 0 93 0 446309805 446013707 0 0 0 0 0 0 309509260 1002533 1259732992 135168 0 0 0 2592 0 75350852
1790418089278 0 93 0 446309805 446013707 0 0 0 0 0 0 309509260 1002534 3126165504 135168 0 0 0 2592 0 75782171
1790418090297 0 95 0 446309807 446013707 0 0 0 0 0 0 309509260 1002534 4319686656 143360 0 0 0 2592 0 76045796
1790418091316 0 96 0 446309808 446013707 0 0 0 0 0 0 309509260 1002534 4319690752 147456 0 0 0 2592 0 76045796
1790418092336 0 102 0 446309814 446013707 0 0 0 0 0 0 309509260 1002534 4319690752 147456 0 0 0 2592 0 76045796
1790418093357 0 42 0 446309814 446013767 0 0 0 0 0 0 309509260 1002534 4319690752 147456 0 0 0 2592 0 76045796
1790418094394 0 10 0 446309818 446013803 0 0 0 0 0 0 309509260 1002593 501166080 0 0 0 0 2592 0 76047056
1790418095437 0 91 0 446309908 446013812 0 0 0 0 0 0 309509260 1002646 1676460032 135168 0 0 0 2592 0 76443247
1790418096465 0 91 0 446309908 446013812 0 0 0 0 0 0 309509260 1002647 3528167424 135168 0 0 0 2592 0 76881577
