1790417930673 0 385 0 440116423 439820481 0 0 0 0 0 0 309509260 997928 - - - - - - - -
1790417931729 0 89 0 440188011 439892365 0 0 0 0 0 0 309509260 998046 315797504 131072 0 0 0 2592 0 68130124
1790417932750 0 90 0 440188012 439892365 0 0 0 0 0 0 309509260 998047 316399616 143360 0 0 0 2592 0 68130125
1790417933769 0 92 0 440188014 439892365 0 0 0 0 0 0 309509260 998047 316399616 143360 0 0 0 2592 0 68130125
1790417934788 0 92 0 440188014 439892365 0 0 0 0 0 0 309509260 998047 316399616 143360 0 0 0 2592 0 68130125
1790417935815 0 26709 58 440217641 439895212 0 0 0 0 0 0 309509260 998138 83587072 77156352 0 0 0 2592 0 68153285
1790417936871 0 89 0 440325352 440029674 0 0 0 0 0 0 309509260 998230 388341760 122880 0 0 0 2592 0 68162712
1790417937912 0 94 0 440325357 440029674 0 0 0 0 0 0 309509260 998231 584433664 143360 0 0 0 2592 0 68163176
1790417938931 0 94 0 440325357 440029674 0 0 0 0 0 0 309509260 998231 584433664 143360 0 0 0 2592 0 68163176
1790417939949 0 94 0 440325357 440029674 0 0 0 0 0 0 309509260 998231 584433664 143360 0 0 0 2592 0 68163176
1790417940969 0 94 0 440325357 440029674 0 0 0 0 0 0 309509260 998231 584433664 143360 0 0 0 2592 0 68163176
1790417941996 0 215570 0 440543864 440032611 0 0 0 0 0 0 309509260 998324 857423872 851185664 0 0 0 2592 0 68176885
1790417943023 0 22466 3942 440593609 440271507 0 0 0 0 0 0 309509260 998343 1096716288 113778688 11243520 0 0 2592 0 68216523
1790417944064 0 92 0 440593845 440298132 0 0 0 0 0 0 309509260 998422 1118535680 139264 0 0 0 2592 0 68223990
1790417945089 0 93 0 440593846 440298132 0 0 0 0 0 0 309509260 998423 1120358400 143360 0 0 0 2592 0 68224033
1790417946108 0 93 0 440593846 440298132 0 0 0 0 0 0 309509260 998423 1120358400 143360 0 0 0 2592 0 68224033
1790417947127 0 93 0 440593846 440298132 0 0 0 0 0 0 309509260 998423 1120358400 143360 0 0 0 2592 0 68224033
1790417948185 0 89 0 440593945 440298235 0 0 0 0 0 0 309509260 998516 461488128 131072 0 0 0 2592 0 68231067
1790417949224 0 266310 0 440863089 440301067 0 0 0 0 0 0 309509260 998517 1075109888 1066262528 0 0 0 2592 0 68259299
1790417950253 0 470870 4096 441124290 440353671 0 0 0 0 0 0 309509260 998519 2169307136 1928417280 16777216 0 0 2592 0 68259859
1790417951284 0 228625 3216 441124291 440596824 0 0 0 0 0 0 309509260 998519 2169307136 982892544 16777216 0 0 2592 0 68259859
1790417952306 0 52 0 441124509 440828784 0 0 0 0 0 0 309509260 998556 1412694016 0 0 0 0 2592 0 68262122
1790417953334 0 94 0 441124593 440828846 0 0 0 0 0 0 309509260 998607 2194567168 147456 0 0 0 2592 0 68264420
1790417954357 0 94 0 441124593 440828846 0 0 0 0 0 0 309509260 998608 2196267008 147456 0 0 0 2592 0 68264531
1790417955376 0 94 0 441124593 440828846 0 0 0 0 0 0 309509260 998608 2196267008 147456 0 0 0 2592 0 68264531
1790417956396 0 94 0 441124593 440828846 0 0 0 0 0 0 309509260 998608 2196267008 147456 0 0 0 2592 0 68264531
1790417957417 0 18 0 441124593 440828958 0 0 0 0 0 0 309509260 998661 1304383488 0 0 0 0 2592 0 68264753
1790417958458 0 71 0 441124700 440828952 0 0 0 0 0 0 309509260 998714 672915456 45056 0 0 0 2592 0 68267466
1790417959481 0 384371 0 441511897 440831784 0 0 0 0 0 0 309509260 998715 1558921216 1549705216 0 0 0 2592 0 68283646
1790417960500 0 558042 0 441830950 440977232 0 0 0 0 0 0 309509260 998715 2865872896 2261270528 0 0 0 2592 0 68283646
1790417961519 0 562765 4074 442059685 441197190 0 0 0 0 0 0 309509260 998715 3807072256 2309738496 0 0 0 2592 0 68283646
1790417962542 0 409906 4082 442180008 441470289 0 0 0 0 0 0 309509260 998717 4317421568 1704091648 8388608 0 0 2592 0 68284983
1790417963565 0 215414 1943 442180336 441667259 0 0 0 0 0 0 309509260 998717 4317421568 908099584 6225920 0 0 2592 0 68284983
1790417964584 0 0 40 442180442 441884694 0 0 0 0 0 0 309509260 998754 2717437952 0 0 0 0 2592 0 68285860
1790417965675 0 91 0 442180533 441884757 0 0 0 0 0 0 309509260 998805 2328637440 135168 0 0 0 2592 0 68307031
1790417966714 0 93 0 442180535 441884757 0 0 0 0 0 0 309509260 998806 4349263872 143360 0 0 0 2592 0 68308444
1790417967734 0 93 0 442180535 441884757 0 0 0 0 0 0 309509260 998806 4349263872 143360 0 0 0 2592 0 68308444
1790417968753 0 94 0 442180536 441884757 0 0 0 0 0 0 309509260 998806 4349267968 147456 0 0 0 2592 0 68308444
1790417969774 0 91 0 442180536 441884760 0 0 0 0 0 0 309509260 998806 4349267968 147456 0 0 0 2592 0 68308444
1790417970811 0 10 0 442180546 441884851 0 0 0 0 0 0 309509260 998893 5373952 0 0 0 0 2592 0 68325048
1790417971857 0 92 0 442180640 441884863 0 0 0 0 0 0 309509260 998911 3227791360 135168 0 0 0 2592 0 68345162
