1790424308988 0 166 0 544159297 525850842 0 0 0 0 0 0 309509260 3143947 - - - - - - - -
1790424310038 0 174 0 544162636 525854159 0 0 0 0 0 0 309509260 3143964 29278208 471040 0 0 0 2592 0 376397750
1790424311061 0 175 0 544165878 525857518 0 0 0 0 0 0 309509260 3143964 40292352 471040 0 0 0 2592 0 376601401
1790424312085 0 175 5 544169359 525860854 0 0 0 0 0 0 309509260 3143964 51666944 471040 0 0 0 2592 0 376704116
1790424313110 0 174 0 544172762 525864334 0 0 0 0 0 0 309509260 3143964 63098880 458752 0 0 0 2592 0 376907209
1790424314134 0 174 31 544176151 525867516 0 0 0 0 0 0 309509260 3143964 74047488 458752 0 0 0 2592 0 377016024
1790424315159 0 175 22 544179556 525871034 0 0 0 0 0 0 309509260 3143964 85401600 462848 0 0 0 2592 0 377197768
1790424316183 0 175 68 544182934 525874402 0 0 0 0 0 0 309509260 3143964 96546816 462848 0 0 0 2592 0 377296737
1790424317207 0 175 35 544186321 525877822 0 0 0 0 0 0 309509260 3143964 107847680 462848 4096 0 0 2592 0 377429114
1790424318231 0 175 35 544189707 525881174 0 0 0 0 0 0 309509260 3143964 119070720 462848 0 0 0 2592 0 377567693
1790424319255 0 175 34 544193005 525884507 0 0 0 0 0 0 309509260 3143964 130019328 462848 0 0 0 2592 0 377770264
1790424320280 0 176 17 544196410 525887928 0 0 0 0 0 0 309509260 3143964 141250560 466944 0 0 0 2592 0 377974601
1790424321304 0 176 7 544199775 525891266 0 0 0 0 0 0 309509260 3143964 152395776 466944 0 0 0 2592 0 378090589
1790424322327 0 176 51 544203071 525894555 0 0 0 0 0 0 309509260 3143964 163409920 466944 69632 0 0 2592 0 378291701
1790424323351 0 177 0 544206353 525897887 0 0 0 0 0 0 309509260 3143964 174243840 471040 0 0 0 2592 0 378496766
1790424324375 0 177 34 544209673 525901173 0 0 0 0 0 0 309509260 3143964 185257984 471040 0 0 0 2592 0 378702801
1790424325400 0 177 51 544212909 525904392 0 0 0 0 0 0 309509260 3143964 195989504 471040 0 0 0 2592 0 378914485
1790424326424 0 178 12 544216146 525907703 0 0 0 0 0 0 309509260 3143964 206733312 475136 0 0 0 2592 0 379123228
1790424327448 0 178 30 544219491 525911023 0 0 0 0 0 0 309509260 3143964 217829376 475136 0 0 0 2592 0 379325879
1790424328471 0 186 12 544222679 525914228 0 0 0 0 0 0 309509260 3143964 228507648 479232 0 0 0 2592 0 379525998
1790424329495 0 186 51 544225992 525917466 0 0 0 0 0 0 309509260 3143964 239439872 479232 0 0 0 2592 0 379729168
1790424330519 0 186 51 544229333 525920790 0 0 0 0 0 0 309509260 3143964 250449920 479232 0 0 0 2592 0 379914455
1790424331543 0 187 0 544232571 525924112 0 0 0 0 0 0 309509260 3143964 261472256 479232 0 0 0 2592 0 380114601
1790424332566 0 187 0 544235974 525927556 0 0 0 0 0 0 309509260 3143964 272621568 483328 0 0 0 2592 0 380319204
1790424333590 0 9 17 544239320 525931005 0 0 0 0 0 0 309509260 3143964 283779072 24576 0 0 0 2592 0 380528335
1790424334615 0 10 68 544242704 525934337 0 0 0 0 0 0 309509260 3143964 294789120 28672 0 0 0 2592 0 380673059
1790424335651 0 74 14 544245397 525937020 0 0 0 0 0 0 309509260 3144159 133619712 4096 0 0 0 2592 0 380841521
1790424336678 0 62 0 544245402 525937051 0 0 0 0 0 0 309509260 3144244 296005632 12288 0 0 0 2592 0 380847172
1790424337696 0 62 0 544245402 525937051 0 0 0 0 0 0 309509260 3144244 296005632 12288 0 0 0 2592 0 380847172
1790424338715 0 62 0 544245402 525937051 0 0 0 0 0 0 309509260 3144260 298323968 12288 0 0 0 2592 0 380848844
1790424339735 0 62 0 544245402 525937051 0 0 0 0 0 0 309509260 3144260 298323968 12288 0 0 0 2592 0 380848844
1790424340795 0 0 66 544248842 525940492 0 0 0 0 0 0 309509260 3144602 20828160 110592 0 0 0 2592 0 381026683
1790424341841 0 114 33 544254440 525946003 0 0 0 0 0 0 309509260 3144603 43646976 118784 0 0 0 2592 0 381215142
1790424342866 0 114 0 544260066 525951586 0 0 0 0 0 0 309509260 3144603 63574016 167936 0 0 0 2592 0 381421006
1790424343891 0 114 0 544265544 525957173 0 0 0 0 0 0 309509260 3144603 83943424 118784 0 0 0 2592 0 381604620
1790424344915 0 114 0 544271063 525962659 0 0 0 0 0 0 309509260 3144603 104108032 118784 0 0 0 2592 0 381787882
1790424345939 0 57 0 544276433 525968119 0 0 0 0 0 0 309509260 3144603 123858944 122880 0 0 0 2592 0 381977164
1790424346963 0 58 0 544281733 525973344 0 0 0 0 0 0 309509260 3144603 143196160 126976 0 0 0 2592 0 382083365
1790424347987 0 58 0 544287273 525978872 0 0 0 0 0 0 309509260 3144603 163069952 126976 0 0 0 2592 0 382276145
1790424349011 0 60 0 544292722 525984372 0 0 0 0 0 0 309509260 3144603 183128064 131072 0 0 0 2592 0 382460403
1790424350035 0 61 0 544298127 525989700 0 0 0 0 0 0 309509260 3144603 202756096 135168 0 0 0 2592 0 382616782
1790424351059 0 62 0 544303573 525995221 0 0 0 0 0 0 309509260 3144603 222801920 139264 0 0 0 2592 0 382787960
1790424352083 0 64 0 544308793 526000403 0 0 0 0 0 0 309509260 3144603 241876992 143360 0 0 0 2592 0 382991964
1790424353107 0 64 0 544313974 526005620 0 0 0 0 0 0 309509260 3144603 260816896 143360 0 0 0 2592 0 383131206
1790424354132 0 66 66 544319195 526010773 0 0 0 0 0 0 309509260 3144603 280031232 147456 0 0 0 2592 0 383331400
1790424355156 0 66 66 544324527 526016105 0 0 0 0 0 0 309509260 3144603 299376640 147456 0 0 0 2592 0 383516223
1790424356182 0 66 66 544330081 526021659 0 0 0 0 0 0 309509260 3144603 319803392 147456 0 0 0 2592 0 383713225
1790424357206 0 68 17 544335318 526026947 0 0 0 0 0 0 309509260 3144603 339030016 151552 0 0 0 2592 0 383873387
1790424358230 0 69 0 544340889 526032421 0 0 0 0 0 0 309509260 3144603 359063552 155648 0 0 0 2592 0 383971547
1790424359254 0 69 0 544346515 526038156 0 0 0 0 0 0 309509260 3144603 379752448 155648 0 0 0 2592 0 384165776
1790424360277 0 71 0 544351938 526043589 0 0 0 0 0 0 309509260 3144603 399794176 159744 0 0 0 2592 0 384219391
1790424361307 0 71 19 544357369 526049061 0 0 0 0 0 0 309509260 3144622 422658048 159744 0 0 0 2592 0 384326901
1790424362330 0 73 0 544362810 526054447 0 0 0 0 0 0 309509260 3144622 442540032 163840 0 0 0 2592 0 384521945
1790424363354 0 73 0 544368325 526059995 0 0 0 0 0 0 309509260 3144622 462819328 163840 0 0 0 2592 0 384717993
1790424364378 0 75 0 544373656 526065324 0 0 0 0 0 0 309509260 3144622 482586624 167936 0 0 0 2592 0 384911647
1790424365402 0 76 0 544379169 526070770 0 0 0 0 0 0 309509260 3144622 502214656 172032 0 0 0 2592 0 385054000
1790424366427 0 76 66 544384465 526076000 0 0 0 0 0 0 309509260 3144622 521691136 172032 0 0 0 2592 0 385252078
1790424367452 0 76 0 544389720 526081354 0 0 0 0 0 0 309509260 3144622 541024256 172032 0 0 0 2592 0 385455313
1790424368476 0 77 66 544395126 526086693 0 0 0 0 0 0 309509260 3144622 560783360 176128 147456 0 0 2592 0 385586460
1790424369504 0 62 0 544397156 526088804 0 0 0 0 0 0 309509260 3144948 562716672 8192 0 0 0 2592 0 385755271
1790424370528 0 63 0 544397157 526088804 0 0 0 0 0 0 309509260 3144949 564477952 12288 0 0 0 2592 0 385755302
1790424371547 0 63 0 544397157 526088804 0 0 0 0 0 0 309509260 3144949 564477952 12288 0 0 0 2592 0 385755302
1790424372566 0 63 0 544397157 526088804 0 0 0 0 0 0 309509260 3144949 564477952 12288 0 0 0 2592 0 385755302
1790424373588 0 61 0 544397158 526088807 0 0 0 0 0 0 309509260 3145002 75898880 0 0 0 0 2592 0 385775318
1790424374641 0 122 64 544403147 526094718 0 0 0 0 0 0 309509260 3145353 30760960 143360 0 0 0 2592 0 385954603
1790424375683 0 122 0 544412636 526104345 0 0 0 0 0 0 309509260 3145353 70107136 143360 0 0 0 2592 0 386097519
1790424376706 0 122 49 544422125 526113735 0 0 0 0 0 0 309509260 3145353 106332160 143360 0 0 0 2592 0 386244734
1790424377731 0 123 0 544431245 526122808 0 0 0 0 0 0 309509260 3145353 141488128 147456 0 0 0 2592 0 386442223
1790424378756 0 66 0 544440346 526131989 0 0 0 0 0 0 309509260 3145353 177192960 421888 8192 0 0 2592 0 386588795
1790424379780 0 68 0 544449433 526141139 0 0 0 0 0 0 309509260 3145353 212094976 151552 0 0 0 2592 0 386769239
1790424380804 0 68 29 544458433 526150050 0 0 0 0 0 0 309509260 3145353 246468608 159744 0 0 0 2592 0 386909940
1790424381827 0 71 57 544467337 526158954 0 0 0 0 0 0 309509260 3145353 280838144 163840 0 0 0 2592 0 387074491
1790424382851 0 72 66 544476311 526167882 0 0 0 0 0 0 309509260 3145353 315748352 172032 278528 0 0 2592 0 387233459
1790424383875 0 74 57 544485354 526176968 0 0 0 0 0 0 309509260 3145353 350371840 172032 0 0 0 2592 0 387410614
1790424384900 0 136 24 544494166 526185825 0 0 0 0 0 0 309509260 3145353 384749568 180224 266240 0 0 2592 0 387534169
1790424385924 0 78 0 544503001 526194680 0 0 0 0 0 0 309509260 3145353 418852864 184320 278528 0 0 2592 0 387730290
1790424386948 0 80 0 544512112 526203850 0 0 0 0 0 0 309509260 3145353 454283264 188416 0 0 0 2592 0 387911480
1790424387973 0 80 0 544521526 526213264 0 0 0 0 0 0 309509260 3145353 490496000 188416 0 0 0 2592 0 388019951
1790424388998 0 82 33 544530913 526222542 0 0 0 0 0 0 309509260 3145353 526467072 196608 0 0 0 2592 0 388165375
1790424390022 0 82 0 544539955 526231582 0 0 0 0 0 0 309509260 3145353 561623040 196608 0 0 0 2592 0 388337349
1790424391046 0 83 16 544548940 526240587 0 0 0 0 0 0 309509260 3145353 595992576 200704 0 0 0 2592 0 388481981
1790424392071 0 85 57 544558083 526249686 0 0 0 0 0 0 309509260 3145353 631164928 204800 0 0 0 2592 0 388628537
1790424393095 0 87 17 544567023 526258703 0 0 0 0 0 0 309509260 3145353 665792512 208896 0 0 0 2592 0 388828298
1790424394119 0 89 57 544576196 526267795 0 0 0 0 0 0 309509260 3145353 700952576 212992 0 0 0 2592 0 389023226
1790424395143 0 91 0 544585101 526276719 0 0 0 0 0 0 309509260 3145353 735318016 217088 0 0 0 2592 0 389213551
1790424396167 0 91 0 544594008 526285626 0 0 0 0 0 0 309509260 3145353 769687552 217088 0 0 0 2592 0 389410333
1790424397191 0 94 0 544602708 526294388 0 0 0 0 0 0 309509260 3145353 803803136 491520 12288 0 0 2592 0 389605968
1790424398215 0 95 0 544611995 526303718 0 0 0 0 0 0 309509260 3145369 841670656 229376 0 0 0 2592 0 389713055
1790424399239 0 97 0 544621253 526312838 0 0 0 0 0 0 309509260 3145369 877109248 237568 0 0 0 2592 0 389830728
1790424400263 0 98 54 544630167 526321768 0 0 0 0 0 0 309509260 3145369 911929344 442368 0 0 0 2592 0 389957051
1790424401287 0 100 0 544639012 526330665 0 0 0 0 0 0 309509260 3145369 946057216 479232 0 0 0 2592 0 390145193
1790424402311 0 102 16 544648273 526339792 0 0 0 0 0 0 309509260 3145369 981557248 253952 278528 0 0 2592 0 390238201
1790424403335 0 104 8 544657344 526348905 0 0 0 0 0 0 309509260 3145369 1016451072 258048 0 0 0 2592 0 390417150
1790424404359 0 8 0 544666295 526358017 0 0 0 0 0 0 309509260 3145369 1051357184 16384 0 0 0 2592 0 390588040
1790424405383 0 11 49 544675467 526367188 0 0 0 0 0 0 309509260 3145369 1086271488 24576 0 0 0 2592 0 390700074
1790424406420 0 60 0 544680019 526371668 0 0 0 0 0 0 309509260 3145564 489078784 4096 0 0 0 2592 0 390859254
1790424407446 0 63 0 544680022 526371668 0 0 0 0 0 0 309509260 3145699 1101336576 12288 0 0 0 2592 0 390969275
1790424408465 0 63 0 544680022 526371668 0 0 0 0 0 0 309509260 3145699 1101336576 12288 0 0 0 2592 0 390969275
1790424409485 0 63 0 544680022 526371668 0 0 0 0 0 0 309509260 3145699 1101336576 12288 0 0 0 2592 0 390969275
1790424410504 0 63 0 544680022 526371668 0 0 0 0 0 0 309509260 3145699 1101336576 12288 0 0 0 2592 0 390969275
1790424411541 0 62 0 544680093 526371740 0 0 0 0 0 0 309509260 3146024 734781440 4096 0 0 0 2592 0 391109151
1790424412571 0 149 0 544691045 526382644 0 0 0 0 0 0 309509260 3146098 53731328 729088 0 0 0 2592 0 391206177
1790424413595 0 150 0 544706657 526398215 0 0 0 0 0 0 309509260 3146098 115073024 212992 0 0 0 2592 0 391328631
1790424414619 0 154 17 544722599 526414173 0 0 0 0 0 0 309509260 3146098 178507776 221184 0 0 0 2592 0 391450789
1790424415643 0 158 0 544738238 526429788 0 0 0 0 0 0 309509260 3146098 240377856 229376 0 0 0 2592 0 391582599
1790424416682 0 100 0 544753727 526445424 0 0 0 0 0 0 309509260 3146098 301694976 233472 528384 0 0 2592 0 391752175
1790424417710 0 102 16 544768390 526460017 0 0 0 0 0 0 309509260 3146098 360386560 241664 0 0 0 2592 0 391923330
1790424418734 0 103 6 544782819 526474409 0 0 0 0 0 0 309509260 3146098 418017280 245760 0 0 0 2592 0 392042058
1790424419758 0 105 95 544797634 526489286 0 0 0 0 0 0 309509260 3146098 476708864 253952 0 0 0 2592 0 392216997
1790424420788 0 108 0 544813222 526504862 0 0 0 0 0 0 309509260 3146098 538554368 262144 528384 0 0 2592 0 392339120
1790424421811 0 110 0 544828339 526519977 0 0 0 0 0 0 309509260 3146098 599359488 274432 528384 0 0 2592 0 392509055
1790424422835 0 111 5 544843335 526534863 0 0 0 0 0 0 309509260 3146098 658558976 278528 0 0 0 2592 0 392621316
1790424423858 0 113 56 544858237 526549812 0 0 0 0 0 0 309509260 3146098 717787136 286720 0 0 0 2592 0 392791023
1790424424883 0 117 23 544873404 526564934 0 0 0 0 0 0 309509260 3146098 778051584 294912 528384 0 0 2592 0 392967165
1790424425907 0 120 56 544888173 526579741 0 0 0 0 0 0 309509260 3146098 836743168 303104 0 0 0 2592 0 393151635
1790424426931 0 122 0 544903072 526594658 0 0 0 0 0 0 309509260 3146098 895422464 307200 0 0 0 2592 0 393339027
1790424427955 0 123 0 544917571 526609156 0 0 0 0 0 0 309509260 3146098 953561088 311296 0 0 0 2592 0 393521479
1790424428979 0 127 56 544932338 526623899 0 0 0 0 0 0 309509260 3146098 1012248576 319488 0 0 0 2592 0 393703843
1790424430003 0 130 0 544947482 526639077 0 0 0 0 0 0 309509260 3146098 1072123904 462848 0 0 0 2592 0 393887783
1790424431027 0 132 0 544963071 526654647 0 0 0 0 0 0 309509260 3146098 1133858816 335872 0 0 0 2592 0 394058961
1790424432050 0 134 0 544979303 526670877 0 0 0 0 0 0 309509260 3146098 1198891008 344064 0 0 0 2592 0 394231195
1790424433074 0 135 0 544995061 526686694 0 0 0 0 0 0 309509260 3146098 1261801472 827392 61440 0 0 2592 0 394370516
1790424434098 0 137 0 545010384 526701995 0 0 0 0 0 0 309509260 3146098 1322082304 356352 0 0 0 2592 0 394540215
1790424435123 0 139 39 545025863 526717392 0 0 0 0 0 0 309509260 3146098 1383415808 364544 0 0 0 2592 0 394723360
1790424436146 0 139 107 545041353 526732962 0 0 0 0 0 0 309509260 3146098 1445240832 364544 0 0 0 2592 0 394896138
1790424437170 0 143 0 545056549 526748154 0 0 0 0 0 0 309509260 3146098 1506066432 376832 528384 0 0 2592 0 395082753
1790424438193 0 145 48 545071841 526763477 0 0 0 0 0 0 309509260 3146098 1566887936 385024 0 0 0 2592 0 395173198
1790424439216 0 146 0 545086263 526777825 0 0 0 0 0 0 309509260 3146098 1623969792 389120 0 0 0 2592 0 395316122
1790424440240 0 203 26 545100895 526792424 0 0 0 0 0 0 309509260 3146098 1682104320 393216 540672 0 0 2592 0 395441264
1790424441263 0 150 0 545116700 526808278 0 0 0 0 0 0 309509260 3146098 1745268736 671744 0 0 0 2592 0 395581549
1790424442287 0 135 107 545132218 526823722 0 0 0 0 0 0 309509260 3146098 1806323712 344064 0 0 0 2592 0 395751944
1790424443310 0 209 0 545147408 526838853 0 0 0 0 0 0 309509260 3146098 1866563584 348160 0 0 0 2592 0 395901613
1790424444335 0 137 0 545162218 526853789 0 0 0 0 0 0 309509260 3146098 1925758976 352256 0 0 0 2592 0 396079424
1790424445359 0 138 0 545176984 526868554 0 0 0 0 0 0 309509260 3146098 1984442368 356352 0 0 0 2592 0 396236067
1790424446382 0 140 39 545192148 526883676 0 0 0 0 0 0 309509260 3146098 2044162048 360448 0 0 0 2592 0 396305914
1790424447405 0 140 0 545207182 526898750 0 0 0 0 0 0 309509260 3146098 2104418304 360448 0 0 0 2592 0 396495745
1790424448429 0 140 39 545222080 526913608 0 0 0 0 0 0 309509260 3146098 2163609600 360448 528384 0 0 2592 0 396682112
1790424449463 0 42 0 545225054 526916720 0 0 0 0 0 0 309509260 3146262 672215040 4096 0 0 0 2592 0 396844985
1790424450489 0 64 0 545225076 526916720 0 0 0 0 0 0 309509260 3146438 2175365120 12288 0 0 0 2592 0 397041711
1790424451508 0 64 0 545225076 526916720 0 0 0 0 0 0 309509260 3146438 2175365120 12288 0 0 0 2592 0 397041711
1790424452527 0 64 0 545225076 526916720 0 0 0 0 0 0 309509260 3146438 2175369216 16384 0 0 0 2592 0 397041711
1790424453547 0 65 0 545225077 526916720 0 0 0 0 0 0 309509260 3146438 2175369216 16384 0 0 0 2592 0 397041711
1790424454583 0 5 0 545225090 526916793 0 0 0 0 0 0 309509260 3146490 460845056 0 0 0 0 2592 0 397053017
1790424455618 0 61 0 545225151 526916798 0 0 0 0 0 0 309509260 3146788 1607602176 8192 0 0 0 2592 0 397440962
1790424456648 0 177 0 545237707 526929229 0 0 0 0 0 0 309509260 3146850 59600896 299008 0 0 0 2592 0 397609687
1790424457671 0 178 41 545261991 526953512 0 0 0 0 0 0 309509260 3146850 157544448 303104 0 0 0 2592 0 397764405
1790424458694 0 179 0 545286465 526978040 0 0 0 0 0 0 309509260 3146866 258797568 311296 0 0 0 2592 0 397918412
1790424459717 0 124 0 545311850 527003433 0 0 0 0 0 0 309509260 3146866 360939520 323584 0 0 0 2592 0 398075629
1790424460740 0 127 254 545335369 527026661 0 0 0 0 0 0 309509260 3146866 455319552 999424 0 0 0 2592 0 398158812
1790424461763 0 194 6 545358801 527050316 0 0 0 0 0 0 309509260 3146866 550518784 339968 0 0 0 2592 0 398267275
1790424462787 0 133 53 545381811 527073392 0 0 0 0 0 0 309509260 3146866 643170304 348160 0 0 0 2592 0 398374045
1790424463810 0 136 0 545406310 527097920 0 0 0 0 0 0 309509260 3146866 742191104 360448 0 0 0 2592 0 398535467
1790424464833 0 139 257 545430108 527121707 0 0 0 0 0 0 309509260 3146866 836972544 368640 0 0 0 2592 0 398655070
1790424465856 0 142 0 545454495 527145951 0 0 0 0 0 0 309509260 3146866 937017344 380928 0 0 0 2592 0 398741245
1790424466879 0 146 0 545480750 527172311 0 0 0 0 0 0 309509260 3146866 1041293312 393216 0 0 0 2592 0 398904328
1790424467902 0 149 0 545505288 527196846 0 0 0 0 0 0 309509260 3146866 1141338112 405504 0 0 0 2592 0 399058924
1790424468925 0 152 9 545530374 527221913 0 0 0 0 0 0 309509260 3146866 1242316800 1363968 0 0 0 2592 0 399158271
1790424469948 0 153 50 545555692 527247222 0 0 0 0 0 0 309509260 3146866 1343684608 581632 0 0 0 2592 0 399265491
1790424470972 0 159 0 545579366 527270961 0 0 0 0 0 0 309509260 3146866 1440436224 434176 720896 0 0 2592 0 399414287
1790424471995 0 234 0 545603140 527294468 0 0 0 0 0 0 309509260 3146866 1535614976 839680 0 0 0 2592 0 399575077
1790424473018 0 166 0 545627682 527319263 0 0 0 0 0 0 309509260 3146866 1635307520 458752 0 0 0 2592 0 399732946
1790424474041 0 170 0 545651917 527343563 0 0 0 0 0 0 309509260 3146866 1733271552 471040 0 0 0 2592 0 399890720
1790424475064 0 172 0 545675998 527367534 0 0 0 0 0 0 309509260 3146866 1829109760 479232 0 0 0 2592 0 400056036
1790424476087 0 175 184 545700295 527391858 0 0 0 0 0 0 309509260 3146866 1927045120 487424 0 0 0 2592 0 400219530
1790424477110 0 179 19 545723746 527415313 0 0 0 0 0 0 309509260 3146866 2022912000 499712 0 0 0 2592 0 400373837
1790424478133 0 183 35 545746786 527438240 0 0 0 0 0 0 309509260 3146866 2116329472 1228800 0 0 0 2592 0 400491132
1790424479156 0 185 38 545770019 527461502 0 0 0 0 0 0 309509260 3146866 2209361920 524288 0 0 0 2592 0 400655644
1790424480179 0 188 243 545794275 527485785 0 0 0 0 0 0 309509260 3146866 2307321856 536576 1052672 0 0 2592 0 400744213
1790424481202 0 193 0 545819077 527510591 0 0 0 0 0 0 309509260 3146866 2407395328 552960 0 0 0 2592 0 400904434
1790424482225 0 197 1 545842530 527534039 0 0 0 0 0 0 309509260 3146869 2503315456 569344 0 0 0 2592 0 401065042
1790424483248 0 419 38 545866004 527557254 0 0 0 0 0 0 309509260 3146869 2597044224 581632 0 0 0 2592 0 401238136
1790424484271 0 202 0 545889280 527580793 0 0 0 0 0 0 309509260 3146869 2691813376 589824 0 0 0 2592 0 401409689
1790424485294 0 182 41 545912796 527604313 0 0 0 0 0 0 309509260 3146869 2786594816 495616 0 0 0 2592 0 401540526
1790424486317 0 185 0 545936227 527627763 0 0 0 0 0 0 309509260 3146869 2881351680 503808 1064960 0 0 2592 0 401625673
1790424487340 0 188 0 545959507 527651034 0 0 0 0 0 0 309509260 3146869 2976137216 516096 1064960 0 0 2592 0 401785290
1790424488363 0 191 0 545983001 527674525 0 0 0 0 0 0 309509260 3146869 3069890560 528384 0 0 0 2592 0 401952198
1790424489386 0 195 0 546005976 527697527 0 0 0 0 0 0 309509260 3146869 3162574848 540672 0 0 0 2592 0 402114920
1790424490409 0 195 1 546030294 527721805 0 0 0 0 0 0 309509260 3146869 3260403712 1531904 0 0 0 2592 0 402199067
1790424491432 0 195 4 546054023 527745566 0 0 0 0 0 0 309509260 3146869 3356266496 536576 0 0 0 2592 0 402320676
1790424492456 0 196 38 546077775 527769247 0 0 0 0 0 0 309509260 3146869 3452063744 540672 0 0 0 2592 0 402470267
1790424493479 0 197 3 546100746 527792287 0 0 0 0 0 0 309509260 3146869 3544707072 544768 0 0 0 2592 0 402619335
1790424494502 0 344 76 546123933 527815255 0 0 0 0 0 0 309509260 3146869 3638403072 548864 0 0 0 2592 0 402780268
1790424495525 0 198 0 546147145 527838732 0 0 0 0 0 0 309509260 3146869 3731042304 548864 0 0 0 2592 0 402951974
1790424496548 0 199 0 546170141 527861603 0 0 0 0 0 0 309509260 3146869 3824750592 552960 438272 0 0 2592 0 403076251
1790424497571 0 199 0 546192910 527884387 0 0 0 0 0 0 309509260 3146869 3916349440 552960 0 0 0 2592 0 403167536
1790424498595 0 199 0 546216638 527908146 0 0 0 0 0 0 309509260 3146869 4012146688 552960 0 0 0 2592 0 403344157
1790424499618 0 200 260 546240129 527931379 0 0 0 0 0 0 309509260 3146869 4106903552 557056 1052672 0 0 2592 0 403507288
1790424500640 0 200 0 546262743 527954293 0 0 0 0 0 0 309509260 3146869 4199567360 557056 1052672 0 0 2592 0 403571058
1790424501663 0 200 0 546286027 527977573 0 0 0 0 0 0 309509260 3146869 4292210688 557056 0 0 0 2592 0 403740366
1790424502697 0 71 45 546294498 527986156 0 0 0 0 0 0 309509260 3146945 122347520 4096 0 0 0 2592 0 403779443
1790424503721 0 66 0 546294499 527986140 0 0 0 0 0 0 309509260 3147066 2113937408 8192 0 0 0 2592 0 404306750
1790424504740 0 66 0 546294499 527986140 0 0 0 0 0 0 309509260 3147189 4159008768 8192 0 0 0 2592 0 404827566
1790424505759 0 67 0 546294500 527986140 0 0 0 0 0 0 309509260 3147197 4323098624 12288 0 0 0 2592 0 404840461
1790424506778 0 67 0 546294500 527986140 0 0 0 0 0 0 309509260 3147197 4323098624 12288 0 0 0 2592 0 404840461
1790424507798 0 65 0 546294501 527986143 0 0 0 0 0 0 309509260 3147197 4323102720 16384 0 0 0 2592 0 404840461
1790424508819 0 14 0 546294507 527986200 0 0 0 0 0 0 309509260 3147197 4323102720 24576 0 0 0 2592 0 404840461
1790424509854 0 61 0 546294572 527986218 0 0 0 0 0 0 309509260 3147390 836616192 4096 0 0 0 2592 0 404907703
1790424510880 0 62 0 546294573 527986218 0 0 0 0 0 0 309509260 3147509 2851647488 8192 0 0 0 2592 0 405424367
1790424511899 0 62 0 546294573 527986218 0 0 0 0 0 0 309509260 3147593 1303953408 12288 0 0 0 2592 0 405591373
1790424512929 0 319 496 546327787 528018711 0 0 0 0 0 0 309509260 3147594 140259328 540672 0 0 0 2592 0 405663572
1790424513956 0 252 12 546364480 528055908 0 0 0 0 0 0 309509260 3147594 293146624 2072576 0 0 0 2592 0 405793825
1790424514979 0 197 0 546398556 528090110 0 0 0 0 0 0 309509260 3147594 431800320 2002944 0 0 0 2592 0 405926723
1790424516003 0 200 0 546431648 528123199 0 0 0 0 0 0 309509260 3147594 567013376 585728 2101248 0 0 2592 0 406020379
1790424517026 0 205 146 546463243 528154744 0 0 0 0 0 0 309509260 3147594 693166080 606208 0 0 0 2592 0 406165046
1790424518049 0 210 0 546494300 528185764 0 0 0 0 0 0 309509260 3147594 821415936 622592 0 0 0 2592 0 406323657
1790424519072 0 215 0 546525760 528217328 0 0 0 0 0 0 309509260 3147610 951832576 634880 0 0 0 2592 0 406466476
1790424520095 0 216 0 546559912 528251415 0 0 0 0 0 0 309509260 3147610 1088696320 909312 0 0 0 2592 0 406541959
1790424521118 0 216 509 546592455 528283477 0 0 0 0 0 0 309509260 3147610 1220829184 638976 0 0 0 2592 0 406682463
1790424522141 0 216 0 546627615 528319132 0 0 0 0 0 0 309509260 3147610 1363726336 638976 0 0 0 2592 0 406779100
1790424523164 0 216 509 546666909 528357931 0 0 0 0 0 0 309509260 3147610 1523265536 2564096 0 0 0 2592 0 406880141
1790424524189 0 216 0 546700567 528392057 0 0 0 0 0 0 309509260 3147610 1660055552 638976 0 0 0 2592 0 406973456
1790424525212 0 727 0 546731017 528422039 0 0 0 0 0 0 309509260 3147610 1784029184 638976 0 0 0 2592 0 407119308
1790424526235 0 216 2 546763125 528454647 0 0 0 0 0 0 309509260 3147610 1914310656 638976 0 0 0 2592 0 407249719
1790424527258 0 216 0 546800380 528491819 0 0 0 0 0 0 309509260 3147610 2065612800 638976 0 0 0 2592 0 407396600
1790424528281 0 216 0 546838039 528529574 0 0 0 0 0 0 309509260 3147610 2220851200 2494464 0 0 0 2592 0 407548407
1790424529304 0 216 0 546872213 528563703 0 0 0 0 0 0 309509260 3147610 2357714944 638976 0 0 0 2592 0 407689120
1790424530327 0 216 0 546911536 528602994 0 0 0 0 0 0 309509260 3147610 2517422080 638976 0 0 0 2592 0 407829930
1790424531350 0 216 0 546946693 528638151 0 0 0 0 0 0 309509260 3147610 2662412288 638976 2113536 0 0 2592 0 407972269
1790424532373 0 216 558 546981828 528672745 0 0 0 0 0 0 309509260 3147610 2803208192 638976 0 0 0 2592 0 408108915
1790424533396 0 217 0 547020031 528711520 0 0 0 0 0 0 309509260 3147610 2958708736 643072 0 0 0 2592 0 408258208
1790424534420 0 217 0 547057257 528748823 0 0 0 0 0 0 309509260 3147610 3110531072 1155072 0 0 0 2592 0 408329859
1790424535449 0 217 0 547096034 528787568 0 0 0 0 0 0 309509260 3147610 3265556480 643072 0 0 0 2592 0 408464054
1790424536483 0 217 0 547134345 528825834 0 0 0 0 0 0 309509260 3147610 3423170560 2727936 0 0 0 2592 0 408609384
1790424537511 0 217 4 547175706 528867150 0 0 0 0 0 0 309509260 3147610 3591327744 643072 0 0 0 2592 0 408759569
1790424538534 0 217 0 547212443 528903900 0 0 0 0 0 0 309509260 3147610 3740545024 643072 0 0 0 2592 0 408843248
1790424539557 0 217 0 547249614 528941115 0 0 0 0 0 0 309509260 3147610 3892731904 1527808 0 0 0 2592 0 408939607
1790424540579 0 150 0 547288910 528980510 0 0 0 0 0 0 309509260 3147610 4051582976 389120 0 0 0 2592 0 409013563
1790424541603 0 153 0 547327225 529018778 0 0 0 0 0 0 309509260 3147610 4207091712 401408 0 0 0 2592 0 409155650
1790424542621 0 40 0 547353613 529045279 0 0 0 0 0 0 309509260 3147640 1385459712 0 0 0 0 2592 0 409183768
1790424543654 0 62 0 547353635 529045279 0 0 0 0 0 0 309509260 3147732 1682878464 8192 0 0 0 2592 0 409587897
1790424544680 0 62 0 547353635 529045279 0 0 0 0 0 0 309509260 3147798 3875844096 8192 0 0 0 2592 0 409943392
1790424545698 0 63 0 547353636 529045279 0 0 0 0 0 0 309509260 3147811 4314271744 12288 0 0 0 2592 0 409981196
1790424546717 0 63 0 547353636 529045279 0 0 0 0 0 0 309509260 3147811 4314271744 12288 0 0 0 2592 0 409981196
1790424547737 0 63 0 547353636 529045279 0 0 0 0 0 0 309509260 3147811 4314271744 20480 0 0 0 2592 0 409981196
1790424548758 0 11 0 547353644 529045339 0 0 0 0 0 0 309509260 3147811 4314271744 20480 0 0 0 2592 0 409981196
1790424549795 0 60 0 547353706 529045352 0 0 0 0 0 0 309509260 3147937 639983616 4096 0 0 0 2592 0 410050102
1790424550820 0 62 0 547353708 529045352 0 0 0 0 0 0 309509260 3148002 2785816576 8192 0 0 0 2592 0 410320382
1790424551839 0 63 0 547353709 529045352 0 0 0 0 0 0 309509260 3148048 2048569344 12288 0 0 0 2592 0 410437866
1790424552860 0 1464 0 547431111 529121271 0 0 0 0 0 0 309509260 3148049 318259200 4198400 0 0 0 2592 0 410538620
1790424553884 0 1091 0 547516945 529207452 0 0 0 0 0 0 309509260 3148049 669667328 3002368 0 0 0 2592 0 410696795
1790424554906 0 1166 0 547609452 529299893 0 0 0 0 0 0 309509260 3148049 1048776704 4354048 0 0 0 2592 0 410861197
1790424555929 0 217 2029 547698712 529388172 0 0 0 0 0 0 309509260 3148049 1414356992 2371584 6668288 0 0 2592 0 411022419
1790424556951 0 217 0 547782906 529474393 0 0 0 0 0 0 309509260 3148049 1760854016 2957312 0 0 0 2592 0 411179904
1790424557972 0 217 0 547869149 529560614 0 0 0 0 0 0 309509260 3148049 2111102976 634880 0 0 0 2592 0 411330271
1790424558998 0 217 0 547955394 529646837 0 0 0 0 0 0 309509260 3148049 2463768576 786432 0 0 0 2592 0 411481331
1790424560017 0 272 2029 548049850 529739220 0 0 0 0 0 0 309509260 3148049 2849701888 634880 8396800 0 0 2592 0 411636121
1790424561041 0 217 0 548140132 529831618 0 0 0 0 0 0 309509260 3148049 3219013632 634880 0 0 0 2592 0 411757175
1790424562062 0 217 0 548232553 529924018 0 0 0 0 0 0 309509260 3148049 3596697600 634880 0 0 0 2592 0 411910880
1790424563083 0 436 0 548325155 530016402 0 0 0 0 0 0 309509260 3148049 3977158656 3411968 0 0 0 2592 0 412059692
1790424564102 0 61 0 548405027 530096671 0 0 0 0 0 0 309509260 3148088 3944513536 0 0 0 0 2592 0 412180057
1790424565134 0 63 0 548405053 530096695 0 0 0 0 0 0 309509260 3148135 1120739328 8192 0 0 0 2592 0 412319802
1790424566160 0 63 0 548405053 530096695 0 0 0 0 0 0 309509260 3148152 3187109888 8192 0 0 0 2592 0 412846197
1790424567178 0 64 0 548405054 530096695 0 0 0 0 0 0 309509260 3148160 4307984384 12288 0 0 0 2592 0 413031631
1790424568197 0 64 0 548405054 530096695 0 0 0 0 0 0 309509260 3148160 4307984384 12288 0 0 0 2592 0 413031631
1790424569217 0 32 2 548405054 530096725 0 0 0 0 0 0 309509260 3148160 4307984384 20480 0 0 0 2592 0 413031631
1790424570237 0 14 0 548405065 530096756 0 0 0 0 0 0 309509260 3148160 4307988480 24576 0 0 0 2592 0 413031631
1790424571268 0 42 0 548405116 530096779 0 0 0 0 0 0 309509260 3148244 96993280 4096 0 0 0 2592 0 413044665
1790424572292 0 62 0 548405136 530096779 0 0 0 0 0 0 309509260 3148259 2103496704 8192 0 0 0 2592 0 413302497
1790424573310 0 62 0 548405136 530096779 0 0 0 0 0 0 309509260 3148275 4270596096 8192 0 0 0 2592 0 413663336
1790424574328 0 2950 0 548465421 530154151 0 0 0 0 0 0 309509260 3148278 245592064 552960 0 0 0 2592 0 413715556
1790424575347 0 3402 3066 548577433 530262661 0 0 0 0 0 0 309509260 3148278 703610880 22183936 0 0 0 2592 0 413850703
1790424576365 0 5983 2460 548692169 530375428 0 0 0 0 0 0 309509260 3148278 1163038720 11673600 0 0 0 2592 0 413971488
1790424577384 0 8392 0 548806914 530490245 0 0 0 0 0 0 309509260 3148278 1629663232 8417280 0 0 0 2592 0 414115556
1790424578402 0 1895 6497 548929874 530613187 0 0 0 0 0 0 309509260 3148278 2139082752 14446592 0 0 0 2592 0 414248906
1790424579421 0 216 0 549044597 530736121 0 0 0 0 0 0 309509260 3148294 2631000064 2318336 31883264 0 0 2592 0 414360740
1790424580439 0 216 0 549159375 530850881 0 0 0 0 0 0 309509260 3148294 3100852224 643072 8818688 0 0 2592 0 414491136
1790424581457 0 2406 4088 549274132 530959516 0 0 0 0 0 0 309509260 3148294 3557273600 20713472 0 0 0 2592 0 414629460
1790424582476 0 216 0 549388890 531080396 0 0 0 0 0 0 309509260 3148294 4040675328 643072 0 0 0 2592 0 414793372
1790424583494 0 1 1 549454494 531146196 0 0 0 0 0 0 309509260 3148324 1377271808 0 0 0 0 2592 0 414861713
1790424584528 0 62 0 549454555 531146197 0 0 0 0 0 0 309509260 3148366 1672683520 8192 0 0 0 2592 0 415061960
1790424585553 0 62 0 549454555 531146197 0 0 0 0 0 0 309509260 3148371 3758813184 8192 0 0 0 2592 0 415588770
1790424586572 0 63 0 549454556 531146197 0 0 0 0 0 0 309509260 3148372 4306501632 12288 0 0 0 2592 0 415627142
1790424587592 0 63 0 549454556 531146197 0 0 0 0 0 0 309509260 3148372 4306501632 12288 0 0 0 2592 0 415627142
1790424588612 0 63 0 549454556 531146197 0 0 0 0 0 0 309509260 3148372 4306501632 20480 0 0 0 2592 0 415627142
1790424589633 0 11 0 549454564 531146257 0 0 0 0 0 0 309509260 3148372 4306501632 20480 0 0 0 2592 0 415627142
1790424590669 0 62 0 549454633 531146275 0 0 0 0 0 0 309509260 3148453 537354240 4096 0 0 0 2592 0 415684528
1790424591694 0 63 0 549454634 531146275 0 0 0 0 0 0 309509260 3148458 2608640000 8192 0 0 0 2592 0 416150951
1790424592713 0 63 0 549454634 531146275 0 0 0 0 0 0 309509260 3148463 3384987648 12288 0 0 0 2592 0 416358327
