1790424847202 0 190 0 559903348 541594401 0 0 0 0 0 0 309509260 3560758 - - - - - - - -
1790424848237 0 197 0 559906615 541597661 0 0 0 0 0 0 309509260 3560775 30052352 573440 0 0 0 2592 0 448635194
1790424849262 0 197 17 559909937 541600966 0 0 0 0 0 0 309509260 3560775 41275392 573440 0 0 0 2592 0 448834271
1790424850286 0 197 0 559913237 541604319 0 0 0 0 0 0 309509260 3560775 52289536 573440 0 0 0 2592 0 449034862
1790424851310 0 198 34 559916661 541607672 0 0 0 0 0 0 309509260 3560775 63467520 618496 0 0 0 2592 0 449149569
1790424852334 0 198 34 559920111 541611122 0 0 0 0 0 0 309509260 3560775 74948608 577536 0 0 0 2592 0 449290039
1790424853358 0 198 0 559923494 541614539 0 0 0 0 0 0 309509260 3560775 86302720 577536 0 0 0 2592 0 449493402
1790424854382 0 198 0 559926865 541617963 0 0 0 0 0 0 309509260 3560775 97378304 577536 0 0 0 2592 0 449599914
1790424855407 0 198 17 559930197 541621334 0 0 0 0 0 0 309509260 3560775 108535808 491520 0 0 0 2592 0 449800708
1790424856431 0 176 0 559933414 541624481 0 0 0 0 0 0 309509260 3560775 119136256 491520 0 0 0 2592 0 450026749
1790424857454 0 177 12 559936821 541627911 0 0 0 0 0 0 309509260 3560775 130293760 495616 0 0 0 2592 0 450228353
1790424858478 0 177 34 559940204 541631236 0 0 0 0 0 0 309509260 3560775 141512704 495616 0 0 0 2592 0 450330032
1790424859503 0 178 0 559943587 541634652 0 0 0 0 0 0 309509260 3560775 152739840 499712 0 0 0 2592 0 450538130
1790424860527 0 177 0 559946846 541637946 0 0 0 0 0 0 309509260 3560775 163753984 495616 0 0 0 2592 0 450651345
1790424861551 0 178 34 559950210 541641241 0 0 0 0 0 0 309509260 3560775 174784512 499712 81920 0 0 2592 0 450824773
1790424862576 0 178 0 559953574 541644673 0 0 0 0 0 0 309509260 3560775 186077184 499712 0 0 0 2592 0 451033832
1790424863599 0 178 0 559956893 541647958 0 0 0 0 0 0 309509260 3560775 197087232 499712 0 0 0 2592 0 451228151
1790424864623 0 178 0 559960276 541651341 0 0 0 0 0 0 309509260 3560775 208097280 499712 0 0 0 2592 0 451431430
1790424865648 0 175 24 559963643 541654650 0 0 0 0 0 0 309509260 3560775 219344896 487424 0 0 0 2592 0 451639488
1790424866672 0 177 19 559966930 541657909 0 0 0 0 0 0 309509260 3560775 230150144 487424 0 0 0 2592 0 451750274
1790424867696 0 178 6 559970269 541661300 0 0 0 0 0 0 309509260 3560775 241164288 491520 0 0 0 2592 0 451875579
1790424868726 0 178 114 559973655 541664533 0 0 0 0 0 0 309509260 3560775 252317696 491520 0 0 0 2592 0 452064452
1790424869750 0 178 51 559976925 541667939 0 0 0 0 0 0 309509260 3560775 263393280 491520 0 0 0 2592 0 452274355
1790424870775 0 178 40 559980266 541671247 0 0 0 0 0 0 309509260 3560775 274403328 491520 0 0 0 2592 0 452481171
1790424871800 0 178 0 559983501 541674600 0 0 0 0 0 0 309509260 3560775 285270016 491520 0 0 0 2592 0 452687309
1790424872824 0 180 0 559986868 541677908 0 0 0 0 0 0 309509260 3560775 296292352 495616 0 0 0 2592 0 452810363
1790424873860 0 0 0 559989372 541680615 0 0 0 0 0 0 309509260 3561033 212234240 4096 0 0 0 2592 0 453015702
1790424874887 0 63 0 559989435 541680615 0 0 0 0 0 0 309509260 3561060 296361984 12288 0 0 0 2592 0 453019040
1790424875905 0 63 0 559989435 541680615 0 0 0 0 0 0 309509260 3561060 296361984 12288 0 0 0 2592 0 453019040
1790424876924 0 63 0 559989435 541680615 0 0 0 0 0 0 309509260 3561060 296361984 12288 0 0 0 2592 0 453019040
1790424877944 0 63 0 559989435 541680615 0 0 0 0 0 0 309509260 3561060 296361984 12288 0 0 0 2592 0 453019040
1790424879008 0 105 0 559993356 541684493 0 0 0 0 0 0 309509260 3561408 22175744 98304 0 0 0 2592 0 453221055
1790424880071 0 108 50 559998874 541689992 0 0 0 0 0 0 309509260 3561425 47054848 110592 0 0 0 2592 0 453386150
1790424881095 0 108 0 560004428 541695562 0 0 0 0 0 0 309509260 3561425 67481600 110592 0 0 0 2592 0 453482278
1790424882120 0 108 59 560009978 541701089 0 0 0 0 0 0 309509260 3561425 87621632 110592 0 0 0 2592 0 453615211
1790424883144 0 52 45 560015572 541706716 0 0 0 0 0 0 309509260 3561425 108056576 110592 0 0 0 2592 0 453812703
1790424884167 0 50 0 560020925 541712166 0 0 0 0 0 0 309509260 3561425 127672320 114688 0 0 0 2592 0 453931337
1790424885192 0 51 1 560026418 541717608 0 0 0 0 0 0 309509260 3561425 147832832 118784 0 0 0 2592 0 454121807
1790424886216 0 53 0 560031823 541723012 0 0 0 0 0 0 309509260 3561425 167452672 122880 0 0 0 2592 0 454329881
1790424887240 0 53 33 560037267 541728423 0 0 0 0 0 0 309509260 3561425 187338752 122880 0 0 0 2592 0 454398632
1790424888264 0 55 66 560042747 541733868 0 0 0 0 0 0 309509260 3561425 207368192 126976 0 0 0 2592 0 454592000
1790424889288 0 55 100 560048339 541739426 0 0 0 0 0 0 309509260 3561425 227930112 126976 0 0 0 2592 0 454706518
1790424890327 0 57 0 560054022 541745148 0 0 0 0 0 0 309509260 3561425 248090624 131072 0 0 0 2592 0 454849624
1790424891373 0 59 0 560059553 541750736 0 0 0 0 0 0 309509260 3561425 268660736 135168 0 0 0 2592 0 455035157
1790424892397 0 59 0 560065107 541756290 0 0 0 0 0 0 309509260 3561425 289083392 135168 0 0 0 2592 0 455229582
1790424893421 0 60 0 560070439 541761565 0 0 0 0 0 0 309509260 3561425 308465664 143360 0 0 0 2592 0 455341005
1790424894445 0 61 0 560076068 541767216 0 0 0 0 0 0 309509260 3561425 329027584 143360 0 0 0 2592 0 455482168
1790424895470 0 62 0 560081399 541772512 0 0 0 0 0 0 309509260 3561425 348499968 143360 0 0 0 2592 0 455677222
1790424896494 0 62 26 560086915 541778105 0 0 0 0 0 0 309509260 3561425 368791552 147456 0 0 0 2592 0 455872034
1790424897518 0 64 42 560092353 541783382 0 0 0 0 0 0 309509260 3561425 388554752 151552 0 0 0 2592 0 455950307
1790424898542 0 65 7 560097914 541789048 0 0 0 0 0 0 309509260 3561425 408997888 155648 0 0 0 2592 0 456143897
1790424899566 0 65 0 560103356 541794533 0 0 0 0 0 0 309509260 3561425 428871680 155648 0 0 0 2592 0 456341698
1790424900590 0 65 8 560108885 541800067 0 0 0 0 0 0 309509260 3561425 449286144 155648 0 0 0 2592 0 456439486
1790424901614 0 67 21 560114398 541805602 0 0 0 0 0 0 309509260 3561425 469458944 163840 0 0 0 2592 0 456540201
1790424902638 0 67 52 560119827 541811022 0 0 0 0 0 0 309509260 3561425 489062400 163840 0 0 0 2592 0 456725364
1790424903662 0 69 40 560125379 541816476 0 0 0 0 0 0 309509260 3561425 509358080 167936 0 0 0 2592 0 456923481
1790424904686 0 69 61 560130631 541821708 0 0 0 0 0 0 309509260 3561425 528556032 167936 0 0 0 2592 0 457110361
1790424905710 0 71 59 560136077 541827225 0 0 0 0 0 0 309509260 3561425 548446208 172032 0 0 0 2592 0 457228101
1790424906731 0 4 2 560141121 541832357 0 0 0 0 0 0 309509260 3561467 563630080 0 0 0 0 2592 0 457387790
1790424907773 0 62 0 560141183 541832363 0 0 0 0 0 0 309509260 3561762 562757632 12288 0 0 0 2592 0 457434401
1790424908795 0 62 0 560141183 541832363 0 0 0 0 0 0 309509260 3561763 564232192 12288 0 0 0 2592 0 457434422
1790424909814 0 62 0 560141183 541832363 0 0 0 0 0 0 309509260 3561763 564232192 12288 0 0 0 2592 0 457434422
1790424910834 0 62 0 560141183 541832363 0 0 0 0 0 0 309509260 3561763 564232192 12288 0 0 0 2592 0 457434422
1790424911897 0 183 49 560142676 541833793 0 0 0 0 0 0 309509260 3562152 12443648 143360 0 0 0 2592 0 457529991
1790424912961 0 139 0 560151919 541843042 0 0 0 0 0 0 309509260 3562153 51019776 155648 0 0 0 2592 0 457670593
1790424913984 0 124 0 560161318 541852435 0 0 0 0 0 0 309509260 3562153 87502848 155648 274432 0 0 2592 0 457796198
1790424915008 0 124 0 560170637 541861754 0 0 0 0 0 0 309509260 3562153 123727872 155648 0 0 0 2592 0 457905385
1790424916032 0 126 57 560180092 541871186 0 0 0 0 0 0 309509260 3562153 159948800 159744 278528 0 0 2592 0 458039704
1790424917055 0 70 8 560189458 541880585 0 0 0 0 0 0 309509260 3562153 196194304 163840 0 0 0 2592 0 458171890
1790424918080 0 72 57 560198943 541890091 0 0 0 0 0 0 309509260 3562153 232419328 167936 0 0 0 2592 0 458327858
1790424919103 0 72 0 560208259 541899428 0 0 0 0 0 0 309509260 3562153 268365824 167936 0 0 0 2592 0 458511344
1790424920127 0 74 42 560217509 541908703 0 0 0 0 0 0 309509260 3562153 304590848 172032 0 0 0 2592 0 458692737
1790424921150 0 76 57 560226829 541917973 0 0 0 0 0 0 309509260 3562153 340295680 176128 0 0 0 2592 0 458804678
1790424922175 0 77 0 560236012 541927225 0 0 0 0 0 0 309509260 3562153 375734272 180224 0 0 0 2592 0 458991519
1790424923199 0 78 41 560245192 541936313 0 0 0 0 0 0 309509260 3562153 410902528 204800 0 0 0 2592 0 459172555
1790424924223 0 79 0 560254451 541945590 0 0 0 0 0 0 309509260 3562153 446853120 188416 266240 0 0 2592 0 459358578
1790424925247 0 80 57 560263965 541955105 0 0 0 0 0 0 309509260 3562153 483545088 397312 0 0 0 2592 0 459512321
1790424926271 0 81 0 560273627 541964787 0 0 0 0 0 0 309509260 3562153 520638464 196608 0 0 0 2592 0 459696214
1790424927296 0 83 0 560283085 541974243 0 0 0 0 0 0 309509260 3562153 557146112 204800 0 0 0 2592 0 459878249
1790424928320 0 91 65 560291998 541983083 0 0 0 0 0 0 309509260 3562153 591773696 204800 0 0 0 2592 0 460061912
1790424929343 0 93 5 560300974 541992089 0 0 0 0 0 0 309509260 3562153 626421760 208896 0 0 0 2592 0 460181027
1790424930367 0 93 49 560310014 542001185 0 0 0 0 0 0 309509260 3562153 661041152 208896 0 0 0 2592 0 460364434
1790424931391 0 96 125 560319126 542010182 0 0 0 0 0 0 309509260 3562153 696213504 217088 0 0 0 2592 0 460544587
1790424932415 0 96 49 560328098 542019266 0 0 0 0 0 0 309509260 3562153 731025408 409600 0 0 0 2592 0 460686831
1790424933438 0 98 57 560337145 542028267 0 0 0 0 0 0 309509260 3562153 766025728 221184 0 0 0 2592 0 460801565
1790424934462 0 99 57 560346326 542037447 0 0 0 0 0 0 309509260 3562153 801472512 225280 0 0 0 2592 0 460983788
1790424935487 0 101 0 560355407 542046592 0 0 0 0 0 0 309509260 3562153 836362240 229376 0 0 0 2592 0 461173601
1790424936511 0 102 25 560364615 542055781 0 0 0 0 0 0 309509260 3562153 871788544 233472 0 0 0 2592 0 461361580
1790424937535 0 104 0 560373658 542064795 0 0 0 0 0 0 309509260 3562153 906686464 237568 0 0 0 2592 0 461549993
1790424938560 0 105 65 560382906 542073977 0 0 0 0 0 0 309509260 3562153 942391296 241664 0 0 0 2592 0 461739362
1790424939584 0 106 57 560392017 542083131 0 0 0 0 0 0 309509260 3562153 977567744 245760 0 0 0 2592 0 461923502
1790424940608 0 107 0 560400989 542092123 0 0 0 0 0 0 309509260 3562169 1014374400 249856 0 0 0 2592 0 462096675
1790424941632 0 110 0 560409894 542101025 0 0 0 0 0 0 309509260 3562169 1049014272 258048 0 0 0 2592 0 462282627
1790424942656 0 96 57 560418801 542109925 0 0 0 0 0 0 309509260 3562169 1083113472 221184 0 0 0 2592 0 462479751
1790424943693 0 25 0 560423985 542115238 0 0 0 0 0 0 309509260 3562322 332587008 4096 0 0 0 2592 0 462616726
1790424944718 0 62 0 560424046 542115225 0 0 0 0 0 0 309509260 3562495 1101373440 12288 0 0 0 2592 0 462706668
1790424945737 0 62 0 560424046 542115225 0 0 0 0 0 0 309509260 3562495 1101373440 12288 0 0 0 2592 0 462706668
1790424946756 0 62 0 560424046 542115225 0 0 0 0 0 0 309509260 3562495 1101373440 12288 0 0 0 2592 0 462706668
1790424947776 0 62 0 560424046 542115225 0 0 0 0 0 0 309509260 3562495 1101373440 12288 0 0 0 2592 0 462706668
1790424948812 0 58 0 560424106 542115289 0 0 0 0 0 0 309509260 3562783 584679424 4096 0 0 0 2592 0 462814131
1790424949842 0 137 0 560433724 542124813 0 0 0 0 0 0 309509260 3562893 48148480 188416 0 0 0 2592 0 463029630
1790424950866 0 138 0 560448995 542139961 0 0 0 0 0 0 309509260 3562893 108421120 192512 0 0 0 2592 0 463125383
1790424951890 0 140 0 560464127 542155278 0 0 0 0 0 0 309509260 3562893 169197568 196608 0 0 0 2592 0 463301422
1790424952914 0 141 34 560479597 542170627 0 0 0 0 0 0 309509260 3562893 229990400 200704 0 0 0 2592 0 463471980
1790424953939 0 140 64 560494349 542185445 0 0 0 0 0 0 309509260 3562893 289722368 204800 0 0 0 2592 0 463649017
1790424954962 0 87 40 560509518 542200630 0 0 0 0 0 0 309509260 3562893 349474816 212992 0 0 0 2592 0 463816565
1790424955986 0 88 5 560524552 542215733 0 0 0 0 0 0 309509260 3562893 409227264 217088 0 0 0 2592 0 463984992
1790424957010 0 90 146 560539802 542230843 0 0 0 0 0 0 309509260 3562893 469479424 221184 0 0 0 2592 0 464145888
1790424958034 0 92 0 560555123 542246251 0 0 0 0 0 0 309509260 3562893 530784256 225280 0 0 0 2592 0 464275087
1790424959058 0 96 17 560570109 542261273 0 0 0 0 0 0 309509260 3562893 590532608 643072 131072 0 0 2592 0 464360391
1790424960081 0 98 0 560585917 542276950 0 0 0 0 0 0 309509260 3562893 652918784 241664 0 0 0 2592 0 464538739
1790424961106 0 102 17 560601401 542292559 0 0 0 0 0 0 309509260 3562893 714256384 253952 0 0 0 2592 0 464707907
1790424962130 0 103 0 560616542 542307739 0 0 0 0 0 0 309509260 3562911 778260480 258048 0 0 0 2592 0 464823845
1790424963153 0 177 129 560632022 542323029 0 0 0 0 0 0 309509260 3562911 839053312 262144 0 0 0 2592 0 464973672
1790424964176 0 106 56 560647211 542338325 0 0 0 0 0 0 309509260 3562911 899833856 266240 0 0 0 2592 0 465147869
1790424965200 0 107 22 560661977 542353050 0 0 0 0 0 0 309509260 3562911 958500864 270336 0 0 0 2592 0 465326055
1790424966223 0 112 0 560676962 542368090 0 0 0 0 0 0 309509260 3562911 1018269696 495616 323584 0 0 2592 0 465492667
1790424967252 0 113 0 560692758 542383936 0 0 0 0 0 0 309509260 3562911 1080643584 286720 0 0 0 2592 0 465567667
1790424968276 0 114 0 560708406 542399532 0 0 0 0 0 0 309509260 3562911 1143017472 290816 0 0 0 2592 0 465743188
1790424969300 0 114 0 560723656 542414822 0 0 0 0 0 0 309509260 3562911 1203265536 290816 0 0 0 2592 0 465912149
1790424970323 0 117 39 560738472 542429555 0 0 0 0 0 0 309509260 3562911 1262489600 299008 0 0 0 2592 0 466077442
1790424971346 0 120 0 560753324 542444444 0 0 0 0 0 0 309509260 3562911 1321709568 307200 528384 0 0 2592 0 466259729
1790424972369 0 122 0 560768598 542459776 0 0 0 0 0 0 309509260 3562911 1382502400 311296 540672 0 0 2592 0 466443838
1790424973392 0 123 27 560783944 542474932 0 0 0 0 0 0 309509260 3562911 1442758656 315392 0 0 0 2592 0 466616526
1790424974416 0 125 39 560799537 542490612 0 0 0 0 0 0 309509260 3562911 1505169408 323584 0 0 0 2592 0 466799814
1790424975440 0 127 0 560814812 542505905 0 0 0 0 0 0 309509260 3562911 1565450240 331776 0 0 0 2592 0 466975725
1790424976464 0 132 0 560829667 542520773 0 0 0 0 0 0 309509260 3562911 1624657920 339968 0 0 0 2592 0 467143784
1790424977487 0 134 12 560845001 542536098 0 0 0 0 0 0 309509260 3562911 1685471232 348160 0 0 0 2592 0 467318155
1790424978510 0 135 39 560860598 542551663 0 0 0 0 0 0 309509260 3562911 1747849216 352256 0 0 0 2592 0 467496165
1790424979534 0 119 0 560875850 542567011 0 0 0 0 0 0 309509260 3562911 1808642048 823296 8192 0 0 2592 0 467676277
1790424980556 0 196 22 560891706 542582654 0 0 0 0 0 0 309509260 3562911 1871032320 303104 0 0 0 2592 0 467860377
1790424981580 0 123 0 560906653 542597713 0 0 0 0 0 0 309509260 3562911 1930760192 307200 0 0 0 2592 0 467930006
1790424982604 0 127 0 560921784 542612888 0 0 0 0 0 0 309509260 3562911 1991036928 315392 0 0 0 2592 0 468043552
1790424983627 0 128 0 560937092 542628204 0 0 0 0 0 0 309509260 3562911 2051289088 319488 0 0 0 2592 0 468138655
1790424984651 0 129 0 560952384 542643519 0 0 0 0 0 0 309509260 3562911 2112598016 319488 0 0 0 2592 0 468262706
1790424985675 0 131 0 560967682 542658818 0 0 0 0 0 0 309509260 3562911 2172981248 434176 0 0 0 2592 0 468428629
1790424986710 0 61 0 560969085 542660264 0 0 0 0 0 0 309509260 3563119 1147568128 4096 0 0 0 2592 0 468560487
1790424987737 0 64 0 560969088 542660264 0 0 0 0 0 0 309509260 3563236 2175315968 12288 0 0 0 2592 0 468634499
1790424988756 0 64 0 560969088 542660264 0 0 0 0 0 0 309509260 3563236 2175315968 12288 0 0 0 2592 0 468634499
1790424989775 0 64 0 560969088 542660264 0 0 0 0 0 0 309509260 3563236 2175320064 16384 0 0 0 2592 0 468634499
1790424990794 0 65 0 560969089 542660264 0 0 0 0 0 0 309509260 3563236 2175320064 16384 0 0 0 2592 0 468634499
1790424991832 0 69 0 560969159 542660331 0 0 0 0 0 0 309509260 3563428 376471552 4096 0 0 0 2592 0 468695687
1790424992859 0 63 0 560969165 542660342 0 0 0 0 0 0 309509260 3563634 1534668800 12288 0 0 0 2592 0 468914964
1790424993882 0 249 0 560990819 542681664 0 0 0 0 0 0 309509260 3563635 96698368 294912 0 0 0 2592 0 469025067
1790424994905 0 180 0 561014616 542705656 0 0 0 0 0 0 309509260 3563635 192557056 307200 0 0 0 2592 0 469091721
1790424995928 0 182 68 561038634 542729635 0 0 0 0 0 0 309509260 3563635 290492416 315392 0 0 0 2592 0 469249426
1790424996951 0 129 254 561063203 542754025 0 0 0 0 0 0 309509260 3563635 387403776 327680 0 0 0 2592 0 469415509
1790424997975 0 131 41 561086846 542777959 0 0 0 0 0 0 309509260 3563635 483237888 339968 0 0 0 2592 0 469522718
1790424998998 0 135 38 561110645 542801710 0 0 0 0 0 0 309509260 3563635 581173248 348160 0 0 0 2592 0 469682236
1790425000021 0 139 147 561135706 542826768 0 0 0 0 0 0 309509260 3563647 680153088 356352 0 0 0 2592 0 469839560
1790425001045 0 142 3 561161097 542852116 0 0 0 0 0 0 309509260 3563651 785489920 1339392 0 0 0 2592 0 469997212
1790425002068 0 146 0 561185635 542876697 0 0 0 0 0 0 309509260 3563651 884592640 385024 0 0 0 2592 0 470138583
1790425003091 0 150 6 561212500 542903542 0 0 0 0 0 0 309509260 3563651 992456704 843776 0 0 0 2592 0 470307571
1790425004114 0 155 3 561238344 542929459 0 0 0 0 0 0 309509260 3563651 1097347072 413696 0 0 0 2592 0 470447010
1790425005137 0 159 0 561263907 542954992 0 0 0 0 0 0 309509260 3563651 1200586752 1355776 139264 0 0 2592 0 470532580
1790425006160 0 162 0 561289753 542980838 0 0 0 0 0 0 309509260 3563651 1304313856 974848 0 0 0 2592 0 470694375
1790425007183 0 165 0 561315836 543006963 0 0 0 0 0 0 309509260 3563651 1410183168 450560 0 0 0 2592 0 470855176
1790425008206 0 166 1 561340677 543031749 0 0 0 0 0 0 309509260 3563651 1510203392 454656 0 0 0 2592 0 471019118
1790425009229 0 169 0 561366544 543057589 0 0 0 0 0 0 309509260 3563651 1614467072 466944 0 0 0 2592 0 471190491
1790425010253 0 172 35 561390821 543081818 0 0 0 0 0 0 309509260 3563651 1711366144 479232 0 0 0 2592 0 471346029
1790425011276 0 175 0 561416664 543107696 0 0 0 0 0 0 309509260 3563651 1816293376 1175552 0 0 0 2592 0 471510627
1790425012299 0 178 0 561441179 543132240 0 0 0 0 0 0 309509260 3563651 1915678720 503808 0 0 0 2592 0 471679865
1790425013322 0 324 0 561466258 543157031 0 0 0 0 0 0 309509260 3563651 2016772096 516096 0 0 0 2592 0 471841936
1790425014345 0 184 0 561489764 543180719 0 0 0 0 0 0 309509260 3563651 2111557632 528384 0 0 0 2592 0 471970207
1790425015368 0 187 219 561514229 543205063 0 0 0 0 0 0 309509260 3563651 2209525760 540672 0 0 0 2592 0 472135261
1790425016391 0 192 0 561539032 543230079 0 0 0 0 0 0 309509260 3563651 2310656000 557056 0 0 0 2592 0 472288670
1790425017414 0 194 38 561564158 543255164 0 0 0 0 0 0 309509260 3563651 2411761664 1622016 0 0 0 2592 0 472460008
1790425018437 0 199 254 561588656 543279408 0 0 0 0 0 0 309509260 3563651 2509725696 581632 0 0 0 2592 0 472615346
1790425019460 0 203 0 561612954 543303990 0 0 0 0 0 0 309509260 3563651 2608742400 593920 0 0 0 2592 0 472778390
1790425020479 0 205 3 561637254 543328210 0 0 0 0 0 0 309509260 3563651 2705776640 770048 0 0 0 2592 0 472938093
1790425021504 0 212 35 561660513 543351470 0 0 0 0 0 0 309509260 3563671 2800623616 860160 0 0 0 2592 0 473102780
1790425022527 0 227 28 561684260 543375230 0 0 0 0 0 0 309509260 3563671 2897260544 520192 0 0 0 2592 0 473258799
1790425023550 0 231 111 561708543 543399551 0 0 0 0 0 0 309509260 3563671 2993659904 1101824 0 0 0 2592 0 473418940
1790425024573 0 233 0 561733104 543424079 0 0 0 0 0 0 309509260 3563671 3092086784 540672 0 0 0 2592 0 473590983
1790425025596 0 235 0 561756542 543447581 0 0 0 0 0 0 309509260 3563671 3187908608 548864 0 0 0 2592 0 473671754
1790425026619 0 201 0 561780827 543471840 0 0 0 0 0 0 309509260 3563671 3284754432 548864 0 0 0 2592 0 473834594
1790425027642 0 199 70 561805123 543496112 0 0 0 0 0 0 309509260 3563671 3382665216 544768 0 0 0 2592 0 473918061
1790425028665 0 199 0 561829918 543520958 0 0 0 0 0 0 309509260 3563671 3483729920 544768 0 0 0 2592 0 474085621
1790425029688 0 199 0 561854150 543545229 0 0 0 0 0 0 309509260 3563671 3581644800 544768 0 0 0 2592 0 474245795
1790425030711 0 199 35 561878751 543569721 0 0 0 0 0 0 309509260 3563671 3680600064 544768 0 0 0 2592 0 474411435
1790425031734 0 199 51 561903546 543594459 0 0 0 0 0 0 309509260 3563671 3780632576 544768 1052672 0 0 2592 0 474468684
1790425032757 0 199 0 561928016 543619095 0 0 0 0 0 0 309509260 3563671 3879604224 544768 0 0 0 2592 0 474607428
1790425033780 0 199 293 561951792 543642491 0 0 0 0 0 0 309509260 3563671 3974361088 544768 0 0 0 2592 0 474771104
1790425034803 0 200 38 561975564 543666564 0 0 0 0 0 0 309509260 3563671 4071227392 548864 0 0 0 2592 0 474929608
1790425035827 0 201 0 561999839 543690877 0 0 0 0 0 0 309509260 3563671 4169142272 552960 0 0 0 2592 0 475081910
1790425036850 0 202 0 562023811 543714887 0 0 0 0 0 0 309509260 3563671 4265996288 557056 1052672 0 0 2592 0 475241521
1790425037868 0 102 72 562038518 543729728 0 0 0 0 0 0 309509260 3563683 1600995328 0 0 0 0 2592 0 475298103
1790425038902 0 43 0 562038522 543729718 0 0 0 0 0 0 309509260 3563820 1637859328 8192 0 0 0 2592 0 475449116
1790425039927 0 63 0 562038542 543729718 0 0 0 0 0 0 309509260 3563945 3701125120 8192 0 0 0 2592 0 475958434
1790425040946 0 64 0 562038543 543729718 0 0 0 0 0 0 309509260 3563980 4323106816 12288 0 0 0 2592 0 476001422
1790425041965 0 64 0 562038543 543729718 0 0 0 0 0 0 309509260 3563980 4323106816 12288 0 0 0 2592 0 476001422
1790425042985 0 13 0 562038553 543729779 0 0 0 0 0 0 309509260 3563980 4323110912 24576 0 0 0 2592 0 476001422
1790425044005 0 13 0 562038553 543729779 0 0 0 0 0 0 309509260 3563980 4323110912 24576 0 0 0 2592 0 476001422
1790425045037 0 61 0 562038616 543729794 0 0 0 0 0 0 309509260 3564150 450674688 4096 0 0 0 2592 0 476047490
1790425046062 0 62 0 562038617 543729794 0 0 0 0 0 0 309509260 3564270 2457202688 8192 0 0 0 2592 0 476558469
1790425047080 0 62 0 562038617 543729794 0 0 0 0 0 0 309509260 3564378 4321128448 12288 0 0 0 2592 0 477010548
1790425048104 0 252 0 562064042 543755105 0 0 0 0 0 0 309509260 3564379 110313472 1413120 0 0 0 2592 0 477072652
1790425049127 0 257 0 562097102 543788128 0 0 0 0 0 0 309509260 3564379 245600256 2142208 0 0 0 2592 0 477207293
1790425050150 0 200 0 562129214 543820252 0 0 0 0 0 0 309509260 3564379 374349824 581632 0 0 0 2592 0 477340782
1790425051173 0 204 0 562161789 543852823 0 0 0 0 0 0 309509260 3564379 508878848 598016 0 0 0 2592 0 477481762
1790425052196 0 209 0 562193331 543884360 0 0 0 0 0 0 309509260 3564379 635392000 1003520 0 0 0 2592 0 477625029
1790425053219 0 284 0 562231215 543922101 0 0 0 0 0 0 309509260 3564379 790548480 622592 0 0 0 2592 0 477778878
1790425054242 0 506 2 562264089 543954709 0 0 0 0 0 0 309509260 3564379 922988544 634880 0 0 0 2592 0 477924083
1790425055265 0 216 0 562297776 543988798 0 0 0 0 0 0 309509260 3564379 1061720064 643072 2101248 0 0 2592 0 478071559
1790425056288 0 216 2 562331381 544022435 0 0 0 0 0 0 309509260 3564379 1196199936 643072 0 0 0 2592 0 478211485
1790425057311 0 216 0 562366495 544057505 0 0 0 0 0 0 309509260 3564379 1341218816 643072 1597440 0 0 2592 0 478304691
1790425058334 0 581 0 562401102 544091688 0 0 0 0 0 0 309509260 3564379 1479921664 643072 0 0 0 2592 0 478438584
1790425059357 0 216 0 562435333 544126323 0 0 0 0 0 0 309509260 3564379 1620738048 643072 0 0 0 2592 0 478515455
1790425060380 0 216 0 562467880 544158883 0 0 0 0 0 0 309509260 3564395 1752698880 643072 0 0 0 2592 0 478638236
1790425061403 0 216 525 562501510 544191993 0 0 0 0 0 0 309509260 3564395 1889296384 643072 0 0 0 2592 0 478771743
1790425062426 0 216 0 562535034 544226133 0 0 0 0 0 0 309509260 3564395 2027663360 2433024 0 0 0 2592 0 478911470
1790425063449 0 216 2 562568176 544259230 0 0 0 0 0 0 309509260 3564395 2162479104 643072 0 0 0 2592 0 479043105
1790425064479 0 581 0 562607335 544297966 0 0 0 0 0 0 309509260 3564395 2317975552 643072 0 0 0 2592 0 479189918
1790425065506 0 508 0 562642954 544333649 0 0 0 0 0 0 309509260 3564395 2465075200 655360 2097152 0 0 2592 0 479330607
1790425066529 0 216 0 562681351 544372418 0 0 0 0 0 0 309509260 3564395 2621104128 1187840 0 0 0 2592 0 479475564
1790425067559 0 216 0 562723318 544414270 0 0 0 0 0 0 309509260 3564395 2789253120 1212416 0 0 0 2592 0 479552353
1790425068586 0 216 0 562757434 544448424 0 0 0 0 0 0 309509260 3564395 2931597312 643072 2101248 0 0 2592 0 479693387
1790425069609 0 508 20 562799123 544489811 0 0 0 0 0 0 309509260 3564395 3099717632 1708032 1044480 0 0 2592 0 479801482
1790425070632 0 189 0 562838554 544529616 0 0 0 0 0 0 309509260 3564395 3259441152 536576 0 0 0 2592 0 479956300
1790425071655 0 190 511 562877848 544568351 0 0 0 0 0 0 309509260 3564395 3419148288 544768 2101248 0 0 2592 0 480018451
1790425072685 0 192 73 562918665 544609820 0 0 0 0 0 0 309509260 3564395 3585163264 548864 2101248 0 0 2592 0 480114901
1790425073719 0 193 37 562961118 544652179 0 0 0 0 0 0 309509260 3564395 3757461504 2646016 0 0 0 2592 0 480267855
1790425074753 0 193 0 563001960 544692986 0 0 0 0 0 0 309509260 3564395 3921973248 1159168 0 0 0 2592 0 480422029
1790425075781 0 486 18 563042151 544732720 0 0 0 0 0 0 309509260 3564395 4086751232 2015232 0 0 0 2592 0 480501297
1790425076811 0 195 516 563078478 544769005 0 0 0 0 0 0 309509260 3564395 4232425472 561152 0 0 0 2592 0 480622162
1790425077857 0 63 0 563097672 544788847 0 0 0 0 0 0 309509260 3564464 35622912 4096 0 0 0 2592 0 480658570
1790425078888 0 62 0 563097676 544788852 0 0 0 0 0 0 309509260 3564530 2199695360 8192 0 0 0 2592 0 481156134
1790425079907 0 63 0 563097677 544788852 0 0 0 0 0 0 309509260 3564593 4314607616 12288 0 0 0 2592 0 481645312
1790425080926 0 63 0 563097677 544788852 0 0 0 0 0 0 309509260 3564593 4314607616 12288 0 0 0 2592 0 481645312
1790425081946 0 63 0 563097677 544788852 0 0 0 0 0 0 309509260 3564593 4314607616 12288 0 0 0 2592 0 481645312
1790425082968 0 60 0 563097677 544788856 0 0 0 0 0 0 309509260 3564612 4317900800 20480 0 0 0 2592 0 481645729
1790425083988 0 10 0 563097684 544788912 0 0 0 0 0 0 309509260 3564613 4317900800 20480 0 0 0 2592 0 481645729
1790425085022 0 61 0 563097749 544788926 0 0 0 0 0 0 309509260 3564743 1167044608 4096 0 0 0 2592 0 481723033
1790425086048 0 62 0 563097750 544788926 0 0 0 0 0 0 309509260 3564807 3274870784 8192 0 0 0 2592 0 482215707
1790425087072 0 249 2024 563108166 544797131 0 0 0 0 0 0 309509260 3564838 45080576 8085504 0 0 0 2592 0 482310225
1790425088093 0 260 0 563194365 544885362 0 0 0 0 0 0 309509260 3564838 398594048 585728 0 0 0 2592 0 482463946
1790425089115 0 265 0 563282611 544973604 0 0 0 0 0 0 309509260 3564838 759623680 618496 0 0 0 2592 0 482620367
1790425090140 0 217 1717 563366865 545056641 0 0 0 0 0 0 309509260 3564838 1103835136 4419584 4616192 0 0 2592 0 482720700
1790425091166 0 217 2018 563457162 545146111 0 0 0 0 0 0 309509260 3564838 1471950848 7839744 0 0 0 2592 0 482887138
1790425092189 0 1232 0 563544554 545234371 0 0 0 0 0 0 309509260 3564838 1834061824 6541312 2506752 0 0 2592 0 483005325
1790425093213 0 217 0 563631614 545322677 0 0 0 0 0 0 309509260 3564838 2186592256 647168 0 0 0 2592 0 483147981
1790425094234 0 217 0 563719947 545410943 0 0 0 0 0 0 309509260 3564838 2548056064 1196032 0 0 0 2592 0 483302955
1790425095254 0 290 32 563810352 545501524 0 0 0 0 0 0 309509260 3564916 2916831232 24576 0 0 0 2592 0 483429488
1790425096275 0 2550 0 563907214 545595943 0 0 0 0 0 0 309509260 3564916 3302912000 65536 0 0 0 2592 0 483580367
1790425097301 0 4609 0 563995536 545682193 0 0 0 0 0 0 309509260 3564916 3655426048 98304 0 0 0 2592 0 483690093
1790425098322 0 7709 509 564093143 545776051 0 0 0 0 0 0 309509260 3564916 4041551872 143360 7483392 0 0 2592 0 483843497
1790425099344 0 992 0 564160491 545850798 0 0 0 0 0 0 309509260 3564921 2540957696 0 0 0 0 2592 0 483891955
1790425100378 0 4541 0 564164151 545850884 0 0 0 0 0 0 309509260 3564971 1825792000 8192 0 0 0 2592 0 484053740
1790425101403 0 59 0 564166897 545858077 0 0 0 0 0 0 309509260 3565392 4219445248 4096 0 0 0 2592 0 484211714
1790425102422 0 14180 0 564181151 545858176 0 0 0 0 0 0 309509260 3565507 4307705856 24576 0 0 0 2592 0 484213454
1790425103445 0 14250 0 564181318 545858303 0 0 0 0 0 0 309509260 3565669 4307705856 28672 0 0 0 2592 0 484213454
1790425104471 0 14258 0 564181357 545858334 0 0 0 0 0 0 309509260 3565672 4307705856 28672 0 0 0 2592 0 484213454
1790425105494 0 14358 0 564181469 545858344 0 0 0 0 0 0 309509260 3565674 4307705856 28672 0 0 0 2592 0 484213454
1790425106526 0 164 0 564181817 545872839 0 0 0 0 0 0 309509260 3565731 1067261952 8192 0 0 0 2592 0 484348587
1790425107553 0 165 0 564181818 545872839 0 0 0 0 0 0 309509260 3565748 3266760704 12288 0 0 0 2592 0 484745750
1790425108580 0 375 0 564190225 545881035 0 0 0 0 0 0 309509260 3565759 45547520 569344 0 0 0 2592 0 484960059
1790425109606 0 385 0 564304937 545995773 0 0 0 0 0 0 309509260 3565759 515534848 606208 0 0 0 2592 0 485093751
1790425110630 0 99 0 564419715 546110854 0 0 0 0 0 0 309509260 3565759 985526272 651264 0 0 0 2592 0 485228398
1790425111650 0 100 19 564526337 546217406 0 0 0 0 0 0 309509260 3565759 1421824000 65536 0 0 0 2592 0 485364240
1790425112669 0 2241 4015 564641055 546325976 0 0 0 0 0 0 309509260 3565759 1875415040 17379328 0 0 0 2592 0 485496252
1790425113688 0 7008 0 564754601 546438755 0 0 0 0 0 0 309509260 3565759 2328002560 163840 0 0 0 2592 0 485618499
1790425114707 0 4320 3942 564862383 546545307 0 0 0 0 0 0 309509260 3565759 2780975104 16904192 0 0 0 2592 0 485739451
1790425115726 0 105 44 564968986 546660003 0 0 0 0 0 0 309509260 3565759 3234177024 9097216 8388608 0 0 2592 0 485876594
1790425116745 0 32 0 565083752 546774923 0 0 0 0 0 0 309509260 3565759 3704020992 81920 8892416 0 0 2592 0 486014340
1790425117763 0 46 1290 565198565 546888752 0 0 0 0 0 0 309509260 3565759 4173885440 33701888 0 0 0 2592 0 486133309
1790425118796 0 61 0 565231420 546922544 0 0 0 0 0 0 309509260 3565834 361791488 4096 0 0 0 2592 0 486197554
1790425119823 0 62 0 565231421 546922544 0 0 0 0 0 0 309509260 3565839 2602950656 8192 0 0 0 2592 0 486686940
1790425120841 0 63 0 565231422 546922544 0 0 0 0 0 0 309509260 3565859 4308189184 12288 0 0 0 2592 0 486949638
1790425121861 0 63 0 565231422 546922544 0 0 0 0 0 0 309509260 3565859 4308189184 12288 0 0 0 2592 0 486949638
1790425122881 0 63 0 565231422 546922544 0 0 0 0 0 0 309509260 3565859 4308189184 12288 0 0 0 2592 0 486949638
1790425123902 0 3 0 565231422 546922604 0 0 0 0 0 0 309509260 3565859 4308189184 24576 0 0 0 2592 0 486949638
1790425124939 0 57 0 565231476 546922605 0 0 0 0 0 0 309509260 3565902 2340790272 0 0 0 0 2592 0 486959495
1790425125973 0 62 0 565231499 546922622 0 0 0 0 0 0 309509260 3565946 1636577280 8192 0 0 0 2592 0 487164502
1790425126999 0 62 0 565231499 546922622 0 0 0 0 0 0 309509260 3565951 3700518912 8192 0 0 0 2592 0 487677699
