1790424608812 0 195 0 549454828 531146336 0 0 0 0 0 0 309509260 3148503 - - - - - - - -
1790424609891 0 87 0 549526368 531217984 0 0 0 0 0 0 309509260 3153991 41181184 122880 0 0 0 2592 0 416537628
1790424610918 0 93 0 549526374 531217984 0 0 0 0 0 0 309509260 3163901 82759680 135168 0 0 0 2592 0 417025522
1790424611941 0 93 0 549526374 531217984 0 0 0 0 0 0 309509260 3173876 123580416 135168 0 0 0 2592 0 417588325
1790424612964 0 93 0 549526374 531217984 0 0 0 0 0 0 309509260 3183979 164843520 135168 0 0 0 2592 0 417964357
1790424613987 0 93 0 549526374 531217984 0 0 0 0 0 0 309509260 3193966 205852672 135168 0 0 0 2592 0 418698349
1790424615010 0 40 0 549526381 531218044 0 0 0 0 0 0 309509260 3203872 246435840 143360 0 0 0 2592 0 419301099
1790424616034 0 40 0 549526381 531218044 0 0 0 0 0 0 309509260 3213742 286892032 143360 0 0 0 2592 0 420029616
1790424617053 0 42 0 549526383 531218044 0 0 0 0 0 0 309509260 3214287 289947648 151552 0 0 0 2592 0 420034123
1790424618071 0 42 0 549526383 531218044 0 0 0 0 0 0 309509260 3214287 289947648 151552 0 0 0 2592 0 420034123
1790424619090 0 42 0 549526383 531218044 0 0 0 0 0 0 309509260 3214287 289947648 151552 0 0 0 2592 0 420034123
1790424620110 0 42 0 549526383 531218044 0 0 0 0 0 0 309509260 3214287 289947648 151552 0 0 0 2592 0 420034123
1790424621151 0 92 0 549526477 531218088 0 0 0 0 0 0 309509260 3223327 40398848 131072 0 0 0 2592 0 420398628
1790424622184 0 93 0 549526478 531218088 0 0 0 0 0 0 309509260 3233690 84942848 135168 0 0 0 2592 0 421171333
1790424623208 0 93 0 549526478 531218088 0 0 0 0 0 0 309509260 3243808 126410752 135168 0 0 0 2592 0 421891804
1790424624232 0 93 0 549526478 531218088 0 0 0 0 0 0 309509260 3253597 166506496 135168 0 0 0 2592 0 422597836
1790424625255 0 102 0 549526487 531218088 0 0 0 0 0 0 309509260 3263523 207237120 135168 0 0 0 2592 0 423330872
1790424626292 0 102 0 549526487 531218088 0 0 0 0 0 0 309509260 3273560 247660544 143360 0 0 0 2592 0 423779874
1790424627315 0 10451 0 549539785 531220980 0 0 0 0 0 0 309509260 3282406 26968064 20299776 0 0 0 2592 0 424289134
1790424628337 0 171 0 549663658 531355195 0 0 0 0 0 0 309509260 3285640 27635712 126976 0 0 0 2592 0 424473519
1790424629363 0 208 0 549663733 531355196 0 0 0 0 0 0 309509260 3295579 69029888 139264 0 0 0 2592 0 424899682
1790424630394 0 208 0 549663733 531355196 0 0 0 0 0 0 309509260 3305449 109305856 139264 0 0 0 2592 0 425329121
1790424631417 0 208 0 549663733 531355196 0 0 0 0 0 0 309509260 3315327 149991424 139264 0 0 0 2592 0 425978572
1790424632447 0 208 0 549663733 531355196 0 0 0 0 0 0 309509260 3325256 190386176 139264 0 0 0 2592 0 426417305
1790424633471 0 89 2 549663733 531355313 0 0 0 0 0 0 309509260 3335032 230694912 143360 0 0 0 2592 0 427082393
1790424634494 0 92 0 549663736 531355315 0 0 0 0 0 0 309509260 3344868 270987264 143360 0 0 0 2592 0 427802751
1790424635524 0 92 0 549663736 531355315 0 0 0 0 0 0 309509260 3354593 310599680 143360 0 0 0 2592 0 428361533
1790424636547 0 92 0 549663736 531355315 0 0 0 0 0 0 309509260 3364312 350601216 143360 0 0 0 2592 0 428961181
1790424637571 0 92 0 549663736 531355315 0 0 0 0 0 0 309509260 3374051 390516736 143360 0 0 0 2592 0 429508258
1790424638595 0 117 0 549663761 531355315 0 0 0 0 0 0 309509260 3383660 429867008 143360 0 0 0 2592 0 429922396
1790424639618 0 117 0 549663761 531355315 0 0 0 0 0 0 309509260 3393463 471310336 143360 0 0 0 2592 0 430611578
1790424640641 0 117 0 549663761 531355315 0 0 0 0 0 0 309509260 3403362 511856640 143360 0 0 0 2592 0 431270418
1790424641664 0 117 0 549663761 531355315 0 0 0 0 0 0 309509260 3413298 552554496 143360 0 0 0 2592 0 431979424
1790424642683 0 119 0 549663763 531355315 0 0 0 0 0 0 309509260 3413778 555339776 151552 0 0 0 2592 0 431981734
1790424643702 0 119 0 549663763 531355315 0 0 0 0 0 0 309509260 3413778 555339776 151552 0 0 0 2592 0 431981734
1790424644721 0 97 0 549663763 531355337 0 0 0 0 0 0 309509260 3413778 555339776 151552 0 0 0 2592 0 431981734
1790424645741 0 97 0 549663763 531355337 0 0 0 0 0 0 309509260 3413778 555339776 151552 0 0 0 2592 0 431981734
1790424646789 0 93 0 549663858 531355436 0 0 0 0 0 0 309509260 3422820 40701952 131072 0 0 0 2592 0 432429910
1790424647843 0 95 0 549663860 531355436 0 0 0 0 0 0 309509260 3432943 85303296 139264 0 0 0 2592 0 433206221
1790424648878 0 95 0 549663860 531355436 0 0 0 0 0 0 309509260 3442893 125657088 139264 0 0 0 2592 0 433653899
1790424649902 0 107 0 549663872 531355436 0 0 0 0 0 0 309509260 3452738 166412288 139264 0 0 0 2592 0 434111752
1790424650924 0 44 1 549663879 531355505 0 0 0 0 0 0 309509260 3462552 206630912 147456 0 0 0 2592 0 434492905
1790424651947 0 41 0 549663879 531355509 0 0 0 0 0 0 309509260 3472325 246640640 147456 0 0 0 2592 0 435235177
1790424652971 0 41 0 549663879 531355509 0 0 0 0 0 0 309509260 3482127 286806016 147456 0 0 0 2592 0 435976972
1790424653994 0 41 0 549663879 531355509 0 0 0 0 0 0 309509260 3491941 327000064 147456 0 0 0 2592 0 436490652
1790424655017 0 41 0 549663879 531355509 0 0 0 0 0 0 309509260 3501848 367570944 147456 0 0 0 2592 0 437234811
1790424656041 0 43 0 549663881 531355509 0 0 0 0 0 0 309509260 3511744 408068096 147456 0 0 0 2592 0 437582025
1790424657065 0 43 0 549663881 531355509 0 0 0 0 0 0 309509260 3521789 449228800 147456 0 0 0 2592 0 437990126
1790424658088 0 43 0 549663881 531355509 0 0 0 0 0 0 309509260 3531680 489742336 147456 0 0 0 2592 0 438732606
1790424659111 0 83 0 549663921 531355509 0 0 0 0 0 0 309509260 3541611 530403328 147456 0 0 0 2592 0 439388627
1790424660129 0 118103 0 549784844 531358341 0 0 0 0 0 0 309509260 3547430 467644416 459624448 0 0 0 2592 0 439624174
1790424661152 0 5 29 549932074 531623715 0 0 0 0 0 0 309509260 3547469 1096257536 0 0 0 0 2592 0 439628495
1790424662181 0 93 0 549932167 531623713 0 0 0 0 0 0 309509260 3547676 933380096 135168 0 0 0 2592 0 439869402
1790424663205 0 95 0 549932169 531623713 0 0 0 0 0 0 309509260 3547690 1093468160 143360 0 0 0 2592 0 439881816
1790424664223 0 95 0 549932169 531623713 0 0 0 0 0 0 309509260 3547690 1093468160 143360 0 0 0 2592 0 439881816
1790424665243 0 95 0 549932169 531623713 0 0 0 0 0 0 309509260 3547690 1093468160 143360 0 0 0 2592 0 439881816
1790424666262 0 38 0 549932169 531623770 0 0 0 0 0 0 309509260 3547690 1093468160 143360 0 0 0 2592 0 439881816
1790424667297 0 93 0 549932270 531623816 0 0 0 0 0 0 309509260 3549355 434212864 131072 0 0 0 2592 0 440164316
1790424668325 0 96083 0 550031233 531626650 0 0 0 0 0 0 309509260 3550257 377233408 368893952 0 0 0 2592 0 440583517
1790424669344 0 503745 0 550438787 531626648 0 0 0 0 0 0 309509260 3550257 2046881792 2038542336 0 0 0 2592 0 440583517
1790424670372 0 112370 10202 550462530 532031565 0 0 0 0 0 0 309509260 3550259 2168500224 558710784 8388608 0 0 2592 0 440585306
1790424671417 0 73 0 550462713 532154247 0 0 0 0 0 0 309509260 3550394 599212032 131072 0 0 0 2592 0 440736450
1790424672445 0 96 0 550462736 532154247 0 0 0 0 0 0 309509260 3550517 2167922688 147456 0 0 0 2592 0 440914380
1790424673464 0 96 0 550462736 532154247 0 0 0 0 0 0 309509260 3550517 2167922688 147456 0 0 0 2592 0 440914380
1790424674483 0 96 0 550462736 532154247 0 0 0 0 0 0 309509260 3550517 2167922688 147456 0 0 0 2592 0 440914380
1790424675503 0 96 0 550462736 532154247 0 0 0 0 0 0 309509260 3550517 2167922688 147456 0 0 0 2592 0 440914380
1790424676525 0 10 0 550462746 532154343 0 0 0 0 0 0 309509260 3550570 1690873856 0 0 0 0 2592 0 440933178
1790424677560 0 92 0 550462838 532154353 0 0 0 0 0 0 309509260 3552409 1076154368 135168 0 0 0 2592 0 441274183
1790424678585 0 37730 0 550503388 532157187 0 0 0 0 0 0 309509260 3553096 139689984 130920448 0 0 0 2592 0 441581000
1790424679604 0 445119 0 550910813 532157185 0 0 0 0 0 0 309509260 3553096 1807618048 1798848512 0 0 0 2592 0 441581000
1790424680623 0 542720 2382 551242171 532388960 0 0 0 0 0 0 309509260 3553096 3165999104 2233974784 8388608 0 0 2592 0 441581000
1790424681645 0 424979 3577 551515980 532779439 0 0 0 0 0 0 309509260 3553096 4303917056 1760583680 25165824 0 0 2592 0 441581000
1790424682671 0 31 0 551518254 533209761 0 0 0 0 0 0 309509260 3553116 4316553216 0 0 0 0 2592 0 441582945
1790424683727 0 40 0 551518294 533209829 0 0 0 0 0 0 309509260 3553200 522076160 135168 0 0 0 2592 0 441839676
1790424684769 0 94 0 551518348 533209829 0 0 0 0 0 0 309509260 3553248 1566507008 139264 0 0 0 2592 0 442434653
1790424685791 0 94 0 551518348 533209829 0 0 0 0 0 0 309509260 3553296 2560757760 139264 0 0 0 2592 0 442845113
1790424686812 0 94 0 551518348 533209829 0 0 0 0 0 0 309509260 3553340 3567587328 139264 0 0 0 2592 0 443422938
1790424687831 0 93 0 551518350 533209832 0 0 0 0 0 0 309509260 3553356 4315369472 147456 0 0 0 2592 0 443788376
1790424688851 0 101 0 551518358 533209832 0 0 0 0 0 0 309509260 3553356 4315369472 155648 0 0 0 2592 0 443788376
1790424689870 0 44 0 551518358 533209889 0 0 0 0 0 0 309509260 3553356 4315369472 155648 0 0 0 2592 0 443788376
1790424690892 0 44 0 551518358 533209889 0 0 0 0 0 0 309509260 3553356 4315369472 155648 0 0 0 2592 0 443788376
1790424691928 0 0 1 551518360 533209937 0 0 0 0 0 0 309509260 3553409 1798942720 0 0 0 0 2592 0 443789886
1790424692968 0 95 0 551518458 533209938 0 0 0 0 0 0 309509260 3554767 1310982144 135168 0 0 0 2592 0 444067764
1790424693995 0 95 0 551518458 533209938 0 0 0 0 0 0 309509260 3555440 2611396608 135168 0 0 0 2592 0 444638020
1790424695014 0 95 0 551518458 533209938 0 0 0 0 0 0 309509260 3555832 3870322688 135168 0 0 0 2592 0 445184497
1790424696033 0 86795 0 551608103 533212770 0 0 0 0 0 0 309509260 3555934 339943424 330964992 0 0 0 2592 0 445399282
1790424697052 0 487516 0 552008905 533212832 0 0 0 0 0 0 309509260 3555934 1982164992 1973186560 0 0 0 2592 0 445399282
1790424698071 0 670765 2017 552375609 533394298 0 0 0 0 0 0 309509260 3555934 3483885568 2723905536 8318976 0 0 2592 0 445399570
1790424699095 0 469487 2040 552573278 533793372 0 0 0 0 0 0 309509260 3555936 4316561408 1958838272 14356480 0 0 2592 0 445399946
1790424700120 0 0 0 552573388 534264931 0 0 0 0 0 0 309509260 3555974 4318740480 0 5439488 0 0 2592 0 445429655
1790424701164 0 93 0 552573549 534264999 0 0 0 0 0 0 309509260 3556049 1127251968 135168 0 0 0 2592 0 445459941
1790424702193 0 93 0 552573549 534264999 0 0 0 0 0 0 309509260 3556107 3439640576 135168 0 0 0 2592 0 445748079
1790424703213 0 95 0 552573551 534264999 0 0 0 0 0 0 309509260 3556123 4314238976 143360 0 0 0 2592 0 445790191
1790424704232 0 95 0 552573551 534264999 0 0 0 0 0 0 309509260 3556123 4314238976 143360 0 0 0 2592 0 445790191
1790424705252 0 95 0 552573551 534264999 0 0 0 0 0 0 309509260 3556123 4314238976 143360 0 0 0 2592 0 445790191
1790424706274 0 43 0 552573559 534265059 0 0 0 0 0 0 309509260 3556123 4314238976 151552 0 0 0 2592 0 445790191
1790424707312 0 92 0 552573652 534265103 0 0 0 0 0 0 309509260 3556459 245710848 131072 0 0 0 2592 0 445830145
1790424708339 0 95 0 552573655 534265103 0 0 0 0 0 0 309509260 3557392 2268160000 135168 0 0 0 2592 0 446013945
1790424709358 0 96 0 552573656 534265103 0 0 0 0 0 0 309509260 3557979 4309053440 143360 0 0 0 2592 0 446199703
1790424710377 0 217095 0 552793627 534267935 0 0 0 0 0 0 309509260 3557980 875585536 867872768 0 0 0 2592 0 446208582
1790424711396 0 562182 0 553138681 534267935 0 0 0 0 0 0 309509260 3557980 2292826112 2285113344 0 0 0 2592 0 446208582
1790424712415 0 540625 8 553446105 534596877 0 0 0 0 0 0 309509260 3557980 3551612928 2197237760 0 0 0 2592 0 446208582
1790424713443 0 342409 2713 553628298 534974668 0 0 0 0 0 0 309509260 3557982 4315025408 1454698496 9285632 0 0 2592 0 446208710
1790424714466 0 0 32 553628504 535319968 0 0 0 0 0 0 309509260 3558019 3079548928 0 0 0 0 2592 0 446211955
1790424715529 0 108 0 553628577 535319980 0 0 0 0 0 0 309509260 3558069 1954172928 135168 0 0 0 2592 0 446300243
1790424716573 0 110 0 553628579 535319980 0 0 0 0 0 0 309509260 3558085 4314906624 143360 0 0 0 2592 0 446422081
1790424717593 0 110 0 553628579 535319980 0 0 0 0 0 0 309509260 3558085 4314906624 143360 0 0 0 2592 0 446422081
1790424718612 0 110 0 553628579 535319980 0 0 0 0 0 0 309509260 3558085 4314906624 143360 0 0 0 2592 0 446422081
1790424719633 0 38 0 553628579 535320052 0 0 0 0 0 0 309509260 3558085 4314906624 143360 0 0 0 2592 0 446422081
1790424720669 0 49 1 553628629 535320090 0 0 0 0 0 0 309509260 3558138 2150236160 0 0 0 0 2592 0 446432234
1790424721710 0 93 0 553628683 535320101 0 0 0 0 0 0 309509260 3558617 2089918464 135168 0 0 0 2592 0 446576848
1790424722748 0 93 0 553628683 535320101 0 0 0 0 0 0 309509260 3558900 2666242048 90112 0 0 0 2592 0 446699099
1790424723767 0 175147 0 553804391 535320646 0 0 0 0 0 0 309509260 3558900 719454208 707366912 0 0 0 2592 0 446712305
1790424724786 0 410349 0 554039548 535320632 0 0 0 0 0 0 309509260 3558900 1658978304 1646891008 0 0 0 2592 0 446712305
1790424725805 0 496333 0 554252533 535447637 0 0 0 0 0 0 309509260 3558900 2564956160 2032664576 0 0 0 2592 0 446712305
1790424726825 0 520706 12255 554473730 535632181 0 0 0 0 0 0 309509260 3558900 3470934016 2191691776 25145344 0 0 2592 0 446712305
1790424727849 0 504422 2673 554678548 535863479 0 0 0 0 0 0 309509260 3558902 4309843968 2114252800 10375168 0 0 2592 0 446712583
1790424728881 0 49 0 554678720 536370111 0 0 0 0 0 0 309509260 3558928 4310024192 0 0 0 0 2592 0 446713693
1790424730013 0 67 0 554678787 536370199 0 0 0 0 0 0 309509260 3558966 1961250816 28672 0 0 0 2592 0 446768083
1790424731087 0 69 0 554678789 536370199 0 0 0 0 0 0 309509260 3558970 4305448960 36864 0 0 0 2592 0 446839098
1790424732106 0 69 0 554678789 536370199 0 0 0 0 0 0 309509260 3558970 4305448960 36864 0 0 0 2592 0 446839098
1790424733126 0 69 0 554678789 536370199 0 0 0 0 0 0 309509260 3558970 4305448960 36864 0 0 0 2592 0 446839098
1790424734146 0 12 0 554678789 536370256 0 0 0 0 0 0 309509260 3558970 4305448960 36864 0 0 0 2592 0 446839098
1790424735183 0 40 0 554678837 536370276 0 0 0 0 0 0 309509260 3559023 625246208 0 0 0 0 2592 0 446839726
1790424736271 0 68 0 554678865 536370276 0 0 0 0 0 0 309509260 3559182 3099627520 28672 0 0 0 2592 0 446980124
