1790425158104 0 174 0 565231694 546922704 0 0 0 0 0 0 309509260 3565974 - - - - - - - -
1790425159156 0 90 0 565303240 546994334 0 0 0 0 0 0 309509260 3571307 39428096 122880 0 0 0 2592 0 488029358
1790425160180 0 93 0 565303243 546994334 0 0 0 0 0 0 309509260 3581265 80596992 135168 0 0 0 2592 0 488496205
1790425161203 0 93 0 565303243 546994334 0 0 0 0 0 0 309509260 3591185 121257984 135168 0 0 0 2592 0 489211949
1790425162232 0 93 0 565303243 546994334 0 0 0 0 0 0 309509260 3601212 162070528 135168 0 0 0 2592 0 489628453
1790425163256 0 93 0 565303243 546994334 0 0 0 0 0 0 309509260 3611014 202477568 135168 0 0 0 2592 0 490115997
1790425164279 0 33 0 565303243 546994394 0 0 0 0 0 0 309509260 3620948 243154944 143360 0 0 0 2592 0 490836419
1790425165302 0 40 0 565303250 546994394 0 0 0 0 0 0 309509260 3631026 284426240 143360 0 0 0 2592 0 491484307
1790425166320 0 42 0 565303252 546994394 0 0 0 0 0 0 309509260 3631763 288268288 151552 0 0 0 2592 0 491489912
1790425167338 0 42 0 565303252 546994394 0 0 0 0 0 0 309509260 3631763 288268288 151552 0 0 0 2592 0 491489912
1790425168358 0 42 0 565303252 546994394 0 0 0 0 0 0 309509260 3631763 288268288 151552 0 0 0 2592 0 491489912
1790425169377 0 44 0 565303254 546994394 0 0 0 0 0 0 309509260 3631763 288268288 151552 0 0 0 2592 0 491489912
1790425170421 0 91 0 565303345 546994438 0 0 0 0 0 0 309509260 3640649 39370752 131072 0 0 0 2592 0 491906406
1790425171474 0 92 0 565303346 546994438 0 0 0 0 0 0 309509260 3650841 83791872 135168 0 0 0 2592 0 492512051
1790425172498 0 92 0 565303346 546994438 0 0 0 0 0 0 309509260 3660762 124481536 135168 0 0 0 2592 0 493245343
1790425173521 0 92 0 565303346 546994438 0 0 0 0 0 0 309509260 3670687 165056512 135168 0 0 0 2592 0 493919332
1790425174544 0 92 0 565303346 546994438 0 0 0 0 0 0 309509260 3680691 206131200 135168 0 0 0 2592 0 494456397
1790425175567 0 41 0 565303354 546994497 0 0 0 0 0 0 309509260 3690590 246681600 143360 0 0 0 2592 0 495184161
1790425176587 0 844 0 565304335 546994497 0 0 0 0 0 0 309509260 3699882 161951744 86016 0 0 0 2592 0 495886905
1790425177639 0 90 0 565440496 547131558 0 0 0 0 0 0 309509260 3702412 25399296 122880 0 0 0 2592 0 495943961
1790425178695 0 93 0 565440499 547131558 0 0 0 0 0 0 309509260 3712202 68796416 135168 0 0 0 2592 0 496681868
1790425179718 0 93 0 565440499 547131558 0 0 0 0 0 0 309509260 3722172 109641728 135168 0 0 0 2592 0 497419664
1790425180741 0 93 0 565440499 547131558 0 0 0 0 0 0 309509260 3732102 152436736 135168 0 0 0 2592 0 498003070
1790425181764 0 93 0 565440499 547131558 0 0 0 0 0 0 309509260 3741957 192819200 135168 0 0 0 2592 0 498522026
1790425182803 0 1873 0 565442317 547131673 0 0 0 0 0 0 309509260 3753527 238366720 143360 0 0 0 2592 0 499030427
1790425183855 1 5080 0 565445630 547131673 0 0 0 0 0 0 309509260 3763705 281104384 143360 0 0 0 2592 0 499502799
1790425184882 2 8415 0 565448935 547131675 0 0 0 0 0 0 309509260 3776487 333574144 143360 0 0 0 2592 0 499724884
1790425185900 2 11009 54 565455384 547133730 0 0 0 0 0 0 309509260 3788136 381267968 143360 0 0 0 2592 0 500015168
1790425186920 2 14373 4 565463578 547136474 0 0 0 0 0 0 309509260 3801512 430755840 143360 0 0 0 2592 0 500190976
1790425187940 2 198 134 565468300 547155255 0 0 0 0 0 0 309509260 3811855 470552576 73728 0 0 0 2592 0 500320182
1790425188963 2 1909 0 565471038 547156289 0 0 0 0 0 0 309509260 3823828 516493312 77824 0 0 0 2592 0 500499126
1790425189985 2 4855 0 565473948 547156289 0 0 0 0 0 0 309509260 3834012 559017984 147456 0 0 0 2592 0 500587639
1790425191006 2 56752 0 565526042 547156289 0 0 0 0 0 0 309509260 3834012 559017984 147456 0 0 0 2592 0 500587639
1790425192027 2 71648 0 565544546 547159075 0 0 0 0 0 0 309509260 3834014 559017984 147456 0 0 0 2592 0 500587639
1790425193050 2 73943 0 565546888 547159078 0 0 0 0 0 0 309509260 3834016 559017984 147456 0 0 0 2592 0 500587639
1790425194071 2 2048 41 565552160 547236379 0 0 0 0 0 0 309509260 3834096 559153152 12288 0 0 0 2592 0 500587639
1790425195100 2 3601 0 565556050 547238617 0 0 0 0 0 0 309509260 3842925 39895040 135168 0 0 0 2592 0 500915471
1790425196126 2 38080 0 565590896 547238851 0 0 0 0 0 0 309509260 3855354 91860992 139264 0 0 0 2592 0 501111272
1790425197146 2 26634 0 565603883 547238852 0 0 0 0 0 0 309509260 3867633 142041088 139264 0 0 0 2592 0 501368935
1790425198166 2 86606 0 565664004 547238858 0 0 0 0 0 0 309509260 3880034 192847872 139264 0 0 0 2592 0 501575387
1790425199188 2 99669 0 565680741 547241646 0 0 0 0 0 0 309509260 3891983 240984064 147456 0 0 0 2592 0 501830716
1790425200209 2 102129 0 565683293 547241736 0 0 0 0 0 0 309509260 3903842 289538048 147456 0 0 0 2592 0 501983266
1790425201231 2 105353 0 565686589 547241736 0 0 0 0 0 0 309509260 3915034 335183872 147456 0 0 0 2592 0 502070511
1790425202255 2 112630 0 565694563 547242242 0 0 0 0 0 0 309509260 3926418 382148608 147456 0 0 0 2592 0 502202182
1790425203277 2 1500 0 565700030 547358838 0 0 0 0 0 0 309509260 3934888 416407552 69632 0 0 0 2592 0 502337891
1790425204297 2 4363 0 565702825 547358839 0 0 0 0 0 0 309509260 3946895 465567744 139264 0 0 0 2592 0 502517585
1790425205318 2 7119 0 565705580 547358839 0 0 0 0 0 0 309509260 3957731 509956096 139264 0 0 0 2592 0 502683737
1790425206338 2 11383 219 565711329 547360038 0 0 0 0 0 0 309509260 3968595 23572480 16384 0 0 0 2592 0 503180261
1790425207359 2 137727 2011 565979371 547499956 0 0 0 0 0 0 309509260 3968935 1094803456 590622720 12169216 0 0 2592 0 503190704
1790425208387 2 10336 0 565989642 547639373 0 0 0 0 0 0 309509260 3971458 279859200 131072 0 0 0 2592 0 503240705
1790425209414 2 11159 0 565998615 547639374 0 0 0 0 0 0 309509260 3971802 1091985408 143360 0 0 0 2592 0 503327883
1790425210439 2 14531 0 566014382 547639374 0 0 0 0 0 0 309509260 3972026 1091985408 143360 0 0 0 2592 0 503327883
1790425211465 2 15998 0 566028162 547639374 0 0 0 0 0 0 309509260 3972215 1091985408 143360 0 0 0 2592 0 503327883
1790425212490 2 2675 11 566043687 547652333 0 0 0 0 0 0 309509260 3972375 1091985408 143360 0 0 0 2592 0 503327883
1790425213523 2 37481 73 566091644 547656792 0 0 0 0 0 0 309509260 3973273 16826368 131072 0 0 0 2592 0 503328575
1790425214552 2 55692 0 566116349 547656770 0 0 0 0 0 0 309509260 3975483 865308672 135168 0 0 0 2592 0 503639605
1790425215573 2 321834 0 566385281 547659602 0 0 0 0 0 0 309509260 3975679 992186368 983482368 0 0 0 2592 0 503785494
1790425216594 2 505312 14408 566689360 547760323 0 0 0 0 0 0 309509260 3975776 2169184256 1737338880 33533952 0 0 2592 0 503785494
1790425217615 2 256897 2092 566706670 548036295 0 0 0 0 0 0 309509260 3975837 2169184256 1029562368 23502848 0 0 2592 0 503785494
1790425218636 2 31503 0 566742234 548285254 0 0 0 0 0 0 309509260 3976035 1522692096 0 0 0 0 2592 0 503811164
1790425219673 2 44160 0 566771185 548285314 0 0 0 0 0 0 309509260 3976374 1135816704 135168 0 0 0 2592 0 503850592
1790425220703 2 62038 0 566789174 548285314 0 0 0 0 0 0 309509260 3976445 2167881728 147456 0 0 0 2592 0 503999639
1790425221725 2 79810 0 566807102 548285314 0 0 0 0 0 0 309509260 3976445 2167881728 147456 0 0 0 2592 0 503999639
1790425222747 2 80662 0 566824165 548301698 0 0 0 0 0 0 309509260 3976445 2167881728 147456 0 0 0 2592 0 503999639
1790425223770 2 96529 0 566840040 548301699 0 0 0 0 0 0 309509260 3976445 2167881728 180224 0 0 0 2592 0 503999639
1790425224791 2 7569 1792 566857703 548406444 0 0 0 0 0 0 309509260 3976447 2168147968 32768 0 0 0 2592 0 503999719
1790425225819 2 20860 0 566876399 548413730 0 0 0 0 0 0 309509260 3978298 645730304 135168 0 0 0 2592 0 504128982
1790425226845 2 38932 0 566894571 548413730 0 0 0 0 0 0 309509260 3979456 2101645312 135168 0 0 0 2592 0 504504600
1790425227868 2 327627 0 567186082 548416562 0 0 0 0 0 0 309509260 3979471 1085952000 1079066624 0 0 0 2592 0 504538092
1790425228890 1 501860 3188 567481767 548534508 0 0 0 0 0 0 309509260 3979471 2230173696 1975492608 16064512 0 0 2592 0 504538092
1790425229911 1 618686 4119 567836669 548772105 0 0 0 0 0 0 309509260 3979471 3616657408 2529660928 12529664 0 0 2592 0 504538092
1790425230932 2 468778 2793 568015689 549102482 0 0 0 0 0 0 309509260 3979478 4315168768 1920098304 24899584 0 0 2592 0 504539615
1790425231953 2 209047 4100 568028562 549373252 0 0 0 0 0 0 309509260 3979505 4315172864 802070528 16777216 0 0 2592 0 504539615
1790425232974 2 31288 0 568044914 549571626 0 0 0 0 0 0 309509260 3979541 1527656448 0 0 0 0 2592 0 504539996
1790425234005 2 48047 0 568062803 549572295 0 0 0 0 0 0 309509260 3980104 1137160192 135168 0 0 0 2592 0 504602539
1790425235030 2 64048 0 568078795 549572295 0 0 0 0 0 0 309509260 3980205 2745700352 135168 0 0 0 2592 0 504922936
1790425236051 2 46907 0 568092465 549603140 0 0 0 0 0 0 309509260 3980696 4125888512 135168 0 0 0 2592 0 505219287
1790425237071 2 54944 0 568100647 549603242 0 0 0 0 0 0 309509260 3980721 4312584192 143360 0 0 0 2592 0 505330623
1790425238091 2 60800 0 568113935 549603242 0 0 0 0 0 0 309509260 3980722 4312584192 204800 0 0 0 2592 0 505330623
1790425239113 2 64530 0 568124133 549603242 0 0 0 0 0 0 309509260 3980722 4312584192 204800 0 0 0 2592 0 505330623
1790425240135 1 73634 0 568133410 549603289 0 0 0 0 0 0 309509260 3980722 4312584192 204800 0 0 0 2592 0 505330623
1790425241174 1 2984 0 568140559 549674023 0 0 0 0 0 0 309509260 3981156 191188992 131072 0 0 0 2592 0 505355898
1790425242204 1 7143 0 568148102 549674023 0 0 0 0 0 0 309509260 3982397 1801478144 135168 0 0 0 2592 0 505587625
1790425243223 1 15921 0 568159120 549674023 0 0 0 0 0 0 309509260 3983155 3440676864 135168 0 0 0 2592 0 505804079
1790425244243 1 55586 0 568201805 549676768 0 0 0 0 0 0 309509260 3983351 102572032 92356608 0 0 0 2592 0 505994509
1790425245264 1 434444 0 568580675 549676855 0 0 0 0 0 0 309509260 3983351 1600139264 1589927936 0 0 0 2592 0 505994509
1790425246286 1 615257 2004 568950821 549863990 0 0 0 0 0 0 309509260 3983351 3078766592 2507415552 8388608 0 0 2592 0 505994509
1790425247305 1 693729 2561 569261359 550096072 0 0 0 0 0 0 309509260 3983352 4318343168 2858913792 8306688 0 0 2592 0 505994561
1790425248326 1 438935 4092 569274232 550361926 0 0 0 0 0 0 309509260 3983352 4318343168 1788559360 25165824 0 0 2592 0 505994561
1790425249346 1 217783 12288 569282636 550582354 0 0 0 0 0 0 309509260 3983410 4318343168 844767232 50331648 0 0 2592 0 505994561
1790425250365 1 153 74 569286935 550816562 0 0 0 0 0 0 309509260 3983655 3061354496 0 0 0 0 2592 0 505998562
1790425251406 1 18713 0 569305619 550816620 0 0 0 0 0 0 309509260 3983964 1292402688 139264 0 0 0 2592 0 506028738
1790425252439 1 23889 0 569310766 550816620 0 0 0 0 0 0 309509260 3984165 3630223360 139264 0 0 0 2592 0 506184803
1790425253463 1 29502 0 569316447 550816651 0 0 0 0 0 0 309509260 3984178 4313960448 147456 0 0 0 2592 0 506201880
1790425254488 1 31977 0 569318924 550816651 0 0 0 0 0 0 309509260 3984180 4313960448 147456 0 0 0 2592 0 506201880
1790425255519 1 32882 219 569322053 550818722 0 0 0 0 0 0 309509260 3984220 4313960448 147456 0 0 0 2592 0 506201880
1790425256555 1 1804 0 569326657 550854673 0 0 0 0 0 0 309509260 3984335 4313960448 65536 0 0 0 2592 0 506205188
1790425257600 1 4365 0 569332655 550858066 0 0 0 0 0 0 309509260 3984841 511012864 131072 0 0 0 2592 0 506227359
1790425258631 1 9909 0 569338228 550858066 0 0 0 0 0 0 309509260 3985750 2716667904 135168 0 0 0 2592 0 506456255
1790425259651 2 15848 0 569345231 550858066 0 0 0 0 0 0 309509260 3986240 1823535104 61440 0 0 0 2592 0 506564642
1790425260671 2 299228 0 569632517 550861553 0 0 0 0 0 0 309509260 3986258 1113985024 1103966208 0 0 0 2592 0 506582663
1790425261703 2 487537 12162 569908288 550934419 0 0 0 0 0 0 309509260 3986693 2203824128 1932304384 42635264 0 0 2592 0 506582663
1790425262731 2 584288 6064 570169432 551104710 0 0 0 0 0 0 309509260 3986921 3246854144 2366607360 3465216 0 0 2592 0 506582663
1790425263751 2 646356 2782 570436129 551312698 0 0 0 0 0 0 309509260 3987034 4317851648 2663129088 3186688 0 0 2592 0 506583059
1790425264770 2 379698 8208 570445222 551583068 0 0 0 0 0 0 309509260 3987117 4317851648 1531834368 33554432 0 0 2592 0 506583059
1790425265790 2 69032 2020 570452916 551907647 0 0 0 0 0 0 309509260 3987150 4317851648 253952000 16777216 0 0 2592 0 506583059
1790425266834 2 19425 0 570461938 551966069 0 0 0 0 0 0 309509260 3987571 423260160 131072 0 0 0 2592 0 506588268
1790425267868 2 28064 0 570470662 551966081 0 0 0 0 0 0 309509260 3987609 3373690880 139264 0 0 0 2592 0 506636957
1790425268889 2 28019 0 570478764 551966081 0 0 0 0 0 0 309509260 3987614 4313231360 147456 0 0 0 2592 0 506675198
1790425269911 2 5894 109 570483006 551992544 0 0 0 0 0 0 309509260 3987670 4313231360 147456 0 0 0 2592 0 506675198
1790425270935 2 11375 0 570488572 551992567 0 0 0 0 0 0 309509260 3987712 4313231360 147456 0 0 0 2592 0 506675198
1790425271958 2 19334 0 570496591 551992628 0 0 0 0 0 0 309509260 3987714 4313231360 204800 0 0 0 2592 0 506675198
1790425273026 2 6375 0 570505758 552014702 0 0 0 0 0 0 309509260 3987949 469180416 131072 0 0 0 2592 0 506686514
1790425274067 2 12765 0 570512145 552014702 0 0 0 0 0 0 309509260 3988410 3357732864 135168 0 0 0 2592 0 506758417
1790425275089 2 58267 0 570565858 552015233 0 0 0 0 0 0 309509260 3988578 181141504 171024384 0 0 0 2592 0 506795557
1790425276112 2 273097 0 570783337 552015233 0 0 0 0 0 0 309509260 3988579 1053560832 1043443712 0 0 0 2592 0 506795557
1790425277133 2 502722 0 571019466 552015233 0 0 0 0 0 0 309509260 3988580 1959538688 1949421568 0 0 0 2592 0 506795557
1790425278153 2 531780 6194 571236774 552197444 0 0 0 0 0 0 309509260 3988580 2865512448 2109521920 16777216 0 0 2592 0 506795557
1790425279174 2 550640 2052 571454519 552400434 0 0 0 0 0 0 309509260 3988580 3737931776 2152804352 14770176 0 0 2592 0 506795557
1790425280195 2 414197 9571 571589545 552664770 0 0 0 0 0 0 309509260 3988581 4308398080 1710043136 50331648 0 0 2592 0 506796210
1790425281215 2 90798 10240 571589938 552987580 0 0 0 0 0 0 309509260 3988591 4308398080 370688000 41943040 0 0 2592 0 506796210
1790425282440 2 260 0 571591201 553089483 0 0 0 0 0 0 309509260 3988635 571834368 28672 0 0 0 2592 0 506854806
1790425283592 2 281 0 571592028 553090197 0 0 0 0 0 0 309509260 3988640 3611140096 36864 0 0 0 2592 0 507132805
1790425284613 2 294 0 571593497 553091455 0 0 0 0 0 0 309509260 3988642 4305027072 45056 0 0 0 2592 0 507158190
1790425285636 2 337 0 571593573 553091511 0 0 0 0 0 0 309509260 3988649 4305027072 45056 0 0 0 2592 0 507158190
1790425286657 2 467 0 571594014 553091785 0 0 0 0 0 0 309509260 3988657 4305027072 45056 0 0 0 2592 0 507158190
1790425287679 2 455 0 571594308 553092059 0 0 0 0 0 0 309509260 3988658 4305027072 45056 0 0 0 2592 0 507158190
1790425288821 2 175 66 571594901 553092907 0 0 0 0 0 0 309509260 3988780 716763136 28672 0 0 0 2592 0 507231727
1790425289917 2 147 0 571595204 553093154 0 0 0 0 0 0 309509260 3988890 3867414528 36864 0 0 0 2592 0 507442088
