1790424752433 0 186 0 554679050 536370337 0 0 0 0 0 0 309509260 3559227 - - - - - - - -
1790424753554 0 91 0 554750597 536441979 0 0 0 0 0 0 309509260 3559343 288878592 131072 0 0 0 2592 0 447111616
1790424754578 0 92 0 554750598 536441979 0 0 0 0 0 0 309509260 3559344 289386496 143360 0 0 0 2592 0 447111899
1790424755597 0 94 0 554750600 536441979 0 0 0 0 0 0 309509260 3559344 289386496 143360 0 0 0 2592 0 447111899
1790424756616 0 94 0 554750600 536441979 0 0 0 0 0 0 309509260 3559344 289386496 143360 0 0 0 2592 0 447111899
1790424757782 0 4416 58 554757895 536444869 0 0 0 0 0 0 309509260 3559433 253300736 114688 0 0 0 2592 0 447223847
1790424758852 0 92 56 554887855 536579222 0 0 0 0 0 0 309509260 3559524 555683840 131072 0 0 0 2592 0 447231466
1790424759876 0 95 0 554887858 536579204 0 0 0 0 0 0 309509260 3559541 559435776 143360 0 0 0 2592 0 447232143
1790424760895 0 95 0 554887858 536579204 0 0 0 0 0 0 309509260 3559541 559435776 143360 0 0 0 2592 0 447232143
1790424761914 0 95 0 554887858 536579204 0 0 0 0 0 0 309509260 3559541 559435776 143360 0 0 0 2592 0 447232143
1790424762932 0 95 0 554887858 536579204 0 0 0 0 0 0 309509260 3559542 559435776 143360 0 0 0 2592 0 447232143
1790424763974 0 247980 0 555138749 536582140 0 0 0 0 0 0 309509260 3559623 990404608 983773184 0 0 0 2592 0 447253276
1790424765019 0 90 0 555156218 536847537 0 0 0 0 0 0 309509260 3559714 348655616 122880 0 0 0 2592 0 447257693
1790424766049 0 95 0 555156223 536847537 0 0 0 0 0 0 309509260 3559715 1094041600 143360 0 0 0 2592 0 447258632
1790424767068 0 95 0 555156223 536847537 0 0 0 0 0 0 309509260 3559715 1094041600 143360 0 0 0 2592 0 447258632
1790424768087 0 95 0 555156223 536847537 0 0 0 0 0 0 309509260 3559715 1094041600 143360 0 0 0 2592 0 447258632
1790424769107 0 95 0 555156223 536847537 0 0 0 0 0 0 309509260 3559715 1094041600 143360 0 0 0 2592 0 447258632
1790424770134 0 32230 0 555191404 536850473 0 0 0 0 0 0 309509260 3559806 106426368 100118528 0 0 0 2592 0 447284299
1790424771157 0 435675 0 555594892 536850473 0 0 0 0 0 0 309509260 3559807 1767919616 1760280576 0 0 0 2592 0 447284327
1790424772190 0 289549 5110 555686577 537083295 0 0 0 0 0 0 309509260 3559809 2167844864 1185841152 20930560 0 0 2592 0 447285765
1790424773217 0 27061 2299 555686577 537349172 0 0 0 0 0 0 309509260 3559809 2167844864 151175168 21458944 0 0 2592 0 447285765
1790424774267 0 93 0 555686783 537378067 0 0 0 0 0 0 309509260 3559896 1831419904 131072 0 0 0 2592 0 447289402
1790424775294 0 97 0 555686787 537378067 0 0 0 0 0 0 309509260 3559897 2167525376 147456 0 0 0 2592 0 447295042
1790424776313 0 97 0 555686787 537378067 0 0 0 0 0 0 309509260 3559897 2167525376 147456 0 0 0 2592 0 447295042
1790424777332 0 97 0 555686787 537378067 0 0 0 0 0 0 309509260 3559897 2167525376 147456 0 0 0 2592 0 447295042
1790424778352 0 97 0 555686787 537378067 0 0 0 0 0 0 309509260 3559897 2167525376 147456 0 0 0 2592 0 447295042
1790424779399 0 92 0 555686893 537378178 0 0 0 0 0 0 309509260 3559987 2035687424 131072 0 0 0 2592 0 447312341
1790424780430 0 302993 0 555992737 537381010 0 0 0 0 0 0 309509260 3559988 1224466432 1216090112 0 0 0 2592 0 447334845
1790424781449 0 567436 1234 556371762 537494889 0 0 0 0 0 0 309509260 3559988 2780655616 2325925888 2101248 0 0 2592 0 447334845
1790424782468 0 557845 0 556681800 537815315 0 0 0 0 0 0 309509260 3559988 4045766656 2260897792 0 0 0 2592 0 447334845
1790424783490 0 160613 4108 556742125 538268721 0 0 0 0 0 0 309509260 3559990 4316123136 708202496 8388608 0 0 2592 0 447335908
1790424784543 0 93 0 556742396 538433648 0 0 0 0 0 0 309509260 3560077 255623168 131072 0 0 0 2592 0 447340918
1790424785577 0 94 0 556742397 538433648 0 0 0 0 0 0 309509260 3560078 3394510848 135168 0 0 0 2592 0 447361576
1790424786596 0 96 0 556742399 538433648 0 0 0 0 0 0 309509260 3560078 4315348992 143360 0 0 0 2592 0 447362603
1790424787616 0 96 0 556742399 538433648 0 0 0 0 0 0 309509260 3560078 4315348992 143360 0 0 0 2592 0 447362603
1790424788636 0 96 0 556742399 538433648 0 0 0 0 0 0 309509260 3560078 4315348992 143360 0 0 0 2592 0 447362603
1790424789657 0 39 1 556742400 538433705 0 0 0 0 0 0 309509260 3560078 4315353088 155648 0 0 0 2592 0 447362603
1790424790705 0 71 0 556742446 538433721 0 0 0 0 0 0 309509260 3560168 702922752 131072 0 0 0 2592 0 447388475
1790424791737 0 92 0 556742503 538433756 0 0 0 0 0 0 309509260 3560169 3881795584 135168 0 0 0 2592 0 447406165
1790424792756 0 174532 0 556919955 538436588 0 0 0 0 0 0 309509260 3560169 699244544 691609600 0 0 0 2592 0 447448157
1790424793775 0 564466 4106 557319837 538442583 0 0 0 0 0 0 309509260 3560169 2337390592 2329686016 69632 0 0 2592 0 447448157
1790424794795 0 487460 3123 557650890 538851594 0 0 0 0 0 0 309509260 3560169 3692290048 2002673664 8388608 0 0 2592 0 447448157
1790424795818 0 165813 2102 557797565 539321081 0 0 0 0 0 0 309509260 3560171 4315234304 712249344 16777216 0 0 2592 0 447448350
1790424796864 0 76 0 557797857 539489058 0 0 0 0 0 0 309509260 3560258 126640128 131072 0 0 0 2592 0 447451828
1790424797894 0 93 0 557797838 539489058 0 0 0 0 0 0 309509260 3560259 2869264384 135168 0 0 0 2592 0 447583813
1790424798913 0 95 0 557797840 539489058 0 0 0 0 0 0 309509260 3560259 4313882624 143360 0 0 0 2592 0 447623454
1790424799933 0 95 0 557797840 539489058 0 0 0 0 0 0 309509260 3560259 4313882624 143360 0 0 0 2592 0 447623454
1790424800954 0 95 0 557797840 539489058 0 0 0 0 0 0 309509260 3560259 4313882624 143360 0 0 0 2592 0 447623454
1790424801975 0 42 0 557797847 539489118 0 0 0 0 0 0 309509260 3560259 4313882624 151552 0 0 0 2592 0 447623454
1790424803024 0 95 0 557797948 539489166 0 0 0 0 0 0 309509260 3560349 92606464 131072 0 0 0 2592 0 447635687
1790424804056 0 96 0 557797949 539489166 0 0 0 0 0 0 309509260 3560350 2798731264 135168 0 0 0 2592 0 447779600
1790424805076 0 9203 0 557809941 539491998 0 0 0 0 0 0 309509260 3560350 25735168 16658432 0 0 0 2592 0 447853803
1790424806095 0 353307 0 558154055 539491998 0 0 0 0 0 0 309509260 3560350 1433153536 1424080896 0 0 0 2592 0 447853803
1790424807114 0 547925 73 558477583 539620945 0 0 0 0 0 0 309509260 3560350 2759630848 2222026752 0 0 0 2592 0 447853803
1790424808134 0 550527 2056 558786960 539925604 0 0 0 0 0 0 309509260 3560350 4031127552 2271182848 9195520 0 0 2592 0 447853803
1790424809157 0 162499 4116 558852567 540377259 0 0 0 0 0 0 309509260 3560352 4316389376 724316160 8388608 0 0 2592 0 447853805
1790424810224 0 74 0 558852821 540544028 0 0 0 0 0 0 309509260 3560440 264110080 106496 0 0 0 2592 0 447859230
1790424811270 0 74 0 558852821 540544028 0 0 0 0 0 0 309509260 3560441 3466362880 135168 0 0 0 2592 0 447982994
1790424812290 0 98 0 558852845 540544028 0 0 0 0 0 0 309509260 3560441 4313907200 143360 0 0 0 2592 0 448004779
1790424813309 0 98 0 558852845 540544028 0 0 0 0 0 0 309509260 3560441 4313907200 143360 0 0 0 2592 0 448004779
1790424814329 0 98 0 558852845 540544028 0 0 0 0 0 0 309509260 3560441 4313907200 143360 0 0 0 2592 0 448004779
1790424815349 0 41 0 558852851 540544091 0 0 0 0 0 0 309509260 3560441 4313907200 151552 0 0 0 2592 0 448004779
1790424816414 0 42 0 558852852 540544091 0 0 0 0 0 0 309509260 3560532 822583296 131072 0 0 0 2592 0 448022739
1790424817454 0 93 0 558852948 540544136 0 0 0 0 0 0 309509260 3560533 3956604928 135168 0 0 0 2592 0 448162616
1790424818473 0 107227 0 558960720 540544681 0 0 0 0 0 0 309509260 3560533 417366016 409767936 0 0 0 2592 0 448200621
1790424819492 0 336642 0 559190108 540544667 0 0 0 0 0 0 309509260 3560533 1363226624 1355628544 0 0 0 2592 0 448200621
1790424820511 0 565981 18 559419400 540544667 0 0 0 0 0 0 309509260 3560549 2304024576 2294112256 0 0 0 2592 0 448201032
1790424821530 0 489108 26 559624207 540826371 0 0 0 0 0 0 309509260 3560549 3140972544 1977544704 0 0 0 2592 0 448201032
1790424822549 0 552663 6777 559842340 540974371 0 0 0 0 0 0 309509260 3560549 4051509248 2287874048 20983808 0 0 2592 0 448201032
1790424823574 0 109034 6136 559902936 541479042 0 0 0 0 0 0 309509260 3560551 4307689472 505044992 19542016 0 0 2592 0 448201032
1790424824723 0 66 0 559903075 541594258 0 0 0 0 0 0 309509260 3560617 1088770048 24576 0 0 0 2592 0 448234123
1790424825805 0 71 0 559903080 541594258 0 0 0 0 0 0 309509260 3560618 4305436672 36864 0 0 0 2592 0 448350518
1790424826824 0 72 0 559903081 541594258 0 0 0 0 0 0 309509260 3560618 4305440768 40960 0 0 0 2592 0 448350518
1790424827844 0 72 0 559903081 541594258 0 0 0 0 0 0 309509260 3560618 4305440768 40960 0 0 0 2592 0 448350518
1790424828864 0 72 0 559903081 541594258 0 0 0 0 0 0 309509260 3560618 4305440768 40960 0 0 0 2592 0 448350518
1790424829888 0 71 0 559903093 541594272 0 0 0 0 0 0 309509260 3560671 4238282752 0 0 0 0 2592 0 448352054
1790424831051 0 67 0 559903159 541594341 0 0 0 0 0 0 309509260 3560710 2397134848 28672 0 0 0 2592 0 448435658
