1790424193694 0 37 0 538935200 520627104 0 0 0 0 0 0 309509260 3142408 - - - - - - - -
1790424194741 0 40 0 539006736 520698637 0 0 0 0 0 0 309509260 3142455 19410944 0 0 0 0 2592 0 374588033
1790424195783 0 99 0 539006796 520698638 0 0 0 0 0 0 309509260 3142507 286973952 147456 0 0 0 2592 0 374593019
1790424196807 0 101 0 539006798 520698638 0 0 0 0 0 0 309509260 3142507 288727040 147456 0 0 0 2592 0 374593112
1790424197826 0 101 0 539006798 520698638 0 0 0 0 0 0 309509260 3142507 288727040 147456 0 0 0 2592 0 374593112
1790424198845 0 101 0 539006798 520698638 0 0 0 0 0 0 309509260 3142507 288727040 147456 0 0 0 2592 0 374593112
1790424200113 0 51 0 539143959 520835817 0 0 0 0 0 0 309509260 3142620 555876352 223252480 33288192 0 0 2592 0 374638427
1790424201371 0 96 0 539144055 520835868 0 0 0 0 0 0 309509260 3142690 555638784 143360 0 0 0 2592 0 374729725
1790424202395 0 96 0 539144055 520835868 0 0 0 0 0 0 309509260 3142691 557162496 143360 0 0 0 2592 0 374729766
1790424203414 0 96 0 539144055 520835868 0 0 0 0 0 0 309509260 3142691 557162496 143360 0 0 0 2592 0 374729766
1790424204434 0 96 0 539144055 520835868 0 0 0 0 0 0 309509260 3142691 557162496 143360 0 0 0 2592 0 374729766
1790424205476 0 133495 0 539280477 520838808 0 0 0 0 0 0 309509260 3142783 519966720 513376256 0 0 0 2592 0 374735208
1790424206504 0 130672 2105 539412246 520971346 0 0 0 0 0 0 309509260 3142786 1094688768 535199744 25432064 0 0 2592 0 374736276
1790424207545 0 59 0 539412382 521104200 0 0 0 0 0 0 309509260 3142873 702472192 131072 0 0 0 2592 0 374741334
1790424208573 0 94 0 539412417 521104200 0 0 0 0 0 0 309509260 3142874 1094000640 143360 0 0 0 2592 0 374745763
1790424209592 0 94 0 539412417 521104200 0 0 0 0 0 0 309509260 3142874 1094000640 143360 0 0 0 2592 0 374745763
1790424210611 0 94 0 539412417 521104200 0 0 0 0 0 0 309509260 3142874 1094000640 143360 0 0 0 2592 0 374745763
1790424211630 0 94 0 539412417 521104200 0 0 0 0 0 0 309509260 3142874 1094000640 143360 0 0 0 2592 0 374745763
1790424212673 0 71474 58 539486837 521107136 0 0 0 0 0 0 309509260 3142966 267120640 260386816 0 0 0 2592 0 374771953
1790424213696 0 474134 0 539889441 521107134 0 0 0 0 0 0 309509260 3142967 1926082560 1917771776 0 0 0 2592 0 374771985
1790424214720 0 360494 1786 539942771 521272351 0 0 0 0 0 0 309509260 3142969 2168442880 1489018880 3280896 0 0 2592 0 374773292
1790424215744 0 184586 5090 539942771 521444940 0 0 0 0 0 0 309509260 3142969 2168442880 772808704 12492800 0 0 2592 0 374773292
1790424216784 0 7 0 539942921 521634723 0 0 0 0 0 0 309509260 3143056 39927808 98304 0 0 0 2592 0 374778937
1790424217814 0 95 0 539942973 521634723 0 0 0 0 0 0 309509260 3143073 2170134528 147456 0 0 0 2592 0 374788632
1790424218833 0 95 0 539942973 521634723 0 0 0 0 0 0 309509260 3143073 2170134528 147456 0 0 0 2592 0 374788632
1790424219853 0 95 0 539942973 521634723 0 0 0 0 0 0 309509260 3143073 2170134528 147456 0 0 0 2592 0 374788632
1790424220872 0 95 0 539942973 521634723 0 0 0 0 0 0 309509260 3143073 2170134528 147456 0 0 0 2592 0 374788632
1790424221917 0 79 0 539943063 521634829 0 0 0 0 0 0 309509260 3143157 163966976 131072 0 0 0 2592 0 374792359
1790424222949 0 48671 0 539994615 521637661 0 0 0 0 0 0 309509260 3143158 183971840 175513600 0 0 0 2592 0 374821573
1790424223968 0 456445 0 540402370 521637661 0 0 0 0 0 0 309509260 3143158 1852903424 1844441088 0 0 0 2592 0 374821573
1790424224987 0 561830 0 540714650 521844512 0 0 0 0 0 0 309509260 3143158 3133972480 2282139648 8388608 0 0 2592 0 374821573
1790424226006 0 589183 1995 540949883 522050404 0 0 0 0 0 0 309509260 3143158 4094267392 2416996352 5414912 0 0 2592 0 374821573
1790424227030 0 342500 2444 540998232 522345046 0 0 0 0 0 0 309509260 3143160 4316196864 1449504768 13680640 0 0 2592 0 374822505
1790424228054 0 52746 4108 540998392 522633323 0 0 0 0 0 0 309509260 3143160 4316196864 274243584 8388608 0 0 2592 0 374822505
1790424229114 0 91 0 540998503 522690225 0 0 0 0 0 0 309509260 3143247 843313152 131072 0 0 0 2592 0 374832521
1790424230149 0 92 0 540998504 522690225 0 0 0 0 0 0 309509260 3143248 3995537408 135168 0 0 0 2592 0 374861676
1790424231168 0 95 0 540998507 522690225 0 0 0 0 0 0 309509260 3143248 4315328512 147456 0 0 0 2592 0 374863997
1790424232187 0 96 0 540998508 522690225 0 0 0 0 0 0 309509260 3143248 4315328512 147456 0 0 0 2592 0 374863997
1790424233208 0 96 0 540998508 522690225 0 0 0 0 0 0 309509260 3143248 4315328512 147456 0 0 0 2592 0 374863997
1790424234229 0 37 0 540998508 522690284 0 0 0 0 0 0 309509260 3143248 4315328512 151552 0 0 0 2592 0 374863997
1790424235289 0 92 0 540998613 522690334 0 0 0 0 0 0 309509260 3143340 1358950400 131072 0 0 0 2592 0 374875356
1790424236325 0 94 0 540998615 522690334 0 0 0 0 0 0 309509260 3143341 4315365376 143360 0 0 0 2592 0 374900836
1790424237344 0 244237 0 541245649 522693166 0 0 0 0 0 0 309509260 3143341 985792512 976871424 0 0 0 2592 0 374907234
1790424238363 0 566068 2924 541629854 522752533 0 0 0 0 0 0 309509260 3143341 2565107712 2321420288 8265728 0 0 2592 0 374907234
1790424239383 0 616300 1314 541958683 523032723 0 0 0 0 0 0 309509260 3143341 3903225856 2512973824 13316096 0 0 2592 0 374907234
1790424240407 0 428471 10224 542053512 523306525 0 0 0 0 0 0 309509260 3143343 4316446720 1777049600 28282880 0 0 2592 0 374909420
1790424241431 0 109307 3869 542053513 523632118 0 0 0 0 0 0 309509260 3143362 4319744000 471957504 8388608 0 0 2592 0 375081370
1790424242487 0 91 0 542053783 523745473 0 0 0 0 0 0 309509260 3143439 583065600 131072 0 0 0 2592 0 375108696
1790424243521 0 94 0 542053786 523745473 0 0 0 0 0 0 309509260 3143440 3327414272 135168 0 0 0 2592 0 375250739
1790424244540 0 96 0 542053788 523745473 0 0 0 0 0 0 309509260 3143440 4315279360 143360 0 0 0 2592 0 375275584
1790424245560 0 96 0 542053788 523745473 0 0 0 0 0 0 309509260 3143440 4315279360 143360 0 0 0 2592 0 375275584
1790424246581 0 96 0 542053788 523745473 0 0 0 0 0 0 309509260 3143440 4315279360 143360 0 0 0 2592 0 375275584
1790424247601 0 96 0 542053788 523745473 0 0 0 0 0 0 309509260 3143440 4315279360 147456 0 0 0 2592 0 375275584
1790424248655 0 92 0 542053891 523745580 0 0 0 0 0 0 309509260 3143532 536002560 131072 0 0 0 2592 0 375291089
1790424249690 0 93 0 542053892 523745580 0 0 0 0 0 0 309509260 3143533 3274780672 135168 0 0 0 2592 0 375424243
1790424250709 0 72703 0 542129405 523748414 0 0 0 0 0 0 309509260 3143533 286232576 277172224 0 0 0 2592 0 375474460
1790424251728 0 416740 0 542473399 523748412 0 0 0 0 0 0 309509260 3143533 1696423936 1687363584 0 0 0 2592 0 375474460
1790424252748 0 524858 2596 542776565 523941240 0 0 0 0 0 0 309509260 3143533 2940530688 2157576192 8388608 0 0 2592 0 375474460
1790424253768 0 554569 1988 543088049 524223226 0 0 0 0 0 0 309509260 3143533 4215623680 2271338496 8388608 0 0 2592 0 375474460
1790424254792 0 261024 6107 543108511 524533156 0 0 0 0 0 0 309509260 3143535 4316332032 1094209536 16719872 0 0 2592 0 375475660
1790424255824 0 30 0 543108730 524800366 0 0 0 0 0 0 309509260 3143572 4316332032 0 0 0 0 2592 0 375477894
1790424256932 0 93 0 543108788 524800444 0 0 0 0 0 0 309509260 3143623 1577119744 135168 0 0 0 2592 0 375530500
1790424257980 0 95 0 543108790 524800444 0 0 0 0 0 0 309509260 3143624 4315070464 143360 0 0 0 2592 0 375617930
1790424258999 0 95 0 543108790 524800444 0 0 0 0 0 0 309509260 3143624 4315070464 143360 0 0 0 2592 0 375617930
1790424260018 0 95 0 543108790 524800444 0 0 0 0 0 0 309509260 3143624 4315070464 143360 0 0 0 2592 0 375617930
1790424261038 0 35 0 543108790 524800504 0 0 0 0 0 0 309509260 3143624 4315070464 147456 0 0 0 2592 0 375617930
1790424262061 0 40 0 543108838 524800547 0 0 0 0 0 0 309509260 3143677 3202928640 0 0 0 0 2592 0 375629066
1790424263135 0 109 0 543108908 524800548 0 0 0 0 0 0 309509260 3143730 2206748672 139264 0 0 0 2592 0 375720366
1790424264183 0 112 0 543108911 524800548 0 0 0 0 0 0 309509260 3143731 654008320 36864 0 0 0 2592 0 375825456
1790424265202 0 213721 0 543323107 524801079 0 0 0 0 0 0 309509260 3143731 852508672 844283904 0 0 0 2592 0 375838905
1790424266221 0 443129 0 543552552 524801079 0 0 0 0 0 0 309509260 3143731 1811759104 1803534336 0 0 0 2592 0 375838905
1790424267240 0 556690 0 543773656 524908690 0 0 0 0 0 0 309509260 3143731 2728108032 2279370752 0 0 0 2592 0 375838905
1790424268260 0 547750 0 543983052 525126970 0 0 0 0 0 0 309509260 3143731 3567730688 2225250304 0 0 0 2592 0 375838905
1790424269281 0 395625 22531 544158770 525432358 0 0 0 0 0 0 309509260 3143733 4305977344 1620480000 109047808 0 0 2592 0 375838905
1790424270391 0 64732 3151 544158880 525782659 0 0 0 0 0 0 309509260 3143733 4305977344 302940160 8388608 0 0 2592 0 375869093
1790424271556 0 64 0 544159024 525850677 0 0 0 0 0 0 309509260 3143807 1253363712 24576 0 0 0 2592 0 375914769
1790424272635 0 69 0 544159029 525850677 0 0 0 0 0 0 309509260 3143808 4305428480 36864 0 0 0 2592 0 376053026
1790424273654 0 69 0 544159029 525850677 0 0 0 0 0 0 309509260 3143808 4305428480 36864 0 0 0 2592 0 376053026
1790424274673 0 69 0 544159029 525850677 0 0 0 0 0 0 309509260 3143808 4305428480 36864 0 0 0 2592 0 376053026
1790424275694 0 69 0 544159029 525850677 0 0 0 0 0 0 309509260 3143808 4305428480 36864 0 0 0 2592 0 376053026
1790424276717 0 48 0 544159077 525850746 0 0 0 0 0 0 309509260 3143861 4083605504 0 0 0 0 2592 0 376062415
1790424277831 0 70 0 544159108 525850755 0 0 0 0 0 0 309509260 3143916 2239074304 28672 0 0 0 2592 0 376161448
