1790426286056 0 308 0 578109778 559155841 0 0 0 0 0 0 309509260 3994448 - - - - - - - -
1790426287090 0 316 0 578112900 559159040 0 0 0 0 0 0 309509260 3994462 31186944 933888 0 0 0 2592 0 509089771
1790426288113 0 316 34 578116367 559162388 0 0 0 0 0 0 309509260 3994462 42479616 933888 0 0 0 2592 0 509261844
1790426289138 0 316 22 578119819 559165816 0 0 0 0 0 0 309509260 3994462 53841920 933888 0 0 0 2592 0 509392450
1790426290163 0 316 0 578123282 559169337 0 0 0 0 0 0 309509260 3994462 65282048 933888 0 0 0 2592 0 509588559
1790426291187 0 316 0 578126604 559172693 0 0 0 0 0 0 309509260 3994462 76443648 933888 0 0 0 2592 0 509799346
1790426292211 0 316 0 578130049 559176121 0 0 0 0 0 0 309509260 3994462 87797760 933888 0 0 0 2592 0 510007684
1790426293235 0 316 55 578133473 559179563 0 0 0 0 0 0 309509260 3994462 99082240 933888 0 0 0 2592 0 510208669
1790426294259 0 257 34 578136839 559182919 0 0 0 0 0 0 309509260 3994462 110387200 716800 0 0 0 2592 0 510306965
1790426295282 0 257 0 578140244 559186432 0 0 0 0 0 0 309509260 3994462 121819136 716800 0 0 0 2592 0 510409689
1790426296306 0 257 17 578143628 559189725 0 0 0 0 0 0 309509260 3994462 132763648 716800 0 0 0 2592 0 510508772
1790426297330 0 257 34 578146885 559192965 0 0 0 0 0 0 309509260 3994462 143704064 716800 0 0 0 2592 0 510712901
1790426298354 0 257 0 578150162 559196293 0 0 0 0 0 0 309509260 3994462 154583040 716800 0 0 0 2592 0 510912133
1790426299378 0 257 51 578153546 559199609 0 0 0 0 0 0 309509260 3994462 165666816 716800 4096 0 0 2592 0 511121328
1790426300402 0 257 47 578156827 559202930 0 0 0 0 0 0 309509260 3994462 176615424 716800 0 0 0 2592 0 511324230
1790426301426 0 258 0 578160043 559206156 0 0 0 0 0 0 309509260 3994462 187224064 720896 0 0 0 2592 0 511531015
1790426302450 0 259 51 578163343 559209404 0 0 0 0 0 0 309509260 3994462 198164480 724992 0 0 0 2592 0 511700137
1790426303475 0 260 61 578166601 559212648 0 0 0 0 0 0 309509260 3994462 208965632 729088 0 0 0 2592 0 511890408
1790426304499 0 256 0 578169863 559215978 0 0 0 0 0 0 309509260 3994462 219922432 708608 0 0 0 2592 0 511994484
1790426305523 0 256 0 578173209 559219249 0 0 0 0 0 0 309509260 3994462 230797312 708608 0 0 0 2592 0 512098486
1790426306548 0 256 17 578176460 559222558 0 0 0 0 0 0 309509260 3994462 241811456 708608 0 0 0 2592 0 512311658
1790426307573 0 256 0 578179675 559225841 0 0 0 0 0 0 309509260 3994462 252612608 708608 0 0 0 2592 0 512500211
1790426308597 0 256 0 578182890 559229056 0 0 0 0 0 0 309509260 3994462 263274496 708608 0 0 0 2592 0 512715110
1790426309620 0 256 51 578185662 559231793 0 0 0 0 0 0 309509260 3994462 272465920 708608 0 0 0 2592 0 512921977
1790426310644 0 256 34 578188920 559235001 0 0 0 0 0 0 309509260 3994462 283074560 708608 0 0 0 2592 0 513131213
1790426311669 0 257 0 578192083 559238080 0 0 0 0 0 0 309509260 3994462 293666816 712704 0 0 0 2592 0 513215758
1790426312693 0 257 0 578195268 559241382 0 0 0 0 0 0 309509260 3994462 304189440 712704 0 0 0 2592 0 513377594
1790426313736 0 61 0 578195860 559242170 0 0 0 0 0 0 309509260 3994744 295071744 8192 0 0 0 2592 0 513425432
1790426314759 0 62 0 578195861 559242170 0 0 0 0 0 0 309509260 3994745 296828928 12288 0 0 0 2592 0 513425483
1790426315778 0 62 0 578195861 559242170 0 0 0 0 0 0 309509260 3994745 296828928 12288 0 0 0 2592 0 513425483
1790426316798 0 62 0 578195861 559242170 0 0 0 0 0 0 309509260 3994745 296828928 12288 0 0 0 2592 0 513425483
1790426317859 0 110 0 578197231 559243456 0 0 0 0 0 0 309509260 3995094 12857344 122880 0 0 0 2592 0 513495473
1790426318922 0 122 0 578201091 559247230 0 0 0 0 0 0 309509260 3995095 29437952 139264 0 0 0 2592 0 513636149
1790426319948 0 125 0 578206609 559252745 0 0 0 0 0 0 309509260 3995095 49610752 147456 0 0 0 2592 0 513823296
1790426320971 0 129 0 578210058 559256190 0 0 0 0 0 0 309509260 3995095 62222336 155648 0 0 0 2592 0 513976522
1790426321996 0 132 0 578215574 559261703 0 0 0 0 0 0 309509260 3995095 82386944 163840 0 0 0 2592 0 514179921
1790426323020 0 78 0 578220953 559267245 0 0 0 0 0 0 309509260 3995111 104341504 172032 0 0 0 2592 0 514360116
1790426324056 0 83 26 578226584 559272881 0 0 0 0 0 0 309509260 3995111 124813312 188416 0 0 0 2592 0 514520914
1790426325079 0 83 0 578231837 559278114 0 0 0 0 0 0 309509260 3995111 144146432 188416 0 0 0 2592 0 514634377
1790426326103 0 85 0 578237207 559283492 0 0 0 0 0 0 309509260 3995111 163774464 196608 0 0 0 2592 0 514827269
1790426327126 0 87 0 578242613 559288853 0 0 0 0 0 0 309509260 3995111 183414784 204800 0 0 0 2592 0 514957651
1790426328150 0 90 0 578248024 559294337 0 0 0 0 0 0 309509260 3995111 203595776 212992 0 0 0 2592 0 515066572
1790426329174 0 93 0 578253249 559299526 0 0 0 0 0 0 309509260 3995111 222572544 221184 0 0 0 2592 0 515262688
1790426330198 0 95 85 578258653 559304915 0 0 0 0 0 0 309509260 3995111 242188288 225280 0 0 0 2592 0 515464815
1790426331222 0 96 73 578264018 559310183 0 0 0 0 0 0 309509260 3995111 261881856 315392 0 0 0 2592 0 515662946
1790426332247 0 100 0 578269317 559315587 0 0 0 0 0 0 309509260 3995111 281583616 237568 0 0 0 2592 0 515858531
1790426333271 0 106 47 578274806 559321060 0 0 0 0 0 0 309509260 3995111 301379584 249856 0 0 0 2592 0 516049921
1790426334295 0 107 0 578280170 559326423 0 0 0 0 0 0 309509260 3995111 321007616 253952 0 0 0 2592 0 516239718
1790426335318 0 109 0 578285503 559331693 0 0 0 0 0 0 309509260 3995111 340238336 262144 0 0 0 2592 0 516423291
1790426336342 0 112 11 578290873 559337190 0 0 0 0 0 0 309509260 3995111 360001536 270336 0 0 0 2592 0 516615942
1790426337366 0 112 26 578295945 559342213 0 0 0 0 0 0 309509260 3995111 378662912 270336 135168 0 0 2592 0 516722492
1790426338390 0 115 19 578301430 559347629 0 0 0 0 0 0 309509260 3995111 398581760 278528 0 0 0 2592 0 516923044
1790426339414 0 118 59 578306764 559352993 0 0 0 0 0 0 309509260 3995111 418107392 290816 0 0 0 2592 0 517126045
1790426340438 0 118 38 578312277 559358526 0 0 0 0 0 0 309509260 3995111 438272000 294912 0 0 0 2592 0 517324170
1790426341462 0 120 0 578317715 559363889 0 0 0 0 0 0 309509260 3995111 457887744 299008 0 0 0 2592 0 517511938
1790426342486 0 124 26 578323127 559369383 0 0 0 0 0 0 309509260 3995111 478072832 458752 0 0 0 2592 0 517697200
1790426343510 0 125 0 578328529 559374731 0 0 0 0 0 0 309509260 3995111 497688576 450560 12288 0 0 2592 0 517905069
1790426344533 0 128 7 578333826 559380025 0 0 0 0 0 0 309509260 3995111 517185536 323584 0 0 0 2592 0 518101350
1790426345557 0 130 0 578339416 559385620 0 0 0 0 0 0 309509260 3995111 537481216 327680 0 0 0 2592 0 518285203
1790426346581 0 131 0 578344675 559390957 0 0 0 0 0 0 309509260 3995111 556707840 331776 0 0 0 2592 0 518426786
1790426347617 0 57 2 578347663 559393974 0 0 0 0 0 0 309509260 3995379 388882432 4096 0 0 0 2592 0 518612036
1790426348644 0 62 0 578347668 559393976 0 0 0 0 0 0 309509260 3995438 564617216 12288 0 0 0 2592 0 518620513
1790426349662 0 62 0 578347668 559393976 0 0 0 0 0 0 309509260 3995438 564617216 12288 0 0 0 2592 0 518620513
1790426350681 0 62 0 578347668 559393976 0 0 0 0 0 0 309509260 3995438 564617216 12288 0 0 0 2592 0 518620513
1790426351701 0 14 0 578347678 559394034 0 0 0 0 0 0 309509260 3995438 564617216 16384 0 0 0 2592 0 518620513
1790426352756 0 139 0 578351054 559397248 0 0 0 0 0 0 309509260 3995829 19636224 249856 0 0 0 2592 0 518849695
1790426353817 0 162 0 578360326 559406598 0 0 0 0 0 0 309509260 3995830 59326464 262144 0 0 0 2592 0 518978668
1790426354842 0 167 0 578369716 559415918 0 0 0 0 0 0 309509260 3995830 95588352 278528 0 0 0 2592 0 519096948
1790426355865 0 171 0 578378970 559425277 0 0 0 0 0 0 309509260 3995830 131833856 286720 0 0 0 2592 0 519292490
1790426356890 0 173 57 578388494 559434669 0 0 0 0 0 0 309509260 3995830 168071168 290816 266240 0 0 2592 0 519485182
1790426357915 0 119 17 578397742 559443892 0 0 0 0 0 0 309509260 3995830 203554816 307200 0 0 0 2592 0 519628256
1790426358939 0 126 0 578406563 559452827 0 0 0 0 0 0 309509260 3995830 237953024 323584 0 0 0 2592 0 519821194
1790426359963 0 129 0 578415633 559461938 0 0 0 0 0 0 309509260 3995830 273121280 331776 0 0 0 2592 0 519978168
1790426360987 0 132 0 578424717 559470975 0 0 0 0 0 0 309509260 3995830 307761152 339968 0 0 0 2592 0 520162166
1790426362011 0 135 0 578433832 559480066 0 0 0 0 0 0 309509260 3995830 342962176 352256 0 0 0 2592 0 520344945
1790426363035 0 137 0 578442986 559489260 0 0 0 0 0 0 309509260 3995830 378413056 360448 0 0 0 2592 0 520526215
1790426364059 0 140 0 578451951 559498245 0 0 0 0 0 0 309509260 3995830 413073408 372736 0 0 0 2592 0 520683396
1790426365083 0 143 0 578460821 559506978 0 0 0 0 0 0 309509260 3995830 447180800 380928 0 0 0 2592 0 520821355
1790426366107 0 145 0 578469704 559515970 0 0 0 0 0 0 309509260 3995830 481558528 389120 0 0 0 2592 0 520941543
1790426367131 0 149 0 578478804 559525024 0 0 0 0 0 0 309509260 3995830 516739072 401408 0 0 0 2592 0 521129474
1790426368155 0 151 0 578487917 559534227 0 0 0 0 0 0 309509260 3995830 551931904 413696 0 0 0 2592 0 521293480
1790426369179 0 156 34 578497241 559543455 0 0 0 0 0 0 309509260 3995830 587661312 425984 0 0 0 2592 0 521472218
1790426370203 0 161 12 578506288 559552440 0 0 0 0 0 0 309509260 3995830 622600192 442368 0 0 0 2592 0 521562045
1790426371227 0 166 8 578515345 559561613 0 0 0 0 0 0 309509260 3995830 658067456 458752 0 0 0 2592 0 521751515
1790426372251 0 170 123 578524586 559570698 0 0 0 0 0 0 309509260 3995830 693530624 475136 0 0 0 2592 0 521844968
1790426373275 0 172 57 578533422 559579598 0 0 0 0 0 0 309509260 3995830 727642112 483328 0 0 0 2592 0 522022526
1790426374299 0 176 43 578542677 559588896 0 0 0 0 0 0 309509260 3995830 763113472 495616 0 0 0 2592 0 522160949
1790426375323 0 180 57 578551723 559597891 0 0 0 0 0 0 309509260 3995830 798027776 503808 0 0 0 2592 0 522350660
1790426376347 0 184 0 578560846 559607008 0 0 0 0 0 0 309509260 3995830 833220608 520192 0 0 0 2592 0 522544041
1790426377371 0 190 0 578569754 559615975 0 0 0 0 0 0 309509260 3995830 868163584 540672 0 0 0 2592 0 522672430
1790426378396 0 195 49 578578927 559625124 0 0 0 0 0 0 309509260 3995830 903098368 557056 0 0 0 2592 0 522787227
1790426379419 0 197 0 578587911 559634087 0 0 0 0 0 0 309509260 3995830 937734144 565248 0 0 0 2592 0 522975025
1790426380444 0 201 0 578596816 559643026 0 0 0 0 0 0 309509260 3995830 972664832 577536 0 0 0 2592 0 523114953
1790426381468 0 206 0 578605921 559652179 0 0 0 0 0 0 309509260 3995830 1007869952 593920 0 0 0 2592 0 523209664
1790426382489 0 122 0 578615034 559661348 0 0 0 0 0 0 309509260 3995830 1042776064 270336 0 0 0 2592 0 523282733
1790426383514 0 126 0 578624048 559670312 0 0 0 0 0 0 309509260 3995846 1080135680 286720 0 0 0 2592 0 523445862
1790426384550 0 110 0 578630576 559676864 0 0 0 0 0 0 309509260 3995953 129118208 4096 0 0 0 2592 0 523554932
1790426385577 0 62 0 578630636 559676943 0 0 0 0 0 0 309509260 3996174 1101975552 12288 0 0 0 2592 0 523830194
1790426386596 0 62 0 578630636 559676943 0 0 0 0 0 0 309509260 3996174 1101975552 12288 0 0 0 2592 0 523830194
1790426387615 0 62 0 578630636 559676943 0 0 0 0 0 0 309509260 3996174 1101975552 12288 0 0 0 2592 0 523830194
1790426388635 0 62 0 578630636 559676943 0 0 0 0 0 0 309509260 3996174 1101975552 12288 0 0 0 2592 0 523830194
1790426389671 0 112 0 578630694 559676951 0 0 0 0 0 0 309509260 3996367 184631296 4096 0 0 0 2592 0 523854406
1790426390702 0 298 0 578637137 559683171 0 0 0 0 0 0 309509260 3996573 35733504 430080 0 0 0 2592 0 524188153
1790426391726 0 231 0 578653235 559699393 0 0 0 0 0 0 309509260 3996573 99995648 700416 0 0 0 2592 0 524292105
1790426392750 0 232 0 578668524 559714700 0 0 0 0 0 0 309509260 3996573 160595968 462848 0 0 0 2592 0 524474362
1790426393773 0 242 0 578683737 559729854 0 0 0 0 0 0 309509260 3996573 221450240 1015808 12288 0 0 2592 0 524644060
1790426394798 0 189 191 578699094 559745226 0 0 0 0 0 0 309509260 3996573 282288128 503808 0 0 0 2592 0 524807054
1790426395821 0 191 0 578713878 559760115 0 0 0 0 0 0 309509260 3996573 341016576 524288 0 0 0 2592 0 524961986
1790426396845 0 195 39 578729388 559775521 0 0 0 0 0 0 309509260 3996573 402436096 598016 0 0 0 2592 0 525124917
1790426397869 0 200 0 578744399 559790567 0 0 0 0 0 0 309509260 3996573 462143488 552960 0 0 0 2592 0 525298341
1790426398893 0 205 19 578759486 559805493 0 0 0 0 0 0 309509260 3996573 522432512 573440 0 0 0 2592 0 525378107
1790426399931 0 210 1 578774527 559820564 0 0 0 0 0 0 309509260 3996573 581148672 593920 0 0 0 2592 0 525439391
1790426400959 0 216 107 578789676 559835759 0 0 0 0 0 0 309509260 3996573 642011136 614400 0 0 0 2592 0 525616236
1790426401983 0 220 17 578803853 559850021 0 0 0 0 0 0 309509260 3996573 698609664 634880 0 0 0 2592 0 525784368
1790426403007 0 226 0 578818781 559864923 0 0 0 0 0 0 309509260 3996573 758423552 659456 0 0 0 2592 0 525967442
1790426404030 0 231 0 578833661 559879838 0 0 0 0 0 0 309509260 3996592 820928512 679936 0 0 0 2592 0 526131329
1790426405054 0 309 35 578848758 559894711 0 0 0 0 0 0 309509260 3996592 880173056 696320 0 0 0 2592 0 526306430
1790426406078 0 316 0 578863311 559909307 0 0 0 0 0 0 309509260 3996592 938389504 724992 0 0 0 2592 0 526485122
1790426407102 0 247 0 578878103 559924264 0 0 0 0 0 0 309509260 3996592 997629952 745472 0 0 0 2592 0 526665340
1790426408126 0 247 0 578893265 559939366 0 0 0 0 0 0 309509260 3996592 1057341440 745472 0 0 0 2592 0 526842038
1790426409150 0 247 0 578908060 559954065 0 0 0 0 0 0 309509260 3996592 1116532736 835584 450560 0 0 2592 0 526950900
1790426410175 0 322 39 578923985 559969991 0 0 0 0 0 0 309509260 3996679 1179430912 745472 0 0 0 2592 0 527046186
1790426411200 0 322 59 578938617 559984630 0 0 0 0 0 0 309509260 3996679 1237565440 745472 0 0 0 2592 0 527224026
1790426412223 0 322 9 578953335 559999396 0 0 0 0 0 0 309509260 3996679 1296224256 745472 0 0 0 2592 0 527408704
1790426413248 0 322 0 578968763 560014809 0 0 0 0 0 0 309509260 3996679 1356992512 745472 0 0 0 2592 0 527599431
1790426414271 0 322 73 578983769 560029815 0 0 0 0 0 0 309509260 3996679 1416704000 745472 0 0 0 2592 0 527701410
1790426415295 0 250 0 578998826 560044855 0 0 0 0 0 0 309509260 3996679 1476419584 745472 0 0 0 2592 0 527843037
1790426416320 0 250 0 579013218 560059356 0 0 0 0 0 0 309509260 3996679 1534033920 745472 0 0 0 2592 0 527929816
1790426417344 0 250 0 579027875 560073993 0 0 0 0 0 0 309509260 3996679 1591640064 745472 0 0 0 2592 0 528097496
1790426418369 0 250 0 579042361 560088470 0 0 0 0 0 0 309509260 3996679 1649762304 745472 0 0 0 2592 0 528184937
1790426419393 0 250 0 579057354 560103512 0 0 0 0 0 0 309509260 3996679 1708945408 745472 0 0 0 2592 0 528362590
1790426420417 0 200 1 579072384 560118551 0 0 0 0 0 0 309509260 3996679 1769181184 552960 528384 0 0 2592 0 528539377
1790426421441 0 203 0 579088058 560134223 0 0 0 0 0 0 309509260 3996679 1831550976 565248 528384 0 0 2592 0 528698437
1790426422465 0 204 56 579103113 560149257 0 0 0 0 0 0 309509260 3996679 1890734080 569344 0 0 0 2592 0 528879116
1790426423489 0 206 60 579118044 560164161 0 0 0 0 0 0 309509260 3996679 1949921280 577536 0 0 0 2592 0 528969230
1790426424513 0 206 39 579132559 560178681 0 0 0 0 0 0 309509260 3996679 2007556096 614400 0 0 0 2592 0 529063532
1790426425537 0 206 0 579147277 560193479 0 0 0 0 0 0 309509260 3996679 2066186240 577536 0 0 0 2592 0 529157399
1790426426562 0 208 0 579162357 560208517 0 0 0 0 0 0 309509260 3996679 2125922304 585728 0 0 0 2592 0 529332455
1790426427581 0 2 0 579175798 560222164 0 0 0 0 0 0 309509260 3996703 1780600832 0 0 0 0 2592 0 529468350
1790426428617 0 81 0 579175879 560222166 0 0 0 0 0 0 309509260 3996887 1171644416 16384 0 0 0 2592 0 529662574
1790426429643 0 82 0 579175880 560222166 0 0 0 0 0 0 309509260 3997002 2175770624 20480 0 0 0 2592 0 529921592
1790426430662 0 82 0 579175880 560222166 0 0 0 0 0 0 309509260 3997002 2175770624 20480 0 0 0 2592 0 529921592
1790426431682 0 83 0 579175881 560222166 0 0 0 0 0 0 309509260 3997002 2175774720 24576 0 0 0 2592 0 529921592
1790426432702 0 23 0 579175881 560222226 0 0 0 0 0 0 309509260 3997002 2175774720 24576 0 0 0 2592 0 529921592
1790426433738 0 83 0 579175941 560222226 0 0 0 0 0 0 309509260 3997162 134139904 4096 0 0 0 2592 0 529930150
1790426434764 0 83 0 579175941 560222226 0 0 0 0 0 0 309509260 3997358 1777639424 8192 0 0 0 2592 0 530294074
1790426435788 0 308 0 579189176 560235247 0 0 0 0 0 0 309509260 3997401 62857216 1069056 0 0 0 2592 0 530478642
1790426436811 0 309 0 579213656 560259784 0 0 0 0 0 0 309509260 3997401 162590720 757760 0 0 0 2592 0 530634698
1790426437834 0 455 38 579237670 560283471 0 0 0 0 0 0 309509260 3997401 258404352 757760 0 0 0 2592 0 530800817
1790426438857 0 250 0 579261424 560307541 0 0 0 0 0 0 309509260 3997401 355254272 757760 0 0 0 2592 0 530959262
1790426439881 0 250 0 579284503 560330487 0 0 0 0 0 0 309509260 3997401 447913984 757760 0 0 0 2592 0 531121411
1790426440904 0 250 0 579307776 560353784 0 0 0 0 0 0 309509260 3997401 542654464 757760 0 0 0 2592 0 531289009
1790426441927 0 250 0 579330874 560377075 0 0 0 0 0 0 309509260 3997401 635506688 978944 0 0 0 2592 0 531406746
1790426442950 0 250 0 579355131 560401287 0 0 0 0 0 0 309509260 3997417 735387648 757760 0 0 0 2592 0 531573648
1790426443973 0 250 0 579378883 560425000 0 0 0 0 0 0 309509260 3997417 831184896 757760 0 0 0 2592 0 531687430
1790426444997 0 250 0 579403660 560449785 0 0 0 0 0 0 309509260 3997417 931192832 757760 0 0 0 2592 0 531826382
1790426446019 0 250 0 579428280 560474397 0 0 0 0 0 0 309509260 3997417 1029103616 757760 0 0 0 2592 0 531986809
1790426447043 0 250 0 579453598 560499684 0 0 0 0 0 0 309509260 3997417 1132269568 757760 0 0 0 2592 0 532156468
1790426448065 0 250 0 579477546 560523663 0 0 0 0 0 0 309509260 3997417 1230180352 757760 0 0 0 2592 0 532242058
1790426449088 0 250 0 579501298 560547454 0 0 0 0 0 0 309509260 3997417 1324937216 757760 1064960 0 0 2592 0 532397143
1790426450111 0 250 0 579524269 560570425 0 0 0 0 0 0 309509260 3997417 1417596928 757760 0 0 0 2592 0 532560356
1790426451134 0 250 0 579547281 560593398 0 0 0 0 0 0 309509260 3997417 1510248448 757760 0 0 0 2592 0 532723721
1790426452157 0 250 38 579571254 560617332 0 0 0 0 0 0 309509260 3997417 1607118848 757760 0 0 0 2592 0 532885581
1790426453180 0 250 0 579595570 560641687 0 0 0 0 0 0 309509260 3997417 1705021440 757760 1052672 0 0 2592 0 533047926
1790426454204 0 250 38 579618800 560664878 0 0 0 0 0 0 309509260 3997417 1798713344 757760 0 0 0 2592 0 533210887
1790426455227 0 323 222 579641988 560687918 0 0 0 0 0 0 309509260 3997417 1892425728 757760 749568 0 0 2592 0 533371757
1790426456250 0 250 38 579666042 560712120 0 0 0 0 0 0 309509260 3997417 1989898240 1368064 0 0 0 2592 0 533532378
1790426457273 0 250 41 579689533 560735642 0 0 0 0 0 0 309509260 3997417 2085117952 757760 1052672 0 0 2592 0 533673243
1790426458296 0 252 0 579713823 560759956 0 0 0 0 0 0 309509260 3997417 2182012928 765952 0 0 0 2592 0 533789451
1790426459319 0 255 0 579737785 560783893 0 0 0 0 0 0 309509260 3997417 2279956480 778240 0 0 0 2592 0 533936049
1790426460342 0 258 0 579761016 560807133 0 0 0 0 0 0 309509260 3997417 2372648960 790528 0 0 0 2592 0 534114073
1790426461365 0 261 39 579783254 560829320 0 0 0 0 0 0 309509260 3997417 2462556160 1179648 0 0 0 2592 0 534278557
1790426462388 0 264 0 579805660 560851802 0 0 0 0 0 0 309509260 3997417 2552770560 815104 0 0 0 2592 0 534364291
1790426463411 0 270 0 579831245 560877342 0 0 0 0 0 0 309509260 3997417 2657050624 831488 0 0 0 2592 0 534529117
1790426464434 0 183 0 579857070 560903301 0 0 0 0 0 0 309509260 3997417 2759200768 491520 0 0 0 2592 0 534691812
1790426465457 0 186 0 579881912 560928132 0 0 0 0 0 0 309509260 3997417 2860298240 503808 0 0 0 2592 0 534851631
1790426466475 0 189 3 579904865 560951019 0 0 0 0 0 0 309509260 3997417 2952998912 516096 0 0 0 2592 0 535010521
1790426467498 0 190 41 579926771 560972940 0 0 0 0 0 0 309509260 3997417 3042078720 1163264 0 0 0 2592 0 535131960
1790426468521 0 195 0 579949027 560995199 0 0 0 0 0 0 309509260 3997417 3131006976 540672 0 0 0 2592 0 535288018
1790426469544 0 195 7 579972258 561018389 0 0 0 0 0 0 309509260 3997417 3224719360 540672 0 0 0 2592 0 535447642
1790426470567 0 198 3 579996273 561042473 0 0 0 0 0 0 309509260 3997417 3322470400 1421312 0 0 0 2592 0 535600345
1790426471590 0 202 0 580020290 561066455 0 0 0 0 0 0 309509260 3997417 3419566080 569344 0 0 0 2592 0 535751918
1790426472613 0 204 0 580043771 561089874 0 0 0 0 0 0 309509260 3997417 3513307136 577536 0 0 0 2592 0 535866157
1790426473636 0 207 0 580066996 561113164 0 0 0 0 0 0 309509260 3997417 3607027712 589824 0 0 0 2592 0 536013410
1790426474659 0 210 0 580089968 561136133 0 0 0 0 0 0 309509260 3997417 3699703808 602112 0 0 0 2592 0 536183708
1790426475682 0 214 13 580114161 561160348 0 0 0 0 0 0 309509260 3997417 3796602880 618496 0 0 0 2592 0 536266447
1790426476705 0 217 13 580138471 561184655 0 0 0 0 0 0 309509260 3997417 3895599104 630784 0 0 0 2592 0 536417554
1790426477728 0 219 3 580161623 561207693 0 0 0 0 0 0 309509260 3997417 3988459520 831488 0 0 0 2592 0 536574448
1790426478751 0 220 0 580185290 561231437 0 0 0 0 0 0 309509260 3997417 4083032064 643072 0 0 0 2592 0 536745317
1790426479774 0 223 0 580208241 561254323 0 0 0 0 0 0 309509260 3997417 4177813504 655360 1052672 0 0 2592 0 536905058
1790426480797 0 225 0 580230428 561276570 0 0 0 0 0 0 309509260 3997417 4266815488 1204224 0 0 0 2592 0 537068540
1790426481815 0 44 1 580245354 561291676 0 0 0 0 0 0 309509260 3997446 1617612800 0 0 0 0 2592 0 537123343
1790426482847 0 40 0 580245355 561291682 0 0 0 0 0 0 309509260 3997564 1270505472 8192 0 0 0 2592 0 537470333
1790426483871 0 63 0 580245378 561291682 0 0 0 0 0 0 309509260 3997680 3179118592 8192 0 0 0 2592 0 537744387
1790426484889 0 64 0 580245379 561291682 0 0 0 0 0 0 309509260 3997746 4322250752 12288 0 0 0 2592 0 537922927
1790426485908 0 64 0 580245379 561291682 0 0 0 0 0 0 309509260 3997746 4322250752 12288 0 0 0 2592 0 537922927
1790426486928 0 4 0 580245380 561291743 0 0 0 0 0 0 309509260 3997746 4322254848 20480 0 0 0 2592 0 537922927
1790426487949 0 11 0 580245387 561291743 0 0 0 0 0 0 309509260 3997746 4322254848 20480 0 0 0 2592 0 537922927
1790426488990 0 61 0 580245454 561291760 0 0 0 0 0 0 309509260 3997870 34754560 4096 0 0 0 2592 0 537937084
1790426490018 0 62 0 580245455 561291760 0 0 0 0 0 0 309509260 3997990 1722347520 8192 0 0 0 2592 0 538236470
1790426491037 0 62 0 580245455 561291760 0 0 0 0 0 0 309509260 3998102 3579461632 8192 0 0 0 2592 0 538541239
1790426492060 0 369 0 580255596 561301561 0 0 0 0 0 0 309509260 3998144 50188288 995328 0 0 0 2592 0 538629694
1790426493083 0 370 9 580290121 561336101 0 0 0 0 0 0 309509260 3998144 188928000 999424 0 0 0 2592 0 538753386
1790426494105 0 310 0 580327399 561373455 0 0 0 0 0 0 309509260 3998144 342343680 999424 0 0 0 2592 0 538834361
1790426495128 0 310 2 580359944 561406032 0 0 0 0 0 0 309509260 3998144 474755072 999424 0 0 0 2592 0 538971960
1790426496151 0 310 0 580391945 561438078 0 0 0 0 0 0 309509260 3998144 605032448 999424 0 0 0 2592 0 539090603
1790426497174 0 310 2 580423565 561469544 0 0 0 0 0 0 309509260 3998144 733229056 999424 0 0 0 2592 0 539239584
1790426498197 0 310 507 580455568 561501560 0 0 0 0 0 0 309509260 3998144 861425664 999424 0 0 0 2592 0 539384798
1790426499220 0 310 2 580489743 561535831 0 0 0 0 0 0 309509260 3998144 1001979904 2867200 0 0 0 2592 0 539519227
1790426500243 0 310 22 580523784 561569865 0 0 0 0 0 0 309509260 3998144 1140072448 2277376 0 0 0 2592 0 539657358
1790426501266 0 456 0 580556057 561601895 0 0 0 0 0 0 309509260 3998144 1271197696 999424 0 0 0 2592 0 539793188
1790426502289 0 310 507 580594157 561639713 0 0 0 0 0 0 309509260 3998144 1424605184 999424 1388544 0 0 2592 0 539932143
1790426503322 0 310 22 580634461 561680542 0 0 0 0 0 0 309509260 3998160 1586614272 999424 0 0 0 2592 0 540041319
1790426504377 0 675 4 580672660 561718235 0 0 0 0 0 0 309509260 3998160 1744207872 999424 0 0 0 2592 0 540184403
1790426505404 0 310 0 580709423 561755479 0 0 0 0 0 0 309509260 3998160 1895514112 1011712 0 0 0 2592 0 540329064
1790426506423 0 310 0 580747706 561793683 0 0 0 0 0 0 309509260 3998160 2051018752 999424 0 0 0 2592 0 540469242
1790426507453 0 313 509 580784882 561830576 0 0 0 0 0 0 309509260 3998160 2200248320 1011712 0 0 0 2592 0 540614690
1790426508480 0 317 0 580823741 561869758 0 0 0 0 0 0 309509260 3998160 2360029184 1028096 0 0 0 2592 0 540761358
1790426509504 0 540 52 580863258 561909045 0 0 0 0 0 0 309509260 3998160 2517516288 2957312 0 0 0 2592 0 540910896
1790426510527 0 326 24 580900706 561946803 0 0 0 0 0 0 309509260 3998160 2673258496 1064960 0 0 0 2592 0 541053599
1790426511550 0 327 0 580939021 561985060 0 0 0 0 0 0 309509260 3998160 2828787712 1073152 0 0 0 2592 0 541140891
1790426512573 0 403 71 580977340 562023344 0 0 0 0 0 0 309509260 3998160 2985795584 2580480 0 0 0 2592 0 541285447
1790426513596 0 334 4 581016094 562062081 0 0 0 0 0 0 309509260 3998160 3142119424 1236992 0 0 0 2592 0 541433835
1790426514619 0 337 0 581051173 562097202 0 0 0 0 0 0 309509260 3998160 3284926464 1105920 0 0 0 2592 0 541572005
1790426515642 0 339 0 581085894 562131889 0 0 0 0 0 0 309509260 3998160 3425759232 1114112 0 0 0 2592 0 541707140
1790426516665 0 343 61 581122506 562168555 0 0 0 0 0 0 309509260 3998160 3576262656 2387968 0 0 0 2592 0 541811979
1790426517695 0 349 0 581158722 562204784 0 0 0 0 0 0 309509260 3998160 3722190848 1155072 0 0 0 2592 0 541955490
1790426518722 0 353 0 581194452 562240465 0 0 0 0 0 0 309509260 3998160 3869351936 1179648 0 0 0 2592 0 542038624
1790426519745 0 295 0 581228611 562274650 0 0 0 0 0 0 309509260 3998160 4006010880 933888 0 0 0 2592 0 542178684
1790426520780 0 299 3 581264754 562310838 0 0 0 0 0 0 309509260 3998160 4153139200 2588672 475136 0 0 2592 0 542324358
1790426521803 0 301 0 581298851 562344961 0 0 0 0 0 0 309509260 3998160 4293980160 958464 0 0 0 2592 0 542469402
1790426522836 0 61 0 581304657 562350962 0 0 0 0 0 0 309509260 3998246 565141504 4096 0 0 0 2592 0 542534071
1790426523862 0 62 0 581304658 562350962 0 0 0 0 0 0 309509260 3998321 2379001856 8192 0 0 0 2592 0 542933825
1790426524880 0 63 0 581304659 562350962 0 0 0 0 0 0 309509260 3998378 4318707712 12288 0 0 0 2592 0 543396548
1790426525899 0 63 0 581304659 562350962 0 0 0 0 0 0 309509260 3998378 4318707712 12288 0 0 0 2592 0 543396548
1790426526919 0 63 0 581304659 562350962 0 0 0 0 0 0 309509260 3998378 4318707712 12288 0 0 0 2592 0 543396548
1790426527941 0 70 0 581304666 562350962 0 0 0 0 0 0 309509260 3998378 4318707712 16384 0 0 0 2592 0 543396548
1790426528963 0 39 0 581304707 562351034 0 0 0 0 0 0 309509260 3998417 4320141312 0 0 0 0 2592 0 543397875
1790426529999 0 62 0 581304730 562351034 0 0 0 0 0 0 309509260 3998515 1019486208 8192 0 0 0 2592 0 543550563
1790426531024 0 62 0 581304730 562351034 0 0 0 0 0 0 309509260 3998571 2836942848 8192 0 0 0 2592 0 544107432
1790426532043 0 63 0 581304731 562351034 0 0 0 0 0 0 309509260 3998615 1320157184 12288 0 0 0 2592 0 544391917
1790426533066 0 1677 0 581369971 562414643 0 0 0 0 0 0 309509260 3998616 273641472 1789952 7565312 0 0 2592 0 544486209
1790426534092 0 363 10 581432185 562478340 0 0 0 0 0 0 309509260 3998616 530157568 5693440 0 0 0 2592 0 544593480
1790426535117 0 303 2054 581497881 562541916 0 0 0 0 0 0 309509260 3998616 794021888 966656 0 0 0 2592 0 544674888
1790426536141 0 303 0 581563576 562609681 0 0 0 0 0 0 309509260 3998616 1062600704 966656 0 0 0 2592 0 544798357
1790426537166 0 303 0 581625257 562671275 0 0 0 0 0 0 309509260 3998616 1317318656 3899392 0 0 0 2592 0 544920236
1790426538189 0 1909 0 581684306 562728729 0 0 0 0 0 0 309509260 3998616 1557270528 8814592 0 0 0 2592 0 545031622
1790426539211 0 303 25 581752527 562798590 0 0 0 0 0 0 309509260 3998616 1834803200 966656 0 0 0 2592 0 545151476
1790426540235 0 306 0 581832560 562878640 0 0 0 0 0 0 309509260 3998616 2162229248 978944 0 0 0 2592 0 545300798
1790426541254 0 2211 0 581920828 562964874 0 0 0 0 0 0 309509260 3998616 2523250688 9408512 12288 0 0 2592 0 545456162
1790426542274 0 1275 17 582006140 563051066 0 0 0 0 0 0 309509260 3998616 2873929728 7471104 0 0 0 2592 0 545582694
1790426543296 0 2233 0 582095395 563139353 0 0 0 0 0 0 309509260 3998616 3235885056 8445952 0 0 0 2592 0 545706539
1790426544316 0 343 0 582183626 563229645 0 0 0 0 0 0 309509260 3998616 3597938688 1130496 0 0 0 2592 0 545855558
1790426545338 0 355 0 582263781 563309791 0 0 0 0 0 0 309509260 3998616 3925442560 1179648 0 0 0 2592 0 545983924
1790426546362 0 364 0 582352068 563398047 0 0 0 0 0 0 309509260 3998616 4286476288 1216512 0 0 0 2592 0 546136827
1790426547396 0 60 0 582356222 563402527 0 0 0 0 0 0 309509260 3998699 717729792 4096 0 0 0 2592 0 546216392
1790426548422 0 62 0 582356224 563402527 0 0 0 0 0 0 309509260 3998713 2426925056 8192 0 0 0 2592 0 546513650
1790426549440 0 63 0 582356225 563402527 0 0 0 0 0 0 309509260 3998726 4308844544 12288 0 0 0 2592 0 546815476
1790426550460 0 63 0 582356225 563402527 0 0 0 0 0 0 309509260 3998726 4308844544 12288 0 0 0 2592 0 546815476
1790426551480 0 63 0 582356225 563402527 0 0 0 0 0 0 309509260 3998726 4308844544 12288 0 0 0 2592 0 546815476
1790426552500 0 11 0 582356233 563402587 0 0 0 0 0 0 309509260 3998726 4308844544 16384 0 0 0 2592 0 546815476
1790426553523 0 12 0 582356234 563402587 0 0 0 0 0 0 309509260 3998778 3527847936 0 0 0 0 2592 0 546825605
1790426554556 0 61 0 582356298 563402602 0 0 0 0 0 0 309509260 3998829 1068392448 8192 0 0 0 2592 0 547110400
1790426555582 0 61 0 582356298 563402602 0 0 0 0 0 0 309509260 3998843 2859872256 8192 0 0 0 2592 0 547669302
1790426556600 0 62 0 582356299 563402602 0 0 0 0 0 0 309509260 3998856 1357754368 12288 0 0 0 2592 0 547937836
1790426557619 0 5917 0 582468714 563509150 0 0 0 0 0 0 309509260 3998857 449802240 1003520 0 0 0 2592 0 548064953
1790426558639 0 5131 22 582550020 563591144 0 0 0 0 0 0 309509260 3998857 785399808 1003520 0 0 0 2592 0 548253434
1790426559658 0 310 0 582618879 563664933 0 0 0 0 0 0 309509260 3998857 1087463424 1003520 0 0 0 2592 0 548494730
1790426560681 0 373 0 582708965 563755087 0 0 0 0 0 0 309509260 3998857 1456619520 1003520 0 0 0 2592 0 548609064
1790426561699 0 6661 0 582797405 563837046 0 0 0 0 0 0 309509260 3998857 1792204800 1003520 0 0 0 2592 0 548764405
1790426562719 0 7026 0 582879714 563919010 0 0 0 0 0 0 309509260 3998857 2127814656 1003520 0 0 0 2592 0 548929786
1790426563738 0 2503 2056 582946701 563988629 0 0 0 0 0 0 309509260 3998873 2424803328 27287552 0 0 0 2592 0 549104142
1790426564756 0 326 0 583045069 564091127 0 0 0 0 0 0 309509260 3998873 2834993152 18243584 8388608 0 0 2592 0 549273366
1790426565775 0 2528 2807 583159840 564201591 0 0 0 0 0 0 309509260 3998873 3292930048 22638592 0 0 0 2592 0 549401905
1790426566798 0 347 0 583258235 564304252 0 0 0 0 0 0 309509260 3998873 3707826176 1155072 0 0 0 2592 0 549545527
1790426567818 0 3562 46 583351675 564394402 0 0 0 0 0 0 309509260 3998873 4077096960 1200128 0 0 0 2592 0 549681372
1790426568838 0 30 1 583405802 564452135 0 0 0 0 0 0 309509260 3998902 1810235392 0 0 0 0 2592 0 549762640
1790426569872 0 64 0 583405866 564452166 0 0 0 0 0 0 309509260 3998944 1605660672 8192 0 0 0 2592 0 549923625
1790426570897 0 64 0 583405866 564452166 0 0 0 0 0 0 309509260 3998949 3626606592 8192 0 0 0 2592 0 550410319
1790426571916 0 65 0 583405867 564452166 0 0 0 0 0 0 309509260 3998950 4307181568 12288 0 0 0 2592 0 550457073
1790426572935 0 65 0 583405867 564452166 0 0 0 0 0 0 309509260 3998950 4307181568 12288 0 0 0 2592 0 550457073
1790426573955 0 17 0 583405877 564452225 0 0 0 0 0 0 309509260 3998950 4307181568 16384 0 0 0 2592 0 550457073
1790426574976 0 13 0 583405877 564452228 0 0 0 0 0 0 309509260 3998950 4307181568 16384 0 0 0 2592 0 550457073
1790426576009 0 62 0 583405946 564452248 0 0 0 0 0 0 309509260 3999032 411525120 4096 0 0 0 2592 0 550481918
1790426577034 0 63 0 583405947 564452248 0 0 0 0 0 0 309509260 3999036 2113605632 8192 0 0 0 2592 0 550869687
1790426578053 0 63 0 583405947 564452248 0 0 0 0 0 0 309509260 3999040 4141813760 8192 0 0 0 2592 0 551375247
