1790417163452 0 0 0 419375110 419081363 0 0 0 0 0 0 309509260 980991 - - - - - - - -
1790417164506 0 78 0 419446695 419152870 0 0 0 0 0 0 309509260 981101 290336768 131072 0 0 0 2592 0 42789547
1790417165525 0 79 0 419446696 419152870 0 0 0 0 0 0 309509260 981102 290672640 143360 0 0 0 2592 0 42789547
1790417166544 0 81 0 419446698 419152870 0 0 0 0 0 0 309509260 981102 290672640 143360 0 0 0 2592 0 42789547
1790417167564 0 81 0 419446698 419152870 0 0 0 0 0 0 309509260 981102 290672640 143360 0 0 0 2592 0 42789547
1790417168599 0 78 0 419446730 419152905 0 0 0 0 0 0 309509260 981299 272699392 131072 0 0 0 2592 0 42816618
1790417169626 0 18 0 419583917 419290156 0 0 0 0 0 0 309509260 981340 561131520 0 0 0 0 2592 0 42824994
1790417170668 0 84 0 419584001 419290138 0 0 0 0 0 0 309509260 981394 557580288 143360 0 0 0 2592 0 42876748
1790417171692 0 86 0 419584003 419290138 0 0 0 0 0 0 309509260 981395 559435776 143360 0 0 0 2592 0 42876792
1790417172711 0 86 0 419584003 419290138 0 0 0 0 0 0 309509260 981395 559435776 143360 0 0 0 2592 0 42876792
1790417173730 0 86 0 419584003 419290138 0 0 0 0 0 0 309509260 981395 559435776 143360 0 0 0 2592 0 42876792
1790417174758 0 35611 5 419622512 419293025 0 0 0 0 0 0 309509260 981594 120770560 114003968 0 0 0 2592 0 42967811
1790417175785 0 150750 2056 419852231 419405559 0 0 0 0 0 0 309509260 981597 1095151616 625672192 16777216 0 0 2592 0 42968238
1790417176816 0 31 0 419852481 419558567 0 0 0 0 0 0 309509260 981701 123277312 131072 0 0 0 2592 0 42996005
1790417177842 0 83 0 419852461 419558567 0 0 0 0 0 0 309509260 981857 1094221824 143360 0 0 0 2592 0 43277131
1790417178861 0 83 0 419852461 419558567 0 0 0 0 0 0 309509260 981857 1094221824 143360 0 0 0 2592 0 43277131
1790417179880 0 83 0 419852461 419558567 0 0 0 0 0 0 309509260 981857 1094221824 143360 0 0 0 2592 0 43277131
1790417180900 0 83 0 419852461 419558567 0 0 0 0 0 0 309509260 981857 1094221824 143360 0 0 0 2592 0 43277131
1790417181931 0 7 0 419852461 419558680 0 0 0 0 0 0 309509260 981895 1094758400 0 0 0 0 2592 0 43291329
1790417182965 0 80 0 419852549 419558658 0 0 0 0 0 0 309509260 982190 775180288 135168 0 0 0 2592 0 43701446
1790417183988 0 239445 0 420094902 419561490 0 0 0 0 0 0 309509260 982227 965115904 956895232 0 0 0 2592 0 43881184
1790417185022 0 458128 2048 420382883 419628864 0 0 0 0 0 0 309509260 982229 2168684544 1904685056 5136384 0 0 2592 0 43881429
1790417186049 0 222485 1985 420382884 419864571 0 0 0 0 0 0 309509260 982229 2168684544 927584256 8388608 0 0 2592 0 43881429
1790417187072 0 34321 3849 420382884 420050871 0 0 0 0 0 0 309509260 982229 2168684544 156110848 16777216 0 0 2592 0 43881429
1790417188104 0 80 0 420383188 420089265 0 0 0 0 0 0 309509260 982379 696754176 131072 0 0 0 2592 0 43978289
1790417189128 0 84 0 420383192 420089265 0 0 0 0 0 0 309509260 982490 2168045568 147456 0 0 0 2592 0 44212740
1790417190147 0 84 0 420383192 420089265 0 0 0 0 0 0 309509260 982490 2168045568 147456 0 0 0 2592 0 44212740
1790417191167 0 84 0 420383192 420089265 0 0 0 0 0 0 309509260 982490 2168045568 147456 0 0 0 2592 0 44212740
1790417192186 0 84 0 420383192 420089265 0 0 0 0 0 0 309509260 982490 2168045568 147456 0 0 0 2592 0 44212740
1790417193208 0 6 0 420383198 420089349 0 0 0 0 0 0 309509260 982543 1379586048 0 0 0 0 2592 0 44214746
1790417194235 0 82 0 420383284 420089359 0 0 0 0 0 0 309509260 982835 1328525312 135168 0 0 0 2592 0 44554562
1790417195259 0 101191 0 420487305 420092191 0 0 0 0 0 0 309509260 982891 401539072 389971968 0 0 0 2592 0 44798304
1790417196277 0 510783 0 420896908 420092191 0 0 0 0 0 0 309509260 982891 2079055872 2067488768 0 0 0 2592 0 44798304
1790417197297 0 563005 2047 421145475 420286548 0 0 0 0 0 0 309509260 982891 3111567360 2308542464 7720960 0 0 2592 0 44798304
1790417198315 0 574932 4066 421365261 420492346 0 0 0 0 0 0 309509260 982891 4001955840 2362056704 8163328 0 0 2592 0 44798304
1790417199345 0 401710 4110 421438577 420738844 0 0 0 0 0 0 309509260 982893 4319805440 1708363776 6823936 0 0 2592 0 44798519
1790417200388 0 69275 4096 421438882 421071636 0 0 0 0 0 0 309509260 982893 4319805440 282566656 41943040 0 0 2592 0 44798519
1790417201435 0 81 0 421439059 421145103 0 0 0 0 0 0 309509260 982979 296271872 131072 0 0 0 2592 0 44842754
1790417202464 0 82 0 421439060 421145103 0 0 0 0 0 0 309509260 983055 1865502720 135168 0 0 0 2592 0 45357613
1790417203483 0 82 0 421439060 421145103 0 0 0 0 0 0 309509260 983132 3700375552 135168 0 0 0 2592 0 45821114
1790417204502 0 84 0 421439062 421145103 0 0 0 0 0 0 309509260 983146 4316016640 143360 0 0 0 2592 0 45900589
1790417205521 0 84 0 421439062 421145103 0 0 0 0 0 0 309509260 983146 4316016640 143360 0 0 0 2592 0 45900589
1790417206540 0 42 0 421439069 421145152 0 0 0 0 0 0 309509260 983146 4316016640 147456 0 0 0 2592 0 45900589
1790417207561 0 42 0 421439069 421145152 0 0 0 0 0 0 309509260 983146 4316016640 147456 0 0 0 2592 0 45900589
1790417208601 0 81 0 421439153 421145197 0 0 0 0 0 0 309509260 983335 261730304 131072 0 0 0 2592 0 45951624
1790417209631 0 82 0 421439154 421145197 0 0 0 0 0 0 309509260 983422 1769578496 135168 0 0 0 2592 0 46142205
1790417210650 0 82 0 421439154 421145197 0 0 0 0 0 0 309509260 983487 3162398720 135168 0 0 0 2592 0 46524035
1790417211675 0 52 0 421439156 421145197 0 0 0 0 0 0 309509260 983518 8040448 12288 0 0 0 2592 0 46827779
