1790417025140 0 0 0 417238655 416945100 0 0 0 0 0 0 309509260 978092 22622208 4096 0 0 0 2592 0 38377407
1790417026182 0 83 0 417310258 417016620 0 0 0 0 0 0 309509260 978191 289816576 131072 0 0 0 2592 0 38391661
1790417027206 0 86 0 417310261 417016620 0 0 0 0 0 0 309509260 978192 291827712 143360 0 0 0 2592 0 38391707
1790417028225 0 86 0 417310261 417016620 0 0 0 0 0 0 309509260 978192 291827712 143360 0 0 0 2592 0 38391707
1790417029244 0 86 0 417310261 417016620 0 0 0 0 0 0 309509260 978192 291827712 143360 0 0 0 2592 0 38391707
1790417030272 0 16356 0 417329633 417019546 0 0 0 0 0 0 309509260 978391 42852352 36241408 0 0 0 2592 0 38420706
1790417031308 0 97 0 417447566 417153918 0 0 0 0 0 0 309509260 978485 76398592 122880 0 0 0 2592 0 38432553
1790417032332 0 81 0 417447574 417153906 0 0 0 0 0 0 309509260 978486 559640576 143360 0 0 0 2592 0 38463005
1790417033351 0 81 0 417447574 417153906 0 0 0 0 0 0 309509260 978505 563060736 143360 0 0 0 2592 0 38463373
1790417034370 0 81 0 417447574 417153906 0 0 0 0 0 0 309509260 978505 563060736 143360 0 0 0 2592 0 38463373
1790417035389 0 81 0 417447574 417153906 0 0 0 0 0 0 309509260 978505 563060736 143360 0 0 0 2592 0 38463373
1790417036431 0 133623 0 417584150 417156827 0 0 0 0 0 0 309509260 978693 520593408 513835008 0 0 0 2592 0 38553991
1790417037459 0 101686 2111 417715810 417318388 0 0 0 0 0 0 309509260 978713 1097830400 433037312 8388608 0 0 2592 0 38555240
1790417038489 0 46 0 417715989 417422324 0 0 0 0 0 0 309509260 978852 336904192 131072 0 0 0 2592 0 38660239
1790417039513 0 81 0 417716024 417422324 0 0 0 0 0 0 309509260 978966 1094356992 143360 0 0 0 2592 0 38824173
1790417040532 0 81 0 417716024 417422324 0 0 0 0 0 0 309509260 978966 1094356992 143360 0 0 0 2592 0 38824173
1790417041551 0 81 0 417716024 417422324 0 0 0 0 0 0 309509260 978966 1094356992 143360 0 0 0 2592 0 38824173
1790417042570 0 81 0 417716024 417422324 0 0 0 0 0 0 309509260 978966 1094356992 143360 0 0 0 2592 0 38824173
1790417043602 0 19 0 417716035 417422433 0 0 0 0 0 0 309509260 979177 147869696 131072 0 0 0 2592 0 38847659
1790417044626 0 23366 0 417742271 417425245 0 0 0 0 0 0 309509260 979336 79994880 71884800 0 0 0 2592 0 39281270
1790417045645 0 431677 0 418150613 417425245 0 0 0 0 0 0 309509260 979336 1751638016 1743527936 0 0 0 2592 0 39281270
1790417046667 0 324106 7616 418246436 417621063 0 0 0 0 0 0 309509260 979338 2168541184 1327304704 31195136 0 0 2592 0 39282718
1790417047699 0 83033 2040 418246437 417867713 0 0 0 0 0 0 309509260 979338 2168541184 373391360 28045312 0 0 2592 0 39282718
1790417048734 0 78 0 418246733 417953005 0 0 0 0 0 0 309509260 979475 577515520 131072 0 0 0 2592 0 39344396
1790417049760 0 82 0 418246738 417953005 0 0 0 0 0 0 309509260 979599 2168041472 147456 0 0 0 2592 0 39775513
1790417050779 0 82 0 418246738 417953005 0 0 0 0 0 0 309509260 979599 2168041472 147456 0 0 0 2592 0 39775513
1790417051799 0 82 0 418246738 417953005 0 0 0 0 0 0 309509260 979599 2168041472 147456 0 0 0 2592 0 39775513
1790417052818 0 82 0 418246738 417953005 0 0 0 0 0 0 309509260 979599 2168041472 147456 0 0 0 2592 0 39775513
1790417053838 0 16 0 418246745 417953114 0 0 0 0 0 0 309509260 979638 2169102336 0 0 0 0 2592 0 39775684
1790417054870 0 64 0 418246812 417953097 0 0 0 0 0 0 309509260 979902 1186496512 135168 0 0 0 2592 0 40066666
1790417055895 0 62420 0 418312098 417955929 0 0 0 0 0 0 309509260 979970 241086464 231608320 0 0 0 2592 0 40377353
1790417056914 0 474793 0 418724553 417955929 0 0 0 0 0 0 309509260 979970 1929826304 1920348160 0 0 0 2592 0 40377353
1790417057938 0 533951 2044 418970802 418141120 0 0 0 0 0 0 309509260 979970 2947989504 2189205504 8388608 0 0 2592 0 40377353
1790417058963 0 485464 3366 419176973 418394438 0 0 0 0 0 0 309509260 979970 3801681920 2014773248 8048640 0 0 2592 0 40377353
1790417059986 0 299397 2056 419297666 418702381 0 0 0 0 0 0 309509260 979970 4280979456 1233915904 9535488 0 0 2592 0 40378453
1790417061010 0 25416 4051 419302611 418979488 0 0 0 0 0 0 309509260 979972 4317732864 131334144 6688768 0 0 2592 0 40380527
1790417062051 0 78 0 419302748 419008987 0 0 0 0 0 0 309509260 980075 403263488 131072 0 0 0 2592 0 40505006
1790417063080 0 80 0 419302750 419008987 0 0 0 0 0 0 309509260 980153 2126708736 139264 0 0 0 2592 0 40990682
1790417064098 0 80 0 419302750 419008987 0 0 0 0 0 0 309509260 980226 3946782720 139264 0 0 0 2592 0 41457859
1790417065117 0 82 0 419302752 419008987 0 0 0 0 0 0 309509260 980233 4315959296 147456 0 0 0 2592 0 41476184
1790417066136 0 82 0 419302752 419008987 0 0 0 0 0 0 309509260 980233 4315959296 147456 0 0 0 2592 0 41476184
1790417067156 0 44 0 419302760 419009033 0 0 0 0 0 0 309509260 980233 4315959296 155648 0 0 0 2592 0 41476184
1790417068177 0 44 0 419302760 419009033 0 0 0 0 0 0 309509260 980233 4315959296 155648 0 0 0 2592 0 41476184
1790417069222 0 77 0 419302840 419009080 0 0 0 0 0 0 309509260 980439 453459968 131072 0 0 0 2592 0 41558742
1790417070252 0 78 0 419302841 419009080 0 0 0 0 0 0 309509260 980522 2105184256 135168 0 0 0 2592 0 41976902
1790417071270 0 78 0 419302841 419009080 0 0 0 0 0 0 309509260 980588 3502739456 135168 0 0 0 2592 0 42486312
