1790417227776 0 386 0 421439539 421145246 0 0 0 0 0 0 309509260 983548 - - - - - - - -
1790417228833 0 21 73 421511043 421216968 0 0 0 0 0 0 309509260 983660 292585472 131072 0 0 0 2592 0 46877052
1790417229853 0 80 0 421511116 421217129 0 0 0 0 0 0 309509260 983661 293191680 143360 0 0 0 2592 0 46877056
1790417230872 0 82 0 421511118 421217129 0 0 0 0 0 0 309509260 983661 293191680 143360 0 0 0 2592 0 46877056
1790417231890 0 83 0 421511119 421217129 0 0 0 0 0 0 309509260 983661 293191680 143360 0 0 0 2592 0 46877056
1790417232909 0 83 0 421511119 421217129 0 0 0 0 0 0 309509260 983661 293191680 143360 0 0 0 2592 0 46877056
1790417233927 0 83 0 421511119 421217129 0 0 0 0 0 0 309509260 983661 293191680 143360 0 0 0 2592 0 46877056
1790417234946 0 44 0 421511127 421217176 0 0 0 0 0 0 309509260 983661 293191680 147456 0 0 0 2592 0 46877056
1790417235964 0 44 0 421511127 421217176 0 0 0 0 0 0 309509260 983661 293191680 147456 0 0 0 2592 0 46877056
1790417236983 0 43 0 421511127 421217177 0 0 0 0 0 0 309509260 983661 293191680 147456 0 0 0 2592 0 46877056
1790417238002 0 43 0 421511127 421217177 0 0 0 0 0 0 309509260 983661 293191680 147456 0 0 0 2592 0 46877056
1790417239021 0 43 0 421511127 421217177 0 0 0 0 0 0 309509260 983661 293191680 147456 0 0 0 2592 0 46877056
1790417240040 0 43 0 421511127 421217177 0 0 0 0 0 0 309509260 983661 293191680 147456 0 0 0 2592 0 46877056
1790417241059 0 43 0 421511127 421217177 0 0 0 0 0 0 309509260 983661 293191680 147456 0 0 0 2592 0 46877056
1790417242078 0 43 0 421511127 421217177 0 0 0 0 0 0 309509260 983661 293191680 147456 0 0 0 2592 0 46877056
1790417243097 0 43 0 421511127 421217177 0 0 0 0 0 0 309509260 983661 293191680 147456 0 0 0 2592 0 46877056
1790417244115 0 43 0 421511127 421217177 0 0 0 0 0 0 309509260 983661 293191680 147456 0 0 0 2592 0 46877056
1790417245134 0 43 0 421511127 421217177 0 0 0 0 0 0 309509260 983661 293191680 147456 0 0 0 2592 0 46877056
1790417246153 0 43 0 421511127 421217177 0 0 0 0 0 0 309509260 983661 293191680 147456 0 0 0 2592 0 46877056
1790417247173 0 43 0 421511127 421217177 0 0 0 0 0 0 309509260 983661 293191680 147456 0 0 0 2592 0 46877056
1790417248192 0 43 0 421511127 421217177 0 0 0 0 0 0 309509260 983661 293191680 147456 0 0 0 2592 0 46877056
1790417249212 0 43 0 421511127 421217177 0 0 0 0 0 0 309509260 983661 293191680 147456 0 0 0 2592 0 46877056
1790417250231 0 43 0 421511127 421217177 0 0 0 0 0 0 309509260 983661 293191680 147456 0 0 0 2592 0 46877056
1790417251251 0 43 0 421511127 421217177 0 0 0 0 0 0 309509260 983661 293191680 147456 0 0 0 2592 0 46877056
1790417252272 0 43 0 421511127 421217177 0 0 0 0 0 0 309509260 983661 293191680 147456 0 0 0 2592 0 46877056
1790417253294 0 43 0 421511127 421217177 0 0 0 0 0 0 309509260 983661 293191680 147456 0 0 0 2592 0 46877056
1790417254317 0 43 0 421511127 421217177 0 0 0 0 0 0 309509260 983677 295452672 147456 0 0 0 2592 0 46878117
1790417255340 0 43 0 421511127 421217177 0 0 0 0 0 0 309509260 983677 295452672 147456 0 0 0 2592 0 46878117
1790417256362 0 43 0 421511127 421217177 0 0 0 0 0 0 309509260 983677 295452672 147456 0 0 0 2592 0 46878117
1790417257385 0 43 0 421511127 421217177 0 0 0 0 0 0 309509260 983677 295452672 147456 0 0 0 2592 0 46878117
1790417258408 0 43 0 421511127 421217177 0 0 0 0 0 0 309509260 983677 295452672 147456 0 0 0 2592 0 46878117
1790417259453 0 82 0 421511209 421217220 0 0 0 0 0 0 309509260 983864 290418688 139264 0 0 0 2592 0 46889049
1790417260478 0 83 0 421511210 421217220 0 0 0 0 0 0 309509260 983865 292413440 143360 0 0 0 2592 0 46889077
1790417261498 0 83 0 421511210 421217220 0 0 0 0 0 0 309509260 983865 292413440 143360 0 0 0 2592 0 46889077
1790417262518 0 83 0 421511210 421217220 0 0 0 0 0 0 309509260 983865 292413440 143360 0 0 0 2592 0 46889077
1790417263538 0 83 0 421511210 421217220 0 0 0 0 0 0 309509260 983865 292413440 143360 0 0 0 2592 0 46889077
1790417264558 0 32 0 421511216 421217277 0 0 0 0 0 0 309509260 983865 292413440 65536 0 0 0 2592 0 46905977
1790417265577 0 22 0 421511254 421217325 0 0 0 0 0 0 309509260 983865 292413440 135168 0 0 0 2592 0 46905993
1790417266598 0 34 0 421511266 421217325 0 0 0 0 0 0 309509260 983865 292417536 147456 0 0 0 2592 0 46905993
1790417267621 0 36 0 421511268 421217325 0 0 0 0 0 0 309509260 983865 292417536 147456 0 0 0 2592 0 46905993
1790417268644 0 36 0 421511268 421217325 0 0 0 0 0 0 309509260 983865 292417536 147456 0 0 0 2592 0 46905993
1790417269667 0 0 0 421511270 421217461 0 0 0 0 0 0 309509260 983865 292417536 65536 0 0 0 2592 0 46926071
1790417270690 0 17 0 421511385 421217461 0 0 0 0 0 0 309509260 983865 292417536 135168 0 0 0 2592 0 46926072
1790417271712 0 33 0 421511401 421217461 0 0 0 0 0 0 309509260 983865 292417536 135168 0 0 0 2592 0 46926074
1790417272736 0 33 0 421511401 421217461 0 0 0 0 0 0 309509260 983865 292417536 135168 0 0 0 2592 0 46926075
