1790417072358 0 60 0 419302843 419009080 0 0 0 0 0 0 309509260 980629 13238272 16384 0 0 0 2592 0 42704766
1790417073400 0 80 0 419374799 419081004 0 0 0 0 0 0 309509260 980738 290471936 131072 0 0 0 2592 0 42723725
1790417074423 0 83 0 419374804 419081006 0 0 0 0 0 0 309509260 980765 296361984 143360 0 0 0 2592 0 42724000
1790417075442 0 83 0 419374804 419081006 0 0 0 0 0 0 309509260 980765 296361984 143360 0 0 0 2592 0 42724000
1790417076460 0 83 0 419374804 419081006 0 0 0 0 0 0 309509260 980765 296361984 143360 0 0 0 2592 0 42724000
1790417077479 0 83 0 419374804 419081006 0 0 0 0 0 0 309509260 980765 296361984 143360 0 0 0 2592 0 42724000
1790417078497 0 96 0 419374820 419081011 0 0 0 0 0 0 309509260 980765 296361984 176128 0 0 0 2592 0 42724000
1790417079515 0 51 0 419374820 419081054 0 0 0 0 0 0 309509260 980765 296361984 176128 0 0 0 2592 0 42724000
1790417080534 0 51 0 419374820 419081054 0 0 0 0 0 0 309509260 980765 296361984 176128 0 0 0 2592 0 42724000
1790417081553 0 51 0 419374820 419081054 0 0 0 0 0 0 309509260 980765 296361984 176128 0 0 0 2592 0 42724000
1790417082571 0 51 0 419374820 419081054 0 0 0 0 0 0 309509260 980765 296361984 176128 0 0 0 2592 0 42724000
1790417083590 0 51 0 419374820 419081054 0 0 0 0 0 0 309509260 980765 296361984 176128 0 0 0 2592 0 42724000
1790417084609 0 52 0 419374821 419081054 0 0 0 0 0 0 309509260 980765 296361984 176128 0 0 0 2592 0 42724000
1790417085628 0 52 0 419374821 419081054 0 0 0 0 0 0 309509260 980765 296361984 176128 0 0 0 2592 0 42724000
1790417086647 0 52 0 419374821 419081054 0 0 0 0 0 0 309509260 980765 296361984 176128 0 0 0 2592 0 42724000
1790417087665 0 52 0 419374821 419081054 0 0 0 0 0 0 309509260 980765 296361984 176128 0 0 0 2592 0 42724000
1790417088684 0 52 0 419374821 419081054 0 0 0 0 0 0 309509260 980767 296771584 176128 0 0 0 2592 0 42724473
1790417089703 0 52 0 419374821 419081054 0 0 0 0 0 0 309509260 980767 296771584 176128 0 0 0 2592 0 42724473
1790417090723 0 53 0 419374822 419081054 0 0 0 0 0 0 309509260 980767 296771584 180224 0 0 0 2592 0 42724473
1790417091742 0 53 0 419374822 419081054 0 0 0 0 0 0 309509260 980767 296771584 180224 0 0 0 2592 0 42724473
1790417092762 0 53 0 419374822 419081054 0 0 0 0 0 0 309509260 980767 296771584 180224 0 0 0 2592 0 42724473
1790417093782 0 53 0 419374822 419081054 0 0 0 0 0 0 309509260 980767 296771584 180224 0 0 0 2592 0 42724473
1790417094801 0 53 0 419374822 419081054 0 0 0 0 0 0 309509260 980767 296771584 180224 0 0 0 2592 0 42724473
1790417095820 0 53 0 419374822 419081054 0 0 0 0 0 0 309509260 980767 296771584 180224 0 0 0 2592 0 42724473
1790417096841 0 53 0 419374822 419081054 0 0 0 0 0 0 309509260 980767 296771584 180224 0 0 0 2592 0 42724473
1790417097864 0 53 0 419374822 419081054 0 0 0 0 0 0 309509260 980767 296771584 180224 0 0 0 2592 0 42724473
1790417098887 0 53 0 419374822 419081054 0 0 0 0 0 0 309509260 980767 296771584 180224 0 0 0 2592 0 42724473
1790417099911 0 53 0 419374822 419081054 0 0 0 0 0 0 309509260 980767 296771584 180224 0 0 0 2592 0 42724473
1790417100934 0 53 0 419374822 419081054 0 0 0 0 0 0 309509260 980767 296771584 180224 0 0 0 2592 0 42724473
1790417101957 0 53 0 419374822 419081054 0 0 0 0 0 0 309509260 980767 296771584 180224 0 0 0 2592 0 42724473
1790417102980 0 53 0 419374822 419081054 0 0 0 0 0 0 309509260 980767 296771584 180224 0 0 0 2592 0 42724473
1790417104020 0 79 0 419374901 419081107 0 0 0 0 0 0 309509260 980973 292495360 139264 0 0 0 2592 0 42737977
1790417105043 0 80 0 419374902 419081107 0 0 0 0 0 0 309509260 980974 293543936 143360 0 0 0 2592 0 42737984
1790417106062 0 80 0 419374902 419081107 0 0 0 0 0 0 309509260 980974 293543936 143360 0 0 0 2592 0 42737984
1790417107081 0 80 0 419374902 419081107 0 0 0 0 0 0 309509260 980974 293543936 143360 0 0 0 2592 0 42737984
1790417108100 0 80 0 419374902 419081107 0 0 0 0 0 0 309509260 980974 293543936 143360 0 0 0 2592 0 42737984
1790417109120 0 16 0 419374940 419081209 0 0 0 0 0 0 309509260 980974 293543936 65536 0 0 0 2592 0 42741026
1790417110139 0 33 0 419374957 419081209 0 0 0 0 0 0 309509260 980974 293543936 135168 0 0 0 2592 0 42741030
1790417111160 0 36 0 419374960 419081209 0 0 0 0 0 0 309509260 980974 293548032 147456 0 0 0 2592 0 42741030
1790417112183 0 36 0 419374960 419081209 0 0 0 0 0 0 309509260 980974 293548032 147456 0 0 0 2592 0 42741030
1790417113205 0 36 0 419374960 419081209 0 0 0 0 0 0 309509260 980974 293548032 147456 0 0 0 2592 0 42741030
1790417114228 0 16 0 419375014 419081283 0 0 0 0 0 0 309509260 980974 293548032 65536 0 0 0 2592 0 42757168
1790417115251 0 33 0 419375031 419081283 0 0 0 0 0 0 309509260 980974 293548032 135168 0 0 0 2592 0 42757185
1790417116273 0 33 0 419375031 419081283 0 0 0 0 0 0 309509260 980974 293548032 135168 0 0 0 2592 0 42757185
1790417117296 0 33 0 419375031 419081283 0 0 0 0 0 0 309509260 980974 293548032 135168 0 0 0 2592 0 42757185
