1790428670514 0 246 0 603764457 574068012 0 0 0 0 0 0 309509260 4440344 19406848 724992 0 0 0 2592 0 584964827
1790428671533 0 68827 0 603835870 574070844 0 0 0 0 0 0 309509260 4440344 300306432 281632768 0 0 0 2592 0 584969448
1790428672552 0 68827 0 603835870 574070844 0 0 0 0 0 0 309509260 4440344 300306432 281632768 0 0 0 2592 0 584969448
1790428673571 0 68827 0 603835870 574070844 0 0 0 0 0 0 309509260 4440344 300306432 281632768 0 0 0 2592 0 584969448
1790428674590 0 68827 0 603835870 574070844 0 0 0 0 0 0 309509260 4440344 300306432 281632768 0 0 0 2592 0 584969448
1790428675609 0 134364 21 603972815 574073685 0 0 0 0 0 0 309509260 4440344 568741888 550072320 0 0 0 2592 0 584974952
1790428676628 0 134364 0 603972815 574073676 0 0 0 0 0 0 309509260 4440344 568741888 550072320 0 0 0 2592 0 584974952
1790428677647 0 134364 0 603972815 574073676 0 0 0 0 0 0 309509260 4440344 568741888 550072320 0 0 0 2592 0 584974952
1790428678667 0 134364 0 603972815 574073676 0 0 0 0 0 0 309509260 4440344 568741888 550072320 0 0 0 2592 0 584974952
1790428679686 0 134364 0 603972815 574073676 0 0 0 0 0 0 309509260 4440344 568741888 550072320 0 0 0 2592 0 584974952
1790428680704 0 265435 0 604240831 574076509 0 0 0 0 0 0 309509260 4440344 1105612800 1086939136 0 0 0 2592 0 584990385
1790428681723 0 265435 0 604240831 574076509 0 0 0 0 0 0 309509260 4440344 1105612800 1086939136 0 0 0 2592 0 584990385
1790428682743 0 265435 0 604240831 574076509 0 0 0 0 0 0 309509260 4440344 1105612800 1086939136 0 0 0 2592 0 584990385
1790428683763 0 265435 0 604240831 574076509 0 0 0 0 0 0 309509260 4440344 1105612800 1086939136 0 0 0 2592 0 584990385
1790428684782 0 265435 0 604240831 574076509 0 0 0 0 0 0 309509260 4440344 1105612800 1086939136 0 0 0 2592 0 584990385
1790428685800 0 260979 0 604504718 574079588 0 0 0 0 0 0 309509260 4440344 1064288256 1044885504 0 0 0 2592 0 585005884
1790428686819 0 527333 0 604770992 574079588 0 0 0 0 0 0 309509260 4440344 2179358720 2159955968 0 0 0 2592 0 585005884
1790428687838 0 527333 0 604770992 574079588 0 0 0 0 0 0 309509260 4440344 2179358720 2159955968 0 0 0 2592 0 585005884
1790428688858 0 527333 0 604770992 574079588 0 0 0 0 0 0 309509260 4440344 2179358720 2159955968 0 0 0 2592 0 585005884
1790428689878 0 527333 0 604770992 574079588 0 0 0 0 0 0 309509260 4440344 2179358720 2159955968 0 0 0 2592 0 585005884
1790428690897 0 527333 0 604770992 574079588 0 0 0 0 0 0 309509260 4440344 2179358720 2159960064 0 0 0 2592 0 585005884
1790428691916 0 150328 0 604924225 574082421 0 0 0 0 0 0 309509260 4440344 609976320 590794752 0 0 0 2592 0 585015092
1790428692935 0 561112 0 605335051 574082421 0 0 0 0 0 0 309509260 4440344 2293276672 2274095104 0 0 0 2592 0 585015092
1790428693954 0 570229 79307 605731837 574390876 0 0 0 0 0 0 309509260 4440344 3917135872 2311061504 349958144 0 0 2592 0 585015092
1790428694973 0 524737 0 605826014 574609878 0 0 0 0 0 0 309509260 4440344 4326842368 2149322752 0 0 0 2592 0 585200077
1790428695992 0 524740 0 605826017 574609878 0 0 0 0 0 0 309509260 4440344 4326842368 2149335040 0 0 0 2592 0 585200077
1790428697012 0 524955 0 605826232 574609878 0 0 0 0 0 0 309509260 4440344 4326842368 2149933056 0 0 0 2592 0 585200514
1790428698033 0 524955 0 605826232 574609878 0 0 0 0 0 0 309509260 4440344 4326842368 2149933056 0 0 0 2592 0 585200514
1790428699054 0 524955 0 605826232 574609878 0 0 0 0 0 0 309509260 4440344 4326842368 2149933056 0 0 0 2592 0 585200514
1790428700072 0 388446 0 605826232 574609878 0 0 0 0 0 0 309509260 4440344 1868996608 1703358464 0 0 0 2592 0 585200514
