1790428426050 0 0 0 589332136 570345749 0 0 0 0 0 0 309509260 4440294 - - - - - - - -
1790428427093 0 68639 0 589403607 570348581 0 0 0 0 0 0 309509260 4440322 299585536 281051136 0 0 0 2592 0 583699910
1790428428112 0 68639 0 589403607 570348581 0 0 0 0 0 0 309509260 4440322 299585536 281051136 0 0 0 2592 0 583699910
1790428429131 0 68639 0 589403607 570348581 0 0 0 0 0 0 309509260 4440322 299585536 281051136 0 0 0 2592 0 583699910
1790428430151 0 68639 0 589403607 570348581 0 0 0 0 0 0 309509260 4440322 299585536 281051136 0 0 0 2592 0 583699910
1790428431170 0 134211 0 589540587 570351413 0 0 0 0 0 0 309509260 4440322 568045568 549593088 0 0 0 2592 0 583705783
1790428432190 0 134117 0 589540588 570351508 0 0 0 0 0 0 309509260 4440322 568045568 549339136 0 0 0 2592 0 583705783
1790428433209 0 134117 0 589540588 570351508 0 0 0 0 0 0 309509260 4440322 568045568 549339136 0 0 0 2592 0 583705783
1790428434228 0 134117 0 589540588 570351508 0 0 0 0 0 0 309509260 4440322 568045568 549339136 0 0 0 2592 0 583705783
1790428435248 0 53598 0 589540588 570351508 0 0 0 0 0 0 309509260 4440322 340533248 321818624 0 0 0 2592 0 583705783
1790428436266 0 265273 0 589808688 570354340 0 0 0 0 0 0 309509260 4440322 1104928768 1086410752 0 0 0 2592 0 583720372
1790428437286 0 265272 0 589808688 570354341 0 0 0 0 0 0 309509260 4440322 1104928768 1086410752 0 0 0 2592 0 583720372
1790428438305 0 265272 0 589808688 570354341 0 0 0 0 0 0 309509260 4440322 1104928768 1086410752 0 0 0 2592 0 583720372
1790428439325 0 265272 0 589808688 570354341 0 0 0 0 0 0 309509260 4440322 1104928768 1086410752 0 0 0 2592 0 583720372
1790428440345 0 265272 0 589808688 570354341 0 0 0 0 0 0 309509260 4440322 1104928768 1086410752 0 0 0 2592 0 583720372
1790428441364 0 289289 0 590100808 570357173 0 0 0 0 0 0 309509260 4440322 1178906624 1160478720 0 0 0 2592 0 583735232
1790428442383 0 527448 0 590338880 570357173 0 0 0 0 0 0 309509260 4440322 2178674688 2160246784 0 0 0 2592 0 583735232
1790428443403 0 527448 0 590338880 570357173 0 0 0 0 0 0 309509260 4440322 2178674688 2160246784 0 0 0 2592 0 583735232
1790428444422 0 527448 0 590338880 570357173 0 0 0 0 0 0 309509260 4440322 2178674688 2160246784 0 0 0 2592 0 583735232
1790428445442 0 527448 0 590338880 570357173 0 0 0 0 0 0 309509260 4440322 2178674688 2160246784 0 0 0 2592 0 583735232
1790428446461 0 527448 0 590338880 570357173 0 0 0 0 0 0 309509260 4440322 2178674688 2160246784 0 0 0 2592 0 583735232
1790428447481 0 187724 58 590529391 570360007 0 0 0 0 0 0 309509260 4440322 762413056 744083456 0 0 0 2592 0 583744863
1790428448500 0 571322 1974 590939372 570384421 0 0 0 0 0 0 309509260 4440322 2441428992 2324058112 15794176 0 0 2592 0 583744863
1790428449520 0 740247 1200 591308035 570585020 0 0 0 0 0 0 309509260 4440322 3951747072 3015651328 8388608 0 0 2592 0 583744863
1790428450539 0 599032 1963 591393716 570811161 0 0 0 0 0 0 309509260 4440322 4326158336 2465677312 12541952 0 0 2592 0 583750214
1790428451559 0 528703 0 591393719 570883429 0 0 0 0 0 0 309509260 4440322 4326158336 2165583872 0 0 0 2592 0 583750214
1790428452579 0 528928 0 591393943 570883429 0 0 0 0 0 0 309509260 4440322 4326158336 2166206464 0 0 0 2592 0 583750214
1790428453600 0 528932 0 591393948 570883429 0 0 0 0 0 0 309509260 4440322 4326158336 2166206464 0 0 0 2592 0 583750214
1790428454620 0 528932 0 591393948 570883429 0 0 0 0 0 0 309509260 4440322 4326158336 2166206464 0 0 0 2592 0 583750214
1790428455639 0 266 0 591393948 570883429 0 0 0 0 0 0 309509260 4440322 104185856 86028288 0 0 0 2592 0 583750214
