1790428579225 0 1606 0 599642525 572992518 0 0 0 0 0 0 309509260 4440323 19292160 630784 0 0 0 2592 0 584381914
1790428580245 0 68834 0 599712446 572995350 0 0 0 0 0 0 309509260 4440323 300265472 281661440 0 0 0 2592 0 584384221
1790428581263 0 68834 0 599712446 572995350 0 0 0 0 0 0 309509260 4440323 300265472 281661440 0 0 0 2592 0 584384221
1790428582283 0 68834 0 599712446 572995350 0 0 0 0 0 0 309509260 4440323 300265472 281661440 0 0 0 2592 0 584384221
1790428583302 0 68834 0 599712446 572995350 0 0 0 0 0 0 309509260 4440323 300265472 281661440 0 0 0 2592 0 584384221
1790428584322 0 134370 0 599849390 572998182 0 0 0 0 0 0 309509260 4440323 568700928 550096896 0 0 0 2592 0 584393194
1790428585340 0 134370 0 599849390 572998182 0 0 0 0 0 0 309509260 4440323 568700928 550096896 0 0 0 2592 0 584393194
1790428586359 0 134370 0 599849390 572998182 0 0 0 0 0 0 309509260 4440323 568700928 550096896 0 0 0 2592 0 584393194
1790428587379 0 134370 0 599849390 572998182 0 0 0 0 0 0 309509260 4440323 568700928 550096896 0 0 0 2592 0 584393194
1790428588398 0 134370 0 599849390 572998182 0 0 0 0 0 0 309509260 4440323 568700928 550096896 0 0 0 2592 0 584393194
1790428589416 0 265442 0 600117406 573001014 0 0 0 0 0 0 309509260 4440323 1105571840 1086967808 0 0 0 2592 0 584407723
1790428590435 0 265442 0 600117406 573001014 0 0 0 0 0 0 309509260 4440323 1105571840 1086967808 0 0 0 2592 0 584407723
1790428591454 0 265442 0 600117406 573001014 0 0 0 0 0 0 309509260 4440323 1105571840 1086967808 0 0 0 2592 0 584407723
1790428592474 0 265442 0 600117406 573001014 0 0 0 0 0 0 309509260 4440323 1105571840 1086967808 0 0 0 2592 0 584407723
1790428593493 0 265442 0 600117406 573001014 0 0 0 0 0 0 309509260 4440323 1105571840 1086967808 0 0 0 2592 0 584407723
1790428594511 0 261458 0 600381550 573003846 0 0 0 0 0 0 309509260 4440323 1065295872 1046691840 0 0 0 2592 0 584423273
1790428595530 0 527587 0 600647567 573003846 0 0 0 0 0 0 309509260 4440323 2179317760 2160713728 0 0 0 2592 0 584423273
1790428596549 0 527587 0 600647567 573003846 0 0 0 0 0 0 309509260 4440323 2179317760 2160713728 0 0 0 2592 0 584423273
1790428597568 0 527587 0 600647567 573003846 0 0 0 0 0 0 309509260 4440323 2179317760 2160713728 0 0 0 2592 0 584423273
1790428598588 0 527587 0 600647567 573003846 0 0 0 0 0 0 309509260 4440323 2179317760 2160713728 0 0 0 2592 0 584423273
1790428599607 0 527587 0 600647567 573003846 0 0 0 0 0 0 309509260 4440323 2179317760 2160713728 0 0 0 2592 0 584423273
1790428600627 0 159472 58 600809648 573006680 0 0 0 0 0 0 309509260 4440323 647471104 628862976 0 0 0 2592 0 584439576
1790428601646 0 566568 3000 601221912 573008787 0 0 0 0 0 0 309509260 4440323 2335432704 2316767232 57344 0 0 2592 0 584439576
1790428602665 0 761977 17751 601626778 573203560 0 0 0 0 0 0 309509260 4440323 3992965120 3096711168 85843968 0 0 2592 0 584439576
1790428603684 0 627342 1984 601702432 573429644 0 0 0 0 0 0 309509260 4440323 4326801408 2591072256 205688832 0 0 2592 0 584808855
1790428604704 0 522626 0 601702437 573536349 0 0 0 0 0 0 309509260 4440323 4326801408 2140688384 0 0 0 2592 0 584808855
1790428605723 0 522629 0 601702440 573536349 0 0 0 0 0 0 309509260 4440323 4326801408 2140688384 0 0 0 2592 0 584808855
1790428606743 0 522852 0 601702663 573536349 0 0 0 0 0 0 309509260 4440323 4326801408 2141315072 0 0 0 2592 0 584808855
1790428607763 0 522852 0 601702663 573536349 0 0 0 0 0 0 309509260 4440323 4326801408 2141315072 0 0 0 2592 0 584808855
1790428608782 0 447735 0 601702663 573536349 0 0 0 0 0 0 309509260 4440323 2599723008 1833381888 0 0 0 2592 0 584808855
