1790428456706 0 227 0 591393949 570883429 0 0 0 0 0 0 309509260 4440323 18837504 630784 0 0 0 2592 0 583760470
1790428457726 0 68583 0 591465395 570886519 0 0 0 0 0 0 309509260 4440323 299810816 280915968 0 0 0 2592 0 583761574
1790428458745 0 68583 0 591465395 570886519 0 0 0 0 0 0 309509260 4440323 299810816 280915968 0 0 0 2592 0 583761574
1790428459764 0 68583 0 591465395 570886519 0 0 0 0 0 0 309509260 4440323 299810816 280915968 0 0 0 2592 0 583761574
1790428460783 0 68583 0 591465395 570886519 0 0 0 0 0 0 309509260 4440323 299810816 280915968 0 0 0 2592 0 583761574
1790428461802 0 134119 0 591602339 570889351 0 0 0 0 0 0 309509260 4440323 568258560 549490688 0 0 0 2592 0 583769569
1790428462821 0 134179 0 591602399 570889351 0 0 0 0 0 0 309509260 4440323 568258560 549490688 0 0 0 2592 0 583769569
1790428463840 0 134179 0 591602399 570889351 0 0 0 0 0 0 309509260 4440323 568258560 549490688 0 0 0 2592 0 583769569
1790428464860 0 134179 0 591602399 570889351 0 0 0 0 0 0 309509260 4440323 568258560 549490688 0 0 0 2592 0 583769569
1790428465879 0 120601 0 591602399 570889351 0 0 0 0 0 0 309509260 4440323 568258560 549490688 0 0 0 2592 0 583769569
1790428466898 0 265288 0 591870452 570892183 0 0 0 0 0 0 309509260 4440323 1105129472 1086459904 0 0 0 2592 0 583772573
1790428467917 0 265288 0 591870452 570892183 0 0 0 0 0 0 309509260 4440323 1105129472 1086459904 0 0 0 2592 0 583772573
1790428468937 0 265288 0 591870452 570892183 0 0 0 0 0 0 309509260 4440323 1105129472 1086459904 0 0 0 2592 0 583772573
1790428469956 0 265288 0 591870452 570892183 0 0 0 0 0 0 309509260 4440323 1105129472 1086459904 0 0 0 2592 0 583772573
1790428470976 0 265288 0 591870452 570892183 0 0 0 0 0 0 309509260 4440323 1105129472 1086459904 0 0 0 2592 0 583772573
1790428471994 0 278258 0 592151522 570895015 0 0 0 0 0 0 309509260 4440323 1134276608 1115672576 0 0 0 2592 0 583784041
1790428473013 0 527456 0 592400636 570895015 0 0 0 0 0 0 309509260 4440323 2178875392 2160275456 0 0 0 2592 0 583784041
1790428474033 0 527456 0 592400636 570895015 0 0 0 0 0 0 309509260 4440323 2178875392 2160275456 0 0 0 2592 0 583784041
1790428475052 0 527456 0 592400636 570895015 0 0 0 0 0 0 309509260 4440323 2178875392 2160275456 0 0 0 2592 0 583784041
1790428476072 0 527456 0 592400636 570895015 0 0 0 0 0 0 309509260 4440323 2178875392 2160275456 0 0 0 2592 0 583784041
1790428477091 0 527456 0 592400636 570895015 0 0 0 0 0 0 309509260 4440323 2178875392 2160275456 0 0 0 2592 0 583784041
1790428478110 0 159898 0 592563326 570897847 0 0 0 0 0 0 309509260 4440323 648904704 630386688 0 0 0 2592 0 583799102
1790428479129 0 569655 521 592973694 570897847 0 0 0 0 0 0 309509260 4440323 2327121920 2308608000 0 0 0 2592 0 583799102
1790428480148 0 675198 55675 593374220 571137714 0 0 0 0 0 0 309509260 4440323 3970703360 2881589248 114585600 0 0 2592 0 583799102
1790428481168 0 610674 3894 593455545 571335411 0 0 0 0 0 0 309509260 4440323 4326359040 2517372928 8388608 0 0 2592 0 583934425
1790428482188 0 525718 0 593455553 571424342 0 0 0 0 0 0 309509260 4440323 4326359040 2153340928 0 0 0 2592 0 583934425
1790428483208 0 525943 0 593455778 571424342 0 0 0 0 0 0 309509260 4440323 4326359040 2153967616 0 0 0 2592 0 583934425
1790428484229 0 525943 0 593455778 571424342 0 0 0 0 0 0 309509260 4440323 4326359040 2153967616 0 0 0 2592 0 583934425
1790428485249 0 525943 0 593455778 571424342 0 0 0 0 0 0 309509260 4440323 4326359040 2153967616 0 0 0 2592 0 583934425
1790428486268 0 245532 0 593455778 571424342 0 0 0 0 0 0 309509260 4440323 1280778240 1117708288 0 0 0 2592 0 583934425
