1790428487335 0 298 0 593455888 571424346 0 0 0 0 0 0 309509260 4440323 18944000 630784 0 0 0 2592 0 583934425
1790428488355 0 68836 0 593527222 571427178 0 0 0 0 0 0 309509260 4440323 299909120 281645056 0 0 0 2592 0 583939105
1790428489373 0 68836 0 593527222 571427178 0 0 0 0 0 0 309509260 4440323 299909120 281645056 0 0 0 2592 0 583939105
1790428490392 0 68836 0 593527222 571427178 0 0 0 0 0 0 309509260 4440323 299909120 281645056 0 0 0 2592 0 583939105
1790428491412 0 68836 0 593527222 571427178 0 0 0 0 0 0 309509260 4440323 299909120 281645056 0 0 0 2592 0 583939105
1790428492432 0 134373 0 593664167 571430010 0 0 0 0 0 0 309509260 4440323 568344576 550084608 0 0 0 2592 0 583947910
1790428493451 0 134116 0 593664167 571430267 0 0 0 0 0 0 309509260 4440323 568344576 549339136 0 0 0 2592 0 583947910
1790428494470 0 134116 0 593664167 571430267 0 0 0 0 0 0 309509260 4440323 568344576 549339136 0 0 0 2592 0 583947910
1790428495490 0 134116 0 593664167 571430267 0 0 0 0 0 0 309509260 4440323 568344576 549339136 0 0 0 2592 0 583947910
1790428496509 0 134116 0 593664167 571430267 0 0 0 0 0 0 309509260 4440323 568344576 549339136 0 0 0 2592 0 583947910
1790428497527 0 265272 0 593932267 571433099 0 0 0 0 0 0 309509260 4440323 1105215488 1086414848 0 0 0 2592 0 583963076
1790428498546 0 265272 0 593932267 571433099 0 0 0 0 0 0 309509260 4440323 1105215488 1086414848 0 0 0 2592 0 583963076
1790428499566 0 265272 0 593932267 571433099 0 0 0 0 0 0 309509260 4440323 1105215488 1086414848 0 0 0 2592 0 583963076
1790428500586 0 265272 0 593932267 571433099 0 0 0 0 0 0 309509260 4440323 1105215488 1086414848 0 0 0 2592 0 583963076
1790428501605 0 265272 0 593932267 571433099 0 0 0 0 0 0 309509260 4440323 1105215488 1086414848 0 0 0 2592 0 583963076
1790428502624 0 253282 0 594188336 571435931 0 0 0 0 0 0 309509260 4440323 1031905280 1013194752 0 0 0 2592 0 583978257
1790428503643 0 527447 0 594462458 571435931 0 0 0 0 0 0 309509260 4440323 2178961408 2160250880 0 0 0 2592 0 583978257
1790428504663 0 527447 0 594462458 571435931 0 0 0 0 0 0 309509260 4440323 2178961408 2160250880 0 0 0 2592 0 583978257
1790428505682 0 527447 0 594462458 571435931 0 0 0 0 0 0 309509260 4440323 2178961408 2160250880 0 0 0 2592 0 583978257
1790428506702 0 527447 0 594462458 571435931 0 0 0 0 0 0 309509260 4440323 2178961408 2160250880 0 0 0 2592 0 583978257
1790428507721 0 527447 0 594462458 571435931 0 0 0 0 0 0 309509260 4440323 2178961408 2160250880 0 0 0 2592 0 583978257
1790428508741 0 147579 58 594612876 571438765 0 0 0 0 0 0 309509260 4440323 598687744 580063232 0 0 0 2592 0 583985298
1790428509760 0 559363 0 595024571 571438763 0 0 0 0 0 0 309509260 4440323 2285182976 2266562560 0 0 0 2592 0 583985298
1790428510779 0 570299 91839 595421408 571732719 0 0 0 0 0 0 309509260 4440323 3909042176 2311950336 401338368 0 0 2592 0 583985298
1790428511799 0 561638 0 595517453 571929407 0 0 0 0 0 0 309509260 4440323 4326445056 2300469248 0 0 0 2592 0 584000156
1790428512819 0 561638 0 595517453 571929407 0 0 0 0 0 0 309509260 4440323 4326445056 2300477440 0 0 0 2592 0 584000156
1790428513839 0 561786 0 595517673 571929407 0 0 0 0 0 0 309509260 4440323 4326445056 2301095936 0 0 0 2592 0 584000156
1790428514860 0 561786 0 595517673 571929407 0 0 0 0 0 0 309509260 4440323 4326445056 2301095936 0 0 0 2592 0 584000156
1790428515880 0 561854 0 595517669 571929407 0 0 0 0 0 0 309509260 4440323 4326445056 2301095936 0 0 0 2592 0 584000156
1790428516899 0 3015 0 595517669 571929410 0 0 0 0 0 0 309509260 4440323 145330176 126873600 0 0 0 2592 0 584000156
