1790428517966 0 218 0 595517673 571929410 0 0 0 0 0 0 309509260 4440323 19030016 634880 0 0 0 2592 0 584000156
1790428518985 0 68834 0 595589121 571932242 0 0 0 0 0 0 309509260 4440323 300015616 281665536 0 0 0 2592 0 584006485
1790428520004 0 68834 0 595589121 571932242 0 0 0 0 0 0 309509260 4440323 300015616 281665536 0 0 0 2592 0 584006485
1790428521023 0 68834 0 595589121 571932242 0 0 0 0 0 0 309509260 4440323 300015616 281665536 0 0 0 2592 0 584006485
1790428522043 0 68834 0 595589121 571932242 0 0 0 0 0 0 309509260 4440323 300015616 281665536 0 0 0 2592 0 584006485
1790428523062 0 134370 0 595726065 571935074 0 0 0 0 0 0 309509260 4440323 568451072 550100992 0 0 0 2592 0 584015597
1790428524081 0 134370 0 595726065 571935074 0 0 0 0 0 0 309509260 4440323 568451072 550100992 0 0 0 2592 0 584015597
1790428525100 0 134370 0 595726065 571935074 0 0 0 0 0 0 309509260 4440323 568451072 550100992 0 0 0 2592 0 584015597
1790428526120 0 134370 0 595726065 571935074 0 0 0 0 0 0 309509260 4440323 568451072 550100992 0 0 0 2592 0 584015597
1790428527139 0 81956 0 595726065 571935074 0 0 0 0 0 0 309509260 4440323 455585792 437235712 0 0 0 2592 0 584015597
1790428528158 0 265449 0 595994089 571937907 0 0 0 0 0 0 309509260 4440323 1105321984 1086971904 0 0 0 2592 0 584030164
1790428529177 0 265449 0 595994089 571937907 0 0 0 0 0 0 309509260 4440323 1105321984 1086971904 0 0 0 2592 0 584030164
1790428530196 0 265449 0 595994089 571937907 0 0 0 0 0 0 309509260 4440323 1105321984 1086971904 0 0 0 2592 0 584030164
1790428531216 0 265451 0 595994093 571937909 0 0 0 0 0 0 309509260 4440323 1105321984 1086971904 0 0 0 2592 0 584030164
1790428532236 0 265451 0 595994093 571937909 0 0 0 0 0 0 309509260 4440323 1105321984 1086971904 0 0 0 2592 0 584030164
1790428533255 0 276238 0 596273011 571940741 0 0 0 0 0 0 309509260 4440323 1125371904 1107021824 0 0 0 2592 0 584044805
1790428534274 0 527596 0 596524254 571940741 0 0 0 0 0 0 309509260 4440323 2179067904 2160717824 0 0 0 2592 0 584044805
1790428535293 0 527596 0 596524254 571940741 0 0 0 0 0 0 309509260 4440323 2179067904 2160717824 0 0 0 2592 0 584044805
1790428536312 0 527596 0 596524254 571940741 0 0 0 0 0 0 309509260 4440323 2179067904 2160717824 0 0 0 2592 0 584044805
1790428537332 0 527596 0 596524254 571940741 0 0 0 0 0 0 309509260 4440323 2179067904 2160717824 0 0 0 2592 0 584044805
1790428538352 0 527596 0 596524254 571940741 0 0 0 0 0 0 309509260 4440323 2179067904 2160717824 0 0 0 2592 0 584044805
1790428539371 0 165981 0 596692880 571943573 0 0 0 0 0 0 309509260 4440323 673513472 655163392 0 0 0 2592 0 584060119
1790428540390 0 569233 2112 597103810 571949464 0 0 0 0 0 0 309509260 4440323 2356953088 2331447296 6373376 0 0 2592 0 584060119
1790428541409 0 763847 6152 597506195 572152730 0 0 0 0 0 0 309509260 4440323 4003536896 3104382976 41943040 0 0 2592 0 584060119
1790428542429 0 586357 2733 597579068 572406705 0 0 0 0 0 0 309509260 4440323 4326551552 2421501952 8138752 0 0 2592 0 584316335
1790428543449 0 515407 0 597579073 572480421 0 0 0 0 0 0 309509260 4440323 4326551552 2111107072 0 0 0 2592 0 584316335
1790428544469 0 515626 0 597579291 572480421 0 0 0 0 0 0 309509260 4440323 4326551552 2111725568 0 0 0 2592 0 584316335
1790428545490 0 515631 0 597579297 572480421 0 0 0 0 0 0 309509260 4440323 4326551552 2111725568 0 0 0 2592 0 584316335
1790428546510 0 515631 0 597579297 572480421 0 0 0 0 0 0 309509260 4440323 4326551552 2111725568 0 0 0 2592 0 584316335
1790428547529 0 417154 0 597579297 572480421 0 0 0 0 0 0 309509260 4440323 1992630272 1818906624 0 0 0 2592 0 584316335
