1790428701139 0 584 0 605826778 574609878 0 0 0 0 0 0 309509260 4440344 19427328 618496 0 0 0 2592 0 585200514
1790428702159 0 68837 0 605897683 574612710 0 0 0 0 0 0 309509260 4440344 300449792 281669632 0 0 0 2592 0 585215000
1790428703177 0 68837 0 605897683 574612710 0 0 0 0 0 0 309509260 4440344 300449792 281669632 0 0 0 2592 0 585215000
1790428704196 0 68837 0 605897683 574612710 0 0 0 0 0 0 309509260 4440344 300449792 281669632 0 0 0 2592 0 585215000
1790428705216 0 68837 0 605897683 574612710 0 0 0 0 0 0 309509260 4440344 300449792 281669632 0 0 0 2592 0 585215000
1790428706235 0 134373 0 606034627 574615542 0 0 0 0 0 0 309509260 4440344 568885248 550105088 0 0 0 2592 0 585216584
1790428707253 0 134373 0 606034627 574615542 0 0 0 0 0 0 309509260 4440344 568885248 550105088 0 0 0 2592 0 585216584
1790428708272 0 134373 0 606034627 574615542 0 0 0 0 0 0 309509260 4440344 568885248 550105088 0 0 0 2592 0 585216584
1790428709292 0 134373 0 606034627 574615542 0 0 0 0 0 0 309509260 4440344 568885248 550105088 0 0 0 2592 0 585216584
1790428710311 0 134373 0 606034627 574615542 0 0 0 0 0 0 309509260 4440344 568885248 550105088 0 0 0 2592 0 585216584
1790428711329 0 265427 29 606302657 574618267 0 0 0 0 0 0 309509260 4440344 1105756160 1086980096 0 0 0 2592 0 585218715
1790428712348 0 265446 0 606302644 574618374 0 0 0 0 0 0 309509260 4440344 1105756160 1086980096 0 0 0 2592 0 585218715
1790428713367 0 265446 0 606302644 574618374 0 0 0 0 0 0 309509260 4440344 1105756160 1086980096 0 0 0 2592 0 585218715
1790428714387 0 265446 0 606302644 574618374 0 0 0 0 0 0 309509260 4440344 1105756160 1086980096 0 0 0 2592 0 585218715
1790428715407 0 265446 0 606302644 574618374 0 0 0 0 0 0 309509260 4440344 1105756160 1086980096 0 0 0 2592 0 585218715
1790428716425 0 265555 0 606570882 574621206 0 0 0 0 0 0 309509260 4440344 1082310656 1063534592 0 0 0 2592 0 585235046
1790428717444 0 527591 0 606832805 574621206 0 0 0 0 0 0 309509260 4440344 2179502080 2160726016 0 0 0 2592 0 585235046
1790428718463 0 527591 0 606832805 574621206 0 0 0 0 0 0 309509260 4440344 2179502080 2160726016 0 0 0 2592 0 585235046
1790428719483 0 527591 0 606832805 574621206 0 0 0 0 0 0 309509260 4440344 2179502080 2160726016 0 0 0 2592 0 585235046
1790428720503 0 527591 0 606832805 574621206 0 0 0 0 0 0 309509260 4440344 2179502080 2160726016 0 0 0 2592 0 585235046
1790428721522 0 527591 0 606832805 574621206 0 0 0 0 0 0 309509260 4440344 2179502080 2160726016 0 0 0 2592 0 585235046
1790428722540 0 166664 58 607002080 574624040 0 0 0 0 0 0 309509260 4440344 676839424 658063360 0 0 0 2592 0 585242950
1790428723560 0 565471 2988 607412234 574632327 0 0 0 0 0 0 309509260 4440344 2356797440 2337427456 8192 0 0 2592 0 585242950
1790428724578 0 608050 76243 607810773 574915008 0 0 0 0 0 0 309509260 4440344 3989282816 2602115072 211931136 0 0 2592 0 585242950
1790428725598 0 547332 20 607887803 575129141 0 0 0 0 0 0 309509260 4440344 4326985728 2241871872 0 0 0 2592 0 585352966
1790428726617 0 547333 0 607887804 575129135 0 0 0 0 0 0 309509260 4440344 4326985728 2241880064 0 0 0 2592 0 585352966
1790428727637 0 547553 0 607888023 575129135 0 0 0 0 0 0 309509260 4440344 4326985728 2242519040 0 0 0 2592 0 585352966
1790428728659 0 547553 0 607888023 575129135 0 0 0 0 0 0 309509260 4440344 4326985728 2242519040 0 0 0 2592 0 585352966
1790428729679 0 547558 0 607888029 575129135 0 0 0 0 0 0 309509260 4440344 4326985728 2242519040 0 0 0 2592 0 585352966
1790428730698 0 105249 0 607888029 575129137 0 0 0 0 0 0 309509260 4440344 706265088 542560256 0 0 0 2592 0 585352966
