1790428548595 0 443 0 597579625 572480425 0 0 0 0 0 0 309509260 4440323 19136512 622592 0 0 0 2592 0 584316335
1790428549615 0 68841 0 597650747 572483257 0 0 0 0 0 0 309509260 4440323 300171264 281669632 0 0 0 2592 0 584336624
1790428550633 0 68841 0 597650747 572483257 0 0 0 0 0 0 309509260 4440323 300171264 281669632 0 0 0 2592 0 584336624
1790428551653 0 68841 0 597650747 572483257 0 0 0 0 0 0 309509260 4440323 300171264 281669632 0 0 0 2592 0 584336624
1790428552673 0 68841 0 597650747 572483257 0 0 0 0 0 0 309509260 4440323 300171264 281669632 0 0 0 2592 0 584336624
1790428553692 0 134377 0 597787691 572486089 0 0 0 0 0 0 309509260 4440323 568606720 550105088 0 0 0 2592 0 584347273
1790428554710 0 134377 0 597787691 572486089 0 0 0 0 0 0 309509260 4440323 568606720 550105088 0 0 0 2592 0 584347273
1790428555730 0 134377 0 597787691 572486089 0 0 0 0 0 0 309509260 4440323 568606720 550105088 0 0 0 2592 0 584347273
1790428556749 0 134377 0 597787691 572486089 0 0 0 0 0 0 309509260 4440323 568606720 550105088 0 0 0 2592 0 584347273
1790428557768 0 134377 0 597787691 572486089 0 0 0 0 0 0 309509260 4440323 568606720 550105088 0 0 0 2592 0 584347273
1790428558787 0 265449 0 598055707 572488921 0 0 0 0 0 0 309509260 4440323 1105477632 1086976000 0 0 0 2592 0 584361870
1790428559806 0 265449 0 598055707 572488921 0 0 0 0 0 0 309509260 4440323 1105477632 1086976000 0 0 0 2592 0 584361870
1790428560825 0 265449 0 598055707 572488921 0 0 0 0 0 0 309509260 4440323 1105477632 1086976000 0 0 0 2592 0 584361870
1790428561845 0 265449 0 598055707 572488921 0 0 0 0 0 0 309509260 4440323 1105477632 1086976000 0 0 0 2592 0 584361870
1790428562864 0 265449 0 598055707 572488921 0 0 0 0 0 0 309509260 4440323 1105477632 1086976000 0 0 0 2592 0 584361870
1790428563883 0 274776 0 598333110 572491753 0 0 0 0 0 0 309509260 4440323 1119756288 1101254656 0 0 0 2592 0 584365870
1790428564902 0 527594 0 598585868 572491753 0 0 0 0 0 0 309509260 4440323 2179223552 2160721920 0 0 0 2592 0 584365870
1790428565922 0 527594 0 598585868 572491753 0 0 0 0 0 0 309509260 4440323 2179223552 2160721920 0 0 0 2592 0 584365870
1790428566941 0 527594 0 598585868 572491753 0 0 0 0 0 0 309509260 4440323 2179223552 2160721920 0 0 0 2592 0 584365870
1790428567961 0 527594 0 598585868 572491753 0 0 0 0 0 0 309509260 4440323 2179223552 2160721920 0 0 0 2592 0 584365870
1790428568980 0 527594 0 598585868 572491753 0 0 0 0 0 0 309509260 4440323 2179223552 2160721920 0 0 0 2592 0 584365870
1790428569999 0 161025 0 598749461 572494585 0 0 0 0 0 0 309509260 4440323 653889536 635387904 0 0 0 2592 0 584381914
1790428571018 0 567521 0 599156073 572494585 0 0 0 0 0 0 309509260 4440323 2318307328 2299805696 0 0 0 2592 0 584381914
1790428572037 0 626574 67801 599553552 572765824 0 0 0 0 0 0 309509260 4440323 3946147840 2691125248 149655552 0 0 2592 0 584381914
1790428573057 0 554413 0 599640780 572992518 0 0 0 0 0 0 309509260 4440323 4326707200 2270875648 0 0 0 2592 0 584381914
1790428574077 0 554416 0 599640783 572992518 0 0 0 0 0 0 309509260 4440323 4326707200 2270887936 0 0 0 2592 0 584381914
1790428575097 0 554631 0 599640998 572992518 0 0 0 0 0 0 309509260 4440323 4326707200 2271498240 0 0 0 2592 0 584381914
1790428576118 0 554631 0 599640998 572992518 0 0 0 0 0 0 309509260 4440323 4326707200 2271498240 0 0 0 2592 0 584381914
1790428577139 0 554631 0 599640998 572992518 0 0 0 0 0 0 309509260 4440323 4326707200 2271498240 0 0 0 2592 0 584381914
1790428578157 0 262 0 599640998 572992518 0 0 0 0 0 0 309509260 4440323 91033600 72368128 0 0 0 2592 0 584381914
