1790428624866 0 288 0 601702730 573536354 0 0 0 0 0 0 309509260 4440344 19386368 712704 0 0 0 2592 0 584808855
1790428625887 0 68870 0 601774144 573539186 0 0 0 0 0 0 309509260 4440344 300285952 281620480 0 0 0 2592 0 584809927
1790428626905 0 68868 2 601774144 573539186 0 0 0 0 0 0 309509260 4440344 300285952 281620480 0 0 0 2592 0 584809927
1790428627924 0 68832 0 601774144 573539224 0 0 0 0 0 0 309509260 4440344 300285952 281620480 0 0 0 2592 0 584809927
1790428628944 0 68832 0 601774144 573539224 0 0 0 0 0 0 309509260 4440344 300285952 281620480 0 0 0 2592 0 584809927
1790428629963 0 134368 51 601911088 573542031 0 0 0 0 0 0 309509260 4440344 568721408 550060032 0 0 0 2592 0 584812525
1790428630982 0 134370 0 601911090 573542056 0 0 0 0 0 0 309509260 4440344 568721408 550060032 0 0 0 2592 0 584812525
1790428632001 0 134370 0 601911090 573542056 0 0 0 0 0 0 309509260 4440344 568721408 550060032 0 0 0 2592 0 584812525
1790428633020 0 134370 0 601911090 573542056 0 0 0 0 0 0 309509260 4440344 568721408 550060032 0 0 0 2592 0 584812525
1790428634039 0 94147 0 601911090 573542056 0 0 0 0 0 0 309509260 4440344 504393728 485732352 0 0 0 2592 0 584812525
1790428635058 0 265381 0 602179119 573544910 0 0 0 0 0 0 309509260 4440344 1105592320 1086930944 0 0 0 2592 0 584813967
1790428636076 0 265442 0 602179106 573544888 0 0 0 0 0 0 309509260 4440344 1105592320 1086930944 0 0 0 2592 0 584813967
1790428637096 0 265442 0 602179106 573544888 0 0 0 0 0 0 309509260 4440344 1105592320 1086930944 0 0 0 2592 0 584813967
1790428638116 0 265442 0 602179106 573544888 0 0 0 0 0 0 309509260 4440344 1105592320 1086930944 0 0 0 2592 0 584813967
1790428639135 0 265442 0 602179106 573544888 0 0 0 0 0 0 309509260 4440344 1105592320 1086930944 0 0 0 2592 0 584813967
1790428640154 0 283726 0 602465744 573547975 0 0 0 0 0 0 309509260 4440344 1157861376 1138470912 0 0 0 2592 0 584829655
1790428641172 0 527332 0 602709267 573547975 0 0 0 0 0 0 309509260 4440344 2179338240 2159951872 0 0 0 2592 0 584829655
1790428642192 0 527332 0 602709267 573547975 0 0 0 0 0 0 309509260 4440344 2179338240 2159951872 0 0 0 2592 0 584829655
1790428643211 0 527332 0 602709267 573547975 0 0 0 0 0 0 309509260 4440344 2179338240 2159951872 0 0 0 2592 0 584829655
1790428644231 0 527332 0 602709267 573547975 0 0 0 0 0 0 309509260 4440344 2179338240 2159951872 0 0 0 2592 0 584829655
1790428645250 0 527332 0 602709267 573547975 0 0 0 0 0 0 309509260 4440344 2179338240 2159960064 0 0 0 2592 0 584829655
1790428646269 0 179040 0 602891161 573550807 0 0 0 0 0 0 309509260 4440344 728469504 709267456 0 0 0 2592 0 584838020
1790428647288 0 566602 4067 603301110 573569118 0 0 0 0 0 0 309509260 4440344 2407559168 2330226688 8261632 0 0 2592 0 584838020
1790428648308 0 769770 3123 603703936 573769712 0 0 0 0 0 0 309509260 4440344 4056297472 3129159680 44802048 0 0 2592 0 584838020
1790428649328 0 564558 2048 603764207 574036340 0 0 0 0 0 0 309509260 4440344 4326821888 2329190400 8388608 0 0 2592 0 584964827
1790428650348 0 534912 0 603764212 574068012 0 0 0 0 0 0 309509260 4440344 4326821888 2190999552 0 0 0 2592 0 584964827
1790428651368 0 535129 0 603764429 574068012 0 0 0 0 0 0 309509260 4440344 4326821888 2191622144 0 0 0 2592 0 584964827
1790428652389 0 535129 0 603764429 574068012 0 0 0 0 0 0 309509260 4440344 4326821888 2191622144 0 0 0 2592 0 584964827
1790428653409 0 535129 0 603764429 574068012 0 0 0 0 0 0 309509260 4440344 4326821888 2191622144 0 0 0 2592 0 584964827
1790428654428 0 69467 0 603764429 574068012 0 0 0 0 0 0 309509260 4440344 561508352 393773056 0 0 0 2592 0 584964827
